# Energy(MeV) Fluence_Omni
1.000000e-01 1.000000e-40
1.018629e-01 1.000000e-40
1.037605e-01 1.000000e-40
1.056935e-01 1.000000e-40
1.076624e-01 1.000000e-40
1.096681e-01 1.000000e-40
1.117111e-01 1.000000e-40
1.137921e-01 1.000000e-40
1.159120e-01 1.000000e-40
1.180713e-01 1.000000e-40
1.202708e-01 1.000000e-40
1.225114e-01 1.000000e-40
1.247936e-01 1.000000e-40
1.271184e-01 1.000000e-40
1.294865e-01 1.000000e-40
1.318987e-01 1.000000e-40
1.343558e-01 1.000000e-40
1.368587e-01 1.000000e-40
1.394083e-01 1.000000e-40
1.420053e-01 1.000000e-40
1.446507e-01 1.000000e-40
1.473454e-01 1.000000e-40
1.500903e-01 1.000000e-40
1.528864e-01 1.000000e-40
1.557345e-01 1.000000e-40
1.586357e-01 1.000000e-40
1.615909e-01 1.000000e-40
1.646012e-01 1.000000e-40
1.676675e-01 1.000000e-40
1.707910e-01 1.000000e-40
1.739726e-01 1.000000e-40
1.772136e-01 1.000000e-40
1.805149e-01 1.000000e-40
1.838777e-01 1.000000e-40
1.873032e-01 1.000000e-40
1.907924e-01 1.000000e-40
1.943467e-01 1.000000e-40
1.979672e-01 1.000000e-40
2.016551e-01 1.000000e-40
2.054117e-01 1.000000e-40
2.092383e-01 1.000000e-40
2.131362e-01 1.000000e-40
2.171068e-01 1.000000e-40
2.211512e-01 1.000000e-40
2.252711e-01 1.000000e-40
2.294676e-01 1.000000e-40
2.337424e-01 1.000000e-40
2.380968e-01 1.000000e-40
2.425323e-01 1.000000e-40
2.470504e-01 1.000000e-40
2.516527e-01 1.000000e-40
2.563407e-01 1.000000e-40
2.611161e-01 1.000000e-40
2.659804e-01 1.000000e-40
2.709354e-01 1.000000e-40
2.759826e-01 1.000000e-40
2.811239e-01 1.000000e-40
2.863610e-01 1.000000e-40
2.916956e-01 1.000000e-40
2.971296e-01 1.000000e-40
3.026648e-01 1.000000e-40
3.083031e-01 1.000000e-40
3.140465e-01 1.000000e-40
3.198969e-01 1.000000e-40
3.258562e-01 1.000000e-40
3.319266e-01 1.000000e-40
3.381101e-01 1.000000e-40
3.444087e-01 1.000000e-40
3.508247e-01 1.000000e-40
3.573602e-01 1.000000e-40
3.640175e-01 1.000000e-40
3.707988e-01 1.000000e-40
3.777064e-01 1.000000e-40
3.847427e-01 1.000000e-40
3.919100e-01 1.000000e-40
3.992109e-01 1.000000e-40
4.066478e-01 1.000000e-40
4.142232e-01 1.000000e-40
4.219398e-01 1.000000e-40
4.298001e-01 1.000000e-40
4.378069e-01 1.000000e-40
4.459628e-01 1.000000e-40
4.542706e-01 1.000000e-40
4.627332e-01 1.000000e-40
4.713535e-01 1.000000e-40
4.801343e-01 1.000000e-40
4.890787e-01 1.000000e-40
4.981898e-01 1.000000e-40
5.074705e-01 1.000000e-40
5.169242e-01 1.000000e-40
5.265540e-01 1.000000e-40
5.363631e-01 1.000000e-40
5.463550e-01 1.000000e-40
5.565331e-01 1.000000e-40
5.669007e-01 1.000000e-40
5.774615e-01 1.000000e-40
5.882190e-01 1.000000e-40
5.991770e-01 1.000000e-40
6.103390e-01 1.000000e-40
6.217090e-01 1.000000e-40
6.332908e-01 1.000000e-40
6.450884e-01 1.000000e-40
6.571058e-01 1.000000e-40
6.693470e-01 1.000000e-40
6.818162e-01 1.000000e-40
6.945178e-01 1.000000e-40
7.074559e-01 1.000000e-40
7.206351e-01 1.000000e-40
7.340598e-01 1.000000e-40
7.477346e-01 1.000000e-40
7.616642e-01 1.000000e-40
7.758532e-01 1.000000e-40
7.903066e-01 1.000000e-40
8.050292e-01 1.000000e-40
8.200261e-01 1.000000e-40
8.353023e-01 1.000000e-40
8.508632e-01 1.000000e-40
8.667139e-01 1.000000e-40
8.828599e-01 1.000000e-40
8.993067e-01 1.000000e-40
9.160598e-01 1.000000e-40
9.331251e-01 1.000000e-40
9.505083e-01 1.000000e-40
9.682153e-01 1.000000e-40
9.862522e-01 1.000000e-40
1.004625e+00 1.000000e-40
1.023340e+00 1.000000e-40
1.042404e+00 1.000000e-40
1.061823e+00 1.000000e-40
1.081604e+00 1.000000e-40
1.101753e+00 1.000000e-40
1.122277e+00 1.000000e-40
1.143184e+00 1.000000e-40
1.164481e+00 1.000000e-40
1.186174e+00 1.000000e-40
1.208271e+00 1.000000e-40
1.230780e+00 1.000000e-40
1.253708e+00 1.000000e-40
1.277063e+00 1.000000e-40
1.300854e+00 1.000000e-40
1.325087e+00 1.000000e-40
1.349772e+00 1.000000e-40
1.374917e+00 1.000000e-40
1.400531e+00 1.000000e-40
1.426621e+00 1.000000e-40
1.453198e+00 1.000000e-40
1.480269e+00 1.000000e-40
1.507845e+00 1.000000e-40
1.535935e+00 1.000000e-40
1.564548e+00 1.000000e-40
1.593694e+00 1.000000e-40
1.623382e+00 1.000000e-40
1.653624e+00 1.000000e-40
1.684430e+00 1.000000e-40
1.715809e+00 1.000000e-40
1.747773e+00 1.000000e-40
1.780332e+00 1.000000e-40
1.813498e+00 1.000000e-40
1.847281e+00 1.000000e-40
1.881694e+00 1.000000e-40
1.916748e+00 1.000000e-40
1.952456e+00 1.000000e-40
1.988828e+00 1.000000e-40
2.025878e+00 1.000000e-40
2.063618e+00 1.000000e-40
2.102061e+00 1.000000e-40
2.141220e+00 1.000000e-40
2.181109e+00 1.000000e-40
2.221741e+00 1.000000e-40
2.263130e+00 1.000000e-40
2.305289e+00 1.000000e-40
2.348235e+00 1.000000e-40
2.391980e+00 1.000000e-40
2.436540e+00 1.000000e-40
2.481930e+00 1.000000e-40
2.528166e+00 1.000000e-40
2.575263e+00 1.000000e-40
2.623238e+00 1.000000e-40
2.672106e+00 1.000000e-40
2.721885e+00 1.000000e-40
2.772591e+00 1.000000e-40
2.824241e+00 1.000000e-40
2.876854e+00 1.000000e-40
2.930447e+00 1.000000e-40
2.985038e+00 1.000000e-40
3.040646e+00 1.000000e-40
3.097291e+00 1.000000e-40
3.154990e+00 1.000000e-40
3.213764e+00 1.000000e-40
3.273634e+00 1.000000e-40
3.334618e+00 1.000000e-40
3.396739e+00 1.000000e-40
3.460016e+00 1.000000e-40
3.524473e+00 1.000000e-40
3.590130e+00 1.000000e-40
3.657011e+00 1.000000e-40
3.725137e+00 1.000000e-40
3.794533e+00 1.000000e-40
3.865221e+00 1.000000e-40
3.937226e+00 1.000000e-40
4.010573e+00 1.000000e-40
4.085286e+00 1.000000e-40
4.161391e+00 1.000000e-40
4.238913e+00 1.000000e-40
4.317880e+00 1.000000e-40
4.398317e+00 1.000000e-40
4.480254e+00 1.000000e-40
4.563716e+00 1.000000e-40
4.648734e+00 1.000000e-40
4.735335e+00 1.000000e-40
4.823549e+00 1.000000e-40
4.913407e+00 1.000000e-40
5.004939e+00 1.000000e-40
5.098176e+00 1.000000e-40
5.193150e+00 1.000000e-40
5.289893e+00 1.000000e-40
5.388438e+00 1.000000e-40
5.488820e+00 1.000000e-40
5.591071e+00 1.000000e-40
5.695227e+00 1.000000e-40
5.801323e+00 1.000000e-40
5.909396e+00 1.000000e-40
6.019482e+00 1.000000e-40
6.131619e+00 1.000000e-40
6.245845e+00 1.000000e-40
6.362198e+00 1.000000e-40
6.480720e+00 1.000000e-40
6.601449e+00 1.000000e-40
6.724427e+00 1.000000e-40
6.849697e+00 1.000000e-40
6.977300e+00 1.000000e-40
7.107280e+00 1.000000e-40
7.239681e+00 1.000000e-40
7.374549e+00 1.000000e-40
7.511929e+00 1.000000e-40
7.651869e+00 1.000000e-40
7.794416e+00 1.000000e-40
7.939618e+00 1.000000e-40
8.087525e+00 1.000000e-40
8.238187e+00 1.000000e-40
8.391656e+00 1.000000e-40
8.547985e+00 1.000000e-40
8.707225e+00 1.000000e-40
8.869432e+00 1.000000e-40
9.034660e+00 1.000000e-40
9.202967e+00 1.000000e-40
9.374409e+00 1.000000e-40
9.549045e+00 1.000000e-40
9.726934e+00 1.000000e-40
9.908137e+00 1.000000e-40
1.009272e+01 1.000000e-40
1.028073e+01 1.000000e-40
1.047225e+01 1.000000e-40
1.066734e+01 1.000000e-40
1.086606e+01 1.000000e-40
1.106848e+01 1.000000e-40
1.127468e+01 1.000000e-40
1.148472e+01 1.000000e-40
1.169866e+01 1.000000e-40
1.191660e+01 1.000000e-40
1.213859e+01 1.000000e-40
1.236472e+01 1.000000e-40
1.259506e+01 1.000000e-40
1.282970e+01 1.000000e-40
1.306870e+01 1.000000e-40
1.331216e+01 1.000000e-40
1.356015e+01 1.000000e-40
1.381276e+01 1.000000e-40
1.407008e+01 1.000000e-40
1.433219e+01 1.000000e-40
1.459919e+01 1.000000e-40
1.487115e+01 1.000000e-40
1.514819e+01 1.000000e-40
1.543038e+01 1.000000e-40
1.571784e+01 1.000000e-40
1.601064e+01 1.000000e-40
1.630891e+01 1.000000e-40
1.661273e+01 1.000000e-40
1.692220e+01 1.000000e-40
1.723745e+01 1.000000e-40
1.755856e+01 1.000000e-40
1.788566e+01 1.000000e-40
1.821885e+01 1.000000e-40
1.855825e+01 1.000000e-40
1.890397e+01 1.000000e-40
1.925614e+01 1.000000e-40
1.961486e+01 1.000000e-40
1.998026e+01 1.000000e-40
2.035248e+01 1.000000e-40
2.073162e+01 1.000000e-40
2.111783e+01 1.000000e-40
2.151123e+01 1.000000e-40
2.191197e+01 1.000000e-40
2.232016e+01 1.000000e-40
2.273597e+01 1.000000e-40
2.315951e+01 1.000000e-40
2.359095e+01 1.000000e-40
2.403043e+01 1.000000e-40
2.447809e+01 1.000000e-40
2.493409e+01 1.000000e-40
2.539859e+01 1.000000e-40
2.587174e+01 1.000000e-40
2.635371e+01 1.000000e-40
2.684465e+01 1.000000e-40
2.734474e+01 1.000000e-40
2.785414e+01 1.000000e-40
2.837304e+01 1.000000e-40
2.890160e+01 1.000000e-40
2.944000e+01 1.000000e-40
2.998844e+01 1.000000e-40
3.054710e+01 1.000000e-40
3.111616e+01 1.000000e-40
3.169582e+01 1.000000e-40
3.228628e+01 1.000000e-40
3.288774e+01 1.000000e-40
3.350041e+01 1.000000e-40
3.412449e+01 1.000000e-40
3.476019e+01 1.000000e-40
3.540774e+01 1.000000e-40
3.606735e+01 1.000000e-40
3.673925e+01 1.000000e-40
3.742366e+01 1.000000e-40
3.812083e+01 1.000000e-40
3.883098e+01 1.000000e-40
3.955436e+01 1.000000e-40
4.029122e+01 1.000000e-40
4.104181e+01 1.000000e-40
4.180637e+01 1.000000e-40
4.258518e+01 1.000000e-40
4.337850e+01 1.000000e-40
4.418660e+01 1.000000e-40
4.500975e+01 1.000000e-40
4.584824e+01 1.000000e-40
4.670234e+01 1.000000e-40
4.757236e+01 1.000000e-40
4.845859e+01 1.000000e-40
4.936132e+01 1.000000e-40
5.028087e+01 1.000000e-40
5.121755e+01 1.000000e-40
5.217169e+01 1.000000e-40
5.314359e+01 1.000000e-40
5.413360e+01 1.000000e-40
5.514206e+01 1.000000e-40
5.616930e+01 1.000000e-40
5.721568e+01 1.000000e-40
5.828155e+01 1.000000e-40
5.936727e+01 1.000000e-40
6.047322e+01 1.000000e-40
6.159978e+01 1.000000e-40
6.274732e+01 1.000000e-40
6.391624e+01 1.000000e-40
6.510694e+01 1.000000e-40
6.631981e+01 1.000000e-40
6.755528e+01 1.000000e-40
6.881377e+01 1.000000e-40
7.009570e+01 1.000000e-40
7.140151e+01 1.000000e-40
7.273165e+01 1.000000e-40
7.408657e+01 1.000000e-40
7.546673e+01 1.000000e-40
7.687260e+01 1.000000e-40
7.830465e+01 1.000000e-40
7.976339e+01 1.000000e-40
8.124930e+01 1.000000e-40
8.276289e+01 1.000000e-40
8.430468e+01 1.000000e-40
8.587519e+01 1.000000e-40
8.747496e+01 1.000000e-40
8.910453e+01 1.000000e-40
9.076446e+01 1.000000e-40
9.245531e+01 1.000000e-40
9.417766e+01 1.000000e-40
9.593209e+01 1.000000e-40
9.771921e+01 1.000000e-40
9.953962e+01 1.000000e-40
1.013939e+02 1.000000e-40
1.032828e+02 1.000000e-40
1.052069e+02 1.000000e-40
1.071668e+02 1.000000e-40
1.091632e+02 1.000000e-40
1.111968e+02 1.000000e-40
1.132683e+02 1.000000e-40
1.153783e+02 1.000000e-40
1.175277e+02 1.000000e-40
1.197171e+02 1.000000e-40
1.219473e+02 1.000000e-40
1.242191e+02 1.000000e-40
1.265332e+02 1.000000e-40
1.288904e+02 1.000000e-40
1.312915e+02 1.000000e-40
1.337373e+02 1.000000e-40
1.362287e+02 1.000000e-40
1.387665e+02 1.000000e-40
1.413516e+02 1.000000e-40
1.439848e+02 1.000000e-40
1.466671e+02 1.000000e-40
1.493993e+02 1.000000e-40
1.521825e+02 1.000000e-40
1.550175e+02 1.000000e-40
1.579053e+02 1.000000e-40
1.608469e+02 1.000000e-40
1.638434e+02 1.000000e-40
1.668956e+02 1.000000e-40
1.700047e+02 1.000000e-40
1.731717e+02 1.000000e-40
1.763977e+02 1.000000e-40
1.796838e+02 1.000000e-40
1.830312e+02 1.000000e-40
1.864409e+02 1.000000e-40
1.899141e+02 1.000000e-40
1.934520e+02 1.000000e-40
1.970558e+02 1.000000e-40
2.007267e+02 1.000000e-40
2.044661e+02 1.000000e-40
2.082751e+02 1.000000e-40
2.121550e+02 1.000000e-40
2.161073e+02 1.000000e-40
2.201331e+02 1.000000e-40
2.242340e+02 1.000000e-40
2.284112e+02 1.000000e-40
2.326663e+02 1.000000e-40
2.370006e+02 1.000000e-40
2.414157e+02 1.000000e-40
2.459130e+02 1.000000e-40
2.504942e+02 1.000000e-40
2.551606e+02 1.000000e-40
2.599140e+02 1.000000e-40
2.647559e+02 1.000000e-40
2.696881e+02 1.000000e-40
2.747121e+02 1.000000e-40
2.798297e+02 1.000000e-40
2.850426e+02 1.000000e-40
2.903527e+02 1.000000e-40
2.957617e+02 1.000000e-40
3.012714e+02 1.000000e-40
3.068838e+02 1.000000e-40
3.126007e+02 1.000000e-40
3.184242e+02 1.000000e-40
3.243561e+02 1.000000e-40
3.303985e+02 1.000000e-40
3.365535e+02 1.000000e-40
3.428231e+02 1.000000e-40
3.492096e+02 1.000000e-40
3.557150e+02 1.000000e-40
3.623416e+02 1.000000e-40
3.690917e+02 1.000000e-40
3.759675e+02 1.000000e-40
3.829714e+02 1.000000e-40
3.901058e+02 1.000000e-40
3.973730e+02 1.000000e-40
4.047757e+02 1.000000e-40
4.123163e+02 1.000000e-40
4.199973e+02 1.000000e-40
4.278214e+02 1.000000e-40
4.357913e+02 1.000000e-40
4.439097e+02 1.000000e-40
4.521792e+02 1.000000e-40
4.606029e+02 1.000000e-40
4.691835e+02 1.000000e-40
4.779239e+02 1.000000e-40
4.868271e+02 1.000000e-40
4.958962e+02 1.000000e-40
5.051342e+02 1.000000e-40
5.145444e+02 1.000000e-40
5.241298e+02 1.000000e-40
5.338938e+02 1.000000e-40
5.438397e+02 1.000000e-40
5.539709e+02 1.000000e-40
5.642908e+02 1.000000e-40
5.748030e+02 1.000000e-40
5.855110e+02 1.000000e-40
5.964185e+02 1.000000e-40
6.075292e+02 1.000000e-40
6.188468e+02 1.000000e-40
6.303753e+02 1.000000e-40
6.421186e+02 1.000000e-40
6.540806e+02 1.000000e-40
6.662655e+02 1.000000e-40
6.786773e+02 1.000000e-40
6.913204e+02 1.000000e-40
7.041990e+02 1.000000e-40
7.173175e+02 1.000000e-40
7.306804e+02 1.000000e-40
7.442922e+02 1.000000e-40
7.581576e+02 1.000000e-40
7.722814e+02 1.000000e-40
7.866682e+02 1.000000e-40
8.013230e+02 1.000000e-40
8.162509e+02 1.000000e-40
8.314568e+02 1.000000e-40
8.469460e+02 1.000000e-40
8.627237e+02 1.000000e-40
8.787954e+02 1.000000e-40
8.951665e+02 1.000000e-40
9.118425e+02 1.000000e-40
9.288292e+02 1.000000e-40
9.461324e+02 1.000000e-40
9.637579e+02 1.000000e-40
9.817117e+02 1.000000e-40
1.000000e+03 1.000000e-40
