1.800000e+00 1.869292e+09
1.822942e+00 1.840913e+09
1.846177e+00 1.812801e+09
1.869708e+00 1.785099e+09
1.893539e+00 1.757604e+09
1.917674e+00 1.730821e+09
1.942116e+00 1.704516e+09
1.966870e+00 1.678538e+09
1.991940e+00 1.652797e+09
2.017328e+00 1.627510e+09
2.043041e+00 1.602471e+09
2.069081e+00 1.578259e+09
2.095453e+00 1.554242e+09
2.122162e+00 1.530426e+09
2.149210e+00 1.506864e+09
2.176604e+00 1.483741e+09
2.204346e+00 1.460981e+09
2.232442e+00 1.438602e+09
2.260897e+00 1.416483e+09
2.289714e+00 1.394582e+09
2.318898e+00 1.373253e+09
2.348454e+00 1.352422e+09
2.378387e+00 1.331522e+09
2.408702e+00 1.310861e+09
2.439402e+00 1.290741e+09
2.470495e+00 1.270688e+09
2.501983e+00 1.250737e+09
2.533873e+00 1.231028e+09
2.566169e+00 1.211887e+09
2.598877e+00 1.192923e+09
2.632002e+00 1.174487e+09
2.665549e+00 1.156152e+09
2.699523e+00 1.138171e+09
2.733931e+00 1.120272e+09
2.768777e+00 1.102922e+09
2.804067e+00 1.085443e+09
2.839808e+00 1.068515e+09
2.876003e+00 1.051897e+09
2.912660e+00 1.035373e+09
2.949784e+00 1.019125e+09
2.987382e+00 1.003104e+09
3.025458e+00 9.874321e+08
3.064020e+00 9.718969e+08
3.103074e+00 9.565980e+08
3.142625e+00 9.414912e+08
3.182680e+00 9.266701e+08
3.223246e+00 9.121164e+08
3.264329e+00 8.974604e+08
3.305936e+00 8.832429e+08
3.348072e+00 8.692692e+08
3.390746e+00 8.554386e+08
3.433964e+00 8.419479e+08
3.477733e+00 8.283961e+08
3.522059e+00 8.152470e+08
3.566951e+00 8.023185e+08
3.612415e+00 7.894033e+08
3.658458e+00 7.767286e+08
3.705088e+00 7.641475e+08
3.752312e+00 7.519686e+08
3.800138e+00 7.398401e+08
3.848574e+00 7.278925e+08
3.897627e+00 7.160708e+08
3.947306e+00 7.045038e+08
3.997617e+00 6.931381e+08
4.048570e+00 6.819513e+08
4.100173e+00 6.709412e+08
4.152433e+00 6.601105e+08
4.205359e+00 6.494994e+08
4.258959e+00 6.389055e+08
4.313243e+00 6.284793e+08
4.368219e+00 6.182573e+08
4.423896e+00 6.081013e+08
4.480282e+00 5.981629e+08
4.537387e+00 5.882990e+08
4.595219e+00 5.786504e+08
4.653789e+00 5.692198e+08
4.713105e+00 5.599110e+08
4.773178e+00 5.504449e+08
4.834016e+00 5.413064e+08
4.895629e+00 5.323744e+08
4.958028e+00 5.234595e+08
5.021222e+00 5.146640e+08
5.085222e+00 5.061441e+08
5.150037e+00 4.976143e+08
5.215678e+00 4.893989e+08
5.282156e+00 4.811816e+08
5.349482e+00 4.729778e+08
5.417665e+00 4.650342e+08
5.486718e+00 4.571713e+08
5.556650e+00 4.493774e+08
5.627475e+00 4.416891e+08
5.699201e+00 4.341668e+08
5.771842e+00 4.267475e+08
5.845409e+00 4.195156e+08
5.919913e+00 4.123816e+08
5.995368e+00 4.053280e+08
6.071783e+00 3.983986e+08
6.149173e+00 3.915209e+08
6.227549e+00 3.848063e+08
6.306925e+00 3.781984e+08
6.387311e+00 3.716970e+08
6.468723e+00 3.652869e+08
6.551172e+00 3.589117e+08
6.634672e+00 3.526449e+08
6.719236e+00 3.465148e+08
6.804878e+00 3.404891e+08
6.891612e+00 3.345570e+08
6.979451e+00 3.286518e+08
7.068410e+00 3.229477e+08
7.158503e+00 3.173228e+08
7.249744e+00 3.118288e+08
7.342148e+00 3.063285e+08
7.435729e+00 3.009355e+08
7.530504e+00 2.955831e+08
7.626486e+00 2.903148e+08
7.723692e+00 2.850982e+08
7.822136e+00 2.799935e+08
7.921836e+00 2.749767e+08
8.022806e+00 2.700677e+08
8.125063e+00 2.652213e+08
8.228624e+00 2.604037e+08
8.333504e+00 2.557418e+08
8.439722e+00 2.511357e+08
8.547293e+00 2.465913e+08
8.656235e+00 2.420928e+08
8.766566e+00 2.376172e+08
8.878303e+00 2.332748e+08
8.991464e+00 2.289531e+08
9.106067e+00 2.247744e+08
9.222132e+00 2.205741e+08
9.339675e+00 2.165649e+08
9.458717e+00 2.125152e+08
9.579276e+00 2.086151e+08
9.701372e+00 2.047567e+08
9.825023e+00 2.009536e+08
9.950251e+00 1.972177e+08
1.007708e+01 1.935153e+08
1.020552e+01 1.899145e+08
1.033559e+01 1.863626e+08
1.046733e+01 1.828447e+08
1.060074e+01 1.793593e+08
1.073586e+01 1.759168e+08
1.087270e+01 1.725711e+08
1.101128e+01 1.692587e+08
1.115162e+01 1.660263e+08
1.129376e+01 1.628238e+08
1.143771e+01 1.596991e+08
1.158349e+01 1.566011e+08
1.173113e+01 1.535735e+08
1.188066e+01 1.505838e+08
1.203208e+01 1.476291e+08
1.218544e+01 1.447098e+08
1.234076e+01 1.418756e+08
1.249805e+01 1.390474e+08
1.265735e+01 1.362660e+08
1.281868e+01 1.335607e+08
1.298206e+01 1.308996e+08
1.314753e+01 1.282704e+08
1.331510e+01 1.256840e+08
1.348482e+01 1.231502e+08
1.365669e+01 1.206501e+08
1.383076e+01 1.181984e+08
1.400704e+01 1.157960e+08
1.418557e+01 1.134302e+08
1.436638e+01 1.110683e+08
1.454949e+01 1.087782e+08
1.473493e+01 1.065334e+08
1.492274e+01 1.043385e+08
1.511294e+01 1.021614e+08
1.530557e+01 1.000159e+08
1.550065e+01 9.790310e+07
1.569822e+01 9.584043e+07
1.589831e+01 9.380813e+07
1.610095e+01 9.180077e+07
1.630616e+01 8.984306e+07
1.651400e+01 8.791441e+07
1.672448e+01 8.601917e+07
1.693765e+01 8.415173e+07
1.715354e+01 8.231605e+07
1.737217e+01 8.050810e+07
1.759359e+01 7.873320e+07
1.781784e+01 7.699210e+07
1.804494e+01 7.527994e+07
1.827494e+01 7.360480e+07
1.850787e+01 7.195841e+07
1.874377e+01 7.034734e+07
1.898267e+01 6.876510e+07
1.922462e+01 6.720474e+07
1.946965e+01 6.568636e+07
1.971781e+01 6.418560e+07
1.996913e+01 6.269943e+07
2.022365e+01 6.125423e+07
2.048142e+01 5.982910e+07
2.074247e+01 5.842731e+07
2.100685e+01 5.705535e+07
2.127460e+01 5.570739e+07
2.154576e+01 5.438503e+07
2.182038e+01 5.308998e+07
2.209850e+01 5.181153e+07
2.238016e+01 5.056175e+07
2.266542e+01 4.933063e+07
2.295430e+01 4.812634e+07
2.324688e+01 4.694916e+07
2.354318e+01 4.579962e+07
2.384325e+01 4.467153e+07
2.414715e+01 4.356119e+07
2.445493e+01 4.248131e+07
2.476663e+01 4.142671e+07
2.508230e+01 4.038225e+07
2.540199e+01 3.936554e+07
2.572576e+01 3.836347e+07
2.605366e+01 3.738212e+07
2.638573e+01 3.641633e+07
2.672204e+01 3.547108e+07
2.706263e+01 3.454182e+07
2.740757e+01 3.364049e+07
2.775690e+01 3.275150e+07
2.811069e+01 3.188957e+07
2.846898e+01 3.104521e+07
2.883184e+01 3.021412e+07
2.919932e+01 2.939636e+07
2.957149e+01 2.859893e+07
2.994841e+01 2.781715e+07
3.033012e+01 2.704813e+07
3.071671e+01 2.629904e+07
3.110821e+01 2.556465e+07
3.150471e+01 2.484915e+07
3.190627e+01 2.415600e+07
3.231294e+01 2.347479e+07
3.272479e+01 2.280730e+07
3.314190e+01 2.215629e+07
3.356432e+01 2.151162e+07
3.399212e+01 2.088331e+07
3.442538e+01 2.027447e+07
3.486416e+01 1.967871e+07
3.530853e+01 1.910128e+07
3.575857e+01 1.853573e+07
3.621434e+01 1.797949e+07
3.667592e+01 1.743758e+07
3.714338e+01 1.690842e+07
3.761681e+01 1.639132e+07
3.809626e+01 1.589001e+07
3.858183e+01 1.540350e+07
3.907359e+01 1.492642e+07
3.957161e+01 1.445786e+07
4.007598e+01 1.400275e+07
4.058679e+01 1.355543e+07
4.110410e+01 1.312433e+07
4.162800e+01 1.270296e+07
4.215858e+01 1.229271e+07
4.269593e+01 1.189690e+07
4.324012e+01 1.150940e+07
4.379126e+01 1.112487e+07
4.434941e+01 1.075586e+07
4.491468e+01 1.039543e+07
4.548715e+01 1.004276e+07
4.606692e+01 9.704556e+06
4.665408e+01 9.371407e+06
4.724873e+01 9.047367e+06
4.785095e+01 8.731703e+06
4.846085e+01 8.426113e+06
4.907852e+01 8.129603e+06
4.970407e+01 7.840150e+06
5.033759e+01 7.561478e+06
5.097918e+01 7.289226e+06
5.162895e+01 7.025258e+06
5.228701e+01 6.769046e+06
5.295345e+01 6.519035e+06
5.362838e+01 6.278187e+06
5.431192e+01 6.045241e+06
5.500417e+01 5.817920e+06
5.570524e+01 5.596650e+06
5.641525e+01 5.381158e+06
5.713431e+01 5.173648e+06
5.786253e+01 4.972904e+06
5.860004e+01 4.777684e+06
5.934694e+01 4.590020e+06
6.010337e+01 4.408991e+06
6.086943e+01 4.234209e+06
6.164526e+01 4.065262e+06
6.243098e+01 3.902081e+06
6.322671e+01 3.744928e+06
6.403259e+01 3.593491e+06
6.484874e+01 3.448756e+06
6.567529e+01 3.309550e+06
6.651237e+01 3.175218e+06
6.736013e+01 3.046659e+06
6.821869e+01 2.923770e+06
6.908819e+01 2.806276e+06
6.996877e+01 2.693752e+06
7.086058e+01 2.585817e+06
7.176376e+01 2.480445e+06
7.267845e+01 2.379941e+06
7.360479e+01 2.283699e+06
7.454294e+01 2.190976e+06
7.549305e+01 2.101866e+06
7.645527e+01 2.015730e+06
7.742976e+01 1.934820e+06
7.841666e+01 1.856783e+06
7.941615e+01 1.781121e+06
8.042837e+01 1.708687e+06
8.145350e+01 1.639096e+06
8.249169e+01 1.572341e+06
8.354311e+01 1.508741e+06
8.460794e+01 1.447681e+06
8.568633e+01 1.388699e+06
8.677847e+01 1.332298e+06
8.788454e+01 1.278199e+06
8.900470e+01 1.226488e+06
9.013913e+01 1.176973e+06
9.128803e+01 1.129170e+06
9.245157e+01 1.083263e+06
9.362994e+01 1.039120e+06
9.482333e+01 9.972953e+05
9.603193e+01 9.567047e+05
9.725594e+01 9.180812e+05
9.849554e+01 8.808456e+05
9.975095e+01 8.452839e+05
1.010224e+02 8.112118e+05
1.023100e+02 7.780683e+05
1.036140e+02 7.464614e+05
1.049346e+02 7.161375e+05
1.062721e+02 6.874217e+05
1.076266e+02 6.595643e+05
1.089984e+02 6.330150e+05
1.103877e+02 6.073351e+05
1.117947e+02 5.828026e+05
1.132196e+02 5.591962e+05
1.146627e+02 5.364477e+05
1.161241e+02 5.145776e+05
1.176042e+02 4.936739e+05
1.191032e+02 4.736932e+05
1.206213e+02 4.545141e+05
1.221587e+02 4.361269e+05
1.237157e+02 4.185113e+05
1.252925e+02 4.014635e+05
1.268895e+02 3.848660e+05
1.285068e+02 3.691255e+05
1.301447e+02 3.542733e+05
1.318035e+02 3.399299e+05
1.334835e+02 3.261050e+05
1.351848e+02 3.129497e+05
1.369079e+02 3.002016e+05
1.386529e+02 2.880239e+05
1.404201e+02 2.762825e+05
1.422099e+02 2.651219e+05
1.440225e+02 2.544159e+05
1.458582e+02 2.441738e+05
1.477172e+02 2.342540e+05
1.496000e+02 2.246868e+05
1.515068e+02 2.155396e+05
1.534379e+02 2.068342e+05
1.553935e+02 1.984404e+05
1.573742e+02 1.903685e+05
1.593800e+02 1.826675e+05
1.614115e+02 1.752133e+05
1.634688e+02 1.680481e+05
1.655523e+02 1.612448e+05
1.676624e+02 1.546357e+05
1.697994e+02 1.483626e+05
1.719636e+02 1.423667e+05
1.741555e+02 1.365983e+05
1.763752e+02 1.310889e+05
1.786233e+02 1.258552e+05
1.809000e+02 1.207597e+05
1.832057e+02 1.159190e+05
1.855408e+02 1.112563e+05
1.879056e+02 1.067807e+05
1.903007e+02 1.025009e+05
1.927262e+02 9.830965e+04
1.951826e+02 9.427731e+04
1.976704e+02 9.048726e+04
2.001899e+02 8.682184e+04
2.027415e+02 8.325302e+04
2.053256e+02 7.987376e+04
2.079426e+02 7.664019e+04
2.105930e+02 7.355252e+04
2.132772e+02 7.057888e+04
2.159956e+02 6.771915e+04
2.187486e+02 6.491850e+04
2.215367e+02 6.229359e+04
2.243604e+02 5.975523e+04
2.272201e+02 5.736945e+04
2.301162e+02 5.505269e+04
2.330492e+02 5.284131e+04
2.360196e+02 5.069780e+04
2.390278e+02 4.864090e+04
2.420744e+02 4.667186e+04
2.451599e+02 4.479656e+04
2.482846e+02 4.300596e+04
2.514492e+02 4.126281e+04
2.546542e+02 3.959010e+04
2.578999e+02 3.797766e+04
2.611871e+02 3.644178e+04
2.645161e+02 3.499021e+04
2.678876e+02 3.359374e+04
2.713020e+02 3.221133e+04
2.747600e+02 3.090755e+04
2.782620e+02 2.965968e+04
2.818087e+02 2.846801e+04
2.854006e+02 2.731127e+04
2.890383e+02 2.620313e+04
2.927223e+02 2.512002e+04
2.964533e+02 2.409792e+04
3.002318e+02 2.312909e+04
3.040585e+02 2.219304e+04
3.079340e+02 2.129554e+04
3.118588e+02 2.044019e+04
3.158337e+02 1.961369e+04
3.198593e+02 1.882346e+04
3.239362e+02 1.806420e+04
3.280650e+02 1.733370e+04
3.322464e+02 1.662972e+04
3.364812e+02 1.595530e+04
3.407699e+02 1.530504e+04
3.451133e+02 1.468037e+04
3.495121e+02 1.408699e+04
3.539669e+02 1.352185e+04
3.584785e+02 1.297585e+04
3.630476e+02 1.244320e+04
3.676749e+02 1.193485e+04
3.723612e+02 1.145246e+04
3.771073e+02 1.098575e+04
3.819138e+02 1.054029e+04
3.867816e+02 1.011313e+04
3.917114e+02 9.700240e+03
3.967041e+02 9.306649e+03
4.017604e+02 8.929306e+03
4.068812e+02 8.563010e+03
4.120672e+02 8.214995e+03
4.173194e+02 7.881125e+03
4.226384e+02 7.558504e+03
4.280253e+02 7.251184e+03
4.334808e+02 6.956921e+03
4.390059e+02 6.675669e+03
4.446014e+02 6.404589e+03
4.502682e+02 6.144607e+03
4.560072e+02 5.896104e+03
4.618194e+02 5.658773e+03
4.677057e+02 5.430679e+03
4.736670e+02 5.210485e+03
4.797042e+02 5.000256e+03
4.858185e+02 4.797002e+03
4.920106e+02 4.601668e+03
4.982817e+02 4.414699e+03
5.046327e+02 4.238211e+03
5.110646e+02 4.066372e+03
5.175786e+02 3.901805e+03
5.241755e+02 3.742784e+03
5.308566e+02 3.590258e+03
5.376228e+02 3.444053e+03
5.444752e+02 3.304488e+03
5.514150e+02 3.170728e+03
5.584432e+02 3.041629e+03
5.655610e+02 2.918880e+03
5.727696e+02 2.799972e+03
5.800700e+02 2.686304e+03
5.874635e+02 2.577809e+03
5.949511e+02 2.473697e+03
6.025343e+02 2.373789e+03
6.102141e+02 2.277916e+03
6.179917e+02 2.186297e+03
6.258686e+02 2.098313e+03
6.338458e+02 2.014018e+03
6.419246e+02 1.932568e+03
6.501065e+02 1.853972e+03
6.583926e+02 1.779413e+03
6.667844e+02 1.706977e+03
6.752831e+02 1.637264e+03
6.838901e+02 1.570454e+03
6.926068e+02 1.506562e+03
7.014347e+02 1.445270e+03
7.103750e+02 1.386315e+03
7.194293e+02 1.329677e+03
7.285991e+02 1.275354e+03
7.378856e+02 1.223250e+03
7.472906e+02 1.173406e+03
7.568154e+02 1.125891e+03
7.664616e+02 1.080313e+03
7.762308e+02 1.036474e+03
7.861245e+02 9.945985e+02
7.961443e+02 9.542687e+02
8.062918e+02 9.153598e+02
8.165687e+02 8.781481e+02
8.269765e+02 8.423488e+02
8.375170e+02 8.079432e+02
8.481918e+02 7.749578e+02
8.590027e+02 7.434841e+02
8.699514e+02 7.132886e+02
8.810396e+02 6.843195e+02
8.922692e+02 6.566083e+02
9.036419e+02 6.300520e+02
9.151595e+02 6.044410e+02
9.268240e+02 5.799364e+02
9.386371e+02 5.564800e+02
9.506008e+02 5.339723e+02
9.627170e+02 5.122993e+02
9.749876e+02 4.916838e+02
9.874146e+02 4.717965e+02
1.000000e+03 4.528209e+02
