1.800000e+00 1.715658e+09 2.002173e+09
1.822942e+00 1.690178e+09 1.969628e+09
1.846177e+00 1.665571e+09 1.938051e+09
1.869708e+00 1.641494e+09 1.907387e+09
1.893539e+00 1.617918e+09 1.877283e+09
1.917674e+00 1.594694e+09 1.847539e+09
1.942116e+00 1.572040e+09 1.818345e+09
1.966870e+00 1.548865e+09 1.789494e+09
1.991940e+00 1.525970e+09 1.760173e+09
2.017328e+00 1.502658e+09 1.731758e+09
2.043041e+00 1.480231e+09 1.704155e+09
2.069081e+00 1.458607e+09 1.677064e+09
2.095453e+00 1.437093e+09 1.650750e+09
2.122162e+00 1.415724e+09 1.625102e+09
2.149210e+00 1.394510e+09 1.599007e+09
2.176604e+00 1.373711e+09 1.573054e+09
2.204346e+00 1.353340e+09 1.547903e+09
2.232442e+00 1.333773e+09 1.523092e+09
2.260897e+00 1.314582e+09 1.498857e+09
2.289714e+00 1.295596e+09 1.474760e+09
2.318898e+00 1.276575e+09 1.450727e+09
2.348454e+00 1.258210e+09 1.427069e+09
2.378387e+00 1.239759e+09 1.404251e+09
2.408702e+00 1.221366e+09 1.381806e+09
2.439402e+00 1.203351e+09 1.359406e+09
2.470495e+00 1.185230e+09 1.337334e+09
2.501983e+00 1.167966e+09 1.316080e+09
2.533873e+00 1.150973e+09 1.294827e+09
2.566169e+00 1.134039e+09 1.274045e+09
2.598877e+00 1.116794e+09 1.253899e+09
2.632002e+00 1.099857e+09 1.233759e+09
2.665549e+00 1.083417e+09 1.213663e+09
2.699523e+00 1.067206e+09 1.194397e+09
2.733931e+00 1.051357e+09 1.175436e+09
2.768777e+00 1.035726e+09 1.156758e+09
2.804067e+00 1.020488e+09 1.138343e+09
2.839808e+00 1.005004e+09 1.120107e+09
2.876003e+00 9.898050e+08 1.101749e+09
2.912660e+00 9.747573e+08 1.084168e+09
2.949784e+00 9.597835e+08 1.066892e+09
2.987382e+00 9.450556e+08 1.049785e+09
3.025458e+00 9.306999e+08 1.032522e+09
3.064020e+00 9.169092e+08 1.015618e+09
3.103074e+00 9.032507e+08 9.993570e+08
3.142625e+00 8.894615e+08 9.831425e+08
3.182680e+00 8.758886e+08 9.671900e+08
3.223246e+00 8.626203e+08 9.511297e+08
3.264329e+00 8.496746e+08 9.353593e+08
3.305936e+00 8.369474e+08 9.202549e+08
3.348072e+00 8.244234e+08 9.051154e+08
3.390746e+00 8.118727e+08 8.904704e+08
3.433964e+00 7.992755e+08 8.755271e+08
3.477733e+00 7.868925e+08 8.611422e+08
3.522059e+00 7.747708e+08 8.471132e+08
3.566951e+00 7.629777e+08 8.331766e+08
3.612415e+00 7.511510e+08 8.195226e+08
3.658458e+00 7.395254e+08 8.059470e+08
3.705088e+00 7.282486e+08 7.925353e+08
3.752312e+00 7.171310e+08 7.793482e+08
3.800138e+00 7.061713e+08 7.665486e+08
3.848574e+00 6.953702e+08 7.539701e+08
3.897627e+00 6.846935e+08 7.415175e+08
3.947306e+00 6.740529e+08 7.290292e+08
3.997617e+00 6.636725e+08 7.168673e+08
4.048570e+00 6.533425e+08 7.048445e+08
4.100173e+00 6.431085e+08 6.932637e+08
4.152433e+00 6.329239e+08 6.818364e+08
4.205359e+00 6.227841e+08 6.705346e+08
4.258959e+00 6.127343e+08 6.593255e+08
4.313243e+00 6.030792e+08 6.481852e+08
4.368219e+00 5.933180e+08 6.373475e+08
4.423896e+00 5.839624e+08 6.268066e+08
4.480282e+00 5.747761e+08 6.162674e+08
4.537387e+00 5.657113e+08 6.059564e+08
4.595219e+00 5.566765e+08 5.959424e+08
4.653789e+00 5.477245e+08 5.859149e+08
4.713105e+00 5.388554e+08 5.759224e+08
4.773178e+00 5.300562e+08 5.662171e+08
4.834016e+00 5.214534e+08 5.568912e+08
4.895629e+00 5.130569e+08 5.472600e+08
4.958028e+00 5.047996e+08 5.378511e+08
5.021222e+00 4.966553e+08 5.287684e+08
5.085222e+00 4.885321e+08 5.198881e+08
5.150037e+00 4.805069e+08 5.111076e+08
5.215678e+00 4.725899e+08 5.025454e+08
5.282156e+00 4.647515e+08 4.938712e+08
5.349482e+00 4.570935e+08 4.855902e+08
5.417665e+00 4.495679e+08 4.774156e+08
5.486718e+00 4.420817e+08 4.694216e+08
5.556650e+00 4.347815e+08 4.611834e+08
5.627475e+00 4.273931e+08 4.533283e+08
5.699201e+00 4.201793e+08 4.456505e+08
5.771842e+00 4.133147e+08 4.380369e+08
5.845409e+00 4.064244e+08 4.306160e+08
5.919913e+00 3.996804e+08 4.232395e+08
5.995368e+00 3.930174e+08 4.159087e+08
6.071783e+00 3.864940e+08 4.086955e+08
6.149173e+00 3.800831e+08 4.015771e+08
6.227549e+00 3.737670e+08 3.945713e+08
6.306925e+00 3.674790e+08 3.876773e+08
6.387311e+00 3.611813e+08 3.809566e+08
6.468723e+00 3.551074e+08 3.742775e+08
6.551172e+00 3.490582e+08 3.678096e+08
6.634672e+00 3.430287e+08 3.613369e+08
6.719236e+00 3.371635e+08 3.550841e+08
6.804878e+00 3.312935e+08 3.488377e+08
6.891612e+00 3.255870e+08 3.427076e+08
6.979451e+00 3.199655e+08 3.366497e+08
7.068410e+00 3.145062e+08 3.307490e+08
7.158503e+00 3.090210e+08 3.249127e+08
7.249744e+00 3.035837e+08 3.192384e+08
7.342148e+00 2.981815e+08 3.135808e+08
7.435729e+00 2.929321e+08 3.079390e+08
7.530504e+00 2.877788e+08 3.024636e+08
7.626486e+00 2.826288e+08 2.970532e+08
7.723692e+00 2.777244e+08 2.917544e+08
7.822136e+00 2.728098e+08 2.865277e+08
7.921836e+00 2.679244e+08 2.813739e+08
8.022806e+00 2.630754e+08 2.763100e+08
8.125063e+00 2.584326e+08 2.714045e+08
8.228624e+00 2.537732e+08 2.665486e+08
8.333504e+00 2.491697e+08 2.616719e+08
8.439722e+00 2.446615e+08 2.569511e+08
8.547293e+00 2.403034e+08 2.522619e+08
8.656235e+00 2.359439e+08 2.476752e+08
8.766566e+00 2.315708e+08 2.431734e+08
8.878303e+00 2.273636e+08 2.387429e+08
8.991464e+00 2.231771e+08 2.343966e+08
9.106067e+00 2.190549e+08 2.300873e+08
9.222132e+00 2.150049e+08 2.258119e+08
9.339675e+00 2.110328e+08 2.215974e+08
9.458717e+00 2.071591e+08 2.174894e+08
9.579276e+00 2.033578e+08 2.134153e+08
9.701372e+00 1.995667e+08 2.094195e+08
9.825023e+00 1.957986e+08 2.054785e+08
9.950251e+00 1.922040e+08 2.016472e+08
1.007708e+01 1.885350e+08 1.978343e+08
1.020552e+01 1.850103e+08 1.940965e+08
1.033559e+01 1.815159e+08 1.904503e+08
1.046733e+01 1.781449e+08 1.868323e+08
1.060074e+01 1.747766e+08 1.833063e+08
1.073586e+01 1.714356e+08 1.798114e+08
1.087270e+01 1.681722e+08 1.763726e+08
1.101128e+01 1.649464e+08 1.729811e+08
1.115162e+01 1.617405e+08 1.696592e+08
1.129376e+01 1.586447e+08 1.663845e+08
1.143771e+01 1.556287e+08 1.631620e+08
1.158349e+01 1.525771e+08 1.599911e+08
1.173113e+01 1.495887e+08 1.568850e+08
1.188066e+01 1.466462e+08 1.538541e+08
1.203208e+01 1.437577e+08 1.508681e+08
1.218544e+01 1.409371e+08 1.479331e+08
1.234076e+01 1.381817e+08 1.450096e+08
1.249805e+01 1.354518e+08 1.421367e+08
1.265735e+01 1.327353e+08 1.392999e+08
1.281868e+01 1.300646e+08 1.365269e+08
1.298206e+01 1.274661e+08 1.337914e+08
1.314753e+01 1.248660e+08 1.311164e+08
1.331510e+01 1.223576e+08 1.284965e+08
1.348482e+01 1.198869e+08 1.259030e+08
1.365669e+01 1.174576e+08 1.233571e+08
1.383076e+01 1.150551e+08 1.208543e+08
1.400704e+01 1.126973e+08 1.183897e+08
1.418557e+01 1.103612e+08 1.159530e+08
1.436638e+01 1.081176e+08 1.135891e+08
1.454949e+01 1.058558e+08 1.112374e+08
1.473493e+01 1.036486e+08 1.089216e+08
1.492274e+01 1.014834e+08 1.066734e+08
1.511294e+01 9.937622e+07 1.044383e+08
1.530557e+01 9.730959e+07 1.022532e+08
1.550065e+01 9.524097e+07 1.001078e+08
1.569822e+01 9.322505e+07 9.799804e+07
1.589831e+01 9.124738e+07 9.591055e+07
1.610095e+01 8.930120e+07 9.387893e+07
1.630616e+01 8.739337e+07 9.187206e+07
1.651400e+01 8.551576e+07 8.989881e+07
1.672448e+01 8.367204e+07 8.797263e+07
1.693765e+01 8.185216e+07 8.605084e+07
1.715354e+01 8.006340e+07 8.417722e+07
1.737217e+01 7.830536e+07 8.234746e+07
1.759359e+01 7.658581e+07 8.055447e+07
1.781784e+01 7.489280e+07 7.877813e+07
1.804494e+01 7.323180e+07 7.702984e+07
1.827494e+01 7.160043e+07 7.531634e+07
1.850787e+01 7.000535e+07 7.363361e+07
1.874377e+01 6.844551e+07 7.197742e+07
1.898267e+01 6.691429e+07 7.035566e+07
1.922462e+01 6.540377e+07 6.875910e+07
1.946965e+01 6.389272e+07 6.720286e+07
1.971781e+01 6.243252e+07 6.566274e+07
1.996913e+01 6.099172e+07 6.415992e+07
2.022365e+01 5.956013e+07 6.268206e+07
2.048142e+01 5.817338e+07 6.122765e+07
2.074247e+01 5.683296e+07 5.980378e+07
2.100685e+01 5.550958e+07 5.840802e+07
2.127460e+01 5.421443e+07 5.702836e+07
2.154576e+01 5.292854e+07 5.566119e+07
2.182038e+01 5.166871e+07 5.433883e+07
2.209850e+01 5.042854e+07 5.304917e+07
2.238016e+01 4.919317e+07 5.177102e+07
2.266542e+01 4.798732e+07 5.052435e+07
2.295430e+01 4.680129e+07 4.929043e+07
2.324688e+01 4.565208e+07 4.809982e+07
2.354318e+01 4.452578e+07 4.692423e+07
2.384325e+01 4.343438e+07 4.576014e+07
2.414715e+01 4.235435e+07 4.462448e+07
2.445493e+01 4.130775e+07 4.350880e+07
2.476663e+01 4.027679e+07 4.241667e+07
2.508230e+01 3.926548e+07 4.134821e+07
2.540199e+01 3.828540e+07 4.030349e+07
2.572576e+01 3.730301e+07 3.928081e+07
2.605366e+01 3.634587e+07 3.827965e+07
2.638573e+01 3.540600e+07 3.729286e+07
2.672204e+01 3.446906e+07 3.632739e+07
2.706263e+01 3.357498e+07 3.538562e+07
2.740757e+01 3.269106e+07 3.446999e+07
2.775690e+01 3.183097e+07 3.356983e+07
2.811069e+01 3.098317e+07 3.268527e+07
2.846898e+01 3.016385e+07 3.181385e+07
2.883184e+01 2.935138e+07 3.096467e+07
2.919932e+01 2.856211e+07 3.012938e+07
2.957149e+01 2.779234e+07 2.931364e+07
2.994841e+01 2.703217e+07 2.852000e+07
3.033012e+01 2.626810e+07 2.773792e+07
3.071671e+01 2.553396e+07 2.696952e+07
3.110821e+01 2.482287e+07 2.622221e+07
3.150471e+01 2.412662e+07 2.550319e+07
3.190627e+01 2.343376e+07 2.479287e+07
3.231294e+01 2.275989e+07 2.409664e+07
3.272479e+01 2.210389e+07 2.341678e+07
3.314190e+01 2.146430e+07 2.275495e+07
3.356432e+01 2.084314e+07 2.210012e+07
3.399212e+01 2.023349e+07 2.146419e+07
3.442538e+01 1.963454e+07 2.084210e+07
3.486416e+01 1.905278e+07 2.023220e+07
3.530853e+01 1.849308e+07 1.963554e+07
3.575857e+01 1.794143e+07 1.905159e+07
3.621434e+01 1.740128e+07 1.848283e+07
3.667592e+01 1.686965e+07 1.793070e+07
3.714338e+01 1.636333e+07 1.739343e+07
3.761681e+01 1.585523e+07 1.686338e+07
3.809626e+01 1.535944e+07 1.635525e+07
3.858183e+01 1.488541e+07 1.585789e+07
3.907359e+01 1.441153e+07 1.536682e+07
3.957161e+01 1.395299e+07 1.488925e+07
4.007598e+01 1.350231e+07 1.442488e+07
4.058679e+01 1.306777e+07 1.397574e+07
4.110410e+01 1.264604e+07 1.353716e+07
4.162800e+01 1.222647e+07 1.310533e+07
4.215858e+01 1.182261e+07 1.268210e+07
4.269593e+01 1.143786e+07 1.227190e+07
4.324012e+01 1.106063e+07 1.187531e+07
4.379126e+01 1.069790e+07 1.148631e+07
4.434941e+01 1.033685e+07 1.110926e+07
4.491468e+01 9.985464e+06 1.073965e+07
4.548715e+01 9.642919e+06 1.038132e+07
4.606692e+01 9.305059e+06 1.003575e+07
4.665408e+01 8.980718e+06 9.697339e+06
4.724873e+01 8.665695e+06 9.371456e+06
4.785095e+01 8.358132e+06 9.051506e+06
4.846085e+01 8.059222e+06 8.738366e+06
4.907852e+01 7.770302e+06 8.434689e+06
4.970407e+01 7.487364e+06 8.146690e+06
5.033759e+01 7.209824e+06 7.862256e+06
5.097918e+01 6.942183e+06 7.580398e+06
5.162895e+01 6.683667e+06 7.311551e+06
5.228701e+01 6.435029e+06 7.048201e+06
5.295345e+01 6.188976e+06 6.791574e+06
5.362838e+01 5.951881e+06 6.546873e+06
5.431192e+01 5.723615e+06 6.308663e+06
5.500417e+01 5.499551e+06 6.079729e+06
5.570524e+01 5.282632e+06 5.852440e+06
5.641525e+01 5.072057e+06 5.635790e+06
5.713431e+01 4.870134e+06 5.420976e+06
5.786253e+01 4.674900e+06 5.218874e+06
5.860004e+01 4.485264e+06 5.021455e+06
5.934694e+01 4.303412e+06 4.827714e+06
6.010337e+01 4.130744e+06 4.642848e+06
6.086943e+01 3.965599e+06 4.465867e+06
6.164526e+01 3.808873e+06 4.290192e+06
6.243098e+01 3.655382e+06 4.121330e+06
6.322671e+01 3.507656e+06 3.958552e+06
6.403259e+01 3.366862e+06 3.799815e+06
6.484874e+01 3.229436e+06 3.646282e+06
6.567529e+01 3.098057e+06 3.499724e+06
6.651237e+01 2.974711e+06 3.356760e+06
6.736013e+01 2.855131e+06 3.219479e+06
6.821869e+01 2.741199e+06 3.088149e+06
6.908819e+01 2.629190e+06 2.962460e+06
6.996877e+01 2.522108e+06 2.841121e+06
7.086058e+01 2.421068e+06 2.724236e+06
7.176376e+01 2.324251e+06 2.613095e+06
7.267845e+01 2.231277e+06 2.506710e+06
7.360479e+01 2.141232e+06 2.404759e+06
7.454294e+01 2.054766e+06 2.307512e+06
7.549305e+01 1.971031e+06 2.213482e+06
7.645527e+01 1.891061e+06 2.124286e+06
7.742976e+01 1.814837e+06 2.037310e+06
7.841666e+01 1.741991e+06 1.952918e+06
7.941615e+01 1.671377e+06 1.874067e+06
8.042837e+01 1.604275e+06 1.798987e+06
8.145350e+01 1.539309e+06 1.724967e+06
8.249169e+01 1.476710e+06 1.655248e+06
8.354311e+01 1.417590e+06 1.587199e+06
8.460794e+01 1.360094e+06 1.523239e+06
8.568633e+01 1.304820e+06 1.461159e+06
8.677847e+01 1.252356e+06 1.402016e+06
8.788454e+01 1.201435e+06 1.344517e+06
8.900470e+01 1.153901e+06 1.289464e+06
9.013913e+01 1.107500e+06 1.237349e+06
9.128803e+01 1.062991e+06 1.187219e+06
9.245157e+01 1.020165e+06 1.138982e+06
9.362994e+01 9.790383e+05 1.093071e+06
9.482333e+01 9.395008e+05 1.048897e+06
9.603193e+01 9.016438e+05 1.006308e+06
9.725594e+01 8.653475e+05 9.656815e+05
9.849554e+01 8.305925e+05 9.272102e+05
9.975095e+01 7.969625e+05 8.901111e+05
1.010224e+02 7.644652e+05 8.539388e+05
1.023100e+02 7.333765e+05 8.190401e+05
1.036140e+02 7.035467e+05 7.858614e+05
1.049346e+02 6.746576e+05 7.539417e+05
1.062721e+02 6.469068e+05 7.237407e+05
1.076266e+02 6.204104e+05 6.942834e+05
1.089984e+02 5.950351e+05 6.662014e+05
1.103877e+02 5.706379e+05 6.392871e+05
1.117947e+02 5.475433e+05 6.133740e+05
1.132196e+02 5.251842e+05 5.884561e+05
1.146627e+02 5.038144e+05 5.648348e+05
1.161241e+02 4.832187e+05 5.419777e+05
1.176042e+02 4.637297e+05 5.198825e+05
1.191032e+02 4.446939e+05 4.990907e+05
1.206213e+02 4.266953e+05 4.787537e+05
1.221587e+02 4.092682e+05 4.593615e+05
1.237157e+02 3.926169e+05 4.408692e+05
1.252925e+02 3.764548e+05 4.231711e+05
1.268895e+02 3.611424e+05 4.061170e+05
1.285068e+02 3.468225e+05 3.897887e+05
1.301447e+02 3.326044e+05 3.743189e+05
1.318035e+02 3.189682e+05 3.591191e+05
1.334835e+02 3.061966e+05 3.445561e+05
1.351848e+02 2.936311e+05 3.307304e+05
1.369079e+02 2.815811e+05 3.173219e+05
1.386529e+02 2.701502e+05 3.045006e+05
1.404201e+02 2.590777e+05 2.922874e+05
1.422099e+02 2.485296e+05 2.805284e+05
1.440225e+02 2.382481e+05 2.692226e+05
1.458582e+02 2.285065e+05 2.584241e+05
1.477172e+02 2.191447e+05 2.479351e+05
1.496000e+02 2.101925e+05 2.379641e+05
1.515068e+02 2.016096e+05 2.283265e+05
1.534379e+02 1.932846e+05 2.191832e+05
1.553935e+02 1.853016e+05 2.103346e+05
1.573742e+02 1.776936e+05 2.017628e+05
1.593800e+02 1.704447e+05 1.935415e+05
1.614115e+02 1.634603e+05 1.857846e+05
1.634688e+02 1.568230e+05 1.783144e+05
1.655523e+02 1.504300e+05 1.710468e+05
1.676624e+02 1.442830e+05 1.641516e+05
1.697994e+02 1.383448e+05 1.575736e+05
1.719636e+02 1.327102e+05 1.512334e+05
1.741555e+02 1.273021e+05 1.451604e+05
1.763752e+02 1.221289e+05 1.393165e+05
1.786233e+02 1.171514e+05 1.336857e+05
1.809000e+02 1.123571e+05 1.283296e+05
1.832057e+02 1.077844e+05 1.232083e+05
1.855408e+02 1.034229e+05 1.182876e+05
1.879056e+02 9.923864e+04 1.135257e+05
1.903007e+02 9.519186e+04 1.089923e+05
1.927262e+02 9.122253e+04 1.046555e+05
1.951826e+02 8.756148e+04 1.004663e+05
1.976704e+02 8.396719e+04 9.648477e+04
2.001899e+02 8.051479e+04 9.263516e+04
2.027415e+02 7.714255e+04 8.893915e+04
2.053256e+02 7.401027e+04 8.536843e+04
2.079426e+02 7.102261e+04 8.197913e+04
2.105930e+02 6.814255e+04 7.868244e+04
2.132772e+02 6.538298e+04 7.550088e+04
2.159956e+02 6.268946e+04 7.247084e+04
2.187486e+02 6.014368e+04 6.957447e+04
2.215367e+02 5.769703e+04 6.682243e+04
2.243604e+02 5.532808e+04 6.412407e+04
2.272201e+02 5.306584e+04 6.156172e+04
2.301162e+02 5.088573e+04 5.913114e+04
2.330492e+02 4.878239e+04 5.677085e+04
2.360196e+02 4.675731e+04 5.447016e+04
2.390278e+02 4.482634e+04 5.227645e+04
2.420744e+02 4.297540e+04 5.018960e+04
2.451599e+02 4.120412e+04 4.819439e+04
2.482846e+02 3.950120e+04 4.626126e+04
2.514492e+02 3.789894e+04 4.440725e+04
2.546542e+02 3.634199e+04 4.262077e+04
2.578999e+02 3.485231e+04 4.091056e+04
2.611871e+02 3.343528e+04 3.927896e+04
2.645161e+02 3.208158e+04 3.772465e+04
2.678876e+02 3.077900e+04 3.624191e+04
2.713020e+02 2.952144e+04 3.478269e+04
2.747600e+02 2.829641e+04 3.337444e+04
2.782620e+02 2.712221e+04 3.204309e+04
2.818087e+02 2.599927e+04 3.075839e+04
2.854006e+02 2.493744e+04 2.952715e+04
2.890383e+02 2.390631e+04 2.834343e+04
2.927223e+02 2.291499e+04 2.720760e+04
2.964533e+02 2.198663e+04 2.612401e+04
3.002318e+02 2.109040e+04 2.507036e+04
3.040585e+02 2.023614e+04 2.406013e+04
3.079340e+02 1.939870e+04 2.310309e+04
3.118588e+02 1.860358e+04 2.219375e+04
3.158337e+02 1.784438e+04 2.130907e+04
3.198593e+02 1.710856e+04 2.044840e+04
3.239362e+02 1.641023e+04 1.962099e+04
3.280650e+02 1.572772e+04 1.883799e+04
3.322464e+02 1.507895e+04 1.808517e+04
3.364812e+02 1.446375e+04 1.736651e+04
3.407699e+02 1.387164e+04 1.667714e+04
3.451133e+02 1.329928e+04 1.600773e+04
3.495121e+02 1.275192e+04 1.537824e+04
3.539669e+02 1.222948e+04 1.476832e+04
3.584785e+02 1.172374e+04 1.417774e+04
3.630476e+02 1.123731e+04 1.361133e+04
3.676749e+02 1.077523e+04 1.306652e+04
3.723612e+02 1.033086e+04 1.254362e+04
3.771073e+02 9.905797e+03 1.204167e+04
3.819138e+02 9.493188e+03 1.156062e+04
3.867816e+02 9.099949e+03 1.109859e+04
3.917114e+02 8.726048e+03 1.065191e+04
3.967041e+02 8.368845e+03 1.022649e+04
4.017604e+02 8.022813e+03 9.817446e+03
4.068812e+02 7.690663e+03 9.421499e+03
4.120672e+02 7.377553e+03 9.042497e+03
4.173194e+02 7.075641e+03 8.682459e+03
4.226384e+02 6.781830e+03 8.338729e+03
4.280253e+02 6.499817e+03 8.005935e+03
4.334808e+02 6.233128e+03 7.685526e+03
4.390059e+02 5.976815e+03 7.378199e+03
4.446014e+02 5.732046e+03 7.083275e+03
4.502682e+02 5.496813e+03 6.800140e+03
4.560072e+02 5.271782e+03 6.528242e+03
4.618194e+02 5.058479e+03 6.268194e+03
4.677057e+02 4.852355e+03 6.016842e+03
4.736670e+02 4.654599e+03 5.775457e+03
4.797042e+02 4.464348e+03 5.544313e+03
4.858185e+02 4.280715e+03 5.322419e+03
4.920106e+02 4.104776e+03 5.109161e+03
4.982817e+02 3.935664e+03 4.904222e+03
5.046327e+02 3.774673e+03 4.707503e+03
5.110646e+02 3.619615e+03 4.518675e+03
5.175786e+02 3.470966e+03 4.337421e+03
5.241755e+02 3.328452e+03 4.166157e+03
5.308566e+02 3.191992e+03 4.000175e+03
5.376228e+02 3.061003e+03 3.841621e+03
5.444752e+02 2.935893e+03 3.689271e+03
5.514150e+02 2.816113e+03 3.542948e+03
5.584432e+02 2.700941e+03 3.401774e+03
5.655610e+02 2.590521e+03 3.265506e+03
5.727696e+02 2.484405e+03 3.134696e+03
5.800700e+02 2.382083e+03 3.009975e+03
5.874635e+02 2.283248e+03 2.889829e+03
5.949511e+02 2.188391e+03 2.776195e+03
6.025343e+02 2.097549e+03 2.665864e+03
6.102141e+02 2.011232e+03 2.559506e+03
6.179917e+02 1.929122e+03 2.457391e+03
6.258686e+02 1.850282e+03 2.359487e+03
6.338458e+02 1.774924e+03 2.266183e+03
6.419246e+02 1.702398e+03 2.176512e+03
6.501065e+02 1.632901e+03 2.089147e+03
6.583926e+02 1.566335e+03 2.005265e+03
6.667844e+02 1.502483e+03 1.924505e+03
6.752831e+02 1.440799e+03 1.847852e+03
6.838901e+02 1.381082e+03 1.774276e+03
6.926068e+02 1.324321e+03 1.703630e+03
7.014347e+02 1.270247e+03 1.635494e+03
7.103750e+02 1.218381e+03 1.570456e+03
7.194293e+02 1.168632e+03 1.508068e+03
7.285991e+02 1.120846e+03 1.448158e+03
7.378856e+02 1.074597e+03 1.390570e+03
7.472906e+02 1.030261e+03 1.334647e+03
7.568154e+02 9.877547e+02 1.280914e+03
7.664616e+02 9.470019e+02 1.229913e+03
7.762308e+02 9.079306e+02 1.181041e+03
7.861245e+02 8.704712e+02 1.133711e+03
7.961443e+02 8.345935e+02 1.088271e+03
8.062918e+02 8.002541e+02 1.044652e+03
8.165687e+02 7.672439e+02 1.003063e+03
8.269765e+02 7.355671e+02 9.628369e+02
8.375170e+02 7.052198e+02 9.243439e+02
8.481918e+02 6.764032e+02 8.872845e+02
8.590027e+02 6.490642e+02 8.519171e+02
8.699514e+02 6.225667e+02 8.179384e+02
8.810396e+02 5.969564e+02 7.852160e+02
8.922692e+02 5.723229e+02 7.540155e+02
9.036419e+02 5.486111e+02 7.239630e+02
9.151595e+02 5.257358e+02 6.953480e+02
9.268240e+02 5.040881e+02 6.677370e+02
9.386371e+02 4.832277e+02 6.411665e+02
9.506008e+02 4.632654e+02 6.156533e+02
9.627170e+02 4.442046e+02 5.911309e+02
9.749876e+02 4.257906e+02 5.677025e+02
9.874146e+02 4.081351e+02 5.451232e+02
1.000000e+03 3.912116e+02 5.232906e+02
