Energy(MeV)	Incoming Spectral Fluence(MeV-1 cm-2)	Residual Spectral Fluence(MeV-1 cm-2)
1.0000e-03	0.0000e+00	5.2585e+04
1.5000e-03	0.0000e+00	5.2598e+04
2.0000e-03	0.0000e+00	5.2607e+04
2.5000e-03	0.0000e+00	5.2614e+04
3.0000e-03	0.0000e+00	5.2619e+04
3.5000e-03	0.0000e+00	5.2624e+04
4.0000e-03	0.0000e+00	5.2628e+04
4.5000e-03	0.0000e+00	5.2631e+04
5.0000e-03	0.0000e+00	5.2634e+04
5.5000e-03	0.0000e+00	5.2637e+04
6.0000e-03	0.0000e+00	5.2640e+04
6.5000e-03	0.0000e+00	5.2642e+04
7.0000e-03	0.0000e+00	5.2644e+04
7.5000e-03	0.0000e+00	5.2646e+04
8.0000e-03	0.0000e+00	5.2648e+04
8.5000e-03	0.0000e+00	5.2650e+04
9.0000e-03	0.0000e+00	5.2652e+04
9.5000e-03	0.0000e+00	5.2653e+04
1.0000e-02	0.0000e+00	5.2655e+04
1.5000e-02	0.0000e+00	5.2667e+04
2.0000e-02	0.0000e+00	5.2677e+04
2.5000e-02	0.0000e+00	5.2685e+04
3.0000e-02	0.0000e+00	5.2692e+04
3.5000e-02	0.0000e+00	5.2698e+04
4.0000e-02	0.0000e+00	5.2706e+04
4.5000e-02	0.0000e+00	5.2715e+04
5.0000e-02	5.1970e+11	5.2723e+04
5.1002e-02	5.0682e+11	5.2725e+04
5.2025e-02	4.9449e+11	5.2726e+04
5.3067e-02	4.8257e+11	5.2728e+04
5.4131e-02	4.7071e+11	5.2730e+04
5.5216e-02	4.5942e+11	5.2732e+04
5.6323e-02	4.4835e+11	5.2734e+04
5.7452e-02	4.3744e+11	5.2736e+04
5.8604e-02	4.2678e+11	5.2737e+04
5.9778e-02	4.1636e+11	5.2739e+04
6.0977e-02	4.0626e+11	5.2742e+04
6.2199e-02	3.9646e+11	5.2744e+04
6.3446e-02	3.8683e+11	5.2747e+04
6.4717e-02	3.7751e+11	5.2749e+04
6.6015e-02	3.6830e+11	5.2752e+04
6.7338e-02	3.5956e+11	5.2755e+04
6.8688e-02	3.5073e+11	5.2758e+04
7.0065e-02	3.4206e+11	5.2761e+04
7.1469e-02	3.3369e+11	5.2763e+04
7.2902e-02	3.2555e+11	5.2766e+04
7.4363e-02	3.1773e+11	5.2769e+04
7.5853e-02	3.0994e+11	5.2772e+04
7.7374e-02	3.0246e+11	5.2775e+04
7.8925e-02	2.9514e+11	5.2778e+04
8.0507e-02	2.8781e+11	5.2781e+04
8.2121e-02	2.8082e+11	5.2784e+04
8.3767e-02	2.7412e+11	5.2787e+04
8.5446e-02	2.6743e+11	5.2790e+04
8.7159e-02	2.6106e+11	5.2793e+04
8.8906e-02	2.5467e+11	5.2797e+04
9.0688e-02	2.4852e+11	5.2800e+04
9.2506e-02	2.4239e+11	5.2803e+04
9.4360e-02	2.3652e+11	5.2807e+04
9.6251e-02	2.3073e+11	5.2810e+04
9.8181e-02	2.2514e+11	5.2814e+04
1.0015e-01	2.1960e+11	5.2818e+04
1.0216e-01	2.1425e+11	5.2822e+04
1.0420e-01	2.0905e+11	5.2826e+04
1.0629e-01	2.0402e+11	5.2830e+04
1.0842e-01	1.9903e+11	5.2835e+04
1.1060e-01	1.9418e+11	5.2839e+04
1.1281e-01	1.8942e+11	5.2843e+04
1.1507e-01	1.8492e+11	5.2848e+04
1.1738e-01	1.8036e+11	5.2852e+04
1.1973e-01	1.7602e+11	5.2857e+04
1.2213e-01	1.7179e+11	5.2862e+04
1.2458e-01	1.6760e+11	5.2867e+04
1.2708e-01	1.6344e+11	5.2872e+04
1.2963e-01	1.5942e+11	5.2878e+04
1.3223e-01	1.5550e+11	5.2883e+04
1.3488e-01	1.5169e+11	5.2888e+04
1.3758e-01	1.4799e+11	5.2894e+04
1.4034e-01	1.4437e+11	5.2899e+04
1.4315e-01	1.4088e+11	5.2905e+04
1.4602e-01	1.3742e+11	5.2910e+04
1.4895e-01	1.3408e+11	5.2916e+04
1.5193e-01	1.3083e+11	5.2923e+04
1.5498e-01	1.2762e+11	5.2929e+04
1.5808e-01	1.2452e+11	5.2935e+04
1.6125e-01	1.2155e+11	5.2942e+04
1.6449e-01	1.1858e+11	5.2948e+04
1.6778e-01	1.1575e+11	5.2954e+04
1.7115e-01	1.1292e+11	5.2961e+04
1.7458e-01	1.1015e+11	5.2968e+04
1.7808e-01	1.0746e+11	5.2975e+04
1.8165e-01	1.0484e+11	5.2983e+04
1.8529e-01	1.0229e+11	5.2991e+04
1.8900e-01	9.9818e+10	5.2998e+04
1.9279e-01	9.7384e+10	5.3006e+04
1.9665e-01	9.4999e+10	5.3014e+04
2.0060e-01	9.2697e+10	5.3022e+04
2.0462e-01	9.0436e+10	5.3030e+04
2.0872e-01	8.8239e+10	5.3038e+04
2.1290e-01	8.6068e+10	5.3047e+04
2.1717e-01	8.3926e+10	5.3055e+04
2.2152e-01	8.1896e+10	5.3064e+04
2.2596e-01	7.9899e+10	5.3073e+04
2.3049e-01	7.7946e+10	5.3082e+04
2.3511e-01	7.6044e+10	5.3091e+04
2.3983e-01	7.4156e+10	5.3101e+04
2.4463e-01	7.2322e+10	5.3111e+04
2.4954e-01	7.0541e+10	5.3121e+04
2.5454e-01	6.8821e+10	5.3132e+04
2.5964e-01	6.7094e+10	5.3142e+04
2.6484e-01	6.5426e+10	5.3153e+04
2.7015e-01	6.3822e+10	5.3164e+04
2.7557e-01	6.2246e+10	5.3175e+04
2.8109e-01	6.0711e+10	5.3186e+04
2.8673e-01	5.9219e+10	5.3197e+04
2.9247e-01	5.7764e+10	5.3209e+04
2.9834e-01	5.6368e+10	5.3221e+04
3.0432e-01	5.4976e+10	5.3233e+04
3.1042e-01	5.3641e+10	5.3245e+04
3.1664e-01	5.2309e+10	5.3258e+04
3.2299e-01	5.1024e+10	5.3272e+04
3.2946e-01	4.9729e+10	5.3285e+04
3.3606e-01	4.8501e+10	5.3298e+04
3.4280e-01	4.7312e+10	5.3312e+04
3.4967e-01	4.6158e+10	5.3326e+04
3.5668e-01	4.5006e+10	5.3340e+04
3.6383e-01	4.3891e+10	5.3354e+04
3.7112e-01	4.2824e+10	5.3369e+04
3.7856e-01	4.1779e+10	5.3385e+04
3.8615e-01	4.0741e+10	5.3400e+04
3.9389e-01	3.9721e+10	5.3416e+04
4.0179e-01	3.8747e+10	5.3432e+04
4.0984e-01	3.7791e+10	5.3449e+04
4.1806e-01	3.6866e+10	5.3465e+04
4.2644e-01	3.5956e+10	5.3483e+04
4.3498e-01	3.5061e+10	5.3500e+04
4.4370e-01	3.4197e+10	5.3518e+04
4.5260e-01	3.3348e+10	5.3536e+04
4.6167e-01	3.2509e+10	5.3554e+04
4.7092e-01	3.1706e+10	5.3573e+04
4.8036e-01	3.0912e+10	5.3589e+04
4.8999e-01	3.0137e+10	5.3604e+04
4.9981e-01	2.9395e+10	5.3619e+04
5.0983e-01	2.8662e+10	5.3635e+04
5.2005e-01	2.7947e+10	5.3651e+04
5.3048e-01	2.7251e+10	5.3667e+04
5.4111e-01	2.6579e+10	5.3687e+04
5.5196e-01	2.5928e+10	5.3709e+04
5.6302e-01	2.5274e+10	5.3731e+04
5.7431e-01	2.4646e+10	5.3753e+04
5.8582e-01	2.4030e+10	5.3776e+04
5.9756e-01	2.3421e+10	5.3800e+04
6.0954e-01	2.2827e+10	5.3824e+04
6.2176e-01	2.2250e+10	5.3849e+04
6.3422e-01	2.1689e+10	5.3875e+04
6.4693e-01	2.1162e+10	5.3900e+04
6.5990e-01	2.0638e+10	5.3927e+04
6.7313e-01	2.0108e+10	5.3953e+04
6.8662e-01	1.9588e+10	5.3980e+04
7.0038e-01	1.9086e+10	5.4008e+04
7.1442e-01	1.8609e+10	5.4036e+04
7.2874e-01	1.8145e+10	5.4065e+04
7.4335e-01	1.7685e+10	5.4095e+04
7.5825e-01	1.7241e+10	5.4124e+04
7.7345e-01	1.6796e+10	5.4156e+04
7.8896e-01	1.6367e+10	5.4187e+04
8.0477e-01	1.5947e+10	5.4219e+04
8.2090e-01	1.5546e+10	5.4252e+04
8.3736e-01	1.5150e+10	5.4286e+04
8.5414e-01	1.4766e+10	5.4320e+04
8.7126e-01	1.4386e+10	5.4355e+04
8.8873e-01	1.4023e+10	5.4390e+04
9.0654e-01	1.3665e+10	5.4427e+04
9.2471e-01	1.3316e+10	5.4464e+04
9.4325e-01	1.2971e+10	5.4502e+04
9.6216e-01	1.2634e+10	5.4540e+04
9.8144e-01	1.2314e+10	5.4579e+04
1.0011e+00	1.2000e+10	5.4619e+04
1.0212e+00	1.1691e+10	5.4660e+04
1.0417e+00	1.1387e+10	5.4701e+04
1.0625e+00	1.1093e+10	5.4743e+04
1.0838e+00	1.0808e+10	5.4786e+04
1.1056e+00	1.0528e+10	5.4830e+04
1.1277e+00	1.0255e+10	5.4876e+04
1.1503e+00	9.9919e+09	5.4921e+04
1.1734e+00	9.7307e+09	5.4969e+04
1.1969e+00	9.4769e+09	5.5017e+04
1.2209e+00	9.2313e+09	5.5066e+04
1.2454e+00	8.9915e+09	5.5116e+04
1.2703e+00	8.7575e+09	5.5167e+04
1.2958e+00	8.5269e+09	5.5219e+04
1.3218e+00	8.3005e+09	5.5272e+04
1.3483e+00	8.0815e+09	5.5327e+04
1.3753e+00	7.8692e+09	5.5382e+04
1.4029e+00	7.6623e+09	5.5439e+04
1.4310e+00	7.4608e+09	5.5496e+04
1.4597e+00	7.2624e+09	5.5555e+04
1.4889e+00	7.0730e+09	5.5615e+04
1.5188e+00	6.8857e+09	5.5672e+04
1.5492e+00	6.7027e+09	5.5715e+04
1.5803e+00	6.5247e+09	5.5764e+04
1.6119e+00	6.3503e+09	5.5827e+04
1.6442e+00	6.1798e+09	5.5892e+04
1.6772e+00	6.0141e+09	5.5960e+04
1.7108e+00	5.8526e+09	5.6029e+04
1.7451e+00	5.6951e+09	5.6099e+04
1.7801e+00	5.5411e+09	5.6171e+04
1.8158e+00	5.3911e+09	5.6244e+04
1.8522e+00	5.2468e+09	5.6319e+04
1.8893e+00	5.1072e+09	5.6395e+04
1.9272e+00	4.9691e+09	5.6472e+04
1.9658e+00	4.8332e+09	5.6551e+04
2.0052e+00	4.7006e+09	5.6632e+04
2.0454e+00	4.5730e+09	5.6714e+04
2.0864e+00	4.4487e+09	5.6798e+04
2.1282e+00	4.3266e+09	5.6884e+04
2.1709e+00	4.2070e+09	5.6971e+04
2.2144e+00	4.0905e+09	5.7060e+04
2.2588e+00	3.9778e+09	5.7151e+04
2.3041e+00	3.8683e+09	5.7245e+04
2.3502e+00	3.7615e+09	5.7340e+04
2.3974e+00	3.6587e+09	5.7437e+04
2.4454e+00	3.5576e+09	5.7535e+04
2.4944e+00	3.4594e+09	5.7636e+04
2.5444e+00	3.3613e+09	5.7739e+04
2.5954e+00	3.2664e+09	5.7805e+04
2.6475e+00	3.1732e+09	5.7898e+04
2.7005e+00	3.0847e+09	5.8005e+04
2.7547e+00	2.9975e+09	5.8117e+04
2.8099e+00	2.9128e+09	5.8230e+04
2.8662e+00	2.8299e+09	5.8345e+04
2.9237e+00	2.7486e+09	5.8464e+04
2.9823e+00	2.6689e+09	5.8584e+04
3.0420e+00	2.5920e+09	5.8707e+04
3.1030e+00	2.5168e+09	5.8832e+04
3.1652e+00	2.4443e+09	5.8960e+04
3.2287e+00	2.3734e+09	5.9088e+04
3.2934e+00	2.3042e+09	5.9221e+04
3.3594e+00	2.2369e+09	5.9359e+04
3.4267e+00	2.1722e+09	5.9500e+04
3.4954e+00	2.1089e+09	5.9643e+04
3.5655e+00	2.0467e+09	5.9788e+04
3.6370e+00	1.9862e+09	5.9935e+04
3.7099e+00	1.9264e+09	6.0086e+04
3.7842e+00	1.8691e+09	6.0238e+04
3.8601e+00	1.8134e+09	6.0393e+04
3.9375e+00	1.7586e+09	6.0552e+04
4.0164e+00	1.7054e+09	6.0716e+04
4.0969e+00	1.6536e+09	6.0882e+04
4.1790e+00	1.6031e+09	6.1051e+04
4.2628e+00	1.5542e+09	6.1223e+04
4.3482e+00	1.5065e+09	6.1400e+04
4.4354e+00	1.4606e+09	6.1579e+04
4.5243e+00	1.4151e+09	6.1762e+04
4.6150e+00	1.3714e+09	6.1949e+04
4.7075e+00	1.3285e+09	6.2140e+04
4.8019e+00	1.2862e+09	6.2335e+04
4.8981e+00	1.2454e+09	6.2533e+04
4.9963e+00	1.2056e+09	6.2736e+04
5.0964e+00	1.1670e+09	6.2942e+04
5.1986e+00	1.1295e+09	6.3152e+04
5.3028e+00	1.0930e+09	6.3361e+04
5.4091e+00	1.0575e+09	6.3576e+04
5.5175e+00	1.0227e+09	6.3798e+04
5.6281e+00	9.8926e+08	6.4024e+04
5.7409e+00	9.5657e+08	6.4254e+04
5.8560e+00	9.2527e+08	6.4488e+04
5.9734e+00	8.9419e+08	6.4728e+04
6.0931e+00	8.6344e+08	6.4972e+04
6.2153e+00	8.3425e+08	6.5221e+04
6.3398e+00	8.0584e+08	6.5481e+04
6.4669e+00	7.7850e+08	6.5743e+04
6.5966e+00	7.5206e+08	6.6005e+04
6.7288e+00	7.2546e+08	6.6271e+04
6.8637e+00	6.9994e+08	6.6545e+04
7.0012e+00	6.7549e+08	6.6821e+04
7.1416e+00	6.5140e+08	6.7105e+04
7.2847e+00	6.2884e+08	6.7396e+04
7.4308e+00	6.0654e+08	6.7688e+04
7.5797e+00	5.8462e+08	6.7988e+04
7.7316e+00	5.6396e+08	6.8293e+04
7.8866e+00	5.4364e+08	6.8604e+04
8.0447e+00	5.2386e+08	6.8921e+04
8.2060e+00	5.0452e+08	6.9242e+04
8.3705e+00	4.8611e+08	6.9569e+04
8.5382e+00	4.6832e+08	6.9905e+04
8.7094e+00	4.5070e+08	7.0248e+04
8.8840e+00	4.3376e+08	7.0597e+04
9.0620e+00	4.1724e+08	7.0951e+04
9.2437e+00	4.0118e+08	7.1317e+04
9.4290e+00	3.8580e+08	7.1683e+04
9.6180e+00	3.7062e+08	7.2053e+04
9.8108e+00	3.5622e+08	7.2431e+04
1.0007e+01	3.4221e+08	7.2816e+04
1.0208e+01	3.2873e+08	7.3210e+04
1.0413e+01	3.1557e+08	7.3604e+04
1.0621e+01	3.0263e+08	7.4003e+04
1.0834e+01	2.9060e+08	7.4402e+04
1.1051e+01	2.7851e+08	7.4817e+04
1.1273e+01	2.6705e+08	7.5235e+04
1.1499e+01	2.5606e+08	7.5660e+04
1.1729e+01	2.4523e+08	7.6116e+04
1.1965e+01	2.3496e+08	7.6561e+04
1.2204e+01	2.2488e+08	7.7007e+04
1.2449e+01	2.1506e+08	7.7455e+04
1.2699e+01	2.0584e+08	7.7914e+04
1.2953e+01	1.9685e+08	7.8381e+04
1.3213e+01	1.8841e+08	7.8858e+04
1.3478e+01	1.8005e+08	7.9337e+04
1.3748e+01	1.7198e+08	7.9824e+04
1.4023e+01	1.6425e+08	8.0302e+04
1.4304e+01	1.5695e+08	8.0805e+04
1.4591e+01	1.4979e+08	8.1318e+04
1.4884e+01	1.4288e+08	8.1830e+04
1.5182e+01	1.3631e+08	8.2346e+04
1.5486e+01	1.2998e+08	8.2864e+04
1.5797e+01	1.2392e+08	8.3392e+04
1.6113e+01	1.1799e+08	8.3928e+04
1.6436e+01	1.1222e+08	8.4469e+04
1.6766e+01	1.0682e+08	8.5010e+04
1.7102e+01	1.0161e+08	8.5570e+04
1.7445e+01	9.6601e+07	8.6141e+04
1.7794e+01	9.1783e+07	8.6703e+04
1.8151e+01	8.7291e+07	8.7268e+04
1.8515e+01	8.2903e+07	8.7840e+04
1.8886e+01	7.8721e+07	8.8426e+04
1.9265e+01	7.4660e+07	8.9001e+04
1.9651e+01	7.0879e+07	8.9588e+04
2.0045e+01	6.7274e+07	9.0199e+04
2.0446e+01	6.3816e+07	9.0777e+04
2.0856e+01	6.0516e+07	9.1365e+04
2.1274e+01	5.7346e+07	9.1975e+04
2.1701e+01	5.4390e+07	9.2559e+04
2.2136e+01	5.1561e+07	9.3144e+04
2.2579e+01	4.8831e+07	9.3737e+04
2.3032e+01	4.6253e+07	9.4330e+04
2.3494e+01	4.3824e+07	9.4924e+04
2.3965e+01	4.1504e+07	9.5519e+04
2.4445e+01	3.9305e+07	9.6112e+04
2.4935e+01	3.7208e+07	9.6705e+04
2.5435e+01	3.5263e+07	9.7296e+04
2.5945e+01	3.3383e+07	9.7898e+04
2.6465e+01	3.1635e+07	9.8489e+04
2.6995e+01	2.9954e+07	9.9080e+04
2.7536e+01	2.8367e+07	9.9674e+04
2.8088e+01	2.6862e+07	1.0026e+05
2.8651e+01	2.5444e+07	1.0085e+05
2.9226e+01	2.4104e+07	1.0140e+05
2.9812e+01	2.2824e+07	1.0193e+05
3.0409e+01	2.1601e+07	1.0246e+05
3.1019e+01	2.0465e+07	1.0297e+05
3.1640e+01	1.9357e+07	1.0347e+05
3.2275e+01	1.8323e+07	1.0395e+05
3.2922e+01	1.7327e+07	1.0441e+05
3.3581e+01	1.6425e+07	1.0488e+05
3.4255e+01	1.5538e+07	1.0535e+05
3.4941e+01	1.4697e+07	1.0578e+05
3.5642e+01	1.3909e+07	1.0618e+05
3.6356e+01	1.3166e+07	1.0659e+05
3.7085e+01	1.2463e+07	1.0696e+05
3.7828e+01	1.1793e+07	1.0730e+05
3.8586e+01	1.1161e+07	1.0763e+05
3.9360e+01	1.0565e+07	1.0794e+05
4.0149e+01	1.0002e+07	1.0825e+05
4.0954e+01	9.4616e+06	1.0850e+05
4.1775e+01	8.9529e+06	1.0873e+05
4.2612e+01	8.4726e+06	1.0892e+05
4.3466e+01	8.0125e+06	1.0907e+05
4.4337e+01	7.5829e+06	1.0920e+05
4.5226e+01	7.1754e+06	1.0931e+05
4.6133e+01	6.7837e+06	1.0937e+05
4.7057e+01	6.4155e+06	1.0942e+05
4.8001e+01	6.0661e+06	1.0941e+05
4.8963e+01	5.7302e+06	1.0934e+05
4.9944e+01	5.4152e+06	1.0926e+05
5.0945e+01	5.1204e+06	1.0914e+05
5.1967e+01	4.8423e+06	1.0900e+05
5.3008e+01	4.5765e+06	1.0880e+05
5.4071e+01	4.3230e+06	1.0854e+05
5.5155e+01	4.0861e+06	1.0825e+05
5.6260e+01	3.8604e+06	1.0792e+05
5.7388e+01	3.6475e+06	1.0754e+05
5.8538e+01	3.4490e+06	1.0712e+05
5.9712e+01	3.2570e+06	1.0663e+05
6.0909e+01	3.0765e+06	1.0615e+05
6.2130e+01	2.9038e+06	1.0558e+05
6.3375e+01	2.7430e+06	1.0496e+05
6.4645e+01	2.5908e+06	1.0432e+05
6.5941e+01	2.4463e+06	1.0362e+05
6.7263e+01	2.3095e+06	1.0287e+05
6.8611e+01	2.1785e+06	1.0208e+05
6.9986e+01	2.0560e+06	1.0122e+05
7.1389e+01	1.9408e+06	1.0035e+05
7.2820e+01	1.8330e+06	9.9423e+04
7.4280e+01	1.7286e+06	9.8433e+04
7.5769e+01	1.6308e+06	9.7418e+04
7.7288e+01	1.5388e+06	9.6364e+04
7.8837e+01	1.4511e+06	9.5261e+04
8.0417e+01	1.3680e+06	9.4107e+04
8.2029e+01	1.2904e+06	9.2942e+04
8.3673e+01	1.2165e+06	9.1718e+04
8.5351e+01	1.1462e+06	9.0460e+04
8.7062e+01	1.0805e+06	8.9171e+04
8.8807e+01	1.0186e+06	8.7837e+04
9.0587e+01	9.5968e+05	8.6461e+04
9.2403e+01	9.0440e+05	8.5060e+04
9.4255e+01	8.5148e+05	8.3632e+04
9.6144e+01	8.0223e+05	8.2171e+04
9.8071e+01	7.5638e+05	8.0683e+04
1.0004e+02	7.1260e+05	7.9143e+04
1.0204e+02	6.7098e+05	7.7582e+04
1.0409e+02	6.3145e+05	7.6006e+04
1.0617e+02	5.9459e+05	7.4417e+04
1.0830e+02	5.5952e+05	7.2805e+04
1.1047e+02	5.2696e+05	7.1196e+04
1.1269e+02	4.9613e+05	6.9575e+04
1.1495e+02	4.6672e+05	6.7940e+04
1.1725e+02	4.3900e+05	6.6297e+04
1.1960e+02	4.1260e+05	6.4653e+04
1.2200e+02	3.8786e+05	6.3003e+04
1.2444e+02	3.6447e+05	6.1356e+04
1.2694e+02	3.4228e+05	5.9710e+04
1.2948e+02	3.2158e+05	5.8069e+04
1.3208e+02	3.0170e+05	5.6430e+04
1.3473e+02	2.8325e+05	5.4798e+04
1.3743e+02	2.6621e+05	5.3175e+04
1.4018e+02	2.5024e+05	5.1565e+04
1.4299e+02	2.3489e+05	4.9972e+04
1.4586e+02	2.2045e+05	4.8394e+04
1.4878e+02	2.0688e+05	4.6818e+04
1.5176e+02	1.9413e+05	4.5232e+04
1.5481e+02	1.8188e+05	4.3671e+04
1.5791e+02	1.7064e+05	4.2138e+04
1.6107e+02	1.6007e+05	4.0635e+04
1.6430e+02	1.5003e+05	3.9160e+04
1.6760e+02	1.4051e+05	3.7713e+04
1.7096e+02	1.3173e+05	3.6297e+04
1.7438e+02	1.2338e+05	3.4909e+04
1.7788e+02	1.1542e+05	3.3545e+04
1.8144e+02	1.0806e+05	3.2209e+04
1.8508e+02	1.0106e+05	3.0907e+04
1.8879e+02	9.4545e+04	2.9635e+04
1.9257e+02	8.8382e+04	2.8399e+04
1.9643e+02	8.2577e+04	2.7197e+04
2.0037e+02	7.7205e+04	2.6015e+04
2.0439e+02	7.2040e+04	2.4856e+04
2.0849e+02	6.7327e+04	2.3733e+04
2.1266e+02	6.2941e+04	2.2645e+04
2.1693e+02	5.8692e+04	2.1593e+04
2.2128e+02	5.4768e+04	2.0581e+04
2.2571e+02	5.1033e+04	1.9603e+04
2.3024e+02	4.7577e+04	1.8656e+04
2.3485e+02	4.4396e+04	1.7743e+04
2.3956e+02	4.1359e+04	1.6861e+04
2.4436e+02	3.8546e+04	1.6011e+04
2.4926e+02	3.5851e+04	1.5195e+04
2.5425e+02	3.3366e+04	1.4400e+04
2.5935e+02	3.1068e+04	1.3638e+04
2.6455e+02	2.8885e+04	1.2908e+04
2.6985e+02	2.6879e+04	1.2209e+04
2.7526e+02	2.4930e+04	1.1540e+04
2.8078e+02	2.3186e+04	1.0900e+04
2.8641e+02	2.1530e+04	1.0289e+04
2.9215e+02	1.9995e+04	9.7029e+03
2.9800e+02	1.8564e+04	9.1416e+03
3.0398e+02	1.7220e+04	8.6016e+03
3.1007e+02	1.5959e+04	8.0912e+03
3.1629e+02	1.4798e+04	7.6086e+03
3.2263e+02	1.3717e+04	7.1513e+03
3.2909e+02	1.2677e+04	6.7185e+03
3.3569e+02	1.1713e+04	6.3080e+03
3.4242e+02	1.0836e+04	5.9168e+03
3.4928e+02	1.0022e+04	5.5443e+03
3.5628e+02	9.2636e+03	5.1875e+03
3.6343e+02	8.5746e+03	4.8518e+03
3.7071e+02	7.9243e+03	4.5352e+03
3.7814e+02	7.3192e+03	4.2365e+03
3.8572e+02	6.7432e+03	3.9550e+03
3.9345e+02	6.2262e+03	3.6891e+03
4.0134e+02	5.7380e+03	3.4376e+03
4.0938e+02	5.2871e+03	3.1999e+03
4.1759e+02	4.8731e+03	2.9751e+03
4.2596e+02	4.4805e+03	2.7635e+03
4.3450e+02	4.1290e+03	2.5650e+03
4.4321e+02	3.7961e+03	2.3802e+03
4.5209e+02	3.4849e+03	2.2075e+03
4.6116e+02	3.1917e+03	2.0452e+03
4.7040e+02	2.9263e+03	1.8938e+03
4.7983e+02	2.6849e+03	1.7524e+03
4.8945e+02	2.4595e+03	1.6206e+03
4.9926e+02	2.2553e+03	1.4978e+03
5.0926e+02	2.0632e+03	1.3828e+03
5.1947e+02	1.8878e+03	1.2759e+03
5.2989e+02	1.7266e+03	1.1768e+03
5.4051e+02	1.5788e+03	1.0848e+03
5.5134e+02	1.4416e+03	9.9853e+02
5.6239e+02	1.3190e+03	9.1837e+02
5.7367e+02	1.2027e+03	8.4441e+02
5.8517e+02	1.0961e+03	7.7549e+02
5.9690e+02	1.0009e+03	7.1146e+02
6.0886e+02	9.1186e+02	6.5173e+02
6.2106e+02	8.3031e+02	5.9648e+02
6.3351e+02	7.5485e+02	5.4520e+02
6.4621e+02	6.8635e+02	4.9804e+02
6.5917e+02	6.2201e+02	4.5434e+02
6.7238e+02	5.6432e+02	4.1438e+02
6.8586e+02	5.1037e+02	3.7788e+02
6.9960e+02	4.6215e+02	3.4408e+02
7.1363e+02	4.1894e+02	3.1269e+02
7.2793e+02	3.7869e+02	2.8406e+02
7.4252e+02	3.4154e+02	2.5781e+02
7.5741e+02	3.0856e+02	2.3354e+02
7.7259e+02	2.7831e+02	2.1142e+02
7.8808e+02	2.5007e+02	1.9126e+02
8.0387e+02	2.2528e+02	1.7275e+02
8.1999e+02	2.0240e+02	1.5585e+02
8.3642e+02	1.8160e+02	1.4045e+02
8.5319e+02	1.6290e+02	1.2643e+02
8.7029e+02	1.4580e+02	1.1365e+02
8.8774e+02	1.3056e+02	1.0196e+02
9.0553e+02	1.1679e+02	9.1234e+01
9.2368e+02	1.0406e+02	8.1500e+01
9.4220e+02	9.2511e+01	7.2707e+01
9.6108e+02	8.2224e+01	6.4715e+01
9.8035e+02	7.2891e+01	5.7518e+01
1.0000e+03	6.4424e+01	5.1114e+01