Energy(MeV)	Incoming Spectral Fluence(MeV-1 cm-2)	Residual Spectral Fluence(MeV-1 cm-2)
1.0000e-03	0.0000e+00	2.6804e+04
1.5000e-03	0.0000e+00	2.6810e+04
2.0000e-03	0.0000e+00	2.6814e+04
2.5000e-03	0.0000e+00	2.6817e+04
3.0000e-03	0.0000e+00	2.6820e+04
3.5000e-03	0.0000e+00	2.6822e+04
4.0000e-03	0.0000e+00	2.6824e+04
4.5000e-03	0.0000e+00	2.6826e+04
5.0000e-03	0.0000e+00	2.6827e+04
5.5000e-03	0.0000e+00	2.6829e+04
6.0000e-03	0.0000e+00	2.6830e+04
6.5000e-03	0.0000e+00	2.6831e+04
7.0000e-03	0.0000e+00	2.6832e+04
7.5000e-03	0.0000e+00	2.6833e+04
8.0000e-03	0.0000e+00	2.6834e+04
8.5000e-03	0.0000e+00	2.6835e+04
9.0000e-03	0.0000e+00	2.6836e+04
9.5000e-03	0.0000e+00	2.6836e+04
1.0000e-02	0.0000e+00	2.6837e+04
1.5000e-02	0.0000e+00	2.6843e+04
2.0000e-02	0.0000e+00	2.6847e+04
2.5000e-02	0.0000e+00	2.6850e+04
3.0000e-02	0.0000e+00	2.6853e+04
3.5000e-02	0.0000e+00	2.6856e+04
4.0000e-02	0.0000e+00	2.6866e+04
4.5000e-02	0.0000e+00	2.6874e+04
5.0000e-02	1.1816e+11	2.6882e+04
5.1002e-02	1.1529e+11	2.6883e+04
5.2025e-02	1.1260e+11	2.6885e+04
5.3067e-02	1.0992e+11	2.6886e+04
5.4131e-02	1.0729e+11	2.6887e+04
5.5216e-02	1.0473e+11	2.6889e+04
5.6323e-02	1.0223e+11	2.6890e+04
5.7452e-02	9.9834e+10	2.6892e+04
5.8604e-02	9.7494e+10	2.6893e+04
5.9778e-02	9.5232e+10	2.6894e+04
6.0977e-02	9.3005e+10	2.6896e+04
6.2199e-02	9.0817e+10	2.6897e+04
6.3446e-02	8.8657e+10	2.6899e+04
6.4717e-02	8.6510e+10	2.6900e+04
6.6015e-02	8.4466e+10	2.6902e+04
6.7338e-02	8.2486e+10	2.6903e+04
6.8688e-02	8.0566e+10	2.6904e+04
7.0065e-02	7.8664e+10	2.6906e+04
7.1469e-02	7.6798e+10	2.6907e+04
7.2902e-02	7.4983e+10	2.6909e+04
7.4363e-02	7.3214e+10	2.6910e+04
7.5853e-02	7.1476e+10	2.6911e+04
7.7374e-02	6.9795e+10	2.6913e+04
7.8925e-02	6.8164e+10	2.6914e+04
8.0507e-02	6.6570e+10	2.6916e+04
8.2121e-02	6.5014e+10	2.6917e+04
8.3767e-02	6.3436e+10	2.6919e+04
8.5446e-02	6.1946e+10	2.6920e+04
8.7159e-02	6.0502e+10	2.6921e+04
8.8906e-02	5.9080e+10	2.6923e+04
9.0688e-02	5.7685e+10	2.6925e+04
9.2506e-02	5.6317e+10	2.6928e+04
9.4360e-02	5.4973e+10	2.6931e+04
9.6251e-02	5.3684e+10	2.6934e+04
9.8181e-02	5.2413e+10	2.6937e+04
1.0015e-01	5.1165e+10	2.6939e+04
1.0216e-01	4.9965e+10	2.6942e+04
1.0420e-01	4.8793e+10	2.6945e+04
1.0629e-01	4.7630e+10	2.6948e+04
1.0842e-01	4.6524e+10	2.6951e+04
1.1060e-01	4.5424e+10	2.6953e+04
1.1281e-01	4.4368e+10	2.6956e+04
1.1507e-01	4.3336e+10	2.6959e+04
1.1738e-01	4.2307e+10	2.6962e+04
1.1973e-01	4.1302e+10	2.6965e+04
1.2213e-01	4.0322e+10	2.6968e+04
1.2458e-01	3.9353e+10	2.6970e+04
1.2708e-01	3.8414e+10	2.6973e+04
1.2963e-01	3.7487e+10	2.6976e+04
1.3223e-01	3.6583e+10	2.6979e+04
1.3488e-01	3.5709e+10	2.6982e+04
1.3758e-01	3.4857e+10	2.6985e+04
1.4034e-01	3.4027e+10	2.6987e+04
1.4315e-01	3.3204e+10	2.6990e+04
1.4602e-01	3.2396e+10	2.6994e+04
1.4895e-01	3.1621e+10	2.6998e+04
1.5193e-01	3.0863e+10	2.7002e+04
1.5498e-01	3.0134e+10	2.7006e+04
1.5808e-01	2.9403e+10	2.7011e+04
1.6125e-01	2.8703e+10	2.7015e+04
1.6449e-01	2.8006e+10	2.7019e+04
1.6778e-01	2.7333e+10	2.7023e+04
1.7115e-01	2.6688e+10	2.7027e+04
1.7458e-01	2.6052e+10	2.7032e+04
1.7808e-01	2.5408e+10	2.7036e+04
1.8165e-01	2.4796e+10	2.7040e+04
1.8529e-01	2.4206e+10	2.7044e+04
1.8900e-01	2.3612e+10	2.7048e+04
1.9279e-01	2.3040e+10	2.7053e+04
1.9665e-01	2.2468e+10	2.7057e+04
2.0060e-01	2.1931e+10	2.7061e+04
2.0462e-01	2.1402e+10	2.7067e+04
2.0872e-01	2.0885e+10	2.7073e+04
2.1290e-01	2.0377e+10	2.7078e+04
2.1717e-01	1.9873e+10	2.7084e+04
2.2152e-01	1.9384e+10	2.7089e+04
2.2596e-01	1.8903e+10	2.7095e+04
2.3049e-01	1.8440e+10	2.7100e+04
2.3511e-01	1.7991e+10	2.7106e+04
2.3983e-01	1.7554e+10	2.7112e+04
2.4463e-01	1.7126e+10	2.7117e+04
2.4954e-01	1.6711e+10	2.7123e+04
2.5454e-01	1.6305e+10	2.7128e+04
2.5964e-01	1.5899e+10	2.7135e+04
2.6484e-01	1.5519e+10	2.7142e+04
2.7015e-01	1.5136e+10	2.7149e+04
2.7557e-01	1.4770e+10	2.7156e+04
2.8109e-01	1.4409e+10	2.7163e+04
2.8673e-01	1.4060e+10	2.7170e+04
2.9247e-01	1.3717e+10	2.7177e+04
2.9834e-01	1.3382e+10	2.7184e+04
3.0432e-01	1.3055e+10	2.7191e+04
3.1042e-01	1.2737e+10	2.7198e+04
3.1664e-01	1.2425e+10	2.7206e+04
3.2299e-01	1.2120e+10	2.7214e+04
3.2946e-01	1.1823e+10	2.7223e+04
3.3606e-01	1.1529e+10	2.7231e+04
3.4280e-01	1.1240e+10	2.7239e+04
3.4967e-01	1.0967e+10	2.7248e+04
3.5668e-01	1.0702e+10	2.7256e+04
3.6383e-01	1.0437e+10	2.7264e+04
3.7112e-01	1.0176e+10	2.7274e+04
3.7856e-01	9.9220e+09	2.7283e+04
3.8615e-01	9.6704e+09	2.7293e+04
3.9389e-01	9.4325e+09	2.7303e+04
4.0179e-01	9.1930e+09	2.7312e+04
4.0984e-01	8.9603e+09	2.7322e+04
4.1806e-01	8.7373e+09	2.7332e+04
4.2644e-01	8.5222e+09	2.7342e+04
4.3498e-01	8.3110e+09	2.7353e+04
4.4370e-01	8.1052e+09	2.7364e+04
4.5260e-01	7.9015e+09	2.7375e+04
4.6167e-01	7.7022e+09	2.7386e+04
4.7092e-01	7.5098e+09	2.7397e+04
4.8036e-01	7.3266e+09	2.7409e+04
4.8999e-01	7.1439e+09	2.7421e+04
4.9981e-01	6.9642e+09	2.7433e+04
5.0983e-01	6.7873e+09	2.7446e+04
5.2005e-01	6.6153e+09	2.7458e+04
5.3048e-01	6.4476e+09	2.7470e+04
5.4111e-01	6.2841e+09	2.7483e+04
5.5196e-01	6.1289e+09	2.7497e+04
5.6302e-01	5.9758e+09	2.7510e+04
5.7431e-01	5.8241e+09	2.7523e+04
5.8582e-01	5.6765e+09	2.7537e+04
5.9756e-01	5.5334e+09	2.7551e+04
6.0954e-01	5.3948e+09	2.7565e+04
6.2176e-01	5.2585e+09	2.7580e+04
6.3422e-01	5.1257e+09	2.7594e+04
6.4693e-01	4.9928e+09	2.7609e+04
6.5990e-01	4.8688e+09	2.7624e+04
6.7313e-01	4.7437e+09	2.7640e+04
6.8662e-01	4.6217e+09	2.7655e+04
7.0038e-01	4.5043e+09	2.7671e+04
7.1442e-01	4.3857e+09	2.7687e+04
7.2874e-01	4.2726e+09	2.7704e+04
7.4335e-01	4.1635e+09	2.7721e+04
7.5825e-01	4.0574e+09	2.7739e+04
7.7345e-01	3.9530e+09	2.7757e+04
7.8896e-01	3.8507e+09	2.7776e+04
8.0477e-01	3.7504e+09	2.7795e+04
8.2090e-01	3.6530e+09	2.7815e+04
8.3736e-01	3.5602e+09	2.7835e+04
8.5414e-01	3.4695e+09	2.7856e+04
8.7126e-01	3.3798e+09	2.7876e+04
8.8873e-01	3.2920e+09	2.7898e+04
9.0654e-01	3.2074e+09	2.7920e+04
9.2471e-01	3.1241e+09	2.7942e+04
9.4325e-01	3.0422e+09	2.7965e+04
9.6216e-01	2.9624e+09	2.7989e+04
9.8144e-01	2.8864e+09	2.8012e+04
1.0011e+00	2.8111e+09	2.8037e+04
1.0212e+00	2.7377e+09	2.8062e+04
1.0417e+00	2.6654e+09	2.8087e+04
1.0625e+00	2.5958e+09	2.8113e+04
1.0838e+00	2.5280e+09	2.8139e+04
1.1056e+00	2.4607e+09	2.8167e+04
1.1277e+00	2.3964e+09	2.8194e+04
1.1503e+00	2.3328e+09	2.8222e+04
1.1734e+00	2.2706e+09	2.8251e+04
1.1969e+00	2.2100e+09	2.8280e+04
1.2209e+00	2.1516e+09	2.8310e+04
1.2454e+00	2.0946e+09	2.8340e+04
1.2703e+00	2.0395e+09	2.8371e+04
1.2958e+00	1.9853e+09	2.8402e+04
1.3218e+00	1.9324e+09	2.8435e+04
1.3483e+00	1.8810e+09	2.8468e+04
1.3753e+00	1.8318e+09	2.8501e+04
1.4029e+00	1.7842e+09	2.8535e+04
1.4310e+00	1.7361e+09	2.8570e+04
1.4597e+00	1.6896e+09	2.8606e+04
1.4889e+00	1.6447e+09	2.8642e+04
1.5188e+00	1.6001e+09	2.8679e+04
1.5492e+00	1.5576e+09	2.8717e+04
1.5803e+00	1.5164e+09	2.8756e+04
1.6119e+00	1.4760e+09	2.8795e+04
1.6442e+00	1.4360e+09	2.8835e+04
1.6772e+00	1.3977e+09	2.8876e+04
1.7108e+00	1.3600e+09	2.8918e+04
1.7451e+00	1.3233e+09	2.8960e+04
1.7801e+00	1.2873e+09	2.9004e+04
1.8158e+00	1.2526e+09	2.9048e+04
1.8522e+00	1.2182e+09	2.9093e+04
1.8893e+00	1.1854e+09	2.9139e+04
1.9272e+00	1.1528e+09	2.9186e+04
1.9658e+00	1.1211e+09	2.9234e+04
2.0052e+00	1.0903e+09	2.9283e+04
2.0454e+00	1.0604e+09	2.9333e+04
2.0864e+00	1.0312e+09	2.9384e+04
2.1282e+00	1.0024e+09	2.9436e+04
2.1709e+00	9.7403e+08	2.9489e+04
2.2144e+00	9.4717e+08	2.9543e+04
2.2588e+00	9.2070e+08	2.9598e+04
2.3041e+00	8.9487e+08	2.9654e+04
2.3502e+00	8.6957e+08	2.9712e+04
2.3974e+00	8.4500e+08	2.9770e+04
2.4454e+00	8.2128e+08	2.9830e+04
2.4944e+00	7.9842e+08	2.9891e+04
2.5444e+00	7.7629e+08	2.9953e+04
2.5954e+00	7.5439e+08	2.9906e+04
2.6475e+00	7.3313e+08	2.9939e+04
2.7005e+00	7.1221e+08	3.0002e+04
2.7547e+00	6.9200e+08	3.0069e+04
2.8099e+00	6.7222e+08	3.0137e+04
2.8662e+00	6.5303e+08	3.0207e+04
2.9237e+00	6.3416e+08	3.0279e+04
2.9823e+00	6.1592e+08	3.0351e+04
3.0420e+00	5.9802e+08	3.0426e+04
3.1030e+00	5.8086e+08	3.0501e+04
3.1652e+00	5.6399e+08	3.0578e+04
3.2287e+00	5.4745e+08	3.0657e+04
3.2934e+00	5.3111e+08	3.0737e+04
3.3594e+00	5.1541e+08	3.0819e+04
3.4267e+00	5.0054e+08	3.0903e+04
3.4954e+00	4.8585e+08	3.0988e+04
3.5655e+00	4.7140e+08	3.1075e+04
3.6370e+00	4.5744e+08	3.1163e+04
3.7099e+00	4.4380e+08	3.1254e+04
3.7842e+00	4.3015e+08	3.1346e+04
3.8601e+00	4.1705e+08	3.1440e+04
3.9375e+00	4.0406e+08	3.1536e+04
4.0164e+00	3.9180e+08	3.1634e+04
4.0969e+00	3.7996e+08	3.1734e+04
4.1790e+00	3.6836e+08	3.1836e+04
4.2628e+00	3.5718e+08	3.1940e+04
4.3482e+00	3.4625e+08	3.2046e+04
4.4354e+00	3.3560e+08	3.2154e+04
4.5243e+00	3.2524e+08	3.2264e+04
4.6150e+00	3.1500e+08	3.2376e+04
4.7075e+00	3.0521e+08	3.2491e+04
4.8019e+00	2.9572e+08	3.2607e+04
4.8981e+00	2.8643e+08	3.2726e+04
4.9963e+00	2.7734e+08	3.2847e+04
5.0964e+00	2.6851e+08	3.2971e+04
5.1986e+00	2.5994e+08	3.3096e+04
5.3028e+00	2.5159e+08	3.3211e+04
5.4091e+00	2.4329e+08	3.3336e+04
5.5175e+00	2.3523e+08	3.3469e+04
5.6281e+00	2.2761e+08	3.3605e+04
5.7409e+00	2.2012e+08	3.3743e+04
5.8560e+00	2.1290e+08	3.3883e+04
5.9734e+00	2.0571e+08	3.4026e+04
6.0931e+00	1.9884e+08	3.4172e+04
6.2153e+00	1.9223e+08	3.4321e+04
6.3398e+00	1.8571e+08	3.4472e+04
6.4669e+00	1.7936e+08	3.4626e+04
6.5966e+00	1.7318e+08	3.4783e+04
6.7288e+00	1.6727e+08	3.4943e+04
6.8637e+00	1.6151e+08	3.5106e+04
7.0012e+00	1.5587e+08	3.5272e+04
7.1416e+00	1.5030e+08	3.5441e+04
7.2847e+00	1.4500e+08	3.5613e+04
7.4308e+00	1.3995e+08	3.5788e+04
7.5797e+00	1.3494e+08	3.5966e+04
7.7316e+00	1.3010e+08	3.6147e+04
7.8866e+00	1.2542e+08	3.6332e+04
8.0447e+00	1.2091e+08	3.6520e+04
8.2060e+00	1.1648e+08	3.6711e+04
8.3705e+00	1.1213e+08	3.6906e+04
8.5382e+00	1.0795e+08	3.7104e+04
8.7094e+00	1.0372e+08	3.7306e+04
8.8840e+00	9.9707e+07	3.7511e+04
9.0620e+00	9.5872e+07	3.7721e+04
9.2437e+00	9.2155e+07	3.7934e+04
9.4290e+00	8.8628e+07	3.8149e+04
9.6180e+00	8.5148e+07	3.8372e+04
9.8108e+00	8.1680e+07	3.8606e+04
1.0007e+01	7.8442e+07	3.8839e+04
1.0208e+01	7.5229e+07	3.9079e+04
1.0413e+01	7.2212e+07	3.9307e+04
1.0621e+01	6.9284e+07	3.9541e+04
1.0834e+01	6.6401e+07	3.9779e+04
1.1051e+01	6.3676e+07	4.0020e+04
1.1273e+01	6.1162e+07	4.0266e+04
1.1499e+01	5.8551e+07	4.0518e+04
1.1729e+01	5.5949e+07	4.0823e+04
1.1965e+01	5.3548e+07	4.1094e+04
1.2204e+01	5.1320e+07	4.1352e+04
1.2449e+01	4.9105e+07	4.1614e+04
1.2699e+01	4.6913e+07	4.1880e+04
1.2953e+01	4.4832e+07	4.2150e+04
1.3213e+01	4.2826e+07	4.2425e+04
1.3478e+01	4.0935e+07	4.2710e+04
1.3748e+01	3.9087e+07	4.2999e+04
1.4023e+01	3.7239e+07	4.3260e+04
1.4304e+01	3.5457e+07	4.3549e+04
1.4591e+01	3.3734e+07	4.3840e+04
1.4884e+01	3.2098e+07	4.4131e+04
1.5182e+01	3.0548e+07	4.4424e+04
1.5486e+01	2.9058e+07	4.4719e+04
1.5797e+01	2.7631e+07	4.5015e+04
1.6113e+01	2.6270e+07	4.5315e+04
1.6436e+01	2.4989e+07	4.5618e+04
1.6766e+01	2.3743e+07	4.5894e+04
1.7102e+01	2.2524e+07	4.6197e+04
1.7445e+01	2.1399e+07	4.6501e+04
1.7794e+01	2.0308e+07	4.6807e+04
1.8151e+01	1.9325e+07	4.7116e+04
1.8515e+01	1.8348e+07	4.7425e+04
1.8886e+01	1.7417e+07	4.7737e+04
1.9265e+01	1.6560e+07	4.8054e+04
1.9651e+01	1.5718e+07	4.8376e+04
2.0045e+01	1.4924e+07	4.8717e+04
2.0446e+01	1.4146e+07	4.9021e+04
2.0856e+01	1.3417e+07	4.9331e+04
2.1274e+01	1.2742e+07	4.9723e+04
2.1701e+01	1.2108e+07	5.0031e+04
2.2136e+01	1.1487e+07	5.0337e+04
2.2579e+01	1.0898e+07	5.0662e+04
2.3032e+01	1.0329e+07	5.0949e+04
2.3494e+01	9.8192e+06	5.1256e+04
2.3965e+01	9.2999e+06	5.1553e+04
2.4445e+01	8.8167e+06	5.1846e+04
2.4935e+01	8.3720e+06	5.2136e+04
2.5435e+01	7.9414e+06	5.2414e+04
2.5945e+01	7.5271e+06	5.2690e+04
2.6465e+01	7.1390e+06	5.2962e+04
2.6995e+01	6.7587e+06	5.3234e+04
2.7536e+01	6.4072e+06	5.3530e+04
2.8088e+01	6.0738e+06	5.3781e+04
2.8651e+01	5.7518e+06	5.4112e+04
2.9226e+01	5.4547e+06	5.4348e+04
2.9812e+01	5.1688e+06	5.4598e+04
3.0409e+01	4.8908e+06	5.4840e+04
3.1019e+01	4.6335e+06	5.5048e+04
3.1640e+01	4.3914e+06	5.5245e+04
3.2275e+01	4.1655e+06	5.5422e+04
3.2922e+01	3.9511e+06	5.5590e+04
3.3581e+01	3.7428e+06	5.5756e+04
3.4255e+01	3.5459e+06	5.5944e+04
3.4941e+01	3.3602e+06	5.6078e+04
3.5642e+01	3.1779e+06	5.6196e+04
3.6356e+01	3.0065e+06	5.6345e+04
3.7085e+01	2.8418e+06	5.6438e+04
3.7828e+01	2.6872e+06	5.6506e+04
3.8586e+01	2.5453e+06	5.6546e+04
3.9360e+01	2.4083e+06	5.6583e+04
4.0149e+01	2.2789e+06	5.6652e+04
4.0954e+01	2.1597e+06	5.6652e+04
4.1775e+01	2.0437e+06	5.6677e+04
4.2612e+01	1.9334e+06	5.6658e+04
4.3466e+01	1.8279e+06	5.6605e+04
4.4337e+01	1.7261e+06	5.6528e+04
4.5226e+01	1.6316e+06	5.6458e+04
4.6133e+01	1.5405e+06	5.6346e+04
4.7057e+01	1.4547e+06	5.6259e+04
4.8001e+01	1.3758e+06	5.6103e+04
4.8963e+01	1.2993e+06	5.5907e+04
4.9944e+01	1.2272e+06	5.5704e+04
5.0945e+01	1.1583e+06	5.5454e+04
5.1967e+01	1.0932e+06	5.5229e+04
5.3008e+01	1.0310e+06	5.4922e+04
5.4071e+01	9.7214e+05	5.4600e+04
5.5155e+01	9.1783e+05	5.4251e+04
5.6260e+01	8.6713e+05	5.3938e+04
5.7388e+01	8.1854e+05	5.3547e+04
5.8538e+01	7.7319e+05	5.3143e+04
5.9712e+01	7.2915e+05	5.2694e+04
6.0909e+01	6.8821e+05	5.2270e+04
6.2130e+01	6.4969e+05	5.1773e+04
6.3375e+01	6.1310e+05	5.1247e+04
6.4645e+01	5.7841e+05	5.0726e+04
6.5941e+01	5.4542e+05	5.0129e+04
6.7263e+01	5.1446e+05	4.9516e+04
6.8611e+01	4.8495e+05	4.8909e+04
6.9986e+01	4.5714e+05	4.8242e+04
7.1389e+01	4.3127e+05	4.7583e+04
7.2820e+01	4.0684e+05	4.6915e+04
7.4280e+01	3.8323e+05	4.6200e+04
7.5769e+01	3.6114e+05	4.5487e+04
7.7288e+01	3.4046e+05	4.4730e+04
7.8837e+01	3.2076e+05	4.3994e+04
8.0417e+01	3.0212e+05	4.3214e+04
8.2029e+01	2.8461e+05	4.2442e+04
8.3673e+01	2.6813e+05	4.1615e+04
8.5351e+01	2.5250e+05	4.0810e+04
8.7062e+01	2.3784e+05	3.9988e+04
8.8807e+01	2.2404e+05	3.9177e+04
9.0587e+01	2.1090e+05	3.8313e+04
9.2403e+01	1.9853e+05	3.7469e+04
9.4255e+01	1.8673e+05	3.6592e+04
9.6144e+01	1.7578e+05	3.5692e+04
9.8071e+01	1.6555e+05	3.4810e+04
1.0004e+02	1.5581e+05	3.3900e+04
1.0204e+02	1.4659e+05	3.3003e+04
1.0409e+02	1.3791e+05	3.2106e+04
1.0617e+02	1.2966e+05	3.1226e+04
1.0830e+02	1.2191e+05	3.0351e+04
1.1047e+02	1.1455e+05	2.9465e+04
1.1269e+02	1.0778e+05	2.8587e+04
1.1495e+02	1.0139e+05	2.7730e+04
1.1725e+02	9.5207e+04	2.6889e+04
1.1960e+02	8.9486e+04	2.6062e+04
1.2200e+02	8.4118e+04	2.5224e+04
1.2444e+02	7.8958e+04	2.4390e+04
1.2694e+02	7.4033e+04	2.3578e+04
1.2948e+02	6.9504e+04	2.2783e+04
1.3208e+02	6.5188e+04	2.2003e+04
1.3473e+02	6.1200e+04	2.1232e+04
1.3743e+02	5.7386e+04	2.0471e+04
1.4018e+02	5.3892e+04	1.9719e+04
1.4299e+02	5.0562e+04	1.8983e+04
1.4586e+02	4.7365e+04	1.8266e+04
1.4878e+02	4.4369e+04	1.7547e+04
1.5176e+02	4.1549e+04	1.6839e+04
1.5481e+02	3.8938e+04	1.6151e+04
1.5791e+02	3.6446e+04	1.5479e+04
1.6107e+02	3.4158e+04	1.4807e+04
1.6430e+02	3.2040e+04	1.4171e+04
1.6760e+02	2.9991e+04	1.3567e+04
1.7096e+02	2.8098e+04	1.2979e+04
1.7438e+02	2.6334e+04	1.2407e+04
1.7788e+02	2.4668e+04	1.1850e+04
1.8144e+02	2.3101e+04	1.1307e+04
1.8508e+02	2.1631e+04	1.0767e+04
1.8879e+02	2.0231e+04	1.0246e+04
1.9257e+02	1.8934e+04	9.7465e+03
1.9643e+02	1.7715e+04	9.2676e+03
2.0037e+02	1.6533e+04	8.7952e+03
2.0439e+02	1.5466e+04	8.3510e+03
2.0849e+02	1.4464e+04	7.9270e+03
2.1266e+02	1.3521e+04	7.5145e+03
2.1693e+02	1.2630e+04	7.1114e+03
2.2128e+02	1.1770e+04	6.7224e+03
2.2571e+02	1.0969e+04	6.3533e+03
2.3024e+02	1.0227e+04	6.0087e+03
2.3485e+02	9.5202e+03	5.6848e+03
2.3956e+02	8.8875e+03	5.3706e+03
2.4436e+02	8.2859e+03	5.0649e+03
2.4926e+02	7.7094e+03	4.7826e+03
2.5425e+02	7.1595e+03	4.5076e+03
2.5935e+02	6.6538e+03	4.2409e+03
2.6455e+02	6.1995e+03	3.9882e+03
2.6985e+02	5.7684e+03	3.7549e+03
2.7526e+02	5.3556e+03	3.5297e+03
2.8078e+02	4.9878e+03	3.3203e+03
2.8641e+02	4.6341e+03	3.1226e+03
2.9215e+02	4.2980e+03	2.9308e+03
2.9800e+02	3.9981e+03	2.7453e+03
3.0398e+02	3.7092e+03	2.5686e+03
3.1007e+02	3.4465e+03	2.4049e+03
3.1629e+02	3.2021e+03	2.2504e+03
3.2263e+02	2.9659e+03	2.1015e+03
3.2909e+02	2.7429e+03	1.9633e+03
3.3569e+02	2.5416e+03	1.8294e+03
3.4242e+02	2.3551e+03	1.7015e+03
3.4928e+02	2.1763e+03	1.5825e+03
3.5628e+02	2.0126e+03	1.4696e+03
3.6343e+02	1.8543e+03	1.3646e+03
3.7071e+02	1.7061e+03	1.2701e+03
3.7814e+02	1.5722e+03	1.1807e+03
3.8572e+02	1.4446e+03	1.0938e+03
3.9345e+02	1.3338e+03	1.0128e+03
4.0134e+02	1.2307e+03	9.3566e+02
4.0938e+02	1.1297e+03	8.6254e+02
4.1759e+02	1.0373e+03	7.9640e+02
4.2596e+02	9.5016e+02	7.3441e+02
4.3450e+02	8.6884e+02	6.7640e+02
4.4321e+02	7.9692e+02	6.2181e+02
4.5209e+02	7.2889e+02	5.7194e+02
4.6116e+02	6.6586e+02	5.2622e+02
4.7040e+02	6.0676e+02	4.8340e+02
4.7983e+02	5.5555e+02	4.4414e+02
4.8945e+02	5.0661e+02	4.0613e+02
4.9926e+02	4.6332e+02	3.7089e+02
5.0926e+02	4.2091e+02	3.3899e+02
5.1947e+02	3.8174e+02	3.1064e+02
5.2989e+02	3.4671e+02	2.8298e+02
5.4051e+02	3.1622e+02	2.5862e+02
5.5134e+02	2.8614e+02	2.3485e+02
5.6239e+02	2.6017e+02	2.1454e+02
5.7367e+02	2.3450e+02	1.9517e+02
5.8517e+02	2.1359e+02	1.7684e+02
5.9690e+02	1.9300e+02	1.5969e+02
6.0886e+02	1.7378e+02	1.4385e+02
6.2106e+02	1.5587e+02	1.2941e+02
6.3351e+02	1.3963e+02	1.1655e+02
6.4621e+02	1.2493e+02	1.0477e+02
6.5917e+02	1.1212e+02	9.3822e+01
6.7238e+02	9.9987e+01	8.3948e+01
6.8586e+02	8.9054e+01	7.5121e+01
6.9960e+02	7.9318e+01	6.7159e+01
7.1363e+02	7.0645e+01	5.9892e+01
7.2793e+02	6.2741e+01	5.3372e+01
7.4252e+02	5.5701e+01	4.7529e+01
7.5741e+02	4.9387e+01	4.2303e+01
7.7259e+02	4.3795e+01	3.7561e+01
7.8808e+02	3.8781e+01	3.3219e+01
8.0387e+02	3.4162e+01	2.9344e+01
8.1999e+02	3.0048e+01	2.5901e+01
8.3642e+02	2.6443e+01	2.2793e+01
8.5319e+02	2.3183e+01	2.0015e+01
8.7029e+02	2.0286e+01	1.7518e+01
8.8774e+02	1.7682e+01	1.5343e+01
9.0553e+02	1.5435e+01	1.3426e+01
9.2368e+02	1.3459e+01	1.1726e+01
9.4220e+02	1.1715e+01	1.0221e+01
9.6108e+02	1.0175e+01	8.8883e+00
9.8035e+02	8.8187e+00	7.6958e+00
1.0000e+03	7.6047e+00	6.6577e+00