Energy(MeV)	Incoming Spectral Fluence(MeV-1 cm-2)	Residual Spectral Fluence(MeV-1 cm-2)
1.0000e-03	0.0000e+00	3.3417e+04
1.5000e-03	0.0000e+00	3.3424e+04
2.0000e-03	0.0000e+00	3.3429e+04
2.5000e-03	0.0000e+00	3.3433e+04
3.0000e-03	0.0000e+00	3.3437e+04
3.5000e-03	0.0000e+00	3.3439e+04
4.0000e-03	0.0000e+00	3.3442e+04
4.5000e-03	0.0000e+00	3.3444e+04
5.0000e-03	0.0000e+00	3.3446e+04
5.5000e-03	0.0000e+00	3.3447e+04
6.0000e-03	0.0000e+00	3.3449e+04
6.5000e-03	0.0000e+00	3.3450e+04
7.0000e-03	0.0000e+00	3.3452e+04
7.5000e-03	0.0000e+00	3.3453e+04
8.0000e-03	0.0000e+00	3.3454e+04
8.5000e-03	0.0000e+00	3.3455e+04
9.0000e-03	0.0000e+00	3.3456e+04
9.5000e-03	0.0000e+00	3.3457e+04
1.0000e-02	0.0000e+00	3.3458e+04
1.5000e-02	0.0000e+00	3.3465e+04
2.0000e-02	0.0000e+00	3.3471e+04
2.5000e-02	0.0000e+00	3.3475e+04
3.0000e-02	0.0000e+00	3.3478e+04
3.5000e-02	0.0000e+00	3.3482e+04
4.0000e-02	0.0000e+00	3.3494e+04
4.5000e-02	0.0000e+00	3.3504e+04
5.0000e-02	1.4339e+11	3.3514e+04
5.1002e-02	1.3984e+11	3.3516e+04
5.2025e-02	1.3633e+11	3.3517e+04
5.3067e-02	1.3295e+11	3.3519e+04
5.4131e-02	1.2966e+11	3.3521e+04
5.5216e-02	1.2644e+11	3.3523e+04
5.6323e-02	1.2328e+11	3.3524e+04
5.7452e-02	1.2024e+11	3.3526e+04
5.8604e-02	1.1721e+11	3.3528e+04
5.9778e-02	1.1429e+11	3.3530e+04
6.0977e-02	1.1147e+11	3.3532e+04
6.2199e-02	1.0865e+11	3.3533e+04
6.3446e-02	1.0597e+11	3.3535e+04
6.4717e-02	1.0328e+11	3.3537e+04
6.6015e-02	1.0076e+11	3.3539e+04
6.7338e-02	9.8214e+10	3.3540e+04
6.8688e-02	9.5725e+10	3.3542e+04
7.0065e-02	9.3346e+10	3.3544e+04
7.1469e-02	9.1037e+10	3.3546e+04
7.2902e-02	8.8791e+10	3.3547e+04
7.4363e-02	8.6580e+10	3.3549e+04
7.5853e-02	8.4411e+10	3.3551e+04
7.7374e-02	8.2334e+10	3.3553e+04
7.8925e-02	8.0288e+10	3.3555e+04
8.0507e-02	7.8263e+10	3.3556e+04
8.2121e-02	7.6323e+10	3.3558e+04
8.3767e-02	7.4431e+10	3.3560e+04
8.5446e-02	7.2599e+10	3.3562e+04
8.7159e-02	7.0795e+10	3.3563e+04
8.8906e-02	6.9038e+10	3.3565e+04
9.0688e-02	6.7343e+10	3.3568e+04
9.2506e-02	6.5647e+10	3.3572e+04
9.4360e-02	6.3991e+10	3.3575e+04
9.6251e-02	6.2414e+10	3.3579e+04
9.8181e-02	6.0877e+10	3.3582e+04
1.0015e-01	5.9368e+10	3.3586e+04
1.0216e-01	5.7854e+10	3.3589e+04
1.0420e-01	5.6414e+10	3.3593e+04
1.0629e-01	5.5019e+10	3.3596e+04
1.0842e-01	5.3636e+10	3.3600e+04
1.1060e-01	5.2268e+10	3.3603e+04
1.1281e-01	5.0935e+10	3.3607e+04
1.1507e-01	4.9699e+10	3.3610e+04
1.1738e-01	4.8457e+10	3.3614e+04
1.1973e-01	4.7231e+10	3.3618e+04
1.2213e-01	4.6075e+10	3.3621e+04
1.2458e-01	4.4924e+10	3.3625e+04
1.2708e-01	4.3785e+10	3.3628e+04
1.2963e-01	4.2720e+10	3.3632e+04
1.3223e-01	4.1687e+10	3.3635e+04
1.3488e-01	4.0646e+10	3.3639e+04
1.3758e-01	3.9650e+10	3.3642e+04
1.4034e-01	3.8667e+10	3.3646e+04
1.4315e-01	3.7725e+10	3.3649e+04
1.4602e-01	3.6790e+10	3.3654e+04
1.4895e-01	3.5854e+10	3.3659e+04
1.5193e-01	3.4960e+10	3.3664e+04
1.5498e-01	3.4098e+10	3.3669e+04
1.5808e-01	3.3245e+10	3.3675e+04
1.6125e-01	3.2425e+10	3.3680e+04
1.6449e-01	3.1622e+10	3.3685e+04
1.6778e-01	3.0840e+10	3.3690e+04
1.7115e-01	3.0080e+10	3.3696e+04
1.7458e-01	2.9325e+10	3.3701e+04
1.7808e-01	2.8598e+10	3.3706e+04
1.8165e-01	2.7899e+10	3.3711e+04
1.8529e-01	2.7199e+10	3.3717e+04
1.8900e-01	2.6526e+10	3.3722e+04
1.9279e-01	2.5870e+10	3.3727e+04
1.9665e-01	2.5219e+10	3.3733e+04
2.0060e-01	2.4586e+10	3.3738e+04
2.0462e-01	2.3981e+10	3.3745e+04
2.0872e-01	2.3382e+10	3.3752e+04
2.1290e-01	2.2803e+10	3.3759e+04
2.1717e-01	2.2226e+10	3.3766e+04
2.2152e-01	2.1669e+10	3.3773e+04
2.2596e-01	2.1126e+10	3.3780e+04
2.3049e-01	2.0615e+10	3.3787e+04
2.3511e-01	2.0119e+10	3.3794e+04
2.3983e-01	1.9616e+10	3.3801e+04
2.4463e-01	1.9121e+10	3.3808e+04
2.4954e-01	1.8648e+10	3.3815e+04
2.5454e-01	1.8173e+10	3.3822e+04
2.5964e-01	1.7730e+10	3.3830e+04
2.6484e-01	1.7281e+10	3.3839e+04
2.7015e-01	1.6854e+10	3.3848e+04
2.7557e-01	1.6435e+10	3.3856e+04
2.8109e-01	1.6021e+10	3.3865e+04
2.8673e-01	1.5618e+10	3.3874e+04
2.9247e-01	1.5232e+10	3.3882e+04
2.9834e-01	1.4858e+10	3.3891e+04
3.0432e-01	1.4495e+10	3.3900e+04
3.1042e-01	1.4152e+10	3.3908e+04
3.1664e-01	1.3798e+10	3.3919e+04
3.2299e-01	1.3455e+10	3.3929e+04
3.2946e-01	1.3121e+10	3.3940e+04
3.3606e-01	1.2790e+10	3.3950e+04
3.4280e-01	1.2473e+10	3.3960e+04
3.4967e-01	1.2162e+10	3.3971e+04
3.5668e-01	1.1860e+10	3.3981e+04
3.6383e-01	1.1563e+10	3.3991e+04
3.7112e-01	1.1277e+10	3.4003e+04
3.7856e-01	1.1001e+10	3.4015e+04
3.8615e-01	1.0724e+10	3.4027e+04
3.9389e-01	1.0451e+10	3.4039e+04
4.0179e-01	1.0197e+10	3.4051e+04
4.0984e-01	9.9488e+09	3.4064e+04
4.1806e-01	9.7005e+09	3.4076e+04
4.2644e-01	9.4604e+09	3.4089e+04
4.3498e-01	9.2237e+09	3.4103e+04
4.4370e-01	8.9957e+09	3.4116e+04
4.5260e-01	8.7725e+09	3.4130e+04
4.6167e-01	8.5529e+09	3.4144e+04
4.7092e-01	8.3454e+09	3.4158e+04
4.8036e-01	8.1394e+09	3.4172e+04
4.8999e-01	7.9388e+09	3.4187e+04
4.9981e-01	7.7414e+09	3.4203e+04
5.0983e-01	7.5496e+09	3.4218e+04
5.2005e-01	7.3620e+09	3.4233e+04
5.3048e-01	7.1823e+09	3.4248e+04
5.4111e-01	7.0075e+09	3.4265e+04
5.5196e-01	6.8314e+09	3.4281e+04
5.6302e-01	6.6612e+09	3.4298e+04
5.7431e-01	6.4968e+09	3.4315e+04
5.8582e-01	6.3361e+09	3.4331e+04
5.9756e-01	6.1798e+09	3.4349e+04
6.0954e-01	6.0264e+09	3.4367e+04
6.2176e-01	5.8761e+09	3.4385e+04
6.3422e-01	5.7292e+09	3.4403e+04
6.4693e-01	5.5860e+09	3.4422e+04
6.5990e-01	5.4457e+09	3.4441e+04
6.7313e-01	5.3084e+09	3.4460e+04
6.8662e-01	5.1753e+09	3.4479e+04
7.0038e-01	5.0481e+09	3.4499e+04
7.1442e-01	4.9226e+09	3.4520e+04
7.2874e-01	4.7988e+09	3.4541e+04
7.4335e-01	4.6813e+09	3.4562e+04
7.5825e-01	4.5652e+09	3.4584e+04
7.7345e-01	4.4512e+09	3.4607e+04
7.8896e-01	4.3407e+09	3.4631e+04
8.0477e-01	4.2311e+09	3.4654e+04
8.2090e-01	4.1218e+09	3.4679e+04
8.3736e-01	4.0173e+09	3.4704e+04
8.5414e-01	3.9151e+09	3.4730e+04
8.7126e-01	3.8186e+09	3.4756e+04
8.8873e-01	3.7222e+09	3.4783e+04
9.0654e-01	3.6284e+09	3.4810e+04
9.2471e-01	3.5373e+09	3.4838e+04
9.4325e-01	3.4470e+09	3.4867e+04
9.6216e-01	3.3596e+09	3.4896e+04
9.8144e-01	3.2754e+09	3.4925e+04
1.0011e+00	3.1907e+09	3.4956e+04
1.0212e+00	3.1097e+09	3.4987e+04
1.0417e+00	3.0294e+09	3.5019e+04
1.0625e+00	2.9517e+09	3.5051e+04
1.0838e+00	2.8755e+09	3.5084e+04
1.1056e+00	2.8020e+09	3.5118e+04
1.1277e+00	2.7309e+09	3.5152e+04
1.1503e+00	2.6617e+09	3.5187e+04
1.1734e+00	2.5940e+09	3.5223e+04
1.1969e+00	2.5266e+09	3.5259e+04
1.2209e+00	2.4609e+09	3.5297e+04
1.2454e+00	2.3978e+09	3.5334e+04
1.2703e+00	2.3363e+09	3.5373e+04
1.2958e+00	2.2774e+09	3.5413e+04
1.3218e+00	2.2183e+09	3.5453e+04
1.3483e+00	2.1617e+09	3.5494e+04
1.3753e+00	2.1044e+09	3.5536e+04
1.4029e+00	2.0506e+09	3.5579e+04
1.4310e+00	1.9982e+09	3.5622e+04
1.4597e+00	1.9461e+09	3.5667e+04
1.4889e+00	1.8950e+09	3.5712e+04
1.5188e+00	1.8446e+09	3.5758e+04
1.5492e+00	1.7965e+09	3.5805e+04
1.5803e+00	1.7488e+09	3.5853e+04
1.6119e+00	1.7016e+09	3.5903e+04
1.6442e+00	1.6566e+09	3.5953e+04
1.6772e+00	1.6123e+09	3.6004e+04
1.7108e+00	1.5700e+09	3.6056e+04
1.7451e+00	1.5287e+09	3.6109e+04
1.7801e+00	1.4879e+09	3.6163e+04
1.8158e+00	1.4478e+09	3.6218e+04
1.8522e+00	1.4088e+09	3.6275e+04
1.8893e+00	1.3709e+09	3.6333e+04
1.9272e+00	1.3332e+09	3.6391e+04
1.9658e+00	1.2972e+09	3.6451e+04
2.0052e+00	1.2626e+09	3.6512e+04
2.0454e+00	1.2287e+09	3.6575e+04
2.0864e+00	1.1946e+09	3.6638e+04
2.1282e+00	1.1621e+09	3.6703e+04
2.1709e+00	1.1300e+09	3.6769e+04
2.2144e+00	1.0994e+09	3.6837e+04
2.2588e+00	1.0692e+09	3.6906e+04
2.3041e+00	1.0394e+09	3.6976e+04
2.3502e+00	1.0112e+09	3.7048e+04
2.3974e+00	9.8295e+08	3.7121e+04
2.4454e+00	9.5515e+08	3.7195e+04
2.4944e+00	9.2861e+08	3.7271e+04
2.5444e+00	9.0266e+08	3.7349e+04
2.5954e+00	8.7696e+08	3.7291e+04
2.6475e+00	8.5193e+08	3.7332e+04
2.7005e+00	8.2799e+08	3.7410e+04
2.7547e+00	8.0429e+08	3.7494e+04
2.8099e+00	7.8114e+08	3.7580e+04
2.8662e+00	7.5923e+08	3.7667e+04
2.9237e+00	7.3733e+08	3.7756e+04
2.9823e+00	7.1603e+08	3.7847e+04
3.0420e+00	6.9530e+08	3.7940e+04
3.1030e+00	6.7532e+08	3.8034e+04
3.1652e+00	6.5571e+08	3.8130e+04
3.2287e+00	6.3685e+08	3.8229e+04
3.2934e+00	6.1809e+08	3.8329e+04
3.3594e+00	5.9977e+08	3.8431e+04
3.4267e+00	5.8210e+08	3.8536e+04
3.4954e+00	5.6513e+08	3.8642e+04
3.5655e+00	5.4840e+08	3.8751e+04
3.6370e+00	5.3221e+08	3.8861e+04
3.7099e+00	5.1614e+08	3.8974e+04
3.7842e+00	5.0092e+08	3.9090e+04
3.8601e+00	4.8577e+08	3.9207e+04
3.9375e+00	4.7118e+08	3.9327e+04
4.0164e+00	4.5686e+08	3.9449e+04
4.0969e+00	4.4280e+08	3.9574e+04
4.1790e+00	4.2917e+08	3.9701e+04
4.2628e+00	4.1599e+08	3.9831e+04
4.3482e+00	4.0338e+08	3.9964e+04
4.4354e+00	3.9102e+08	4.0099e+04
4.5243e+00	3.7882e+08	4.0236e+04
4.6150e+00	3.6704e+08	4.0377e+04
4.7075e+00	3.5556e+08	4.0520e+04
4.8019e+00	3.4448e+08	4.0665e+04
4.8981e+00	3.3366e+08	4.0814e+04
4.9963e+00	3.2308e+08	4.0965e+04
5.0964e+00	3.1277e+08	4.1120e+04
5.1986e+00	3.0266e+08	4.1276e+04
5.3028e+00	2.9281e+08	4.1420e+04
5.4091e+00	2.8341e+08	4.1577e+04
5.5175e+00	2.7401e+08	4.1743e+04
5.6281e+00	2.6522e+08	4.1912e+04
5.7409e+00	2.5664e+08	4.2084e+04
5.8560e+00	2.4832e+08	4.2260e+04
5.9734e+00	2.3997e+08	4.2438e+04
6.0931e+00	2.3179e+08	4.2621e+04
6.2153e+00	2.2420e+08	4.2806e+04
6.3398e+00	2.1661e+08	4.2995e+04
6.4669e+00	2.0915e+08	4.3188e+04
6.5966e+00	2.0202e+08	4.3384e+04
6.7288e+00	1.9503e+08	4.3584e+04
6.8637e+00	1.8816e+08	4.3788e+04
7.0012e+00	1.8145e+08	4.3995e+04
7.1416e+00	1.7501e+08	4.4206e+04
7.2847e+00	1.6890e+08	4.4421e+04
7.4308e+00	1.6277e+08	4.4639e+04
7.5797e+00	1.5702e+08	4.4862e+04
7.7316e+00	1.5140e+08	4.5089e+04
7.8866e+00	1.4585e+08	4.5319e+04
8.0447e+00	1.4064e+08	4.5554e+04
8.2060e+00	1.3555e+08	4.5792e+04
8.3705e+00	1.3051e+08	4.6036e+04
8.5382e+00	1.2570e+08	4.6283e+04
8.7094e+00	1.2118e+08	4.6535e+04
8.8840e+00	1.1655e+08	4.6792e+04
9.0620e+00	1.1217e+08	4.7054e+04
9.2437e+00	1.0785e+08	4.7319e+04
9.4290e+00	1.0375e+08	4.7589e+04
9.6180e+00	9.9794e+07	4.7867e+04
9.8108e+00	9.5870e+07	4.8159e+04
1.0007e+01	9.2076e+07	4.8451e+04
1.0208e+01	8.8401e+07	4.8750e+04
1.0413e+01	8.4913e+07	4.9035e+04
1.0621e+01	8.1612e+07	4.9327e+04
1.0834e+01	7.8350e+07	4.9624e+04
1.1051e+01	7.5254e+07	4.9926e+04
1.1273e+01	7.2097e+07	5.0234e+04
1.1499e+01	6.9183e+07	5.0548e+04
1.1729e+01	6.6362e+07	5.0929e+04
1.1965e+01	6.3661e+07	5.1267e+04
1.2204e+01	6.1057e+07	5.1591e+04
1.2449e+01	5.8538e+07	5.1918e+04
1.2699e+01	5.6075e+07	5.2250e+04
1.2953e+01	5.3662e+07	5.2587e+04
1.3213e+01	5.1387e+07	5.2932e+04
1.3478e+01	4.9200e+07	5.3288e+04
1.3748e+01	4.7101e+07	5.3649e+04
1.4023e+01	4.5039e+07	5.3975e+04
1.4304e+01	4.3020e+07	5.4337e+04
1.4591e+01	4.1081e+07	5.4701e+04
1.4884e+01	3.9244e+07	5.5066e+04
1.5182e+01	3.7495e+07	5.5433e+04
1.5486e+01	3.5778e+07	5.5802e+04
1.5797e+01	3.4111e+07	5.6174e+04
1.6113e+01	3.2511e+07	5.6551e+04
1.6436e+01	3.0966e+07	5.6930e+04
1.6766e+01	2.9502e+07	5.7278e+04
1.7102e+01	2.8097e+07	5.7657e+04
1.7445e+01	2.6772e+07	5.8040e+04
1.7794e+01	2.5485e+07	5.8424e+04
1.8151e+01	2.4287e+07	5.8812e+04
1.8515e+01	2.3087e+07	5.9201e+04
1.8886e+01	2.1948e+07	5.9593e+04
1.9265e+01	2.0816e+07	5.9992e+04
1.9651e+01	1.9753e+07	6.0397e+04
2.0045e+01	1.8769e+07	6.0825e+04
2.0446e+01	1.7806e+07	6.1208e+04
2.0856e+01	1.6873e+07	6.1600e+04
2.1274e+01	1.5984e+07	6.2095e+04
2.1701e+01	1.5165e+07	6.2484e+04
2.2136e+01	1.4368e+07	6.2873e+04
2.2579e+01	1.3619e+07	6.3286e+04
2.3032e+01	1.2911e+07	6.3653e+04
2.3494e+01	1.2194e+07	6.4043e+04
2.3965e+01	1.1533e+07	6.4422e+04
2.4445e+01	1.0927e+07	6.4796e+04
2.4935e+01	1.0334e+07	6.5168e+04
2.5435e+01	9.7811e+06	6.5525e+04
2.5945e+01	9.2426e+06	6.5878e+04
2.6465e+01	8.7324e+06	6.6227e+04
2.6995e+01	8.2595e+06	6.6577e+04
2.7536e+01	7.8079e+06	6.6956e+04
2.8088e+01	7.3970e+06	6.7279e+04
2.8651e+01	6.9927e+06	6.7703e+04
2.9226e+01	6.6098e+06	6.8007e+04
2.9812e+01	6.2492e+06	6.8330e+04
3.0409e+01	5.9132e+06	6.8643e+04
3.1019e+01	5.5951e+06	6.8914e+04
3.1640e+01	5.2860e+06	6.9171e+04
3.2275e+01	4.9973e+06	6.9405e+04
3.2922e+01	4.7181e+06	6.9627e+04
3.3581e+01	4.4685e+06	6.9848e+04
3.4255e+01	4.2271e+06	7.0097e+04
3.4941e+01	3.9882e+06	7.0278e+04
3.5642e+01	3.7735e+06	7.0439e+04
3.6356e+01	3.5724e+06	7.0641e+04
3.7085e+01	3.3809e+06	7.0773e+04
3.7828e+01	3.1965e+06	7.0875e+04
3.8586e+01	3.0191e+06	7.0943e+04
3.9360e+01	2.8580e+06	7.1007e+04
4.0149e+01	2.7050e+06	7.1112e+04
4.0954e+01	2.5567e+06	7.1128e+04
4.1775e+01	2.4135e+06	7.1170e+04
4.2612e+01	2.2820e+06	7.1152e+04
4.3466e+01	2.1582e+06	7.1089e+04
4.4337e+01	2.0397e+06	7.0996e+04
4.5226e+01	1.9294e+06	7.0913e+04
4.6133e+01	1.8243e+06	7.0777e+04
4.7057e+01	1.7237e+06	7.0675e+04
4.8001e+01	1.6311e+06	7.0486e+04
4.8963e+01	1.5417e+06	7.0247e+04
4.9944e+01	1.4561e+06	7.0010e+04
5.0945e+01	1.3775e+06	6.9733e+04
5.1967e+01	1.3028e+06	6.9494e+04
5.3008e+01	1.2312e+06	6.9152e+04
5.4071e+01	1.1644e+06	6.8782e+04
5.5155e+01	1.0999e+06	6.8357e+04
5.6260e+01	1.0402e+06	6.7972e+04
5.7388e+01	9.8381e+05	6.7491e+04
5.8538e+01	9.2970e+05	6.7004e+04
5.9712e+01	8.7815e+05	6.6469e+04
6.0909e+01	8.2987e+05	6.5967e+04
6.2130e+01	7.8410e+05	6.5372e+04
6.3375e+01	7.4017e+05	6.4739e+04
6.4645e+01	6.9923e+05	6.4112e+04
6.5941e+01	6.6056e+05	6.3392e+04
6.7263e+01	6.2382e+05	6.2658e+04
6.8611e+01	5.8860e+05	6.1934e+04
6.9986e+01	5.5568e+05	6.1122e+04
7.1389e+01	5.2446e+05	6.0301e+04
7.2820e+01	4.9503e+05	5.9467e+04
7.4280e+01	4.6711e+05	5.8592e+04
7.5769e+01	4.4086e+05	5.7736e+04
7.7288e+01	4.1620e+05	5.6819e+04
7.8837e+01	3.9302e+05	5.5893e+04
8.0417e+01	3.7090e+05	5.4903e+04
8.2029e+01	3.4984e+05	5.3942e+04
8.3673e+01	3.2996e+05	5.2930e+04
8.5351e+01	3.1134e+05	5.1936e+04
8.7062e+01	2.9381e+05	5.0904e+04
8.8807e+01	2.7725e+05	4.9886e+04
9.0587e+01	2.6142e+05	4.8817e+04
9.2403e+01	2.4659e+05	4.7774e+04
9.4255e+01	2.3267e+05	4.6705e+04
9.6144e+01	2.1909e+05	4.5607e+04
9.8071e+01	2.0649e+05	4.4511e+04
1.0004e+02	1.9441e+05	4.3374e+04
1.0204e+02	1.8305e+05	4.2266e+04
1.0409e+02	1.7246e+05	4.1158e+04
1.0617e+02	1.6236e+05	4.0049e+04
1.0830e+02	1.5286e+05	3.8947e+04
1.1047e+02	1.4384e+05	3.7854e+04
1.1269e+02	1.3538e+05	3.6764e+04
1.1495e+02	1.2741e+05	3.5679e+04
1.1725e+02	1.1994e+05	3.4597e+04
1.1960e+02	1.1279e+05	3.3521e+04
1.2200e+02	1.0621e+05	3.2458e+04
1.2444e+02	9.9837e+04	3.1406e+04
1.2694e+02	9.3800e+04	3.0358e+04
1.2948e+02	8.8106e+04	2.9317e+04
1.3208e+02	8.2819e+04	2.8284e+04
1.3473e+02	7.7753e+04	2.7272e+04
1.3743e+02	7.3030e+04	2.6279e+04
1.4018e+02	6.8621e+04	2.5303e+04
1.4299e+02	6.4471e+04	2.4348e+04
1.4586e+02	6.0537e+04	2.3426e+04
1.4878e+02	5.6772e+04	2.2521e+04
1.5176e+02	5.3271e+04	2.1609e+04
1.5481e+02	4.9959e+04	2.0713e+04
1.5791e+02	4.6867e+04	1.9834e+04
1.6107e+02	4.3958e+04	1.8986e+04
1.6430e+02	4.1203e+04	1.8174e+04
1.6760e+02	3.8622e+04	1.7388e+04
1.7096e+02	3.6175e+04	1.6630e+04
1.7438e+02	3.3845e+04	1.5889e+04
1.7788e+02	3.1670e+04	1.5167e+04
1.8144e+02	2.9640e+04	1.4466e+04
1.8508e+02	2.7734e+04	1.3786e+04
1.8879e+02	2.5972e+04	1.3123e+04
1.9257e+02	2.4289e+04	1.2485e+04
1.9643e+02	2.2694e+04	1.1877e+04
2.0037e+02	2.1210e+04	1.1281e+04
2.0439e+02	1.9822e+04	1.0703e+04
2.0849e+02	1.8532e+04	1.0150e+04
2.1266e+02	1.7307e+04	9.6230e+03
2.1693e+02	1.6157e+04	9.1244e+03
2.2128e+02	1.5075e+04	8.6513e+03
2.2571e+02	1.4049e+04	8.1960e+03
2.3024e+02	1.3106e+04	7.7594e+03
2.3485e+02	1.2215e+04	7.3408e+03
2.3956e+02	1.1382e+04	6.9372e+03
2.4436e+02	1.0606e+04	6.5498e+03
2.4926e+02	9.8920e+03	6.1817e+03
2.5425e+02	9.2229e+03	5.8311e+03
2.5935e+02	8.5930e+03	5.4986e+03
2.6455e+02	8.0051e+03	5.1792e+03
2.6985e+02	7.4498e+03	4.8726e+03
2.7526e+02	6.9282e+03	4.5842e+03
2.8078e+02	6.4441e+03	4.3037e+03
2.8641e+02	6.0014e+03	4.0403e+03
2.9215e+02	5.5834e+03	3.7887e+03
2.9800e+02	5.1872e+03	3.5497e+03
3.0398e+02	4.8185e+03	3.3234e+03
3.1007e+02	4.4646e+03	3.1104e+03
3.1629e+02	4.1405e+03	2.9104e+03
3.2263e+02	3.8329e+03	2.7189e+03
3.2909e+02	3.5496e+03	2.5416e+03
3.3569e+02	3.2873e+03	2.3743e+03
3.4242e+02	3.0455e+03	2.2154e+03
3.4928e+02	2.8159e+03	2.0660e+03
3.5628e+02	2.6056e+03	1.9236e+03
3.6343e+02	2.4091e+03	1.7892e+03
3.7071e+02	2.2246e+03	1.6639e+03
3.7814e+02	2.0551e+03	1.5469e+03
3.8572e+02	1.8949e+03	1.4384e+03
3.9345e+02	1.7478e+03	1.3368e+03
4.0134e+02	1.6111e+03	1.2412e+03
4.0938e+02	1.4855e+03	1.1512e+03
4.1759e+02	1.3692e+03	1.0669e+03
4.2596e+02	1.2612e+03	9.8701e+02
4.3450e+02	1.1614e+03	9.1404e+02
4.4321e+02	1.0685e+03	8.4678e+02
4.5209e+02	9.8085e+02	7.8313e+02
4.6116e+02	9.0258e+02	7.2304e+02
4.7040e+02	8.3005e+02	6.6762e+02
4.7983e+02	7.6159e+02	6.1655e+02
4.8945e+02	6.9882e+02	5.6894e+02
4.9926e+02	6.4167e+02	5.2451e+02
5.0926e+02	5.8855e+02	4.8349e+02
5.1947e+02	5.3920e+02	4.4487e+02
5.2989e+02	4.9450e+02	4.0859e+02
5.4051e+02	4.5263e+02	3.7532e+02
5.5134e+02	4.1342e+02	3.4440e+02
5.6239e+02	3.7763e+02	3.1573e+02
5.7367e+02	3.4460e+02	2.8931e+02
5.8517e+02	3.1439e+02	2.6493e+02
5.9690e+02	2.8671e+02	2.4264e+02
6.0886e+02	2.6120e+02	2.2205e+02
6.2106e+02	2.3809e+02	2.0280e+02
6.3351e+02	2.1688e+02	1.8506e+02
6.4621e+02	1.9703e+02	1.6894e+02
6.5917e+02	1.7904e+02	1.5409e+02
6.7238e+02	1.6276e+02	1.4035e+02
6.8586e+02	1.4776e+02	1.2766e+02
6.9960e+02	1.3396e+02	1.1606e+02
7.1363e+02	1.2122e+02	1.0548e+02
7.2793e+02	1.0981e+02	9.5807e+01
7.4252e+02	9.9384e+01	8.7004e+01
7.5741e+02	8.9959e+01	7.8902e+01
7.7259e+02	8.1321e+01	7.1474e+01
7.8808e+02	7.3429e+01	6.4750e+01
8.0387e+02	6.6277e+01	5.8667e+01
8.1999e+02	5.9899e+01	5.2990e+01
8.3642e+02	5.3916e+01	4.7900e+01
8.5319e+02	4.8584e+01	4.3318e+01
8.7029e+02	4.3818e+01	3.9077e+01
8.8774e+02	3.9419e+01	3.5189e+01
9.0553e+02	3.5391e+01	3.1661e+01
9.2368e+02	3.1750e+01	2.8468e+01
9.4220e+02	2.8465e+01	2.5631e+01
9.6108e+02	2.5568e+01	2.3038e+01
9.8035e+02	2.2921e+01	2.0635e+01
1.0000e+03	2.0466e+01	1.8471e+01