Energy(MeV) Phi_16 Phi_84
5.000000e-02 4.726441e+11 5.735540e+11
5.100225e-02 4.611582e+11 5.593644e+11
5.202458e-02 4.504034e+11 5.453069e+11
5.306741e-02 4.396837e+11 5.317955e+11
5.413114e-02 4.291594e+11 5.186205e+11
5.521620e-02 4.189105e+11 5.057460e+11
5.632300e-02 4.089224e+11 4.931062e+11
5.745199e-02 3.993362e+11 4.809613e+11
5.860361e-02 3.899769e+11 4.688475e+11
5.977832e-02 3.809285e+11 4.571748e+11
6.097657e-02 3.720210e+11 4.458760e+11
6.219884e-02 3.632668e+11 4.345960e+11
6.344561e-02 3.546279e+11 4.238761e+11
6.471737e-02 3.460415e+11 4.131319e+11
6.601463e-02 3.378641e+11 4.030360e+11
6.733789e-02 3.299424e+11 3.928572e+11
6.868767e-02 3.222654e+11 3.829006e+11
7.006451e-02 3.146571e+11 3.733824e+11
7.146895e-02 3.071927e+11 3.641469e+11
7.290154e-02 2.999334e+11 3.551641e+11
7.436284e-02 2.928563e+11 3.463186e+11
7.585344e-02 2.859029e+11 3.376435e+11
7.737392e-02 2.791796e+11 3.293371e+11
7.892487e-02 2.726567e+11 3.211522e+11
8.050691e-02 2.662818e+11 3.130537e+11
8.212067e-02 2.600544e+11 3.052930e+11
8.376677e-02 2.537441e+11 2.977239e+11
8.544587e-02 2.477844e+11 2.903947e+11
8.715862e-02 2.420089e+11 2.831793e+11
8.890571e-02 2.363218e+11 2.761534e+11
9.068782e-02 2.307417e+11 2.693727e+11
9.250565e-02 2.252661e+11 2.625889e+11
9.435992e-02 2.198930e+11 2.559648e+11
9.625136e-02 2.147361e+11 2.496555e+11
9.818071e-02 2.096518e+11 2.435068e+11
1.001487e-01 2.046581e+11 2.374702e+11
1.021562e-01 1.998586e+11 2.314173e+11
1.042039e-01 1.951702e+11 2.256566e+11
1.062927e-01 1.905192e+11 2.200754e+11
1.084233e-01 1.860950e+11 2.145451e+11
1.105966e-01 1.816969e+11 2.090723e+11
1.128135e-01 1.774706e+11 2.037388e+11
1.150749e-01 1.733427e+11 1.987959e+11
1.173816e-01 1.692297e+11 1.938279e+11
1.197345e-01 1.652079e+11 1.889235e+11
1.221345e-01 1.612884e+11 1.843003e+11
1.245827e-01 1.574111e+11 1.796977e+11
1.270800e-01 1.536540e+11 1.751416e+11
1.296273e-01 1.499471e+11 1.708784e+11
1.322256e-01 1.463307e+11 1.667488e+11
1.348761e-01 1.428357e+11 1.625836e+11
1.375797e-01 1.394281e+11 1.585982e+11
1.403374e-01 1.361080e+11 1.546674e+11
1.431505e-01 1.328146e+11 1.508988e+11
1.460199e-01 1.295850e+11 1.471606e+11
1.489469e-01 1.264854e+11 1.434159e+11
1.519325e-01 1.234524e+11 1.398385e+11
1.549780e-01 1.205360e+11 1.363931e+11
1.580845e-01 1.176117e+11 1.329806e+11
1.612533e-01 1.148121e+11 1.297018e+11
1.644856e-01 1.120243e+11 1.264871e+11
1.677827e-01 1.093304e+11 1.233610e+11
1.711459e-01 1.067528e+11 1.203197e+11
1.745765e-01 1.042065e+11 1.173018e+11
1.780759e-01 1.016333e+11 1.143907e+11
1.816454e-01 9.918588e+10 1.115957e+11
1.852865e-01 9.682313e+10 1.087972e+11
1.890005e-01 9.444669e+10 1.061034e+11
1.927890e-01 9.216132e+10 1.034788e+11
1.966535e-01 8.987269e+10 1.008752e+11
2.005954e-01 8.772423e+10 9.834416e+10
2.046163e-01 8.560851e+10 9.592354e+10
2.087178e-01 8.353940e+10 9.352875e+10
2.129015e-01 8.150688e+10 9.121115e+10
2.171691e-01 7.949357e+10 8.890327e+10
2.215223e-01 7.753409e+10 8.667556e+10
2.259627e-01 7.561060e+10 8.450425e+10
2.304921e-01 7.375924e+10 8.246091e+10
2.351123e-01 7.196422e+10 8.047593e+10
2.398251e-01 7.021417e+10 7.846227e+10
2.446324e-01 6.850309e+10 7.648565e+10
2.495360e-01 6.684241e+10 7.459248e+10
2.545379e-01 6.522074e+10 7.269262e+10
2.596401e-01 6.359793e+10 7.091934e+10
2.648446e-01 6.207460e+10 6.912461e+10
2.701534e-01 6.054429e+10 6.741592e+10
2.755686e-01 5.908053e+10 6.574043e+10
2.810923e-01 5.763775e+10 6.408330e+10
2.867268e-01 5.624170e+10 6.246999e+10
2.924742e-01 5.486604e+10 6.092838e+10
2.983368e-01 5.352668e+10 5.943039e+10
3.043170e-01 5.222138e+10 5.798034e+10
3.104170e-01 5.094648e+10 5.660605e+10
3.166393e-01 4.969904e+10 5.519060e+10
3.229863e-01 4.848171e+10 5.381881e+10
3.294605e-01 4.729182e+10 5.248491e+10
3.360645e-01 4.611588e+10 5.115841e+10
3.428009e-01 4.495847e+10 4.989286e+10
3.496723e-01 4.386876e+10 4.864672e+10
3.566815e-01 4.280649e+10 4.743899e+10
3.638311e-01 4.174894e+10 4.625262e+10
3.711241e-01 4.070383e+10 4.510710e+10
3.785633e-01 3.968793e+10 4.400532e+10
3.861515e-01 3.868163e+10 4.289768e+10
3.938919e-01 3.772986e+10 4.180495e+10
4.017874e-01 3.677213e+10 4.078853e+10
4.098412e-01 3.584110e+10 3.979502e+10
4.180565e-01 3.494910e+10 3.880203e+10
4.264364e-01 3.408887e+10 3.784145e+10
4.349843e-01 3.324400e+10 3.689495e+10
4.437035e-01 3.242060e+10 3.598288e+10
4.525975e-01 3.160584e+10 3.508993e+10
4.616698e-01 3.080881e+10 3.421165e+10
4.709239e-01 3.003913e+10 3.338161e+10
4.803635e-01 2.930656e+10 3.255747e+10
4.899924e-01 2.857552e+10 3.175534e+10
4.998143e-01 2.785695e+10 3.096543e+10
5.098330e-01 2.714916e+10 3.019849e+10
5.200526e-01 2.646117e+10 2.944803e+10
5.304770e-01 2.579032e+10 2.872916e+10
5.411103e-01 2.513626e+10 2.803002e+10
5.519569e-01 2.451550e+10 2.732566e+10
5.630208e-01 2.390321e+10 2.664483e+10
5.743065e-01 2.329659e+10 2.598706e+10
5.858184e-01 2.270609e+10 2.534427e+10
5.975611e-01 2.213348e+10 2.471940e+10
6.095392e-01 2.157934e+10 2.410574e+10
6.217573e-01 2.103404e+10 2.350421e+10
6.342204e-01 2.050278e+10 2.291681e+10
6.469333e-01 1.997122e+10 2.234400e+10
6.599011e-01 1.947505e+10 2.178264e+10
6.731287e-01 1.897495e+10 2.123364e+10
6.866215e-01 1.848698e+10 2.070135e+10
7.003848e-01 1.801732e+10 2.019238e+10
7.144240e-01 1.754289e+10 1.969052e+10
7.287445e-01 1.709033e+10 1.919533e+10
7.433522e-01 1.665420e+10 1.872522e+10
7.582526e-01 1.622942e+10 1.826080e+10
7.734517e-01 1.581213e+10 1.780491e+10
7.889555e-01 1.540265e+10 1.736269e+10
8.047701e-01 1.500171e+10 1.692435e+10
8.209016e-01 1.461195e+10 1.648702e+10
8.373565e-01 1.424066e+10 1.606907e+10
8.541413e-01 1.387795e+10 1.566030e+10
8.712625e-01 1.351900e+10 1.527450e+10
8.887268e-01 1.316783e+10 1.488892e+10
9.065413e-01 1.282967e+10 1.451376e+10
9.247129e-01 1.249635e+10 1.414919e+10
9.432487e-01 1.216882e+10 1.378812e+10
9.621560e-01 1.184956e+10 1.343820e+10
9.814423e-01 1.154566e+10 1.310162e+10
1.001115e+00 1.124452e+10 1.276266e+10
1.021183e+00 1.095092e+10 1.243898e+10
1.041652e+00 1.066176e+10 1.211766e+10
1.062532e+00 1.038312e+10 1.180698e+10
1.083830e+00 1.011194e+10 1.150219e+10
1.105556e+00 9.842706e+09 1.120819e+10
1.127716e+00 9.585552e+09 1.092359e+10
1.150321e+00 9.331386e+09 1.064686e+10
1.173379e+00 9.082384e+09 1.037612e+10
1.196900e+00 8.839890e+09 1.010653e+10
1.220892e+00 8.606309e+09 9.843500e+09
1.245364e+00 8.378410e+09 9.591155e+09
1.270327e+00 8.158119e+09 9.345275e+09
1.295791e+00 7.941019e+09 9.109777e+09
1.321765e+00 7.729469e+09 8.873378e+09
1.348260e+00 7.524135e+09 8.646721e+09
1.375286e+00 7.327224e+09 8.417409e+09
1.402853e+00 7.136820e+09 8.202342e+09
1.430973e+00 6.944493e+09 7.992602e+09
1.459657e+00 6.758560e+09 7.784547e+09
1.488916e+00 6.578900e+09 7.580166e+09
1.518761e+00 6.400292e+09 7.378257e+09
1.549204e+00 6.230598e+09 7.185887e+09
1.580258e+00 6.065447e+09 6.995060e+09
1.611934e+00 5.904152e+09 6.806531e+09
1.644245e+00 5.744089e+09 6.626384e+09
1.677204e+00 5.590940e+09 6.449209e+09
1.710823e+00 5.440071e+09 6.279919e+09
1.745117e+00 5.293160e+09 6.114883e+09
1.780097e+00 5.149226e+09 5.951541e+09
1.815779e+00 5.010492e+09 5.791013e+09
1.852176e+00 4.872891e+09 5.635374e+09
1.889303e+00 4.741462e+09 5.483458e+09
1.927174e+00 4.611269e+09 5.332787e+09
1.965804e+00 4.484423e+09 5.188677e+09
2.005209e+00 4.361262e+09 5.050301e+09
2.045403e+00 4.241478e+09 4.914870e+09
2.086403e+00 4.124733e+09 4.778226e+09
2.128224e+00 4.009755e+09 4.648287e+09
2.170885e+00 3.896127e+09 4.520168e+09
2.214400e+00 3.788668e+09 4.397652e+09
2.258787e+00 3.682793e+09 4.276637e+09
2.304064e+00 3.579491e+09 4.157801e+09
2.350249e+00 3.478275e+09 4.044736e+09
2.397360e+00 3.380000e+09 3.931820e+09
2.445415e+00 3.285138e+09 3.820609e+09
2.494433e+00 3.193685e+09 3.714440e+09
2.544434e+00 3.105164e+09 3.610643e+09
2.595437e+00 3.017544e+09 3.507820e+09
2.647462e+00 2.932532e+09 3.407713e+09
2.700530e+00 2.848859e+09 3.311957e+09
2.754662e+00 2.767995e+09 3.217154e+09
2.809879e+00 2.688864e+09 3.124580e+09
2.866203e+00 2.612120e+09 3.036914e+09
2.923656e+00 2.536630e+09 2.949318e+09
2.982260e+00 2.463672e+09 2.864118e+09
3.042039e+00 2.392071e+09 2.781192e+09
3.103017e+00 2.323456e+09 2.701274e+09
3.165216e+00 2.255980e+09 2.622824e+09
3.228663e+00 2.189798e+09 2.547414e+09
3.293381e+00 2.124422e+09 2.472363e+09
3.359397e+00 2.061649e+09 2.399066e+09
3.426736e+00 2.002156e+09 2.328419e+09
3.495424e+00 1.943398e+09 2.260514e+09
3.565490e+00 1.885597e+09 2.193602e+09
3.636960e+00 1.829767e+09 2.128824e+09
3.709862e+00 1.775210e+09 2.064556e+09
3.784226e+00 1.720596e+09 2.003691e+09
3.860081e+00 1.668191e+09 1.943079e+09
3.937456e+00 1.616224e+09 1.884739e+09
4.016382e+00 1.567218e+09 1.827459e+09
4.096890e+00 1.519825e+09 1.771220e+09
4.179012e+00 1.473459e+09 1.716688e+09
4.262780e+00 1.428726e+09 1.663973e+09
4.348227e+00 1.385002e+09 1.613536e+09
4.435387e+00 1.342402e+09 1.564062e+09
4.524294e+00 1.300942e+09 1.515279e+09
4.614983e+00 1.259992e+09 1.468159e+09
4.707490e+00 1.220846e+09 1.422228e+09
4.801851e+00 1.182867e+09 1.377908e+09
4.898104e+00 1.145728e+09 1.334620e+09
4.996286e+00 1.109365e+09 1.292325e+09
5.096436e+00 1.074034e+09 1.251063e+09
5.198594e+00 1.039777e+09 1.210625e+09
5.302799e+00 1.006361e+09 1.171252e+09
5.409093e+00 9.731773e+08 1.133652e+09
5.517518e+00 9.409192e+08 1.096056e+09
5.628116e+00 9.104455e+08 1.060865e+09
5.740932e+00 8.804883e+08 1.026574e+09
5.856008e+00 8.516162e+08 9.932711e+08
5.973391e+00 8.228556e+08 9.598636e+08
6.093127e+00 7.953715e+08 9.271547e+08
6.215264e+00 7.689183e+08 8.967964e+08
6.339848e+00 7.428511e+08 8.664359e+08
6.466930e+00 7.174439e+08 8.365941e+08
6.596559e+00 6.927291e+08 8.080843e+08
6.728787e+00 6.690991e+08 7.801325e+08
6.863665e+00 6.460495e+08 7.526355e+08
7.001246e+00 6.234903e+08 7.258120e+08
7.141586e+00 6.011837e+08 7.000473e+08
7.284738e+00 5.800147e+08 6.755817e+08
7.430760e+00 5.597997e+08 6.510785e+08
7.579709e+00 5.397787e+08 6.280765e+08
7.731644e+00 5.204031e+08 6.055979e+08
7.886624e+00 5.016612e+08 5.833901e+08
8.044711e+00 4.836490e+08 5.625739e+08
8.205967e+00 4.659102e+08 5.421998e+08
8.370455e+00 4.485343e+08 5.220283e+08
8.538240e+00 4.317866e+08 5.027886e+08
8.709388e+00 4.148768e+08 4.847162e+08
8.883967e+00 3.988299e+08 4.662043e+08
9.062045e+00 3.834863e+08 4.486812e+08
9.243693e+00 3.686206e+08 4.313913e+08
9.428983e+00 3.545112e+08 4.150099e+08
9.617986e+00 3.405921e+08 3.991744e+08
9.810778e+00 3.267181e+08 3.834795e+08
1.000743e+01 3.137693e+08 3.683023e+08
1.020803e+01 3.009156e+08 3.536036e+08
1.041265e+01 2.888498e+08 3.396536e+08
1.062137e+01 2.771361e+08 3.264468e+08
1.083428e+01 2.656024e+08 3.134014e+08
1.105145e+01 2.547048e+08 3.010156e+08
1.127297e+01 2.446471e+08 2.883890e+08
1.149894e+01 2.342040e+08 2.767301e+08
1.172944e+01 2.237973e+08 2.654481e+08
1.196455e+01 2.141935e+08 2.546444e+08
1.220438e+01 2.052800e+08 2.442267e+08
1.244902e+01 1.964189e+08 2.341527e+08
1.269856e+01 1.876502e+08 2.242998e+08
1.295310e+01 1.793294e+08 2.146483e+08
1.321274e+01 1.713047e+08 2.055478e+08
1.347759e+01 1.637394e+08 1.968005e+08
1.374775e+01 1.563480e+08 1.884052e+08
1.402332e+01 1.489544e+08 1.801566e+08
1.430442e+01 1.418295e+08 1.720791e+08
1.459115e+01 1.349341e+08 1.643237e+08
1.488362e+01 1.283935e+08 1.569742e+08
1.518197e+01 1.221911e+08 1.499800e+08
1.548629e+01 1.162320e+08 1.431109e+08
1.579671e+01 1.105236e+08 1.364440e+08
1.611335e+01 1.050814e+08 1.300447e+08
1.643634e+01 9.995620e+07 1.238652e+08
1.676581e+01 9.497182e+07 1.180073e+08
1.710188e+01 9.009438e+07 1.123871e+08
1.744468e+01 8.559707e+07 1.070861e+08
1.779436e+01 8.123229e+07 1.019395e+08
1.815105e+01 7.730157e+07 9.714851e+07
1.851488e+01 7.339246e+07 9.234927e+07
1.888601e+01 6.966919e+07 8.779325e+07
1.926458e+01 6.623874e+07 8.326554e+07
1.965074e+01 6.287095e+07 7.901165e+07
2.004464e+01 5.969456e+07 7.507431e+07
2.044643e+01 5.658343e+07 7.122456e+07
2.085628e+01 5.366760e+07 6.749267e+07
2.127434e+01 5.096614e+07 6.393553e+07
2.170078e+01 4.843035e+07 6.066161e+07
2.213577e+01 4.594913e+07 5.747333e+07
2.257948e+01 4.359201e+07 5.447451e+07
2.303209e+01 4.131565e+07 5.164370e+07
2.349376e+01 3.927681e+07 4.877660e+07
2.396469e+01 3.719965e+07 4.613319e+07
2.444506e+01 3.526668e+07 4.370606e+07
2.493506e+01 3.348809e+07 4.133702e+07
2.543488e+01 3.176577e+07 3.912439e+07
2.594472e+01 3.010833e+07 3.697023e+07
2.646478e+01 2.855595e+07 3.492975e+07
2.699527e+01 2.703471e+07 3.303807e+07
2.753639e+01 2.562894e+07 3.123177e+07
2.808835e+01 2.429502e+07 2.958810e+07
2.865138e+01 2.300725e+07 2.797070e+07
2.922570e+01 2.181878e+07 2.643917e+07
2.981152e+01 2.067514e+07 2.499686e+07
3.040909e+01 1.956329e+07 2.365270e+07
3.101864e+01 1.853401e+07 2.238050e+07
3.164041e+01 1.756561e+07 2.114417e+07
3.227464e+01 1.666191e+07 1.998936e+07
3.292158e+01 1.580440e+07 1.887259e+07
3.358149e+01 1.497104e+07 1.787416e+07
3.425463e+01 1.418375e+07 1.690848e+07
3.494126e+01 1.344064e+07 1.595263e+07
3.564165e+01 1.271155e+07 1.509385e+07
3.635609e+01 1.202587e+07 1.428960e+07
3.708484e+01 1.136723e+07 1.352349e+07
3.782820e+01 1.074876e+07 1.278589e+07
3.858647e+01 1.018126e+07 1.207649e+07
3.935993e+01 9.633131e+06 1.143208e+07
4.014890e+01 9.115544e+06 1.081994e+07
4.095368e+01 8.638749e+06 1.022684e+07
4.177459e+01 8.174990e+06 9.654040e+06
4.261196e+01 7.733603e+06 9.127941e+06
4.346611e+01 7.311492e+06 8.632889e+06
4.433739e+01 6.904490e+06 8.158821e+06
4.522613e+01 6.526308e+06 7.717495e+06
4.613268e+01 6.161902e+06 7.297081e+06
4.705741e+01 5.818901e+06 6.894764e+06
4.800067e+01 5.503114e+06 6.524444e+06
4.896284e+01 5.197034e+06 6.166726e+06
4.994430e+01 4.908893e+06 5.824407e+06
5.094543e+01 4.633338e+06 5.510182e+06
5.196662e+01 4.372753e+06 5.211239e+06
5.300829e+01 4.123868e+06 4.924807e+06
5.407084e+01 3.888554e+06 4.657415e+06
5.515468e+01 3.671310e+06 4.399428e+06
5.626026e+01 3.468534e+06 4.160704e+06
5.738799e+01 3.274156e+06 3.935241e+06
5.853833e+01 3.092751e+06 3.718820e+06
5.971172e+01 2.916602e+06 3.512602e+06
6.090864e+01 2.752856e+06 3.319478e+06
6.212955e+01 2.598757e+06 3.136416e+06
6.337493e+01 2.452404e+06 2.960661e+06
6.464528e+01 2.313621e+06 2.796905e+06
6.594109e+01 2.181674e+06 2.642239e+06
6.726287e+01 2.057845e+06 2.495290e+06
6.861115e+01 1.939793e+06 2.354410e+06
6.998645e+01 1.828559e+06 2.222720e+06
7.138933e+01 1.725074e+06 2.097842e+06
7.282032e+01 1.627350e+06 1.980130e+06
7.428000e+01 1.532924e+06 1.868433e+06
7.576894e+01 1.444568e+06 1.763441e+06
7.728772e+01 1.361823e+06 1.664787e+06
7.883694e+01 1.283039e+06 1.572089e+06
8.041722e+01 1.208496e+06 1.483591e+06
8.202918e+01 1.138423e+06 1.399375e+06
8.367345e+01 1.072536e+06 1.319856e+06
8.535068e+01 1.009982e+06 1.245376e+06
8.706153e+01 9.513779e+05 1.175230e+06
8.880667e+01 8.961702e+05 1.109015e+06
9.058679e+01 8.435885e+05 1.045678e+06
9.240260e+01 7.941260e+05 9.863704e+05
9.425480e+01 7.469360e+05 9.306973e+05
9.614413e+01 7.031331e+05 8.763432e+05
9.807133e+01 6.621991e+05 8.259649e+05
1.000372e+02 6.232377e+05 7.776239e+05
1.020424e+02 5.863490e+05 7.321808e+05
1.040878e+02 5.516206e+05 6.898485e+05
1.061743e+02 5.186562e+05 6.494450e+05
1.083025e+02 4.876423e+05 6.114200e+05
1.104734e+02 4.581936e+05 5.753502e+05
1.126879e+02 4.311401e+05 5.415353e+05
1.149467e+02 4.055756e+05 5.096500e+05
1.172508e+02 3.808295e+05 4.797729e+05
1.196011e+02 3.579441e+05 4.511781e+05
1.219985e+02 3.364740e+05 4.248230e+05
1.244439e+02 3.158337e+05 3.993487e+05
1.269384e+02 2.961319e+05 3.752009e+05
1.294828e+02 2.780164e+05 3.524240e+05
1.320783e+02 2.607518e+05 3.312755e+05
1.347258e+02 2.448007e+05 3.110106e+05
1.374264e+02 2.295442e+05 2.921208e+05
1.401811e+02 2.155695e+05 2.744833e+05
1.429910e+02 2.022468e+05 2.578858e+05
1.458573e+02 1.894601e+05 2.421489e+05
1.487810e+02 1.774779e+05 2.270892e+05
1.517633e+02 1.661962e+05 2.130822e+05
1.548053e+02 1.557501e+05 1.998356e+05
1.579084e+02 1.457830e+05 1.874672e+05
1.610737e+02 1.366310e+05 1.758333e+05
1.643024e+02 1.281603e+05 1.648109e+05
1.675958e+02 1.199654e+05 1.544869e+05
1.709552e+02 1.123913e+05 1.446985e+05
1.743820e+02 1.053378e+05 1.353810e+05
1.778775e+02 9.867337e+04 1.266807e+05
1.814430e+02 9.240264e+04 1.185600e+05
1.850801e+02 8.652234e+04 1.109354e+05
1.887900e+02 8.092204e+04 1.038864e+05
1.925743e+02 7.573441e+04 9.715784e+04
1.964344e+02 7.085969e+04 9.077726e+04
2.003719e+02 6.613155e+04 8.484105e+04
2.043883e+02 6.186581e+04 7.928687e+04
2.084853e+02 5.785412e+04 7.412775e+04
2.126644e+02 5.408346e+04 6.922876e+04
2.169272e+02 5.051882e+04 6.462711e+04
2.212755e+02 4.707968e+04 6.029958e+04
2.257109e+02 4.387584e+04 5.619429e+04
2.302353e+02 4.090896e+04 5.242520e+04
2.348503e+02 3.808080e+04 4.885917e+04
2.395579e+02 3.555006e+04 4.552839e+04
2.443598e+02 3.314349e+04 4.242538e+04
2.492580e+02 3.083754e+04 3.956804e+04
2.542544e+02 2.863815e+04 3.689149e+04
2.593509e+02 2.661521e+04 3.437190e+04
2.645495e+02 2.479784e+04 3.202039e+04
2.698524e+02 2.307371e+04 2.979923e+04
2.752616e+02 2.142249e+04 2.771273e+04
2.807792e+02 1.995130e+04 2.577649e+04
2.864074e+02 1.853622e+04 2.400543e+04
2.921484e+02 1.719211e+04 2.233361e+04
2.980045e+02 1.599229e+04 2.074898e+04
3.039780e+02 1.483692e+04 1.927397e+04
3.100712e+02 1.378589e+04 1.785826e+04
3.162865e+02 1.280837e+04 1.656194e+04
3.226265e+02 1.186342e+04 1.533169e+04
3.290935e+02 1.097164e+04 1.419824e+04
3.356901e+02 1.016657e+04 1.314923e+04
3.424190e+02 9.420366e+03 1.218204e+04
3.492828e+02 8.705250e+03 1.126340e+04
3.562841e+02 8.050521e+03 1.042221e+04
3.634258e+02 7.417234e+03 9.636260e+03
3.707107e+02 6.824474e+03 8.898454e+03
3.781415e+02 6.288797e+03 8.220291e+03
3.857213e+02 5.778370e+03 7.579448e+03
3.934531e+02 5.335214e+03 6.991037e+03
4.013398e+02 4.922966e+03 6.444296e+03
4.093847e+02 4.518794e+03 5.941980e+03
4.175907e+02 4.149248e+03 5.476655e+03
4.259613e+02 3.800653e+03 5.044955e+03
4.344997e+02 3.475362e+03 4.645472e+03
4.432092e+02 3.187673e+03 4.273863e+03
4.520933e+02 2.915561e+03 3.923387e+03
4.611555e+02 2.663424e+03 3.610321e+03
4.703993e+02 2.427060e+03 3.320215e+03
4.798284e+02 2.222201e+03 3.046353e+03
4.894465e+02 2.026431e+03 2.795266e+03
4.992574e+02 1.853285e+03 2.566662e+03
5.092650e+02 1.683630e+03 2.354205e+03
5.194732e+02 1.526970e+03 2.156797e+03
5.298860e+02 1.386857e+03 1.978003e+03
5.405075e+02 1.264870e+03 1.810520e+03
5.513420e+02 1.144573e+03 1.653676e+03
5.623936e+02 1.040692e+03 1.510523e+03
5.736667e+02 9.380166e+02 1.378416e+03
5.851658e+02 8.543566e+02 1.257544e+03
5.968954e+02 7.719938e+02 1.146821e+03
6.088601e+02 6.951370e+02 1.044795e+03
6.210647e+02 6.234625e+02 9.523416e+02
6.335139e+02 5.585184e+02 8.675268e+02
6.462126e+02 4.997373e+02 7.881100e+02
6.591659e+02 4.484647e+02 7.161410e+02
6.723788e+02 3.999468e+02 6.510427e+02
6.858566e+02 3.562174e+02 5.910288e+02
6.996046e+02 3.172707e+02 5.358313e+02
7.136281e+02 2.825781e+02 4.848714e+02
7.279327e+02 2.509632e+02 4.392562e+02
7.425240e+02 2.228033e+02 3.975359e+02
7.574079e+02 1.975485e+02 3.598365e+02
7.725901e+02 1.751818e+02 3.252842e+02
7.880766e+02 1.551232e+02 2.937178e+02
8.038735e+02 1.366490e+02 2.651082e+02
8.199871e+02 1.201918e+02 2.395946e+02
8.364237e+02 1.057708e+02 2.156648e+02
8.531897e+02 9.273010e+01 1.943377e+02
8.702918e+02 8.114404e+01 1.752722e+02
8.877368e+02 7.072784e+01 1.576749e+02
9.055314e+02 6.173886e+01 1.415647e+02
9.236827e+02 5.383464e+01 1.269987e+02
9.421978e+02 4.686118e+01 1.138610e+02
9.610841e+02 4.069870e+01 1.022709e+02
9.803490e+02 3.527489e+01 9.168312e+01
1.000000e+03 3.041889e+01 8.186355e+01
