1.000000e+00 1.808065e+10 2.242104e+10
1.017463e+00 1.727212e+10 2.140190e+10
1.035232e+00 1.650370e+10 2.042761e+10
1.053310e+00 1.577018e+10 1.949501e+10
1.071705e+00 1.506925e+10 1.860195e+10
1.090420e+00 1.439723e+10 1.775146e+10
1.109463e+00 1.374937e+10 1.694401e+10
1.128838e+00 1.313198e+10 1.616709e+10
1.148551e+00 1.254478e+10 1.542754e+10
1.168609e+00 1.198384e+10 1.472662e+10
1.189017e+00 1.144987e+10 1.406294e+10
1.209781e+00 1.093840e+10 1.342916e+10
1.230908e+00 1.044898e+10 1.282162e+10
1.252404e+00 9.981445e+09 1.223482e+10
1.274275e+00 9.534448e+09 1.167242e+10
1.296528e+00 9.104414e+09 1.114141e+10
1.319170e+00 8.693769e+09 1.063767e+10
1.342207e+00 8.305010e+09 1.015499e+10
1.365647e+00 7.935141e+09 9.691995e+09
1.389495e+00 7.581736e+09 9.249854e+09
1.413761e+00 7.244062e+09 8.830081e+09
1.438450e+00 6.919576e+09 8.427324e+09
1.463570e+00 6.606696e+09 8.040482e+09
1.489129e+00 6.307917e+09 7.672794e+09
1.515134e+00 6.023823e+09 7.322351e+09
1.541594e+00 5.754605e+09 6.989191e+09
1.568515e+00 5.496147e+09 6.667361e+09
1.595907e+00 5.251092e+09 6.365204e+09
1.623777e+00 5.017436e+09 6.074686e+09
1.652133e+00 4.794168e+09 5.798575e+09
1.680985e+00 4.581140e+09 5.535025e+09
1.710341e+00 4.376775e+09 5.280262e+09
1.740209e+00 4.180063e+09 5.039126e+09
1.770599e+00 3.991610e+09 4.810066e+09
1.801520e+00 3.812774e+09 4.591290e+09
1.832981e+00 3.642302e+09 4.380695e+09
1.864991e+00 3.479530e+09 4.182178e+09
1.897560e+00 3.323381e+09 3.992879e+09
1.930698e+00 3.174037e+09 3.810670e+09
1.964414e+00 3.030420e+09 3.637267e+09
1.998720e+00 2.894751e+09 3.470704e+09
2.033624e+00 2.765607e+09 3.313589e+09
2.069138e+00 2.641659e+09 3.163765e+09
2.105272e+00 2.523001e+09 3.020358e+09
2.142037e+00 2.409668e+09 2.883615e+09
2.179445e+00 2.301571e+09 2.752156e+09
2.217505e+00 2.198527e+09 2.626930e+09
2.256230e+00 2.099466e+09 2.506921e+09
2.295632e+00 2.004753e+09 2.393144e+09
2.335721e+00 1.913664e+09 2.283808e+09
2.376511e+00 1.828505e+09 2.179281e+09
2.418013e+00 1.746398e+09 2.078678e+09
2.460240e+00 1.667748e+09 1.984339e+09
2.503204e+00 1.592752e+09 1.894299e+09
2.546918e+00 1.521126e+09 1.807773e+09
2.591396e+00 1.452719e+09 1.725925e+09
2.636651e+00 1.387627e+09 1.648034e+09
2.682696e+00 1.325255e+09 1.573357e+09
2.729545e+00 1.265878e+09 1.502123e+09
2.777212e+00 1.209314e+09 1.433798e+09
2.825712e+00 1.155214e+09 1.368748e+09
2.875058e+00 1.103485e+09 1.306662e+09
2.925266e+00 1.053798e+09 1.246787e+09
2.976351e+00 1.006523e+09 1.189144e+09
3.028329e+00 9.612547e+08 1.135083e+09
3.081214e+00 9.183079e+08 1.083240e+09
3.135022e+00 8.767531e+08 1.034324e+09
3.189770e+00 8.377832e+08 9.871724e+08
3.245474e+00 7.999783e+08 9.421519e+08
3.302151e+00 7.637065e+08 8.994213e+08
3.359818e+00 7.295064e+08 8.581010e+08
3.418492e+00 6.965565e+08 8.191007e+08
3.478191e+00 6.652347e+08 7.819015e+08
3.538932e+00 6.353172e+08 7.464543e+08
3.600733e+00 6.071430e+08 7.124262e+08
3.663615e+00 5.803472e+08 6.801603e+08
3.727594e+00 5.540859e+08 6.489137e+08
3.792690e+00 5.290237e+08 6.194669e+08
3.858923e+00 5.052104e+08 5.911929e+08
3.926313e+00 4.826977e+08 5.644286e+08
3.994880e+00 4.613648e+08 5.387347e+08
4.064644e+00 4.407400e+08 5.138344e+08
4.135627e+00 4.212392e+08 4.903839e+08
4.207849e+00 4.027286e+08 4.678761e+08
4.281332e+00 3.850009e+08 4.465213e+08
4.356099e+00 3.675802e+08 4.262044e+08
4.432171e+00 3.509468e+08 4.067821e+08
4.509572e+00 3.351098e+08 3.882389e+08
4.588325e+00 3.202264e+08 3.705831e+08
4.668452e+00 3.057464e+08 3.537833e+08
4.749979e+00 2.916446e+08 3.376852e+08
4.832930e+00 2.784783e+08 3.223666e+08
4.917330e+00 2.658384e+08 3.077114e+08
5.003203e+00 2.537731e+08 2.937363e+08
5.090576e+00 2.423215e+08 2.803179e+08
5.179475e+00 2.313760e+08 2.675500e+08
5.269926e+00 2.209063e+08 2.553781e+08
5.361957e+00 2.110524e+08 2.437851e+08
5.455595e+00 2.016236e+08 2.326849e+08
5.550868e+00 1.924934e+08 2.220550e+08
5.647805e+00 1.836837e+08 2.119615e+08
5.746435e+00 1.754599e+08 2.023146e+08
5.846787e+00 1.674733e+08 1.930976e+08
5.948892e+00 1.598612e+08 1.842791e+08
6.052780e+00 1.525825e+08 1.759061e+08
6.158482e+00 1.456649e+08 1.678947e+08
6.266030e+00 1.391569e+08 1.602486e+08
6.375456e+00 1.328249e+08 1.529494e+08
6.486794e+00 1.267987e+08 1.460072e+08
6.600075e+00 1.211283e+08 1.393571e+08
6.715335e+00 1.156651e+08 1.329894e+08
6.832607e+00 1.104656e+08 1.269256e+08
6.951928e+00 1.055014e+08 1.211480e+08
7.073332e+00 1.007803e+08 1.156430e+08
7.196857e+00 9.626233e+07 1.103865e+08
7.322538e+00 9.192508e+07 1.053549e+08
7.450415e+00 8.780936e+07 1.005575e+08
7.580524e+00 8.385679e+07 9.596007e+07
7.712906e+00 8.009250e+07 9.158306e+07
7.847600e+00 7.649897e+07 8.740516e+07
7.984645e+00 7.302564e+07 8.339313e+07
8.124085e+00 6.973668e+07 7.959994e+07
8.265959e+00 6.655539e+07 7.596963e+07
8.410311e+00 6.351329e+07 7.249549e+07
8.557183e+00 6.063001e+07 6.918905e+07
8.706621e+00 5.788161e+07 6.602213e+07
8.858668e+00 5.527287e+07 6.301503e+07
9.013370e+00 5.278131e+07 6.013717e+07
9.170775e+00 5.036781e+07 5.740417e+07
9.330927e+00 4.807593e+07 5.476816e+07
9.493877e+00 4.588716e+07 5.226104e+07
9.659673e+00 4.380208e+07 4.988570e+07
9.828363e+00 4.182644e+07 4.761129e+07
1.000000e+01 3.993358e+07 4.544101e+07
1.017463e+01 3.810898e+07 4.336932e+07
1.035232e+01 3.637617e+07 4.139252e+07
1.053310e+01 3.471375e+07 3.951249e+07
1.071705e+01 3.312907e+07 3.771762e+07
1.090420e+01 3.161882e+07 3.599643e+07
1.109463e+01 3.017668e+07 3.435511e+07
1.128838e+01 2.880932e+07 3.278755e+07
1.148551e+01 2.749613e+07 3.128918e+07
1.168609e+01 2.624050e+07 2.985772e+07
1.189017e+01 2.505154e+07 2.849005e+07
1.209781e+01 2.391920e+07 2.717598e+07
1.230908e+01 2.284159e+07 2.593244e+07
1.252404e+01 2.180546e+07 2.474746e+07
1.274275e+01 2.080613e+07 2.361565e+07
1.296528e+01 1.986045e+07 2.253609e+07
1.319170e+01 1.895671e+07 2.150658e+07
1.342207e+01 1.809253e+07 2.052388e+07
1.365647e+01 1.726637e+07 1.958588e+07
1.389495e+01 1.647451e+07 1.869014e+07
1.413761e+01 1.572514e+07 1.783813e+07
1.438450e+01 1.500639e+07 1.702176e+07
1.463570e+01 1.432078e+07 1.624450e+07
1.489129e+01 1.366853e+07 1.550041e+07
1.515134e+01 1.304541e+07 1.479142e+07
1.541594e+01 1.244998e+07 1.411911e+07
1.568515e+01 1.187770e+07 1.347602e+07
1.595907e+01 1.133537e+07 1.285782e+07
1.623777e+01 1.081534e+07 1.226782e+07
1.652133e+01 1.031640e+07 1.170470e+07
1.680985e+01 9.846208e+06 1.116736e+07
1.710341e+01 9.395361e+06 1.065451e+07
1.740209e+01 8.960963e+06 1.016491e+07
1.770599e+01 8.546825e+06 9.698129e+06
1.801520e+01 8.157190e+06 9.254330e+06
1.832981e+01 7.784863e+06 8.829648e+06
1.864991e+01 7.425460e+06 8.426346e+06
1.897560e+01 7.083907e+06 8.037503e+06
1.930698e+01 6.754682e+06 7.666981e+06
1.964414e+01 6.444269e+06 7.314414e+06
1.998720e+01 6.145596e+06 6.978269e+06
2.033624e+01 5.864586e+06 6.655680e+06
2.069138e+01 5.592729e+06 6.347523e+06
2.105272e+01 5.333061e+06 6.053919e+06
2.142037e+01 5.086050e+06 5.775515e+06
2.179445e+01 4.851485e+06 5.512374e+06
2.217505e+01 4.628960e+06 5.260316e+06
2.256230e+01 4.413898e+06 5.019984e+06
2.295632e+01 4.209374e+06 4.788382e+06
2.335721e+01 4.015239e+06 4.567028e+06
2.376511e+01 3.828584e+06 4.355112e+06
2.418013e+01 3.651727e+06 4.154631e+06
2.460240e+01 3.482374e+06 3.963276e+06
2.503204e+01 3.320836e+06 3.779703e+06
2.546918e+01 3.167271e+06 3.604779e+06
2.591396e+01 3.019933e+06 3.438109e+06
2.636651e+01 2.879899e+06 3.279719e+06
2.682696e+01 2.746622e+06 3.128882e+06
2.729545e+01 2.618312e+06 2.983961e+06
2.777212e+01 2.496611e+06 2.845542e+06
2.825712e+01 2.380621e+06 2.713484e+06
2.875058e+01 2.270188e+06 2.589139e+06
2.925266e+01 2.164356e+06 2.470957e+06
2.976351e+01 2.064710e+06 2.357590e+06
3.028329e+01 1.969774e+06 2.247417e+06
3.081214e+01 1.878238e+06 2.143730e+06
3.135022e+01 1.791330e+06 2.043898e+06
3.189770e+01 1.707792e+06 1.949408e+06
3.245474e+01 1.628144e+06 1.858505e+06
3.302151e+01 1.552043e+06 1.771515e+06
3.359818e+01 1.479684e+06 1.689366e+06
3.418492e+01 1.410799e+06 1.611143e+06
3.478191e+01 1.344801e+06 1.536734e+06
3.538932e+01 1.281666e+06 1.464940e+06
3.600733e+01 1.221857e+06 1.396582e+06
3.663615e+01 1.164650e+06 1.331373e+06
3.727594e+01 1.109807e+06 1.269052e+06
3.792690e+01 1.057672e+06 1.209636e+06
3.858923e+01 1.008221e+06 1.152956e+06
3.926313e+01 9.607333e+05 1.098898e+06
3.994880e+01 9.159011e+05 1.047341e+06
4.064644e+01 8.729363e+05 9.981722e+05
4.135627e+01 8.320836e+05 9.512807e+05
4.207849e+01 7.932728e+05 9.065622e+05
4.281332e+01 7.561516e+05 8.638439e+05
4.356099e+01 7.207792e+05 8.231801e+05
4.432171e+01 6.868234e+05 7.843352e+05
4.509572e+01 6.547187e+05 7.473619e+05
4.588325e+01 6.240004e+05 7.121059e+05
4.668452e+01 5.945013e+05 6.785472e+05
4.749979e+01 5.662779e+05 6.465445e+05
4.832930e+01 5.396312e+05 6.160041e+05
4.917330e+01 5.143536e+05 5.870416e+05
5.003203e+01 4.900720e+05 5.594168e+05
5.090576e+01 4.668067e+05 5.329718e+05
5.179475e+01 4.448627e+05 5.079823e+05
5.269926e+01 4.239404e+05 4.839441e+05
5.361957e+01 4.038528e+05 4.610772e+05
5.455595e+01 3.846473e+05 4.393495e+05
5.550868e+01 3.664416e+05 4.186562e+05
5.647805e+01 3.491780e+05 3.987672e+05
5.746435e+01 3.325387e+05 3.796506e+05
5.846787e+01 3.166761e+05 3.615964e+05
5.948892e+01 3.015342e+05 3.445023e+05
6.052780e+01 2.872215e+05 3.282044e+05
6.158482e+01 2.734664e+05 3.126184e+05
6.266030e+01 2.604573e+05 2.974648e+05
6.375456e+01 2.480943e+05 2.835491e+05
6.486794e+01 2.362606e+05 2.699246e+05
6.600075e+01 2.250154e+05 2.569811e+05
6.715335e+01 2.141785e+05 2.446212e+05
6.832607e+01 2.038838e+05 2.329761e+05
6.951928e+01 1.940975e+05 2.217764e+05
7.073332e+01 1.848521e+05 2.111290e+05
7.196857e+01 1.759787e+05 2.010196e+05
7.322538e+01 1.675476e+05 1.913012e+05
7.450415e+01 1.594617e+05 1.821226e+05
7.580524e+01 1.518159e+05 1.733051e+05
7.712906e+01 1.444620e+05 1.648946e+05
7.847600e+01 1.375117e+05 1.569243e+05
7.984645e+01 1.308644e+05 1.493036e+05
8.124085e+01 1.245044e+05 1.420428e+05
8.265959e+01 1.184666e+05 1.351334e+05
8.410311e+01 1.127397e+05 1.285665e+05
8.557183e+01 1.072205e+05 1.223161e+05
8.706621e+01 1.020307e+05 1.163599e+05
8.858668e+01 9.709471e+04 1.107233e+05
9.013370e+01 9.236633e+04 1.053686e+05
9.170775e+01 8.783226e+04 1.001971e+05
9.330927e+01 8.355042e+04 9.531186e+04
9.493877e+01 7.945341e+04 9.063792e+04
9.659673e+01 7.558157e+04 8.619561e+04
9.828363e+01 7.186307e+04 8.193366e+04
1.000000e+02 6.829511e+04 7.787635e+04
1.017463e+02 6.497069e+04 7.403807e+04
1.035232e+02 6.177095e+04 7.036045e+04
1.053310e+02 5.874855e+04 6.686562e+04
1.071705e+02 5.582870e+04 6.353664e+04
1.090420e+02 5.305624e+04 6.040381e+04
1.109463e+02 5.041261e+04 5.740024e+04
1.128838e+02 4.791453e+04 5.454950e+04
1.148551e+02 4.554036e+04 5.183961e+04
1.168609e+02 4.326801e+04 4.924763e+04
1.189017e+02 4.111120e+04 4.682104e+04
1.209781e+02 3.901853e+04 4.448942e+04
1.230908e+02 3.707152e+04 4.232276e+04
1.252404e+02 3.519039e+04 4.021001e+04
1.274275e+02 3.342581e+04 3.816316e+04
1.296528e+02 3.174218e+04 3.618770e+04
1.319170e+02 3.013853e+04 3.438194e+04
1.342207e+02 2.859947e+04 3.266483e+04
1.365647e+02 2.714694e+04 3.101824e+04
1.389495e+02 2.576869e+04 2.945439e+04
1.413761e+02 2.445381e+04 2.796162e+04
1.438450e+02 2.317310e+04 2.654657e+04
1.463570e+02 2.195892e+04 2.518775e+04
1.489129e+02 2.083925e+04 2.391532e+04
1.515134e+02 1.975333e+04 2.269751e+04
1.541594e+02 1.873428e+04 2.153837e+04
1.568515e+02 1.776631e+04 2.044573e+04
1.595907e+02 1.683832e+04 1.939753e+04
1.623777e+02 1.597120e+04 1.840935e+04
1.652133e+02 1.514522e+04 1.746030e+04
1.680985e+02 1.435997e+04 1.657910e+04
1.710341e+02 1.360467e+04 1.572659e+04
1.740209e+02 1.287380e+04 1.491609e+04
1.770599e+02 1.218604e+04 1.415237e+04
1.801520e+02 1.153536e+04 1.342870e+04
1.832981e+02 1.091372e+04 1.273820e+04
1.864991e+02 1.034325e+04 1.207846e+04
1.897560e+02 9.795731e+03 1.145218e+04
1.930698e+02 9.269102e+03 1.085993e+04
1.964414e+02 8.767667e+03 1.029908e+04
1.998720e+02 8.303793e+03 9.768884e+03
2.033624e+02 7.855476e+03 9.263983e+03
2.069138e+02 7.433140e+03 8.779354e+03
2.105272e+02 7.025868e+03 8.320108e+03
2.142037e+02 6.643536e+03 7.879530e+03
2.179445e+02 6.283358e+03 7.460706e+03
2.217505e+02 5.943249e+03 7.064903e+03
2.256230e+02 5.620854e+03 6.689772e+03
2.295632e+02 5.305360e+03 6.327484e+03
2.335721e+02 5.008642e+03 5.988572e+03
2.376511e+02 4.732361e+03 5.669353e+03
2.418013e+02 4.472804e+03 5.369488e+03
2.460240e+02 4.224838e+03 5.078948e+03
2.503204e+02 3.992639e+03 4.804236e+03
2.546918e+02 3.766495e+03 4.544619e+03
2.591396e+02 3.549401e+03 4.298088e+03
2.636651e+02 3.349217e+03 4.062666e+03
2.682696e+02 3.155360e+03 3.843171e+03
2.729545e+02 2.980609e+03 3.637314e+03
2.777212e+02 2.802768e+03 3.437954e+03
2.825712e+02 2.643152e+03 3.252774e+03
2.875058e+02 2.491177e+03 3.075062e+03
2.925266e+02 2.348254e+03 2.903542e+03
2.976351e+02 2.211558e+03 2.740659e+03
3.028329e+02 2.077640e+03 2.590261e+03
3.081214e+02 1.954927e+03 2.445887e+03
3.135022e+02 1.837587e+03 2.308324e+03
3.189770e+02 1.727702e+03 2.177587e+03
3.245474e+02 1.622165e+03 2.052869e+03
3.302151e+02 1.524677e+03 1.936284e+03
3.359818e+02 1.431731e+03 1.824269e+03
3.418492e+02 1.348414e+03 1.722004e+03
3.478191e+02 1.266947e+03 1.626074e+03
3.538932e+02 1.188768e+03 1.534400e+03
3.600733e+02 1.115134e+03 1.444147e+03
3.663615e+02 1.045726e+03 1.363034e+03
3.727594e+02 9.799381e+02 1.281921e+03
3.792690e+02 9.179011e+02 1.208534e+03
3.858923e+02 8.597572e+02 1.137521e+03
3.926313e+02 8.051183e+02 1.070871e+03
3.994880e+02 7.539105e+02 1.008462e+03
4.064644e+02 7.048897e+02 9.502787e+02
4.135627e+02 6.590658e+02 8.959284e+02
4.207849e+02 6.160969e+02 8.442778e+02
4.281332e+02 5.756533e+02 7.950744e+02
4.356099e+02 5.372691e+02 7.475765e+02
4.432171e+02 5.019598e+02 7.028846e+02
4.509572e+02 4.684453e+02 6.604162e+02
4.588325e+02 4.371587e+02 6.212085e+02
4.668452e+02 4.085815e+02 5.837571e+02
4.749979e+02 3.802953e+02 5.490259e+02
4.832930e+02 3.540272e+02 5.156273e+02
4.917330e+02 3.297190e+02 4.849028e+02
5.003203e+02 3.074129e+02 4.541706e+02
5.090576e+02 2.863822e+02 4.256071e+02
5.179475e+02 2.672134e+02 3.996997e+02
5.269926e+02 2.489978e+02 3.751705e+02
5.361957e+02 2.310999e+02 3.516258e+02
5.455595e+02 2.151901e+02 3.297040e+02
5.550868e+02 2.001878e+02 3.092734e+02
5.647805e+02 1.860431e+02 2.892901e+02
5.746435e+02 1.724764e+02 2.710693e+02
5.846787e+02 1.599370e+02 2.539917e+02
5.948892e+02 1.484509e+02 2.384027e+02
6.052780e+02 1.373868e+02 2.231194e+02
6.158482e+02 1.268829e+02 2.089876e+02
6.266030e+02 1.171998e+02 1.955175e+02
6.375456e+02 1.081520e+02 1.829889e+02
6.486794e+02 9.996421e+01 1.714379e+02
6.600075e+02 9.240010e+01 1.600848e+02
6.715335e+02 8.526297e+01 1.498020e+02
6.832607e+02 7.871575e+01 1.403270e+02
6.951928e+02 7.258790e+01 1.314946e+02
7.073332e+02 6.677039e+01 1.226759e+02
7.196857e+02 6.137786e+01 1.144483e+02
7.322538e+02 5.642086e+01 1.066286e+02
7.450415e+02 5.189999e+01 9.969701e+01
7.580524e+02 4.771510e+01 9.291870e+01
7.712906e+02 4.383838e+01 8.650955e+01
7.847600e+02 4.024929e+01 8.065473e+01
7.984645e+02 3.694070e+01 7.502391e+01
8.124085e+02 3.382312e+01 6.970999e+01
8.265959e+02 3.098211e+01 6.474168e+01
8.410311e+02 2.839757e+01 6.009841e+01
8.557183e+02 2.595535e+01 5.577678e+01
8.706621e+02 2.370305e+01 5.194275e+01
8.858668e+02 2.159726e+01 4.814285e+01
9.013370e+02 1.967313e+01 4.480718e+01
9.170775e+02 1.791079e+01 4.164764e+01
9.330927e+02 1.631752e+01 3.859329e+01
9.493877e+02 1.486193e+01 3.575576e+01
9.659673e+02 1.352497e+01 3.315930e+01
9.828363e+02 1.229791e+01 3.066941e+01
1.000000e+03 1.117258e+01 2.831559e+01
