Energy(MeV)	Incoming Spectral Fluence(MeV-1 cm-2)	Residual Spectral Fluence(MeV-1 cm-2)
1.0000e-03	0.0000e+00	3.3984e+03
1.5000e-03	0.0000e+00	3.3992e+03
2.0000e-03	0.0000e+00	3.3997e+03
2.5000e-03	0.0000e+00	3.4001e+03
3.0000e-03	0.0000e+00	3.4004e+03
3.5000e-03	0.0000e+00	3.4007e+03
4.0000e-03	0.0000e+00	3.4010e+03
4.5000e-03	0.0000e+00	3.4012e+03
5.0000e-03	0.0000e+00	3.4014e+03
5.5000e-03	0.0000e+00	3.4015e+03
6.0000e-03	0.0000e+00	3.4017e+03
6.5000e-03	0.0000e+00	3.4018e+03
7.0000e-03	0.0000e+00	3.4020e+03
7.5000e-03	0.0000e+00	3.4021e+03
8.0000e-03	0.0000e+00	3.4022e+03
8.5000e-03	0.0000e+00	3.4023e+03
9.0000e-03	0.0000e+00	3.4024e+03
9.5000e-03	0.0000e+00	3.4025e+03
1.0000e-02	0.0000e+00	3.4026e+03
1.5000e-02	0.0000e+00	3.4034e+03
2.0000e-02	0.0000e+00	3.4039e+03
2.5000e-02	0.0000e+00	3.4043e+03
3.0000e-02	0.0000e+00	3.4046e+03
3.5000e-02	0.0000e+00	3.4051e+03
4.0000e-02	0.0000e+00	3.4063e+03
4.5000e-02	0.0000e+00	3.4073e+03
5.0000e-02	0.0000e+00	3.4083e+03
5.5000e-02	0.0000e+00	3.4092e+03
6.0000e-02	0.0000e+00	3.4100e+03
6.5000e-02	0.0000e+00	3.4107e+03
7.0000e-02	0.0000e+00	3.4114e+03
7.5000e-02	0.0000e+00	3.4120e+03
8.0000e-02	0.0000e+00	3.4126e+03
8.5000e-02	0.0000e+00	3.4131e+03
9.0000e-02	0.0000e+00	3.4137e+03
9.5000e-02	0.0000e+00	3.4147e+03
1.0000e-01	3.2284e+12	3.4156e+03
1.0155e-01	3.0955e+12	3.4159e+03
1.0312e-01	2.9681e+12	3.4162e+03
1.0472e-01	2.8458e+12	3.4164e+03
1.0634e-01	2.7291e+12	3.4167e+03
1.0799e-01	2.6174e+12	3.4170e+03
1.0966e-01	2.5102e+12	3.4173e+03
1.1136e-01	2.4075e+12	3.4176e+03
1.1309e-01	2.3089e+12	3.4178e+03
1.1484e-01	2.2144e+12	3.4181e+03
1.1662e-01	2.1240e+12	3.4184e+03
1.1843e-01	2.0370e+12	3.4187e+03
1.2026e-01	1.9538e+12	3.4190e+03
1.2213e-01	1.8740e+12	3.4192e+03
1.2402e-01	1.7975e+12	3.4195e+03
1.2594e-01	1.7241e+12	3.4198e+03
1.2789e-01	1.6537e+12	3.4201e+03
1.2987e-01	1.5861e+12	3.4204e+03
1.3189e-01	1.5214e+12	3.4206e+03
1.3393e-01	1.4592e+12	3.4209e+03
1.3601e-01	1.3995e+12	3.4212e+03
1.3811e-01	1.3423e+12	3.4215e+03
1.4025e-01	1.2873e+12	3.4217e+03
1.4243e-01	1.2346e+12	3.4220e+03
1.4463e-01	1.1838e+12	3.4223e+03
1.4687e-01	1.1350e+12	3.4227e+03
1.4915e-01	1.0883e+12	3.4231e+03
1.5146e-01	1.0434e+12	3.4236e+03
1.5381e-01	1.0005e+12	3.4240e+03
1.5619e-01	9.5926e+11	3.4244e+03
1.5861e-01	9.1989e+11	3.4248e+03
1.6107e-01	8.8233e+11	3.4252e+03
1.6356e-01	8.4626e+11	3.4256e+03
1.6610e-01	8.1165e+11	3.4260e+03
1.6867e-01	7.7845e+11	3.4265e+03
1.7129e-01	7.4662e+11	3.4269e+03
1.7394e-01	7.1608e+11	3.4273e+03
1.7664e-01	6.8673e+11	3.4277e+03
1.7937e-01	6.5868e+11	3.4281e+03
1.8215e-01	6.3179e+11	3.4285e+03
1.8497e-01	6.0599e+11	3.4289e+03
1.8784e-01	5.8124e+11	3.4294e+03
1.9075e-01	5.5751e+11	3.4298e+03
1.9371e-01	5.3474e+11	3.4302e+03
1.9671e-01	5.1290e+11	3.4306e+03
1.9976e-01	4.9181e+11	3.4310e+03
2.0285e-01	4.7179e+11	3.4316e+03
2.0599e-01	4.5259e+11	3.4321e+03
2.0919e-01	4.3412e+11	3.4327e+03
2.1243e-01	4.1637e+11	3.4332e+03
2.1572e-01	3.9936e+11	3.4338e+03
2.1906e-01	3.8308e+11	3.4343e+03
2.2246e-01	3.6744e+11	3.4349e+03
2.2590e-01	3.5243e+11	3.4354e+03
2.2940e-01	3.3799e+11	3.4360e+03
2.3296e-01	3.2407e+11	3.4365e+03
2.3657e-01	3.1072e+11	3.4371e+03
2.4023e-01	2.9793e+11	3.4376e+03
2.4396e-01	2.8565e+11	3.4382e+03
2.4774e-01	2.7386e+11	3.4387e+03
2.5158e-01	2.6257e+11	3.4393e+03
2.5547e-01	2.5174e+11	3.4398e+03
2.5943e-01	2.4135e+11	3.4405e+03
2.6345e-01	2.3142e+11	3.4412e+03
2.6753e-01	2.2190e+11	3.4419e+03
2.7168e-01	2.1277e+11	3.4426e+03
2.7589e-01	2.0402e+11	3.4433e+03
2.8016e-01	1.9563e+11	3.4440e+03
2.8451e-01	1.8764e+11	3.4446e+03
2.8891e-01	1.7997e+11	3.4453e+03
2.9339e-01	1.7256e+11	3.4460e+03
2.9794e-01	1.6544e+11	3.4467e+03
3.0255e-01	1.5860e+11	3.4474e+03
3.0724e-01	1.5206e+11	3.4481e+03
3.1200e-01	1.4579e+11	3.4488e+03
3.1684e-01	1.3978e+11	3.4496e+03
3.2175e-01	1.3401e+11	3.4505e+03
3.2673e-01	1.2849e+11	3.4513e+03
3.3179e-01	1.2318e+11	3.4521e+03
3.3693e-01	1.1810e+11	3.4529e+03
3.4216e-01	1.1323e+11	3.4537e+03
3.4746e-01	1.0857e+11	3.4546e+03
3.5284e-01	1.0416e+11	3.4554e+03
3.5831e-01	9.9939e+10	3.4562e+03
3.6386e-01	9.5832e+10	3.4570e+03
3.6950e-01	9.1886e+10	3.4579e+03
3.7522e-01	8.8103e+10	3.4589e+03
3.8104e-01	8.4497e+10	3.4598e+03
3.8694e-01	8.1030e+10	3.4608e+03
3.9294e-01	7.7705e+10	3.4618e+03
3.9903e-01	7.4514e+10	3.4627e+03
4.0521e-01	7.1450e+10	3.4637e+03
4.1149e-01	6.8512e+10	3.4646e+03
4.1786e-01	6.5694e+10	3.4656e+03
4.2434e-01	6.3016e+10	3.4666e+03
4.3091e-01	6.0402e+10	3.4677e+03
4.3759e-01	5.7932e+10	3.4688e+03
4.4437e-01	5.5573e+10	3.4699e+03
4.5126e-01	5.3281e+10	3.4710e+03
4.5825e-01	5.1083e+10	3.4720e+03
4.6535e-01	4.8976e+10	3.4731e+03
4.7256e-01	4.6958e+10	3.4742e+03
4.7988e-01	4.5029e+10	3.4754e+03
4.8732e-01	4.3176e+10	3.4766e+03
4.9487e-01	4.1403e+10	3.4778e+03
5.0254e-01	3.9699e+10	3.4790e+03
5.1032e-01	3.8065e+10	3.4802e+03
5.1823e-01	3.6512e+10	3.4814e+03
5.2626e-01	3.5012e+10	3.4826e+03
5.3442e-01	3.3566e+10	3.4838e+03
5.4270e-01	3.2179e+10	3.4852e+03
5.5111e-01	3.0854e+10	3.4865e+03
5.5965e-01	2.9577e+10	3.4878e+03
5.6832e-01	2.8357e+10	3.4891e+03
5.7712e-01	2.7193e+10	3.4904e+03
5.8607e-01	2.6077e+10	3.4917e+03
5.9515e-01	2.5007e+10	3.4932e+03
6.0437e-01	2.3983e+10	3.4946e+03
6.1373e-01	2.3008e+10	3.4960e+03
6.2324e-01	2.2067e+10	3.4974e+03
6.3290e-01	2.1155e+10	3.4988e+03
6.4271e-01	2.0291e+10	3.5003e+03
6.5267e-01	1.9460e+10	3.5018e+03
6.6278e-01	1.8661e+10	3.5033e+03
6.7305e-01	1.7906e+10	3.5048e+03
6.8348e-01	1.7181e+10	3.5063e+03
6.9407e-01	1.6479e+10	3.5078e+03
7.0482e-01	1.5806e+10	3.5095e+03
7.1574e-01	1.5166e+10	3.5111e+03
7.2683e-01	1.4549e+10	3.5128e+03
7.3810e-01	1.3957e+10	3.5144e+03
7.4953e-01	1.3390e+10	3.5161e+03
7.6115e-01	1.2843e+10	3.5179e+03
7.7294e-01	1.2311e+10	3.5198e+03
7.8492e-01	1.1804e+10	3.5216e+03
7.9708e-01	1.1322e+10	3.5235e+03
8.0943e-01	1.0859e+10	3.5254e+03
8.2197e-01	1.0412e+10	3.5274e+03
8.3471e-01	9.9864e+09	3.5294e+03
8.4764e-01	9.5716e+09	3.5314e+03
8.6078e-01	9.1760e+09	3.5334e+03
8.7412e-01	8.7981e+09	3.5355e+03
8.8766e-01	8.4347e+09	3.5376e+03
9.0142e-01	8.0863e+09	3.5398e+03
9.1538e-01	7.7523e+09	3.5419e+03
9.2957e-01	7.4326e+09	3.5442e+03
9.4397e-01	7.1285e+09	3.5465e+03
9.5860e-01	6.8412e+09	3.5487e+03
9.7345e-01	6.5646e+09	3.5510e+03
9.8853e-01	6.2939e+09	3.5535e+03
1.0039e+00	6.0344e+09	3.5559e+03
1.0194e+00	5.7856e+09	3.5583e+03
1.0352e+00	5.5470e+09	3.5608e+03
1.0512e+00	5.3221e+09	3.5634e+03
1.0675e+00	5.1078e+09	3.5660e+03
1.0841e+00	4.9018e+09	3.5685e+03
1.1009e+00	4.7030e+09	3.5712e+03
1.1179e+00	4.5080e+09	3.5739e+03
1.1353e+00	4.3231e+09	3.5766e+03
1.1528e+00	4.1446e+09	3.5794e+03
1.1707e+00	3.9734e+09	3.5823e+03
1.1888e+00	3.8097e+09	3.5851e+03
1.2073e+00	3.6549e+09	3.5880e+03
1.2260e+00	3.5067e+09	3.5910e+03
1.2450e+00	3.3640e+09	3.5940e+03
1.2643e+00	3.2255e+09	3.5970e+03
1.2838e+00	3.0923e+09	3.6002e+03
1.3037e+00	2.9646e+09	3.6033e+03
1.3239e+00	2.8422e+09	3.6065e+03
1.3445e+00	2.7249e+09	3.6097e+03
1.3653e+00	2.6124e+09	3.6130e+03
1.3864e+00	2.5075e+09	3.6164e+03
1.4079e+00	2.4048e+09	3.6198e+03
1.4297e+00	2.3057e+09	3.6232e+03
1.4519e+00	2.2107e+09	3.6267e+03
1.4744e+00	2.1196e+09	3.6303e+03
1.4972e+00	2.0327e+09	3.6339e+03
1.5204e+00	1.9492e+09	3.6376e+03
1.5440e+00	1.8690e+09	3.6413e+03
1.5679e+00	1.7921e+09	3.6451e+03
1.5922e+00	1.7183e+09	3.6489e+03
1.6169e+00	1.6475e+09	3.6528e+03
1.6419e+00	1.5800e+09	3.6568e+03
1.6674e+00	1.5150e+09	3.6608e+03
1.6932e+00	1.4527e+09	3.6649e+03
1.7195e+00	1.3931e+09	3.6691e+03
1.7461e+00	1.3367e+09	3.6733e+03
1.7732e+00	1.2828e+09	3.6776e+03
1.8006e+00	1.2306e+09	3.6819e+03
1.8285e+00	1.1799e+09	3.6863e+03
1.8569e+00	1.1313e+09	3.6908e+03
1.8856e+00	1.0846e+09	3.6954e+03
1.9149e+00	1.0401e+09	3.7000e+03
1.9445e+00	9.9741e+08	3.7047e+03
1.9747e+00	9.5633e+08	3.7094e+03
2.0053e+00	9.1727e+08	3.7143e+03
2.0363e+00	8.7926e+08	3.7192e+03
2.0679e+00	8.4303e+08	3.7242e+03
2.0999e+00	8.0828e+08	3.7293e+03
2.1325e+00	7.7509e+08	3.7344e+03
2.1655e+00	7.4355e+08	3.7397e+03
2.1991e+00	7.1324e+08	3.7450e+03
2.2331e+00	6.8389e+08	3.7504e+03
2.2677e+00	6.5611e+08	3.7558e+03
2.3029e+00	6.2908e+08	3.7614e+03
2.3386e+00	6.0313e+08	3.7671e+03
2.3748e+00	5.7808e+08	3.7728e+03
2.4116e+00	5.5417e+08	3.7786e+03
2.4490e+00	5.3153e+08	3.7846e+03
2.4869e+00	5.0981e+08	3.7906e+03
2.5254e+00	4.8906e+08	3.7967e+03
2.5646e+00	4.6927e+08	3.7980e+03
2.6043e+00	4.5022e+08	3.7928e+03
2.6447e+00	4.3193e+08	3.7977e+03
2.6856e+00	4.1464e+08	3.8037e+03
2.7273e+00	3.9742e+08	3.8103e+03
2.7695e+00	3.8109e+08	3.8169e+03
2.8124e+00	3.6547e+08	3.8237e+03
2.8560e+00	3.5072e+08	3.8306e+03
2.9003e+00	3.3665e+08	3.8376e+03
2.9452e+00	3.2306e+08	3.8447e+03
2.9908e+00	3.1003e+08	3.8520e+03
3.0372e+00	2.9746e+08	3.8593e+03
3.0842e+00	2.8547e+08	3.8668e+03
3.1320e+00	2.7383e+08	3.8743e+03
3.1806e+00	2.6277e+08	3.8820e+03
3.2298e+00	2.5201e+08	3.8898e+03
3.2799e+00	2.4168e+08	3.8977e+03
3.3307e+00	2.3184e+08	3.9058e+03
3.3823e+00	2.2237e+08	3.9140e+03
3.4347e+00	2.1335e+08	3.9222e+03
3.4880e+00	2.0470e+08	3.9307e+03
3.5420e+00	1.9632e+08	3.9392e+03
3.5969e+00	1.8838e+08	3.9479e+03
3.6526e+00	1.8076e+08	3.9567e+03
3.7092e+00	1.7342e+08	3.9657e+03
3.7667e+00	1.6638e+08	3.9748e+03
3.8251e+00	1.5956e+08	3.9840e+03
3.8843e+00	1.5303e+08	3.9934e+03
3.9445e+00	1.4671e+08	4.0029e+03
4.0056e+00	1.4063e+08	4.0126e+03
4.0677e+00	1.3489e+08	4.0225e+03
4.1307e+00	1.2933e+08	4.0324e+03
4.1947e+00	1.2400e+08	4.0426e+03
4.2597e+00	1.1889e+08	4.0529e+03
4.3257e+00	1.1404e+08	4.0633e+03
4.3928e+00	1.0949e+08	4.0739e+03
4.4608e+00	1.0505e+08	4.0847e+03
4.5300e+00	1.0076e+08	4.0956e+03
4.6001e+00	9.6628e+07	4.1068e+03
4.6714e+00	9.2661e+07	4.1180e+03
4.7438e+00	8.8875e+07	4.1295e+03
4.8173e+00	8.5249e+07	4.1411e+03
4.8920e+00	8.1780e+07	4.1529e+03
4.9678e+00	7.8451e+07	4.1648e+03
5.0447e+00	7.5239e+07	4.1769e+03
5.1229e+00	7.2166e+07	4.1892e+03
5.2023e+00	6.9240e+07	4.2016e+03
5.2829e+00	6.6412e+07	4.2131e+03
5.3647e+00	6.3695e+07	4.2249e+03
5.4479e+00	6.1130e+07	4.2379e+03
5.5323e+00	5.8641e+07	4.2511e+03
5.6180e+00	5.6262e+07	4.2645e+03
5.7051e+00	5.3948e+07	4.2781e+03
5.7935e+00	5.1737e+07	4.2919e+03
5.8832e+00	4.9613e+07	4.3059e+03
5.9744e+00	4.7595e+07	4.3201e+03
6.0670e+00	4.5652e+07	4.3346e+03
6.1610e+00	4.3789e+07	4.3492e+03
6.2564e+00	4.1999e+07	4.3640e+03
6.3534e+00	4.0302e+07	4.3791e+03
6.4518e+00	3.8663e+07	4.3944e+03
6.5518e+00	3.7086e+07	4.4099e+03
6.6533e+00	3.5584e+07	4.4256e+03
6.7564e+00	3.4124e+07	4.4415e+03
6.8611e+00	3.2715e+07	4.4577e+03
6.9674e+00	3.1390e+07	4.4741e+03
7.0754e+00	3.0117e+07	4.4907e+03
7.1850e+00	2.8900e+07	4.5076e+03
7.2963e+00	2.7740e+07	4.5247e+03
7.4094e+00	2.6616e+07	4.5421e+03
7.5242e+00	2.5516e+07	4.5597e+03
7.6408e+00	2.4481e+07	4.5775e+03
7.7592e+00	2.3489e+07	4.5956e+03
7.8794e+00	2.2532e+07	4.6139e+03
8.0015e+00	2.1612e+07	4.6325e+03
8.1255e+00	2.0741e+07	4.6513e+03
8.2514e+00	1.9900e+07	4.6704e+03
8.3793e+00	1.9101e+07	4.6898e+03
8.5091e+00	1.8322e+07	4.7094e+03
8.6409e+00	1.7571e+07	4.7293e+03
8.7748e+00	1.6863e+07	4.7496e+03
8.9108e+00	1.6179e+07	4.7701e+03
9.0489e+00	1.5526e+07	4.7909e+03
9.1891e+00	1.4892e+07	4.8119e+03
9.3315e+00	1.4283e+07	4.8332e+03
9.4761e+00	1.3697e+07	4.8548e+03
9.6229e+00	1.3144e+07	4.8770e+03
9.7720e+00	1.2612e+07	4.9002e+03
9.9234e+00	1.2101e+07	4.9235e+03
1.0077e+01	1.1608e+07	4.9470e+03
1.0233e+01	1.1135e+07	4.9706e+03
1.0392e+01	1.0684e+07	4.9932e+03
1.0553e+01	1.0252e+07	5.0163e+03
1.0716e+01	9.8386e+06	5.0398e+03
1.0882e+01	9.4398e+06	5.0636e+03
1.1051e+01	9.0595e+06	5.0877e+03
1.1222e+01	8.6938e+06	5.1121e+03
1.1396e+01	8.3425e+06	5.1370e+03
1.1573e+01	8.0003e+06	5.1629e+03
1.1752e+01	7.6716e+06	5.1947e+03
1.1934e+01	7.3604e+06	5.2213e+03
1.2119e+01	7.0634e+06	5.2470e+03
1.2307e+01	6.7758e+06	5.2729e+03
1.2498e+01	6.5001e+06	5.2991e+03
1.2691e+01	6.2346e+06	5.3256e+03
1.2888e+01	5.9788e+06	5.3524e+03
1.3088e+01	5.7352e+06	5.3797e+03
1.3290e+01	5.5007e+06	5.4075e+03
1.3496e+01	5.2795e+06	5.4360e+03
1.3706e+01	5.0648e+06	5.4650e+03
1.3918e+01	4.8596e+06	5.4906e+03
1.4134e+01	4.6593e+06	5.5190e+03
1.4353e+01	4.4690e+06	5.5479e+03
1.4575e+01	4.2866e+06	5.5769e+03
1.4801e+01	4.1110e+06	5.6060e+03
1.5030e+01	3.9415e+06	5.6353e+03
1.5263e+01	3.7798e+06	5.6646e+03
1.5499e+01	3.6251e+06	5.6941e+03
1.5740e+01	3.4762e+06	5.7239e+03
1.5984e+01	3.3334e+06	5.7538e+03
1.6231e+01	3.1964e+06	5.7841e+03
1.6483e+01	3.0650e+06	5.8145e+03
1.6738e+01	2.9395e+06	5.8416e+03
1.6997e+01	2.8188e+06	5.8719e+03
1.7261e+01	2.7037e+06	5.9024e+03
1.7528e+01	2.5934e+06	5.9331e+03
1.7800e+01	2.4874e+06	5.9640e+03
1.8076e+01	2.3854e+06	5.9951e+03
1.8356e+01	2.2874e+06	6.0263e+03
1.8640e+01	2.1944e+06	6.0578e+03
1.8929e+01	2.1050e+06	6.0895e+03
1.9222e+01	2.0190e+06	6.1216e+03
1.9520e+01	1.9362e+06	6.1539e+03
1.9823e+01	1.8558e+06	6.1888e+03
2.0130e+01	1.7797e+06	6.2217e+03
2.0442e+01	1.7079e+06	6.2528e+03
2.0758e+01	1.6380e+06	6.2844e+03
2.1080e+01	1.5700e+06	6.3184e+03
2.1407e+01	1.5049e+06	6.3586e+03
2.1738e+01	1.4429e+06	6.3899e+03
2.2075e+01	1.3838e+06	6.4213e+03
2.2417e+01	1.3272e+06	6.4540e+03
2.2765e+01	1.2722e+06	6.4860e+03
2.3117e+01	1.2194e+06	6.5157e+03
2.3476e+01	1.1697e+06	6.5470e+03
2.3839e+01	1.1207e+06	6.5774e+03
2.4209e+01	1.0741e+06	6.6074e+03
2.4584e+01	1.0298e+06	6.6373e+03
2.4965e+01	9.8704e+05	6.6668e+03
2.5352e+01	9.4602e+05	6.6954e+03
2.5744e+01	9.0687e+05	6.7237e+03
2.6143e+01	8.6948e+05	6.7519e+03
2.6549e+01	8.3361e+05	6.7799e+03
2.6960e+01	7.9928e+05	6.8081e+03
2.7378e+01	7.6654e+05	6.8370e+03
2.7802e+01	7.3488e+05	6.8669e+03
2.8233e+01	7.0393e+05	6.8923e+03
2.8670e+01	6.7505e+05	6.9291e+03
2.9114e+01	6.4681e+05	6.9539e+03
2.9565e+01	6.1978e+05	6.9787e+03
3.0024e+01	5.9417e+05	7.0063e+03
3.0489e+01	5.6979e+05	7.0306e+03
3.0961e+01	5.4618e+05	7.0528e+03
3.1441e+01	5.2341e+05	7.0742e+03
3.1928e+01	5.0151e+05	7.0947e+03
3.2423e+01	4.8055e+05	7.1137e+03
3.2925e+01	4.6062e+05	7.1324e+03
3.3435e+01	4.4156e+05	7.1508e+03
3.3954e+01	4.2307e+05	7.1717e+03
3.4480e+01	4.0547e+05	7.1895e+03
3.5014e+01	3.8859e+05	7.2056e+03
3.5556e+01	3.7256e+05	7.2195e+03
3.6107e+01	3.5695e+05	7.2370e+03
3.6667e+01	3.4211e+05	7.2519e+03
3.7235e+01	3.2781e+05	7.2630e+03
3.7812e+01	3.1398e+05	7.2730e+03
3.8398e+01	3.0080e+05	7.2806e+03
3.8993e+01	2.8842e+05	7.2877e+03
3.9597e+01	2.7631e+05	7.2955e+03
4.0211e+01	2.6508e+05	7.3066e+03
4.0834e+01	2.5393e+05	7.3109e+03
4.1466e+01	2.4316e+05	7.3144e+03
4.2109e+01	2.3302e+05	7.3203e+03
4.2761e+01	2.2321e+05	7.3196e+03
4.3424e+01	2.1393e+05	7.3169e+03
4.4097e+01	2.0492e+05	7.3121e+03
4.4780e+01	1.9648e+05	7.3081e+03
4.5474e+01	1.8819e+05	7.3020e+03
4.6179e+01	1.8011e+05	7.2939e+03
4.6894e+01	1.7253e+05	7.2894e+03
4.7621e+01	1.6525e+05	7.2783e+03
4.8359e+01	1.5825e+05	7.2641e+03
4.9108e+01	1.5155e+05	7.2474e+03
4.9869e+01	1.4507e+05	7.2316e+03
5.0642e+01	1.3899e+05	7.2129e+03
5.1426e+01	1.3317e+05	7.1959e+03
5.2223e+01	1.2748e+05	7.1760e+03
5.3032e+01	1.2211e+05	7.1513e+03
5.3854e+01	1.1694e+05	7.1248e+03
5.4689e+01	1.1201e+05	7.0980e+03
5.5536e+01	1.0722e+05	7.0668e+03
5.6396e+01	1.0268e+05	7.0418e+03
5.7270e+01	9.8278e+04	7.0075e+03
5.8158e+01	9.4064e+04	6.9713e+03
5.9059e+01	9.0058e+04	6.9354e+03
5.9974e+01	8.6206e+04	6.8983e+03
6.0903e+01	8.2545e+04	6.8610e+03
6.1847e+01	7.9028e+04	6.8179e+03
6.2805e+01	7.5658e+04	6.7749e+03
6.3779e+01	7.2404e+04	6.7271e+03
6.4767e+01	6.9315e+04	6.6818e+03
6.5770e+01	6.6354e+04	6.6275e+03
6.6789e+01	6.3522e+04	6.5743e+03
6.7824e+01	6.0828e+04	6.5194e+03
6.8875e+01	5.8246e+04	6.4623e+03
6.9943e+01	5.5771e+04	6.4013e+03
7.1026e+01	5.3396e+04	6.3393e+03
7.2127e+01	5.1120e+04	6.2824e+03
7.3244e+01	4.8911e+04	6.2172e+03
7.4379e+01	4.6803e+04	6.1493e+03
7.5532e+01	4.4793e+04	6.0834e+03
7.6702e+01	4.2859e+04	6.0119e+03
7.7891e+01	4.1021e+04	5.9402e+03
7.9098e+01	3.9255e+04	5.8715e+03
8.0323e+01	3.7561e+04	5.7967e+03
8.1568e+01	3.5947e+04	5.7225e+03
8.2832e+01	3.4396e+04	5.6497e+03
8.4115e+01	3.2870e+04	5.5730e+03
8.5419e+01	3.1430e+04	5.4978e+03
8.6742e+01	3.0049e+04	5.4174e+03
8.8086e+01	2.8712e+04	5.3383e+03
8.9451e+01	2.7444e+04	5.2578e+03
9.0837e+01	2.6264e+04	5.1746e+03
9.2245e+01	2.5117e+04	5.0950e+03
9.3674e+01	2.4026e+04	5.0112e+03
9.5126e+01	2.2986e+04	4.9307e+03
9.6600e+01	2.1963e+04	4.8457e+03
9.8096e+01	2.1006e+04	4.7631e+03
9.9616e+01	2.0076e+04	4.6759e+03
1.0116e+02	1.9185e+04	4.5878e+03
1.0273e+02	1.8344e+04	4.5010e+03
1.0432e+02	1.7524e+04	4.4155e+03
1.0594e+02	1.6738e+04	4.3317e+03
1.0758e+02	1.5992e+04	4.2483e+03
1.0924e+02	1.5282e+04	4.1637e+03
1.1094e+02	1.4606e+04	4.0785e+03
1.1266e+02	1.3961e+04	3.9933e+03
1.1440e+02	1.3343e+04	3.9094e+03
1.1617e+02	1.2751e+04	3.8261e+03
1.1797e+02	1.2190e+04	3.7422e+03
1.1980e+02	1.1650e+04	3.6592e+03
1.2166e+02	1.1143e+04	3.5773e+03
1.2354e+02	1.0652e+04	3.4943e+03
1.2546e+02	1.0171e+04	3.4099e+03
1.2740e+02	9.7099e+03	3.3242e+03
1.2938e+02	9.2769e+03	3.2417e+03
1.3138e+02	8.8521e+03	3.1615e+03
1.3342e+02	8.4511e+03	3.0824e+03
1.3548e+02	8.0704e+03	3.0044e+03
1.3758e+02	7.7085e+03	2.9273e+03
1.3971e+02	7.3594e+03	2.8517e+03
1.4188e+02	7.0263e+03	2.7762e+03
1.4408e+02	6.7106e+03	2.7006e+03
1.4631e+02	6.4089e+03	2.6266e+03
1.4858e+02	6.1166e+03	2.5535e+03
1.5088e+02	5.8323e+03	2.4797e+03
1.5322e+02	5.5703e+03	2.4077e+03
1.5559e+02	5.3207e+03	2.3367e+03
1.5800e+02	5.0762e+03	2.2665e+03
1.6045e+02	4.8477e+03	2.1974e+03
1.6294e+02	4.6259e+03	2.1310e+03
1.6546e+02	4.4180e+03	2.0664e+03
1.6803e+02	4.2136e+03	2.0025e+03
1.7063e+02	4.0118e+03	1.9395e+03
1.7327e+02	3.8267e+03	1.8781e+03
1.7596e+02	3.6505e+03	1.8187e+03
1.7868e+02	3.4824e+03	1.7606e+03
1.8145e+02	3.3236e+03	1.7035e+03
1.8426e+02	3.1682e+03	1.6475e+03
1.8712e+02	3.0212e+03	1.5925e+03
1.9002e+02	2.8801e+03	1.5390e+03
1.9296e+02	2.7467e+03	1.4858e+03
1.9595e+02	2.6179e+03	1.4333e+03
1.9899e+02	2.4944e+03	1.3828e+03
2.0207e+02	2.3781e+03	1.3338e+03
2.0520e+02	2.2661e+03	1.2862e+03
2.0838e+02	2.1581e+03	1.2399e+03
2.1161e+02	2.0569e+03	1.1946e+03
2.1489e+02	1.9603e+03	1.1502e+03
2.1822e+02	1.8678e+03	1.1084e+03
2.2160e+02	1.7787e+03	1.0669e+03
2.2504e+02	1.6942e+03	1.0271e+03
2.2852e+02	1.6113e+03	9.8830e+02
2.3206e+02	1.5324e+03	9.5011e+02
2.3566e+02	1.4594e+03	9.1329e+02
2.3931e+02	1.3896e+03	8.7754e+02
2.4302e+02	1.3232e+03	8.4313e+02
2.4679e+02	1.2584e+03	8.0983e+02
2.5061e+02	1.1987e+03	7.7724e+02
2.5449e+02	1.1394e+03	7.4547e+02
2.5844e+02	1.0844e+03	7.1504e+02
2.6244e+02	1.0304e+03	6.8564e+02
2.6651e+02	9.7939e+02	6.5737e+02
2.7064e+02	9.3063e+02	6.3034e+02
2.7483e+02	8.8461e+02	6.0471e+02
2.7909e+02	8.4057e+02	5.7998e+02
2.8341e+02	7.9844e+02	5.5588e+02
2.8781e+02	7.5880e+02	5.3305e+02
2.9226e+02	7.2091e+02	5.1037e+02
2.9679e+02	6.8506e+02	4.8843e+02
3.0139e+02	6.5122e+02	4.6721e+02
3.0606e+02	6.1928e+02	4.4669e+02
3.1080e+02	5.8828e+02	4.2725e+02
3.1562e+02	5.5947e+02	4.0888e+02
3.2051e+02	5.3108e+02	3.9099e+02
3.2548e+02	5.0402e+02	3.7367e+02
3.3052e+02	4.7841e+02	3.5696e+02
3.3564e+02	4.5401e+02	3.4078e+02
3.4084e+02	4.3163e+02	3.2531e+02
3.4612e+02	4.0999e+02	3.1066e+02
3.5149e+02	3.8910e+02	2.9634e+02
3.5693e+02	3.6902e+02	2.8226e+02
3.6246e+02	3.4977e+02	2.6883e+02
3.6808e+02	3.3160e+02	2.5613e+02
3.7378e+02	3.1469e+02	2.4398e+02
3.7958e+02	2.9799e+02	2.3251e+02
3.8546e+02	2.8204e+02	2.2173e+02
3.9143e+02	2.6721e+02	2.1148e+02
3.9750e+02	2.5309e+02	2.0158e+02
4.0365e+02	2.3976e+02	1.9204e+02
4.0991e+02	2.2735e+02	1.8279e+02
4.1626e+02	2.1567e+02	1.7393e+02
4.2271e+02	2.0440e+02	1.6542e+02
4.2926e+02	1.9379e+02	1.5733e+02
4.3591e+02	1.8347e+02	1.4974e+02
4.4267e+02	1.7381e+02	1.4244e+02
4.4953e+02	1.6441e+02	1.3554e+02
4.5649e+02	1.5576e+02	1.2887e+02
4.6356e+02	1.4745e+02	1.2242e+02
4.7075e+02	1.3967e+02	1.1628e+02
4.7804e+02	1.3228e+02	1.1029e+02
4.8545e+02	1.2515e+02	1.0445e+02
4.9297e+02	1.1840e+02	9.9095e+01
5.0061e+02	1.1185e+02	9.4116e+01
5.0837e+02	1.0544e+02	8.9207e+01
5.1624e+02	9.9654e+01	8.4509e+01
5.2424e+02	9.4308e+01	8.0043e+01
5.3237e+02	8.8998e+01	7.5831e+01
5.4062e+02	8.4028e+01	7.1852e+01
5.4899e+02	7.9296e+01	6.8036e+01
5.5750e+02	7.4868e+01	6.4391e+01
5.6614e+02	7.0663e+01	6.0989e+01
5.7491e+02	6.6633e+01	5.7755e+01
5.8382e+02	6.2912e+01	5.4636e+01
5.9286e+02	5.9428e+01	5.1662e+01
6.0205e+02	5.6049e+01	4.8825e+01
6.1138e+02	5.2826e+01	4.6119e+01
6.2085e+02	4.9776e+01	4.3582e+01
6.3047e+02	4.6878e+01	4.1165e+01
6.4024e+02	4.4185e+01	3.8830e+01
6.5016e+02	4.1634e+01	3.6663e+01
6.6024e+02	3.9136e+01	3.4598e+01
6.7047e+02	3.6863e+01	3.2622e+01
6.8086e+02	3.4698e+01	3.0752e+01
6.9141e+02	3.2630e+01	2.8966e+01
7.0212e+02	3.0684e+01	2.7282e+01
7.1300e+02	2.8810e+01	2.5708e+01
7.2405e+02	2.7066e+01	2.4219e+01
7.3527e+02	2.5457e+01	2.2811e+01
7.4666e+02	2.3923e+01	2.1511e+01
7.5823e+02	2.2478e+01	2.0286e+01
7.6998e+02	2.1167e+01	1.9115e+01
7.8191e+02	1.9912e+01	1.7983e+01
7.9402e+02	1.8722e+01	1.6897e+01
8.0633e+02	1.7554e+01	1.5872e+01
8.1882e+02	1.6451e+01	1.4906e+01
8.3151e+02	1.5426e+01	1.3998e+01
8.4439e+02	1.4453e+01	1.3153e+01
8.5748e+02	1.3554e+01	1.2349e+01
8.7076e+02	1.2708e+01	1.1577e+01
8.8426e+02	1.1900e+01	1.0845e+01
8.9796e+02	1.1122e+01	1.0164e+01
9.1187e+02	1.0409e+01	9.5134e+00
9.2600e+02	9.7260e+00	8.9111e+00
9.4035e+02	9.0858e+00	8.3668e+00
9.5492e+02	8.5183e+00	7.8456e+00
9.6972e+02	7.9841e+00	7.3332e+00
9.8474e+02	7.4456e+00	6.8603e+00
1.0000e+03	6.9556e+00	6.4185e+00