Energy(MeV)   SpectralFluence(cm^-2 MeV^-1)
5.000000e-02 2.248038e+11
5.168383e-02 2.152222e+11
5.342437e-02 2.060678e+11
5.522353e-02 1.971489e+11
5.708327e-02 1.885753e+11
5.900565e-02 1.804545e+11
6.099276e-02 1.729794e+11
6.304680e-02 1.655001e+11
6.517000e-02 1.585011e+11
6.736471e-02 1.518042e+11
6.963333e-02 1.452118e+11
7.197835e-02 1.390572e+11
7.440234e-02 1.331493e+11
7.690796e-02 1.274413e+11
7.949797e-02 1.220229e+11
8.217519e-02 1.167691e+11
8.494258e-02 1.117095e+11
8.780317e-02 1.070089e+11
9.076008e-02 1.023933e+11
9.381658e-02 9.798412e+10
9.697601e-02 9.374761e+10
1.002418e-01 8.982423e+10
1.036177e-01 8.609043e+10
1.071072e-01 8.242871e+10
1.107142e-01 7.883981e+10
1.144426e-01 7.542023e+10
1.182967e-01 7.225499e+10
1.222805e-01 6.915891e+10
1.263985e-01 6.621717e+10
1.306552e-01 6.341014e+10
1.350553e-01 6.064927e+10
1.396035e-01 5.810301e+10
1.443048e-01 5.562962e+10
1.491646e-01 5.326992e+10
1.541879e-01 5.102287e+10
1.593805e-01 4.888472e+10
1.647479e-01 4.681444e+10
1.702960e-01 4.478102e+10
1.760310e-01 4.285257e+10
1.819592e-01 4.103323e+10
1.880869e-01 3.929471e+10
1.944211e-01 3.763157e+10
2.009685e-01 3.604623e+10
2.077365e-01 3.447237e+10
2.147324e-01 3.296085e+10
2.219638e-01 3.154919e+10
2.294388e-01 3.020800e+10
2.371656e-01 2.888845e+10
2.451525e-01 2.766098e+10
2.534084e-01 2.648511e+10
2.619424e-01 2.534550e+10
2.707637e-01 2.425017e+10
2.798822e-01 2.322304e+10
2.893077e-01 2.221531e+10
2.990506e-01 2.124699e+10
3.091216e-01 2.028923e+10
3.195318e-01 1.940583e+10
3.302926e-01 1.859251e+10
3.414157e-01 1.778290e+10
3.529135e-01 1.703428e+10
3.647984e-01 1.631579e+10
3.770836e-01 1.559471e+10
3.897825e-01 1.492457e+10
4.029091e-01 1.429033e+10
4.164778e-01 1.367796e+10
4.305033e-01 1.307398e+10
4.450013e-01 1.251684e+10
4.599874e-01 1.197077e+10
4.754783e-01 1.145686e+10
4.914908e-01 1.095855e+10
5.080426e-01 1.048835e+10
5.251518e-01 1.003351e+10
5.428371e-01 9.589976e+09
5.611181e-01 9.155874e+09
5.800147e-01 8.752279e+09
5.995476e-01 8.369166e+09
6.197384e-01 8.000579e+09
6.406091e-01 7.651880e+09
6.621827e-01 7.320162e+09
6.844828e-01 7.001652e+09
7.075339e-01 6.689384e+09
7.313613e-01 6.399368e+09
7.559911e-01 6.118489e+09
7.814504e-01 5.853552e+09
8.077670e-01 5.594510e+09
8.349699e-01 5.347159e+09
8.630889e-01 5.110602e+09
8.921549e-01 4.883515e+09
9.221997e-01 4.670536e+09
9.532563e-01 4.460361e+09
9.853588e-01 4.259335e+09
1.018542e+00 4.066751e+09
1.052844e+00 3.881470e+09
1.088300e+00 3.705086e+09
1.124950e+00 3.537004e+09
1.162835e+00 3.379754e+09
1.201995e+00 3.227932e+09
1.242474e+00 3.080707e+09
1.284317e+00 2.943394e+09
1.327568e+00 2.811915e+09
1.372276e+00 2.682724e+09
1.418490e+00 2.562204e+09
1.466260e+00 2.444320e+09
1.515639e+00 2.332475e+09
1.566680e+00 2.224264e+09
1.619441e+00 2.123557e+09
1.673978e+00 2.026392e+09
1.730352e+00 1.932036e+09
1.788625e+00 1.842891e+09
1.848860e+00 1.757057e+09
1.911123e+00 1.675641e+09
1.975484e+00 1.597419e+09
2.042011e+00 1.521803e+09
2.110780e+00 1.450875e+09
2.181864e+00 1.382827e+09
2.255341e+00 1.317537e+09
2.331294e+00 1.254604e+09
2.409804e+00 1.193762e+09
2.490958e+00 1.136537e+09
2.574845e+00 1.081110e+09
2.661558e+00 1.029847e+09
2.751190e+00 9.802450e+08
2.843841e+00 9.328383e+08
2.939612e+00 8.865276e+08
3.038609e+00 8.424019e+08
3.140939e+00 8.009051e+08
3.246715e+00 7.612810e+08
3.356054e+00 7.237411e+08
3.469074e+00 6.875594e+08
3.585901e+00 6.528275e+08
3.706663e+00 6.197408e+08
3.831491e+00 5.882478e+08
3.960522e+00 5.584684e+08
4.093900e+00 5.298634e+08
4.231769e+00 5.027727e+08
4.374280e+00 4.761750e+08
4.521592e+00 4.514546e+08
4.673864e+00 4.280593e+08
4.831264e+00 4.053181e+08
4.993965e+00 3.838144e+08
5.162145e+00 3.635370e+08
5.335989e+00 3.440867e+08
5.515687e+00 3.250213e+08
5.701437e+00 3.071435e+08
5.893443e+00 2.900133e+08
6.091914e+00 2.743237e+08
6.297070e+00 2.589062e+08
6.509134e+00 2.444839e+08
6.728340e+00 2.301973e+08
6.954928e+00 2.166644e+08
7.189147e+00 2.043253e+08
7.431253e+00 1.917172e+08
7.681513e+00 1.803739e+08
7.940201e+00 1.698309e+08
8.207601e+00 1.598802e+08
8.484005e+00 1.501701e+08
8.769719e+00 1.411994e+08
9.065053e+00 1.325123e+08
9.370334e+00 1.245650e+08
9.685896e+00 1.167082e+08
1.001208e+01 1.092045e+08
1.034926e+01 1.024554e+08
1.069779e+01 9.596324e+07
1.105805e+01 8.965738e+07
1.143045e+01 8.376523e+07
1.181539e+01 7.811672e+07
1.221329e+01 7.293178e+07
1.262460e+01 6.811796e+07
1.304975e+01 6.358670e+07
1.348922e+01 5.924699e+07
1.394350e+01 5.519288e+07
1.441307e+01 5.122782e+07
1.489845e+01 4.762308e+07
1.540018e+01 4.422828e+07
1.591881e+01 4.117365e+07
1.645490e+01 3.810499e+07
1.700905e+01 3.534138e+07
1.758185e+01 3.264628e+07
1.817395e+01 3.023707e+07
1.878599e+01 2.798883e+07
1.941864e+01 2.590414e+07
2.007260e+01 2.392601e+07
2.074857e+01 2.206965e+07
2.144732e+01 2.035707e+07
2.216959e+01 1.875872e+07
2.291619e+01 1.723806e+07
2.368793e+01 1.588362e+07
2.448566e+01 1.457675e+07
2.531026e+01 1.340187e+07
2.616262e+01 1.235191e+07
2.704369e+01 1.132618e+07
2.795443e+01 1.039819e+07
2.889585e+01 9.510917e+06
2.986896e+01 8.713203e+06
3.087485e+01 8.018841e+06
3.191461e+01 7.368643e+06
3.298939e+01 6.758071e+06
3.410036e+01 6.200583e+06
3.524875e+01 5.675536e+06
3.643581e+01 5.190955e+06
3.766285e+01 4.763660e+06
3.893121e+01 4.358904e+06
4.024228e+01 3.995307e+06
4.159751e+01 3.659815e+06
4.299837e+01 3.355644e+06
4.444641e+01 3.069665e+06
4.594322e+01 2.798675e+06
4.749044e+01 2.561004e+06
4.908976e+01 2.337191e+06
5.074294e+01 2.134440e+06
5.245179e+01 1.949729e+06
5.421819e+01 1.783903e+06
5.604408e+01 1.633917e+06
5.793146e+01 1.491408e+06
5.988240e+01 1.360250e+06
6.189904e+01 1.243522e+06
6.398359e+01 1.138402e+06
6.613834e+01 1.040329e+06
6.836566e+01 9.506284e+05
7.066799e+01 8.704814e+05
7.304785e+01 7.922661e+05
7.550786e+01 7.245835e+05
7.805072e+01 6.623947e+05
8.067920e+01 6.050260e+05
8.339621e+01 5.520702e+05
8.620472e+01 5.044738e+05
8.910781e+01 4.617008e+05
9.210866e+01 4.214771e+05
9.521057e+01 3.836414e+05
9.841695e+01 3.512243e+05
1.017313e+02 3.202537e+05
1.051573e+02 2.920755e+05
1.086986e+02 2.673701e+05
1.123592e+02 2.441772e+05
1.161431e+02 2.228532e+05
1.200544e+02 2.031899e+05
1.240975e+02 1.855896e+05
1.282767e+02 1.696826e+05
1.325966e+02 1.547500e+05
1.370620e+02 1.411239e+05
1.416778e+02 1.286178e+05
1.464490e+02 1.174770e+05
1.513809e+02 1.071670e+05
1.564789e+02 9.797406e+04
1.617486e+02 8.951721e+04
1.671958e+02 8.163902e+04
1.728264e+02 7.441823e+04
1.786466e+02 6.804454e+04
1.846628e+02 6.214066e+04
1.908817e+02 5.670308e+04
1.973099e+02 5.181269e+04
2.039547e+02 4.738193e+04
2.108232e+02 4.328071e+04
2.179230e+02 3.947957e+04
2.252619e+02 3.603280e+04
2.328480e+02 3.282679e+04
2.406895e+02 3.013868e+04
2.487952e+02 2.750891e+04
2.571738e+02 2.513205e+04
2.658345e+02 2.296345e+04
2.747869e+02 2.097914e+04
2.840408e+02 1.915464e+04
2.936064e+02 1.749972e+04
3.034941e+02 1.598439e+04
3.137148e+02 1.461145e+04
3.242796e+02 1.334605e+04
3.352003e+02 1.219619e+04
3.464887e+02 1.117106e+04
3.581573e+02 1.023021e+04
3.702189e+02 9.352041e+03
3.826866e+02 8.561383e+03
3.955742e+02 7.813332e+03
4.088958e+02 7.141913e+03
4.226661e+02 6.528222e+03
4.369001e+02 5.990882e+03
4.516134e+02 5.464889e+03
4.668222e+02 4.989686e+03
4.825433e+02 4.554510e+03
4.987937e+02 4.152183e+03
5.155914e+02 3.799094e+03
5.329548e+02 3.460061e+03
5.509030e+02 3.161429e+03
5.694556e+02 2.891028e+03
5.886329e+02 2.638020e+03
6.084561e+02 2.410308e+03
6.289469e+02 2.200536e+03
6.501277e+02 2.012713e+03
6.720219e+02 1.834013e+03
6.946533e+02 1.670111e+03
7.180470e+02 1.522284e+03
7.422284e+02 1.385039e+03
7.672242e+02 1.266648e+03
7.930617e+02 1.158429e+03
8.197694e+02 1.057535e+03
8.473765e+02 9.654168e+02
8.759133e+02 8.817857e+02
9.054112e+02 8.081694e+02
9.359024e+02 7.422910e+02
9.674205e+02 6.813587e+02
1.000000e+03 6.218215e+02
