1.000000e+00 1.256637e-09 1.512131e+10
1.013939e+00 1.256637e-09 1.463706e+10
1.028073e+00 1.256637e-09 1.415133e+10
1.042404e+00 1.256637e-09 1.371080e+10
1.056935e+00 1.256637e-09 1.327481e+10
1.071668e+00 1.256637e-09 1.280626e+10
1.086606e+00 1.256637e-09 1.236883e+10
1.101753e+00 1.256637e-09 1.196549e+10
1.117111e+00 1.256637e-09 1.156965e+10
1.132683e+00 1.256637e-09 1.117768e+10
1.148472e+00 1.256637e-09 1.081739e+10
1.164481e+00 1.256637e-09 1.048308e+10
1.180713e+00 1.256637e-09 1.013114e+10
1.197171e+00 1.256637e-09 9.806907e+09
1.213859e+00 1.256637e-09 9.510323e+09
1.230780e+00 1.256637e-09 9.219839e+09
1.247936e+00 1.256637e-09 8.927419e+09
1.265332e+00 1.256637e-09 8.634032e+09
1.282970e+00 1.256637e-09 8.367990e+09
1.300854e+00 1.256637e-09 8.082465e+09
1.318987e+00 1.256637e-09 7.810942e+09
1.337373e+00 1.256637e-09 7.562150e+09
1.356015e+00 1.256637e-09 7.321676e+09
1.374917e+00 1.256637e-09 7.083743e+09
1.394083e+00 1.256637e-09 6.850463e+09
1.413516e+00 1.256637e-09 6.632185e+09
1.433219e+00 1.256637e-09 6.418581e+09
1.453198e+00 1.256637e-09 6.206035e+09
1.473454e+00 1.256637e-09 6.003576e+09
1.493993e+00 1.256637e-09 5.807737e+09
1.514819e+00 1.256637e-09 5.619777e+09
1.535935e+00 1.256637e-09 5.444356e+09
1.557345e+00 1.256637e-09 5.256104e+09
1.579053e+00 1.256637e-09 5.082509e+09
1.601064e+00 1.256637e-09 4.916459e+09
1.623382e+00 1.256637e-09 4.758826e+09
1.646012e+00 1.256637e-09 4.607053e+09
1.668956e+00 1.256637e-09 4.456443e+09
1.692220e+00 1.256637e-09 4.309873e+09
1.715809e+00 1.256637e-09 4.162238e+09
1.739726e+00 1.256637e-09 4.022869e+09
1.763977e+00 1.256637e-09 3.886145e+09
1.788566e+00 1.256637e-09 3.757046e+09
1.813498e+00 1.256637e-09 3.632411e+09
1.838777e+00 1.256637e-09 3.508350e+09
1.864409e+00 1.256637e-09 3.385175e+09
1.890397e+00 1.256637e-09 3.270240e+09
1.916748e+00 1.256637e-09 3.159426e+09
1.943467e+00 1.256637e-09 3.052104e+09
1.970558e+00 1.256637e-09 2.949977e+09
1.998026e+00 1.256637e-09 2.850773e+09
2.025878e+00 1.256637e-09 2.755688e+09
2.054117e+00 1.256637e-09 2.662802e+09
2.082751e+00 1.256637e-09 2.576484e+09
2.111783e+00 1.256637e-09 2.489789e+09
2.141220e+00 1.256637e-09 2.405336e+09
2.171068e+00 1.256637e-09 2.319237e+09
2.201331e+00 1.256637e-09 2.240375e+09
2.232016e+00 1.256637e-09 2.162812e+09
2.263130e+00 1.256637e-09 2.086034e+09
2.294676e+00 1.256637e-09 2.011301e+09
2.326663e+00 1.256637e-09 1.940944e+09
2.359095e+00 1.256637e-09 1.875742e+09
2.391980e+00 1.256637e-09 1.805246e+09
2.425323e+00 1.256637e-09 1.742101e+09
2.459130e+00 1.256637e-09 1.684982e+09
2.493409e+00 1.256637e-09 1.624457e+09
2.528166e+00 1.256637e-09 1.569448e+09
2.563407e+00 1.256637e-09 1.513576e+09
2.599140e+00 1.256637e-09 1.461327e+09
2.635371e+00 1.256637e-09 1.412173e+09
2.672106e+00 1.256637e-09 1.364620e+09
2.709354e+00 1.256637e-09 1.317655e+09
2.747121e+00 1.256637e-09 1.269452e+09
2.785414e+00 1.256637e-09 1.222363e+09
2.824241e+00 1.256637e-09 1.178825e+09
2.863610e+00 1.256637e-09 1.138377e+09
2.903527e+00 1.256637e-09 1.097390e+09
2.944000e+00 1.256637e-09 1.057009e+09
2.985038e+00 1.256637e-09 1.017697e+09
3.026648e+00 1.256637e-09 9.798453e+08
3.068838e+00 1.256637e-09 9.440481e+08
3.111616e+00 1.256637e-09 9.103682e+08
3.154990e+00 1.256637e-09 8.770651e+08
3.198969e+00 1.256637e-09 8.469972e+08
3.243561e+00 1.256637e-09 8.190746e+08
3.288774e+00 1.256637e-09 7.884519e+08
3.334618e+00 1.256637e-09 7.588947e+08
3.381101e+00 1.256637e-09 7.303681e+08
3.428231e+00 1.256637e-09 7.028383e+08
3.476019e+00 1.256637e-09 6.768719e+08
3.524473e+00 1.256637e-09 6.535836e+08
3.573602e+00 1.256637e-09 6.298336e+08
3.623416e+00 1.256637e-09 6.068407e+08
3.673925e+00 1.256637e-09 5.846786e+08
3.725137e+00 1.256637e-09 5.632373e+08
3.777064e+00 1.256637e-09 5.423800e+08
3.829714e+00 1.256637e-09 5.223937e+08
3.883098e+00 1.256637e-09 5.031073e+08
3.937226e+00 1.256637e-09 4.845079e+08
3.992109e+00 1.256637e-09 4.665886e+08
4.047757e+00 1.256637e-09 4.493247e+08
4.104181e+00 1.256637e-09 4.326924e+08
4.161391e+00 1.256637e-09 4.166690e+08
4.219398e+00 1.256637e-09 4.012366e+08
4.278214e+00 1.256637e-09 3.863755e+08
4.337850e+00 1.256637e-09 3.722109e+08
4.398317e+00 1.256637e-09 3.587169e+08
4.459628e+00 1.256637e-09 3.460181e+08
4.521792e+00 1.256637e-09 3.330049e+08
4.584824e+00 1.256637e-09 3.205143e+08
4.648734e+00 1.256637e-09 3.086141e+08
4.713535e+00 1.256637e-09 2.974188e+08
4.779239e+00 1.256637e-09 2.866281e+08
4.845859e+00 1.256637e-09 2.762274e+08
4.913407e+00 1.256637e-09 2.662027e+08
4.981898e+00 1.256637e-09 2.565404e+08
5.051342e+00 1.256637e-09 2.472274e+08
5.121755e+00 1.256637e-09 2.382420e+08
5.193150e+00 1.256637e-09 2.295218e+08
5.265540e+00 1.256637e-09 2.211160e+08
5.338938e+00 1.256637e-09 2.130171e+08
5.413360e+00 1.256637e-09 2.051366e+08
5.488820e+00 1.256637e-09 1.974838e+08
5.565331e+00 1.256637e-09 1.903206e+08
5.642908e+00 1.256637e-09 1.835482e+08
5.721568e+00 1.256637e-09 1.769169e+08
5.801323e+00 1.256637e-09 1.703352e+08
5.882190e+00 1.256637e-09 1.641227e+08
5.964185e+00 1.256637e-09 1.580588e+08
6.047322e+00 1.256637e-09 1.522188e+08
6.131619e+00 1.256637e-09 1.465943e+08
6.217090e+00 1.256637e-09 1.411610e+08
6.303753e+00 1.256637e-09 1.359168e+08
6.391624e+00 1.256637e-09 1.308673e+08
6.480720e+00 1.256637e-09 1.260054e+08
6.571058e+00 1.256637e-09 1.213239e+08
6.662655e+00 1.256637e-09 1.168163e+08
6.755528e+00 1.256637e-09 1.124568e+08
6.849697e+00 1.256637e-09 1.082601e+08
6.945178e+00 1.256637e-09 1.043023e+08
7.041990e+00 1.256637e-09 1.004518e+08
7.140151e+00 1.256637e-09 9.672910e+07
7.239681e+00 1.256637e-09 9.312566e+07
7.340598e+00 1.256637e-09 8.967156e+07
7.442922e+00 1.256637e-09 8.637590e+07
7.546673e+00 1.256637e-09 8.322283e+07
7.651869e+00 1.256637e-09 8.027492e+07
7.758532e+00 1.256637e-09 7.730841e+07
7.866682e+00 1.256637e-09 7.442088e+07
7.976339e+00 1.256637e-09 7.164112e+07
8.087525e+00 1.256637e-09 6.892795e+07
8.200261e+00 1.256637e-09 6.631293e+07
8.314568e+00 1.256637e-09 6.392823e+07
8.430468e+00 1.256637e-09 6.156979e+07
8.547985e+00 1.256637e-09 5.928169e+07
8.667139e+00 1.256637e-09 5.702587e+07
8.787954e+00 1.256637e-09 5.492542e+07
8.910453e+00 1.256637e-09 5.293346e+07
9.034660e+00 1.256637e-09 5.110259e+07
9.160598e+00 1.256637e-09 4.928088e+07
9.288292e+00 1.256637e-09 4.741238e+07
9.417766e+00 1.256637e-09 4.568399e+07
9.549045e+00 1.256637e-09 4.401784e+07
9.682153e+00 1.256637e-09 4.241237e+07
9.817117e+00 1.256637e-09 4.086537e+07
9.953962e+00 1.256637e-09 3.937472e+07
1.009272e+01 1.256637e-09 3.793837e+07
1.023340e+01 1.256637e-09 3.652200e+07
1.037605e+01 1.256637e-09 3.513339e+07
1.052069e+01 1.256637e-09 3.379754e+07
1.066734e+01 1.256637e-09 3.251245e+07
1.081604e+01 1.256637e-09 3.127619e+07
1.096681e+01 1.256637e-09 3.008840e+07
1.111968e+01 1.256637e-09 2.907121e+07
1.127468e+01 1.256637e-09 2.803802e+07
1.143184e+01 1.256637e-09 2.699183e+07
1.159120e+01 1.256637e-09 2.598461e+07
1.175277e+01 1.256637e-09 2.501491e+07
1.191660e+01 1.256637e-09 2.408134e+07
1.208271e+01 1.256637e-09 2.318034e+07
1.225114e+01 1.256637e-09 2.231989e+07
1.242191e+01 1.256637e-09 2.149033e+07
1.259506e+01 1.256637e-09 2.069188e+07
1.277063e+01 1.256637e-09 1.991763e+07
1.294865e+01 1.256637e-09 1.915738e+07
1.312915e+01 1.256637e-09 1.843833e+07
1.331216e+01 1.256637e-09 1.776311e+07
1.349772e+01 1.256637e-09 1.711155e+07
1.368587e+01 1.256637e-09 1.647601e+07
1.387665e+01 1.256637e-09 1.586403e+07
1.407008e+01 1.256637e-09 1.527472e+07
1.426621e+01 1.256637e-09 1.470451e+07
1.446507e+01 1.256637e-09 1.415409e+07
1.466671e+01 1.256637e-09 1.362422e+07
1.487115e+01 1.256637e-09 1.310518e+07
1.507845e+01 1.256637e-09 1.260577e+07
1.528864e+01 1.256637e-09 1.215695e+07
1.550175e+01 1.256637e-09 1.169170e+07
1.571784e+01 1.256637e-09 1.124204e+07
1.593694e+01 1.256637e-09 1.082349e+07
1.615909e+01 1.256637e-09 1.042381e+07
1.638434e+01 1.256637e-09 1.003753e+07
1.661273e+01 1.256637e-09 9.659226e+06
1.684430e+01 1.256637e-09 9.292187e+06
1.707910e+01 1.256637e-09 8.948290e+06
1.731717e+01 1.256637e-09 8.616875e+06
1.755856e+01 1.256637e-09 8.297067e+06
1.780332e+01 1.256637e-09 7.982324e+06
1.805149e+01 1.256637e-09 7.678506e+06
1.830312e+01 1.256637e-09 7.397277e+06
1.855825e+01 1.256637e-09 7.138124e+06
1.881694e+01 1.256637e-09 6.872046e+06
1.907924e+01 1.256637e-09 6.615857e+06
1.934520e+01 1.256637e-09 6.372770e+06
1.961486e+01 1.256637e-09 6.139100e+06
1.988828e+01 1.256637e-09 5.903350e+06
2.016551e+01 1.256637e-09 5.681478e+06
2.044661e+01 1.256637e-09 5.469045e+06
2.073162e+01 1.256637e-09 5.264531e+06
2.102061e+01 1.256637e-09 5.067389e+06
2.131362e+01 1.256637e-09 4.876796e+06
2.161073e+01 1.256637e-09 4.695617e+06
2.191197e+01 1.256637e-09 4.519943e+06
2.221741e+01 1.256637e-09 4.350821e+06
2.252711e+01 1.256637e-09 4.188008e+06
2.284112e+01 1.256637e-09 4.031267e+06
2.315951e+01 1.256637e-09 3.880374e+06
2.348235e+01 1.256637e-09 3.735273e+06
2.380968e+01 1.256637e-09 3.599024e+06
2.414157e+01 1.256637e-09 3.464223e+06
2.447809e+01 1.256637e-09 3.334503e+06
2.481930e+01 1.256637e-09 3.216675e+06
2.516527e+01 1.256637e-09 3.100592e+06
2.551606e+01 1.256637e-09 2.981782e+06
2.587174e+01 1.256637e-09 2.867406e+06
2.623238e+01 1.256637e-09 2.757325e+06
2.659804e+01 1.256637e-09 2.653982e+06
2.696881e+01 1.256637e-09 2.554844e+06
2.734474e+01 1.256637e-09 2.459402e+06
2.772591e+01 1.256637e-09 2.367518e+06
2.811239e+01 1.256637e-09 2.279059e+06
2.850426e+01 1.256637e-09 2.193274e+06
2.890160e+01 1.256637e-09 2.108405e+06
2.930447e+01 1.256637e-09 2.027843e+06
2.971296e+01 1.256637e-09 1.949634e+06
3.012714e+01 1.256637e-09 1.875825e+06
3.054710e+01 1.256637e-09 1.805262e+06
3.097291e+01 1.256637e-09 1.737439e+06
3.140465e+01 1.256637e-09 1.670745e+06
3.184242e+01 1.256637e-09 1.608136e+06
3.228628e+01 1.256637e-09 1.547780e+06
3.273634e+01 1.256637e-09 1.489361e+06
3.319266e+01 1.256637e-09 1.432914e+06
3.365535e+01 1.256637e-09 1.378599e+06
3.412449e+01 1.256637e-09 1.326338e+06
3.460016e+01 1.256637e-09 1.276046e+06
3.508247e+01 1.256637e-09 1.227642e+06
3.557150e+01 1.256637e-09 1.181069e+06
3.606735e+01 1.256637e-09 1.136258e+06
3.657011e+01 1.256637e-09 1.093472e+06
3.707988e+01 1.256637e-09 1.053090e+06
3.759675e+01 1.256637e-09 1.014188e+06
3.812083e+01 1.256637e-09 9.769174e+05
3.865221e+01 1.256637e-09 9.407497e+05
3.919100e+01 1.256637e-09 9.051042e+05
3.973730e+01 1.256637e-09 8.692703e+05
4.029122e+01 1.256637e-09 8.362008e+05
4.085286e+01 1.256637e-09 8.046060e+05
4.142232e+01 1.256637e-09 7.746106e+05
4.199973e+01 1.256637e-09 7.455788e+05
4.258518e+01 1.256637e-09 7.172915e+05
4.317880e+01 1.256637e-09 6.901675e+05
4.378069e+01 1.256637e-09 6.643328e+05
4.439097e+01 1.256637e-09 6.393999e+05
4.500975e+01 1.256637e-09 6.153691e+05
4.563716e+01 1.256637e-09 5.920508e+05
4.627332e+01 1.256637e-09 5.699394e+05
4.691835e+01 1.256637e-09 5.484405e+05
4.757236e+01 1.256637e-09 5.278956e+05
4.823549e+01 1.256637e-09 5.080858e+05
4.890787e+01 1.256637e-09 4.885634e+05
4.958962e+01 1.256637e-09 4.699901e+05
5.028087e+01 1.256637e-09 4.523038e+05
5.098176e+01 1.256637e-09 4.352797e+05
5.169242e+01 1.256637e-09 4.188931e+05
5.241298e+01 1.256637e-09 4.031202e+05
5.314359e+01 1.256637e-09 3.879332e+05
5.388438e+01 1.256637e-09 3.732700e+05
5.463550e+01 1.256637e-09 3.591402e+05
5.539709e+01 1.256637e-09 3.453329e+05
5.616930e+01 1.256637e-09 3.322298e+05
5.695227e+01 1.256637e-09 3.200576e+05
5.774615e+01 1.256637e-09 3.079716e+05
5.855110e+01 1.256637e-09 2.964108e+05
5.936727e+01 1.256637e-09 2.851408e+05
6.019482e+01 1.256637e-09 2.743109e+05
6.103390e+01 1.256637e-09 2.638801e+05
6.188468e+01 1.256637e-09 2.538422e+05
6.274732e+01 1.256637e-09 2.441825e+05
6.362198e+01 1.256637e-09 2.348868e+05
6.450884e+01 1.256637e-09 2.259864e+05
6.540806e+01 1.256637e-09 2.173719e+05
6.631981e+01 1.256637e-09 2.090696e+05
6.724427e+01 1.256637e-09 2.010793e+05
6.818162e+01 1.256637e-09 1.934064e+05
6.913204e+01 1.256637e-09 1.859964e+05
7.009570e+01 1.256637e-09 1.788560e+05
7.107280e+01 1.256637e-09 1.719852e+05
7.206351e+01 1.256637e-09 1.653738e+05
7.306804e+01 1.256637e-09 1.590325e+05
7.408657e+01 1.256637e-09 1.530603e+05
7.511929e+01 1.256637e-09 1.472038e+05
7.616642e+01 1.256637e-09 1.415623e+05
7.722814e+01 1.256637e-09 1.361341e+05
7.830465e+01 1.256637e-09 1.309112e+05
7.939618e+01 1.256637e-09 1.258859e+05
8.050292e+01 1.256637e-09 1.210638e+05
8.162509e+01 1.256637e-09 1.164755e+05
8.276289e+01 1.256637e-09 1.120249e+05
8.391656e+01 1.256637e-09 1.077341e+05
8.508632e+01 1.256637e-09 1.036356e+05
8.627237e+01 1.256637e-09 9.971642e+04
8.747496e+01 1.256637e-09 9.579399e+04
8.869432e+01 1.256637e-09 9.211865e+04
8.993067e+01 1.256637e-09 8.858259e+04
9.118425e+01 1.256637e-09 8.518058e+04
9.245531e+01 1.256637e-09 8.190758e+04
9.374409e+01 1.256637e-09 7.875874e+04
9.505083e+01 1.256637e-09 7.572250e+04
9.637579e+01 1.256637e-09 7.279363e+04
9.771921e+01 1.256637e-09 6.997636e+04
9.908137e+01 1.256637e-09 6.726648e+04
1.004625e+02 1.256637e-09 6.465995e+04
1.018629e+02 1.256637e-09 6.213733e+04
1.032828e+02 1.256637e-09 5.965625e+04
1.047225e+02 1.256637e-09 5.724889e+04
1.061823e+02 1.256637e-09 5.502187e+04
1.076624e+02 1.256637e-09 5.287686e+04
1.091632e+02 1.256637e-09 5.081925e+04
1.106848e+02 1.256637e-09 4.886790e+04
1.122277e+02 1.256637e-09 4.699904e+04
1.137921e+02 1.256637e-09 4.515432e+04
1.153783e+02 1.256637e-09 4.338423e+04
1.169866e+02 1.256637e-09 4.167453e+04
1.186174e+02 1.256637e-09 4.005575e+04
1.202708e+02 1.256637e-09 3.849900e+04
1.219473e+02 1.256637e-09 3.706480e+04
1.236472e+02 1.256637e-09 3.557786e+04
1.253708e+02 1.256637e-09 3.418869e+04
1.271184e+02 1.256637e-09 3.288109e+04
1.288904e+02 1.256637e-09 3.163075e+04
1.306870e+02 1.256637e-09 3.041246e+04
1.325087e+02 1.256637e-09 2.924492e+04
1.343558e+02 1.256637e-09 2.811083e+04
1.362287e+02 1.256637e-09 2.697976e+04
1.381276e+02 1.256637e-09 2.592014e+04
1.400531e+02 1.256637e-09 2.488733e+04
1.420053e+02 1.256637e-09 2.390671e+04
1.439848e+02 1.256637e-09 2.296472e+04
1.459919e+02 1.256637e-09 2.206770e+04
1.480269e+02 1.256637e-09 2.120415e+04
1.500903e+02 1.256637e-09 2.038361e+04
1.521825e+02 1.256637e-09 1.960985e+04
1.543038e+02 1.256637e-09 1.885470e+04
1.564548e+02 1.256637e-09 1.811294e+04
1.586357e+02 1.256637e-09 1.742240e+04
1.608469e+02 1.256637e-09 1.675561e+04
1.630891e+02 1.256637e-09 1.610878e+04
1.653624e+02 1.256637e-09 1.547978e+04
1.676675e+02 1.256637e-09 1.485637e+04
1.700047e+02 1.256637e-09 1.423177e+04
1.723745e+02 1.256637e-09 1.365535e+04
1.747773e+02 1.256637e-09 1.312200e+04
1.772136e+02 1.256637e-09 1.260719e+04
1.796838e+02 1.256637e-09 1.208989e+04
1.821885e+02 1.256637e-09 1.162136e+04
1.847281e+02 1.256637e-09 1.117076e+04
1.873032e+02 1.256637e-09 1.072800e+04
1.899141e+02 1.256637e-09 1.030858e+04
1.925614e+02 1.256637e-09 9.906314e+03
1.952456e+02 1.256637e-09 9.515609e+03
1.979672e+02 1.256637e-09 9.133376e+03
2.007267e+02 1.256637e-09 8.762839e+03
2.035248e+02 1.256637e-09 8.402338e+03
2.063618e+02 1.256637e-09 8.068109e+03
2.092383e+02 1.256637e-09 7.721360e+03
2.121550e+02 1.256637e-09 7.398549e+03
2.151123e+02 1.256637e-09 7.101008e+03
2.181109e+02 1.256637e-09 6.815555e+03
2.211512e+02 1.256637e-09 6.541322e+03
2.242340e+02 1.256637e-09 6.277875e+03
2.273597e+02 1.256637e-09 6.023390e+03
2.305289e+02 1.256637e-09 5.770566e+03
2.337424e+02 1.256637e-09 5.543099e+03
2.370006e+02 1.256637e-09 5.323518e+03
2.403043e+02 1.256637e-09 5.108361e+03
2.436540e+02 1.256637e-09 4.900091e+03
2.470504e+02 1.256637e-09 4.699724e+03
2.504942e+02 1.256637e-09 4.504864e+03
2.539859e+02 1.256637e-09 4.321921e+03
2.575263e+02 1.256637e-09 4.144125e+03
2.611161e+02 1.256637e-09 3.974949e+03
2.647559e+02 1.256637e-09 3.811680e+03
2.684465e+02 1.256637e-09 3.655121e+03
2.721885e+02 1.256637e-09 3.508560e+03
2.759826e+02 1.256637e-09 3.359979e+03
2.798297e+02 1.256637e-09 3.218951e+03
2.837304e+02 1.256637e-09 3.085306e+03
2.876854e+02 1.256637e-09 2.957047e+03
2.916956e+02 1.256637e-09 2.833527e+03
2.957617e+02 1.256637e-09 2.716264e+03
2.998844e+02 1.256637e-09 2.603503e+03
3.040646e+02 1.256637e-09 2.495291e+03
3.083031e+02 1.256637e-09 2.391449e+03
3.126007e+02 1.256637e-09 2.291803e+03
3.169582e+02 1.256637e-09 2.205959e+03
3.213764e+02 1.256637e-09 2.115148e+03
3.258562e+02 1.256637e-09 2.027976e+03
3.303985e+02 1.256637e-09 1.944299e+03
3.350041e+02 1.256637e-09 1.865410e+03
3.396739e+02 1.256637e-09 1.790822e+03
3.444087e+02 1.256637e-09 1.714534e+03
3.492096e+02 1.256637e-09 1.641849e+03
3.540774e+02 1.256637e-09 1.573724e+03
3.590130e+02 1.256637e-09 1.509329e+03
3.640175e+02 1.256637e-09 1.446271e+03
3.690917e+02 1.256637e-09 1.388253e+03
3.742366e+02 1.256637e-09 1.332293e+03
3.794533e+02 1.256637e-09 1.278875e+03
3.847427e+02 1.256637e-09 1.227548e+03
3.901058e+02 1.256637e-09 1.178231e+03
3.955436e+02 1.256637e-09 1.130848e+03
4.010573e+02 1.256637e-09 1.085324e+03
4.066478e+02 1.256637e-09 1.040626e+03
4.123163e+02 1.256637e-09 9.969440e+02
4.180637e+02 1.256637e-09 9.550435e+02
4.238913e+02 1.256637e-09 9.160512e+02
4.298001e+02 1.256637e-09 8.771950e+02
4.357913e+02 1.256637e-09 8.415965e+02
4.418660e+02 1.256637e-09 8.061891e+02
4.480254e+02 1.256637e-09 7.728472e+02
4.542706e+02 1.256637e-09 7.415925e+02
4.606029e+02 1.256637e-09 7.111316e+02
4.670234e+02 1.256637e-09 6.823997e+02
4.735335e+02 1.256637e-09 6.549433e+02
4.801343e+02 1.256637e-09 6.285588e+02
4.868271e+02 1.256637e-09 6.021177e+02
4.936132e+02 1.256637e-09 5.773177e+02
5.004939e+02 1.256637e-09 5.512260e+02
5.074705e+02 1.256637e-09 5.283949e+02
5.145444e+02 1.256637e-09 5.056215e+02
5.217169e+02 1.256637e-09 4.832965e+02
5.289893e+02 1.256637e-09 4.602691e+02
5.363631e+02 1.256637e-09 4.413106e+02
5.438397e+02 1.256637e-09 4.225650e+02
5.514206e+02 1.256637e-09 4.042501e+02
5.591071e+02 1.256637e-09 3.866873e+02
5.669007e+02 1.256637e-09 3.695014e+02
5.748030e+02 1.256637e-09 3.531541e+02
5.828155e+02 1.256637e-09 3.373048e+02
5.909396e+02 1.256637e-09 3.214486e+02
5.991770e+02 1.256637e-09 3.062898e+02
6.075292e+02 1.256637e-09 2.928139e+02
6.159978e+02 1.256637e-09 2.801476e+02
6.245845e+02 1.256637e-09 2.678329e+02
6.332908e+02 1.256637e-09 2.561527e+02
6.421186e+02 1.256637e-09 2.449399e+02
6.510694e+02 1.256637e-09 2.340047e+02
6.601449e+02 1.256637e-09 2.226531e+02
6.693470e+02 1.256637e-09 2.129112e+02
6.786773e+02 1.256637e-09 2.036170e+02
6.881377e+02 1.256637e-09 1.946001e+02
6.977300e+02 1.256637e-09 1.859077e+02
7.074559e+02 1.256637e-09 1.777265e+02
7.173175e+02 1.256637e-09 1.695182e+02
7.273165e+02 1.256637e-09 1.621652e+02
7.374549e+02 1.256637e-09 1.551509e+02
7.477346e+02 1.256637e-09 1.484556e+02
7.581576e+02 1.256637e-09 1.417373e+02
7.687260e+02 1.256637e-09 1.352989e+02
7.794416e+02 1.256637e-09 1.292544e+02
7.903066e+02 1.256637e-09 1.235584e+02
8.013230e+02 1.256637e-09 1.182250e+02
8.124930e+02 1.256637e-09 1.131037e+02
8.238187e+02 1.256637e-09 1.081325e+02
8.353023e+02 1.256637e-09 1.031801e+02
8.469460e+02 1.256637e-09 9.828010e+01
8.587519e+02 1.256637e-09 9.339197e+01
8.707225e+02 1.256637e-09 8.908671e+01
8.828599e+02 1.256637e-09 8.484131e+01
8.951665e+02 1.256637e-09 8.078225e+01
9.076446e+02 1.256637e-09 7.710004e+01
9.202967e+02 1.256637e-09 7.361806e+01
9.331251e+02 1.256637e-09 7.004900e+01
9.461324e+02 1.256637e-09 6.682326e+01
9.593209e+02 1.256637e-09 6.380547e+01
9.726934e+02 1.256637e-09 6.083815e+01
9.862522e+02 1.256637e-09 5.803872e+01
1.000000e+03 1.256637e-09 5.533338e+01
