# Energy(MeV) Phi16_Spherical Phi84_Spherical
5.000000e-02 5.026940e+11 6.683914e+11
5.083354e-02 4.923982e+11 6.535248e+11
5.168098e-02 4.819948e+11 6.393441e+11
5.254254e-02 4.718304e+11 6.250891e+11
5.341847e-02 4.617850e+11 6.114909e+11
5.430899e-02 4.520036e+11 5.982485e+11
5.521437e-02 4.425165e+11 5.849652e+11
5.613484e-02 4.333217e+11 5.718822e+11
5.707065e-02 4.243465e+11 5.589671e+11
5.802206e-02 4.156029e+11 5.465867e+11
5.898934e-02 4.070391e+11 5.344927e+11
5.997274e-02 3.985959e+11 5.227251e+11
6.097253e-02 3.902856e+11 5.112414e+11
6.198899e-02 3.820047e+11 5.000095e+11
6.302240e-02 3.739533e+11 4.890506e+11
6.407303e-02 3.660767e+11 4.783355e+11
6.514118e-02 3.584856e+11 4.677709e+11
6.622713e-02 3.510654e+11 4.575233e+11
6.733119e-02 3.437004e+11 4.474960e+11
6.845366e-02 3.365123e+11 4.376407e+11
6.959484e-02 3.296364e+11 4.279832e+11
7.075504e-02 3.228919e+11 4.185073e+11
7.193458e-02 3.162921e+11 4.092804e+11
7.313379e-02 3.098558e+11 4.002826e+11
7.435299e-02 3.035729e+11 3.914800e+11
7.559251e-02 2.974170e+11 3.828677e+11
7.685270e-02 2.914318e+11 3.744435e+11
7.813389e-02 2.855052e+11 3.660464e+11
7.943645e-02 2.796987e+11 3.579173e+11
8.076072e-02 2.740099e+11 3.498745e+11
8.210706e-02 2.683896e+11 3.421335e+11
8.347585e-02 2.626914e+11 3.348043e+11
8.486746e-02 2.570829e+11 3.275478e+11
8.628227e-02 2.517107e+11 3.203593e+11
8.772067e-02 2.463146e+11 3.133283e+11
8.918304e-02 2.409998e+11 3.064330e+11
9.066979e-02 2.358155e+11 2.997028e+11
9.218133e-02 2.307705e+11 2.931706e+11
9.371807e-02 2.259308e+11 2.867275e+11
9.528042e-02 2.211708e+11 2.804769e+11
9.686882e-02 2.164967e+11 2.743805e+11
9.848370e-02 2.120259e+11 2.682703e+11
1.001255e-01 2.075618e+11 2.622908e+11
1.017947e-01 2.031896e+11 2.565018e+11
1.034917e-01 1.989104e+11 2.509527e+11
1.052170e-01 1.946875e+11 2.453991e+11
1.069710e-01 1.906252e+11 2.400985e+11
1.087543e-01 1.865133e+11 2.348511e+11
1.105673e-01 1.825430e+11 2.297284e+11
1.124106e-01 1.787761e+11 2.246849e+11
1.142846e-01 1.750981e+11 2.197070e+11
1.161898e-01 1.714941e+11 2.148775e+11
1.181267e-01 1.678799e+11 2.101109e+11
1.200960e-01 1.642434e+11 2.055082e+11
1.220981e-01 1.607220e+11 2.009894e+11
1.241336e-01 1.573873e+11 1.965943e+11
1.262030e-01 1.540536e+11 1.923313e+11
1.283069e-01 1.508081e+11 1.882377e+11
1.304459e-01 1.476795e+11 1.841280e+11
1.326205e-01 1.446155e+11 1.800933e+11
1.348314e-01 1.416149e+11 1.762211e+11
1.370791e-01 1.385749e+11 1.724004e+11
1.393644e-01 1.356270e+11 1.686444e+11
1.416877e-01 1.327050e+11 1.649522e+11
1.440497e-01 1.298208e+11 1.613425e+11
1.464512e-01 1.271899e+11 1.578644e+11
1.488926e-01 1.246756e+11 1.543807e+11
1.513748e-01 1.221640e+11 1.510452e+11
1.538983e-01 1.196154e+11 1.476921e+11
1.564639e-01 1.170487e+11 1.444641e+11
1.590723e-01 1.146759e+11 1.413330e+11
1.617242e-01 1.122600e+11 1.382774e+11
1.644202e-01 1.098822e+11 1.352169e+11
1.671612e-01 1.075258e+11 1.322362e+11
1.699480e-01 1.052071e+11 1.293363e+11
1.727811e-01 1.030214e+11 1.265094e+11
1.756615e-01 1.008680e+11 1.237343e+11
1.785899e-01 9.871877e+10 1.210682e+11
1.815672e-01 9.668799e+10 1.183840e+11
1.845941e-01 9.458274e+10 1.157443e+11
1.876714e-01 9.255234e+10 1.131364e+11
1.908000e-01 9.058324e+10 1.106787e+11
1.939808e-01 8.868232e+10 1.082814e+11
1.972146e-01 8.681754e+10 1.059179e+11
2.005023e-01 8.500218e+10 1.036113e+11
2.038449e-01 8.322614e+10 1.013252e+11
2.072431e-01 8.146107e+10 9.914669e+10
2.106980e-01 7.975235e+10 9.698634e+10
2.142105e-01 7.811904e+10 9.476078e+10
2.177816e-01 7.648886e+10 9.263938e+10
2.214122e-01 7.488476e+10 9.063143e+10
2.251033e-01 7.331256e+10 8.872103e+10
2.288560e-01 7.176955e+10 8.674659e+10
2.326712e-01 7.022898e+10 8.475498e+10
2.365500e-01 6.875668e+10 8.284358e+10
2.404935e-01 6.734313e+10 8.102912e+10
2.445027e-01 6.589058e+10 7.926415e+10
2.485788e-01 6.454710e+10 7.753211e+10
2.527228e-01 6.321820e+10 7.585754e+10
2.569359e-01 6.188444e+10 7.419761e+10
2.612192e-01 6.057958e+10 7.258840e+10
2.655739e-01 5.932382e+10 7.101511e+10
2.700012e-01 5.806009e+10 6.945408e+10
2.745024e-01 5.681836e+10 6.795835e+10
2.790786e-01 5.562511e+10 6.648687e+10
2.837310e-01 5.444321e+10 6.503751e+10
2.884610e-01 5.328369e+10 6.362393e+10
2.932699e-01 5.216732e+10 6.223716e+10
2.981590e-01 5.100968e+10 6.087810e+10
3.031295e-01 4.992763e+10 5.954454e+10
3.081829e-01 4.886549e+10 5.823009e+10
3.133206e-01 4.781442e+10 5.694839e+10
3.185439e-01 4.681505e+10 5.571719e+10
3.238543e-01 4.578602e+10 5.448941e+10
3.292532e-01 4.484072e+10 5.329006e+10
3.347421e-01 4.388138e+10 5.213752e+10
3.403225e-01 4.294160e+10 5.098090e+10
3.459960e-01 4.200484e+10 4.983425e+10
3.517640e-01 4.108291e+10 4.874353e+10
3.576282e-01 4.020599e+10 4.767511e+10
3.635901e-01 3.932937e+10 4.661551e+10
3.696515e-01 3.848376e+10 4.559419e+10
3.758138e-01 3.763862e+10 4.457730e+10
3.820790e-01 3.683560e+10 4.360934e+10
3.884485e-01 3.606519e+10 4.265583e+10
3.949243e-01 3.531095e+10 4.170947e+10
4.015080e-01 3.454622e+10 4.080000e+10
4.082014e-01 3.379548e+10 3.991459e+10
4.150065e-01 3.306172e+10 3.904548e+10
4.219250e-01 3.234945e+10 3.820062e+10
4.289588e-01 3.166123e+10 3.736632e+10
4.361099e-01 3.098101e+10 3.656721e+10
4.433802e-01 3.032062e+10 3.575955e+10
4.507717e-01 2.967628e+10 3.498982e+10
4.582864e-01 2.904748e+10 3.420439e+10
4.659264e-01 2.843354e+10 3.344147e+10
4.736938e-01 2.782615e+10 3.272755e+10
4.815906e-01 2.723294e+10 3.200462e+10
4.896191e-01 2.665678e+10 3.131398e+10
4.977815e-01 2.609031e+10 3.062866e+10
5.060799e-01 2.552594e+10 2.996072e+10
5.145167e-01 2.498104e+10 2.930647e+10
5.230941e-01 2.444760e+10 2.867437e+10
5.318145e-01 2.391992e+10 2.803994e+10
5.406802e-01 2.338864e+10 2.742316e+10
5.496938e-01 2.286534e+10 2.681159e+10
5.588576e-01 2.236092e+10 2.622755e+10
5.681742e-01 2.187036e+10 2.564634e+10
5.776462e-01 2.138290e+10 2.506474e+10
5.872760e-01 2.092622e+10 2.451012e+10
5.970663e-01 2.049530e+10 2.396329e+10
6.070199e-01 2.003864e+10 2.344281e+10
6.171394e-01 1.962556e+10 2.293695e+10
6.274276e-01 1.921772e+10 2.242985e+10
6.378874e-01 1.879964e+10 2.193951e+10
6.485214e-01 1.839223e+10 2.146509e+10
6.593328e-01 1.798583e+10 2.100502e+10
6.703244e-01 1.759108e+10 2.055766e+10
6.814993e-01 1.721100e+10 2.010605e+10
6.928604e-01 1.683747e+10 1.966694e+10
7.044109e-01 1.647235e+10 1.923468e+10
7.161540e-01 1.610678e+10 1.882505e+10
7.280929e-01 1.574654e+10 1.840824e+10
7.402308e-01 1.540167e+10 1.801028e+10
7.525710e-01 1.506666e+10 1.762089e+10
7.651170e-01 1.474073e+10 1.723293e+10
7.778721e-01 1.440909e+10 1.685195e+10
7.908399e-01 1.409036e+10 1.647794e+10
8.040238e-01 1.377950e+10 1.611587e+10
8.174275e-01 1.347549e+10 1.576083e+10
8.310547e-01 1.317138e+10 1.541147e+10
8.449090e-01 1.287649e+10 1.507881e+10
8.589943e-01 1.258936e+10 1.475069e+10
8.733145e-01 1.230791e+10 1.443099e+10
8.878733e-01 1.201887e+10 1.411760e+10
9.026749e-01 1.175299e+10 1.380746e+10
9.177232e-01 1.149036e+10 1.350828e+10
9.330224e-01 1.123599e+10 1.320897e+10
9.485766e-01 1.099203e+10 1.291921e+10
9.643901e-01 1.074946e+10 1.263855e+10
9.804673e-01 1.051678e+10 1.236543e+10
9.968125e-01 1.028766e+10 1.209265e+10
1.013430e+00 1.006144e+10 1.183004e+10
1.030325e+00 9.835955e+09 1.156866e+10
1.047501e+00 9.617964e+09 1.131275e+10
1.064964e+00 9.405828e+09 1.106177e+10
1.082718e+00 9.190541e+09 1.081903e+10
1.100767e+00 8.982378e+09 1.057871e+10
1.119118e+00 8.780148e+09 1.034158e+10
1.137775e+00 8.576412e+09 1.011187e+10
1.156742e+00 8.382567e+09 9.886364e+09
1.176026e+00 8.191500e+09 9.666939e+09
1.195631e+00 8.002639e+09 9.453300e+09
1.215564e+00 7.819733e+09 9.246109e+09
1.235828e+00 7.640095e+09 9.041297e+09
1.256430e+00 7.466970e+09 8.844279e+09
1.277376e+00 7.298191e+09 8.646065e+09
1.298671e+00 7.133544e+09 8.457637e+09
1.320321e+00 6.970131e+09 8.270286e+09
1.342331e+00 6.812260e+09 8.080001e+09
1.364709e+00 6.660136e+09 7.897323e+09
1.387460e+00 6.507787e+09 7.720081e+09
1.410590e+00 6.358803e+09 7.546283e+09
1.434106e+00 6.213632e+09 7.377164e+09
1.458013e+00 6.074234e+09 7.213139e+09
1.482320e+00 5.932621e+09 7.050450e+09
1.507031e+00 5.801481e+09 6.892492e+09
1.532155e+00 5.669324e+09 6.741746e+09
1.557697e+00 5.539069e+09 6.595436e+09
1.583665e+00 5.411838e+09 6.449636e+09
1.610066e+00 5.287204e+09 6.305324e+09
1.636907e+00 5.165699e+09 6.160986e+09
1.664195e+00 5.047000e+09 6.019225e+09
1.691939e+00 4.932008e+09 5.882057e+09
1.720145e+00 4.819083e+09 5.750211e+09
1.748821e+00 4.709386e+09 5.620956e+09
1.777975e+00 4.601192e+09 5.494895e+09
1.807616e+00 4.493044e+09 5.370974e+09
1.837750e+00 4.388445e+09 5.247910e+09
1.868387e+00 4.286423e+09 5.130052e+09
1.899534e+00 4.186460e+09 5.014138e+09
1.931201e+00 4.088843e+09 4.899042e+09
1.963396e+00 3.993503e+09 4.786853e+09
1.996127e+00 3.900669e+09 4.677361e+09
2.029404e+00 3.808858e+09 4.570625e+09
2.063236e+00 3.723873e+09 4.464156e+09
2.097632e+00 3.636701e+09 4.365154e+09
2.132601e+00 3.551366e+09 4.267978e+09
2.168153e+00 3.466829e+09 4.169416e+09
2.204298e+00 3.383882e+09 4.074109e+09
2.241045e+00 3.305097e+09 3.981525e+09
2.278405e+00 3.225429e+09 3.891451e+09
2.316388e+00 3.150012e+09 3.801866e+09
2.355004e+00 3.074597e+09 3.716282e+09
2.394264e+00 3.001872e+09 3.631345e+09
2.434178e+00 2.931621e+09 3.545141e+09
2.474758e+00 2.863420e+09 3.462356e+09
2.516014e+00 2.795493e+09 3.380290e+09
2.557958e+00 2.728735e+09 3.301154e+09
2.600601e+00 2.662203e+09 3.224700e+09
2.643956e+00 2.598527e+09 3.149780e+09
2.688032e+00 2.536380e+09 3.076281e+09
2.732844e+00 2.475592e+09 3.003057e+09
2.778403e+00 2.417008e+09 2.930715e+09
2.824721e+00 2.359213e+09 2.862080e+09
2.871811e+00 2.303085e+09 2.794618e+09
2.919687e+00 2.247908e+09 2.727794e+09
2.968360e+00 2.193958e+09 2.662662e+09
3.017845e+00 2.141209e+09 2.598961e+09
3.068155e+00 2.089130e+09 2.536427e+09
3.119304e+00 2.037445e+09 2.475276e+09
3.171305e+00 1.987120e+09 2.415655e+09
3.224173e+00 1.938425e+09 2.357390e+09
3.277923e+00 1.890901e+09 2.302263e+09
3.332568e+00 1.844458e+09 2.247822e+09
3.388125e+00 1.799073e+09 2.192741e+09
3.444608e+00 1.754802e+09 2.140139e+09
3.502032e+00 1.711220e+09 2.089169e+09
3.560414e+00 1.669736e+09 2.036639e+09
3.619769e+00 1.629286e+09 1.985438e+09
3.680113e+00 1.589078e+09 1.937182e+09
3.741463e+00 1.550137e+09 1.890000e+09
3.803837e+00 1.512149e+09 1.844170e+09
3.867250e+00 1.473926e+09 1.799455e+09
3.931720e+00 1.436878e+09 1.755437e+09
3.997265e+00 1.401012e+09 1.712261e+09
4.063902e+00 1.365979e+09 1.669709e+09
4.131651e+00 1.331873e+09 1.627585e+09
4.200529e+00 1.298984e+09 1.586432e+09
4.270555e+00 1.266880e+09 1.546572e+09
4.341748e+00 1.235412e+09 1.508671e+09
4.414129e+00 1.204249e+09 1.472445e+09
4.487716e+00 1.173821e+09 1.436022e+09
4.562530e+00 1.144166e+09 1.400259e+09
4.638591e+00 1.115214e+09 1.366040e+09
4.715920e+00 1.086877e+09 1.332051e+09
4.794538e+00 1.059148e+09 1.298553e+09
4.874467e+00 1.032393e+09 1.266030e+09
4.955728e+00 1.005891e+09 1.233063e+09
5.038344e+00 9.802400e+08 1.201641e+09
5.122337e+00 9.548992e+08 1.171590e+09
5.207731e+00 9.300979e+08 1.140615e+09
5.294548e+00 9.060171e+08 1.111112e+09
5.382812e+00 8.824552e+08 1.082890e+09
5.472548e+00 8.593165e+08 1.055930e+09
5.563780e+00 8.369805e+08 1.029233e+09
5.656532e+00 8.151406e+08 1.003066e+09
5.750831e+00 7.937262e+08 9.769175e+08
5.846702e+00 7.728547e+08 9.515231e+08
5.944171e+00 7.525577e+08 9.269234e+08
6.043265e+00 7.326657e+08 9.025257e+08
6.144012e+00 7.130825e+08 8.785697e+08
6.246437e+00 6.942505e+08 8.548180e+08
6.350570e+00 6.755860e+08 8.316643e+08
6.456439e+00 6.574397e+08 8.095647e+08
6.564073e+00 6.399866e+08 7.877852e+08
6.673502e+00 6.227260e+08 7.665332e+08
6.784754e+00 6.061634e+08 7.455043e+08
6.897862e+00 5.899724e+08 7.251255e+08
7.012854e+00 5.740752e+08 7.051169e+08
7.129764e+00 5.583500e+08 6.857156e+08
7.248623e+00 5.431717e+08 6.666179e+08
7.369464e+00 5.285976e+08 6.485633e+08
7.492318e+00 5.141721e+08 6.305549e+08
7.617221e+00 5.000200e+08 6.128304e+08
7.744207e+00 4.860930e+08 5.958492e+08
7.873309e+00 4.726909e+08 5.792187e+08
8.004563e+00 4.592227e+08 5.630714e+08
8.138006e+00 4.464872e+08 5.473699e+08
8.273673e+00 4.342201e+08 5.322940e+08
8.411601e+00 4.222085e+08 5.174082e+08
8.551830e+00 4.103002e+08 5.028463e+08
8.694395e+00 3.984558e+08 4.881376e+08
8.839338e+00 3.871327e+08 4.742611e+08
8.986697e+00 3.759909e+08 4.605556e+08
9.136512e+00 3.652757e+08 4.471178e+08
9.288825e+00 3.547248e+08 4.339346e+08
9.443677e+00 3.442353e+08 4.209204e+08
9.601111e+00 3.339599e+08 4.084028e+08
9.761169e+00 3.240827e+08 3.961537e+08
9.923896e+00 3.143665e+08 3.841618e+08
1.008933e+01 3.049500e+08 3.724318e+08
1.025753e+01 2.958694e+08 3.610122e+08
1.042853e+01 2.867843e+08 3.501515e+08
1.060239e+01 2.780827e+08 3.396106e+08
1.077914e+01 2.695435e+08 3.292708e+08
1.095883e+01 2.611195e+08 3.191964e+08
1.114153e+01 2.530409e+08 3.093039e+08
1.132726e+01 2.453821e+08 2.994515e+08
1.151610e+01 2.377949e+08 2.902613e+08
1.170808e+01 2.304716e+08 2.811285e+08
1.190326e+01 2.234803e+08 2.724934e+08
1.210170e+01 2.165537e+08 2.640324e+08
1.230345e+01 2.099553e+08 2.559015e+08
1.250855e+01 2.035053e+08 2.477007e+08
1.271708e+01 1.969875e+08 2.399485e+08
1.292909e+01 1.904695e+08 2.321333e+08
1.314462e+01 1.838370e+08 2.244462e+08
1.336375e+01 1.780505e+08 2.172536e+08
1.358654e+01 1.724023e+08 2.100820e+08
1.381304e+01 1.667522e+08 2.031799e+08
1.404331e+01 1.612241e+08 1.965096e+08
1.427743e+01 1.558401e+08 1.899018e+08
1.451544e+01 1.505836e+08 1.835339e+08
1.475743e+01 1.456224e+08 1.774659e+08
1.500344e+01 1.405922e+08 1.714942e+08
1.525356e+01 1.357919e+08 1.656321e+08
1.550785e+01 1.312028e+08 1.598868e+08
1.576638e+01 1.265458e+08 1.545253e+08
1.602922e+01 1.221451e+08 1.492630e+08
1.629644e+01 1.178701e+08 1.442148e+08
1.656811e+01 1.135996e+08 1.391683e+08
1.684432e+01 1.096176e+08 1.342369e+08
1.712513e+01 1.058234e+08 1.294425e+08
1.741061e+01 1.018810e+08 1.247560e+08
1.770086e+01 9.810246e+07 1.201601e+08
1.799595e+01 9.446061e+07 1.159077e+08
1.829596e+01 9.077543e+07 1.118260e+08
1.860097e+01 8.731173e+07 1.077621e+08
1.891106e+01 8.406737e+07 1.037525e+08
1.922632e+01 8.089974e+07 9.992207e+07
1.954684e+01 7.791816e+07 9.612929e+07
1.987270e+01 7.499876e+07 9.264759e+07
2.020400e+01 7.197186e+07 8.910871e+07
2.054081e+01 6.905513e+07 8.568896e+07
2.088324e+01 6.631034e+07 8.236813e+07
2.123138e+01 6.368987e+07 7.911838e+07
2.158533e+01 6.105302e+07 7.599953e+07
2.194517e+01 5.853030e+07 7.301203e+07
2.231102e+01 5.624521e+07 7.016019e+07
2.268296e+01 5.392398e+07 6.747142e+07
2.306110e+01 5.179336e+07 6.482186e+07
2.344555e+01 4.969760e+07 6.222600e+07
2.383641e+01 4.767828e+07 5.972468e+07
2.423378e+01 4.572946e+07 5.725479e+07
2.463777e+01 4.381745e+07 5.495166e+07
2.504851e+01 4.191734e+07 5.267940e+07
2.546608e+01 4.013057e+07 5.046313e+07
2.589062e+01 3.842832e+07 4.833255e+07
2.632224e+01 3.677655e+07 4.626960e+07
2.676105e+01 3.517764e+07 4.430775e+07
2.720718e+01 3.356605e+07 4.242284e+07
2.766075e+01 3.193966e+07 4.060302e+07
2.812188e+01 3.048943e+07 3.885317e+07
2.859069e+01 2.900594e+07 3.712969e+07
2.906732e+01 2.767777e+07 3.552079e+07
2.955189e+01 2.637500e+07 3.393616e+07
3.004455e+01 2.509384e+07 3.245679e+07
3.054541e+01 2.389327e+07 3.098083e+07
3.105463e+01 2.271781e+07 2.957416e+07
3.157234e+01 2.161619e+07 2.823681e+07
3.209867e+01 2.051650e+07 2.692988e+07
3.263378e+01 1.949755e+07 2.571065e+07
3.317781e+01 1.854577e+07 2.446002e+07
3.373092e+01 1.759397e+07 2.334641e+07
3.429324e+01 1.668391e+07 2.221800e+07
3.486493e+01 1.580326e+07 2.115786e+07
3.544616e+01 1.498303e+07 2.015479e+07
3.603708e+01 1.419543e+07 1.920252e+07
3.663784e+01 1.345595e+07 1.824985e+07
3.724862e+01 1.275923e+07 1.734489e+07
3.786959e+01 1.209873e+07 1.648663e+07
3.850090e+01 1.146852e+07 1.567256e+07
3.914275e+01 1.087231e+07 1.488074e+07
3.979529e+01 1.030925e+07 1.411509e+07
4.045871e+01 9.767723e+06 1.340090e+07
4.113318e+01 9.258492e+06 1.269561e+07
4.181891e+01 8.782743e+06 1.202634e+07
4.251606e+01 8.326400e+06 1.141316e+07
4.322484e+01 7.882040e+06 1.083305e+07
4.394543e+01 7.471285e+06 1.027115e+07
4.467804e+01 7.083405e+06 9.730435e+06
4.542286e+01 6.716097e+06 9.214955e+06
4.618009e+01 6.362010e+06 8.723315e+06
4.694995e+01 6.025990e+06 8.257279e+06
4.773264e+01 5.707559e+06 7.806164e+06
4.852839e+01 5.407694e+06 7.383494e+06
4.933739e+01 5.121494e+06 6.986193e+06
5.015989e+01 4.856232e+06 6.607798e+06
5.099609e+01 4.601030e+06 6.242880e+06
5.184624e+01 4.358865e+06 5.895355e+06
5.271056e+01 4.128188e+06 5.569738e+06
5.358928e+01 3.909852e+06 5.262704e+06
5.448266e+01 3.703283e+06 4.967043e+06
5.539093e+01 3.510664e+06 4.691731e+06
5.631434e+01 3.323336e+06 4.433700e+06
5.725315e+01 3.147378e+06 4.193551e+06
5.820760e+01 2.983849e+06 3.964840e+06
5.917797e+01 2.829891e+06 3.746800e+06
6.016451e+01 2.683968e+06 3.543517e+06
6.116750e+01 2.543122e+06 3.350981e+06
6.218721e+01 2.406630e+06 3.168585e+06
6.322392e+01 2.281289e+06 2.998867e+06
6.427792e+01 2.162634e+06 2.835906e+06
6.534948e+01 2.049002e+06 2.680241e+06
6.643891e+01 1.941341e+06 2.533746e+06
6.754650e+01 1.839337e+06 2.394770e+06
6.867256e+01 1.742700e+06 2.263461e+06
6.981738e+01 1.650319e+06 2.138834e+06
7.098129e+01 1.563274e+06 2.022183e+06
7.216461e+01 1.480804e+06 1.910422e+06
7.336765e+01 1.401399e+06 1.804659e+06
7.459075e+01 1.326046e+06 1.706145e+06
7.583423e+01 1.257663e+06 1.612746e+06
7.709845e+01 1.190848e+06 1.524674e+06
7.838375e+01 1.127636e+06 1.440794e+06
7.969047e+01 1.067256e+06 1.362598e+06
8.101897e+01 1.012588e+06 1.288450e+06
8.236962e+01 9.591721e+05 1.217897e+06
8.374279e+01 9.085957e+05 1.153053e+06
8.513885e+01 8.598172e+05 1.089515e+06
8.655818e+01 8.144127e+05 1.029761e+06
8.800117e+01 7.709471e+05 9.746633e+05
8.946822e+01 7.300259e+05 9.214482e+05
9.095973e+01 6.905603e+05 8.705123e+05
9.247610e+01 6.537436e+05 8.231576e+05
9.401775e+01 6.187615e+05 7.785644e+05
9.558510e+01 5.861945e+05 7.362773e+05
9.717858e+01 5.547834e+05 6.958506e+05
9.879863e+01 5.251628e+05 6.579596e+05
1.004457e+02 4.978881e+05 6.215323e+05
1.021202e+02 4.716171e+05 5.872143e+05
1.038226e+02 4.465065e+05 5.551447e+05
1.055534e+02 4.223616e+05 5.253467e+05
1.073131e+02 3.999532e+05 4.970851e+05
1.091021e+02 3.789246e+05 4.701972e+05
1.109209e+02 3.590503e+05 4.445585e+05
1.127700e+02 3.396988e+05 4.204048e+05
1.146500e+02 3.216839e+05 3.976385e+05
1.165613e+02 3.041197e+05 3.759333e+05
1.185045e+02 2.874324e+05 3.556958e+05
1.204800e+02 2.722336e+05 3.367436e+05
1.224885e+02 2.575160e+05 3.182287e+05
1.245305e+02 2.437853e+05 3.009516e+05
1.266066e+02 2.309365e+05 2.845087e+05
1.287172e+02 2.187060e+05 2.691367e+05
1.308630e+02 2.072862e+05 2.544847e+05
1.330446e+02 1.964589e+05 2.407393e+05
1.352626e+02 1.858763e+05 2.277660e+05
1.375175e+02 1.758735e+05 2.154025e+05
1.398100e+02 1.663923e+05 2.035962e+05
1.421408e+02 1.574263e+05 1.922763e+05
1.445104e+02 1.491114e+05 1.822222e+05
1.469195e+02 1.409983e+05 1.725414e+05
1.493687e+02 1.335040e+05 1.632749e+05
1.518588e+02 1.263673e+05 1.546408e+05
1.543904e+02 1.195160e+05 1.465904e+05
1.569642e+02 1.130931e+05 1.388354e+05
1.595810e+02 1.069705e+05 1.313302e+05
1.622413e+02 1.010777e+05 1.242433e+05
1.649460e+02 9.554315e+04 1.175810e+05
1.676958e+02 9.035434e+04 1.112662e+05
1.704914e+02 8.546549e+04 1.053173e+05
1.733336e+02 8.089214e+04 9.974996e+04
1.762232e+02 7.653438e+04 9.442916e+04
1.791610e+02 7.241640e+04 8.920683e+04
1.821478e+02 6.851982e+04 8.438966e+04
1.851843e+02 6.486363e+04 7.985912e+04
1.882715e+02 6.141364e+04 7.553630e+04
1.914101e+02 5.814140e+04 7.128755e+04
1.946011e+02 5.494222e+04 6.744773e+04
1.978453e+02 5.192653e+04 6.384203e+04
2.011435e+02 4.911398e+04 6.047721e+04
2.044967e+02 4.648970e+04 5.719137e+04
2.079058e+02 4.399794e+04 5.414835e+04
2.113718e+02 4.160812e+04 5.126155e+04
2.148955e+02 3.931325e+04 4.854028e+04
2.184780e+02 3.719487e+04 4.594675e+04
2.221202e+02 3.513884e+04 4.347264e+04
2.258231e+02 3.328704e+04 4.115029e+04
2.295878e+02 3.151142e+04 3.897961e+04
2.334152e+02 2.979158e+04 3.691543e+04
2.373064e+02 2.818016e+04 3.494654e+04
2.412625e+02 2.665843e+04 3.310512e+04
2.452846e+02 2.520315e+04 3.135271e+04
2.493736e+02 2.383334e+04 2.968792e+04
2.535309e+02 2.253577e+04 2.810758e+04
2.577575e+02 2.131705e+04 2.660458e+04
2.620545e+02 2.017714e+04 2.518648e+04
2.664231e+02 1.908035e+04 2.383748e+04
2.708646e+02 1.802714e+04 2.255940e+04
2.753802e+02 1.705199e+04 2.135373e+04
2.799710e+02 1.613631e+04 2.020566e+04
2.846383e+02 1.526113e+04 1.914170e+04
2.893835e+02 1.441838e+04 1.812705e+04
2.942077e+02 1.362847e+04 1.715363e+04
2.991124e+02 1.289023e+04 1.622425e+04
3.040988e+02 1.219223e+04 1.535565e+04
3.091684e+02 1.152438e+04 1.454649e+04
3.143225e+02 1.090930e+04 1.377814e+04
3.195625e+02 1.031114e+04 1.304893e+04
3.248899e+02 9.744191e+03 1.236078e+04
3.303060e+02 9.223900e+03 1.170607e+04
3.358125e+02 8.732373e+03 1.109706e+04
3.414108e+02 8.254820e+03 1.051644e+04
3.471024e+02 7.800534e+03 9.964767e+03
3.528888e+02 7.375437e+03 9.438079e+03
3.587718e+02 6.970048e+03 8.931208e+03
3.647528e+02 6.589307e+03 8.457576e+03
3.708335e+02 6.229625e+03 8.003556e+03
3.770156e+02 5.887409e+03 7.585156e+03
3.833007e+02 5.561510e+03 7.177094e+03
3.896907e+02 5.256312e+03 6.795965e+03
3.961871e+02 4.971177e+03 6.441738e+03
4.027919e+02 4.698145e+03 6.092128e+03
4.095068e+02 4.442525e+03 5.773603e+03
4.163336e+02 4.201618e+03 5.473942e+03
4.232742e+02 3.973029e+03 5.189123e+03
4.303305e+02 3.752451e+03 4.916434e+03
4.375044e+02 3.546365e+03 4.656961e+03
4.447980e+02 3.356747e+03 4.411183e+03
4.522131e+02 3.170323e+03 4.178376e+03
4.597519e+02 2.998900e+03 3.954156e+03
4.674163e+02 2.832478e+03 3.744080e+03
4.752085e+02 2.677526e+03 3.549352e+03
4.831306e+02 2.532252e+03 3.361624e+03
4.911848e+02 2.393608e+03 3.185177e+03
4.993733e+02 2.262534e+03 3.015311e+03
5.076982e+02 2.137304e+03 2.857003e+03
5.161619e+02 2.020387e+03 2.706776e+03
5.247668e+02 1.909539e+03 2.564488e+03
5.335151e+02 1.805445e+03 2.428248e+03
5.424092e+02 1.706393e+03 2.301082e+03
5.514516e+02 1.614395e+03 2.178891e+03
5.606447e+02 1.526445e+03 2.064854e+03
5.699911e+02 1.443286e+03 1.956305e+03
5.794933e+02 1.364658e+03 1.854143e+03
5.891539e+02 1.290442e+03 1.757141e+03
5.989756e+02 1.219147e+03 1.664474e+03
6.089610e+02 1.152331e+03 1.575728e+03
6.191129e+02 1.089577e+03 1.494739e+03
6.294340e+02 1.030346e+03 1.416368e+03
6.399271e+02 9.732319e+02 1.341633e+03
6.505952e+02 9.194719e+02 1.269799e+03
6.614412e+02 8.690631e+02 1.203807e+03
6.724679e+02 8.208284e+02 1.140587e+03
6.836785e+02 7.753754e+02 1.080146e+03
6.950760e+02 7.325908e+02 1.022795e+03
7.066635e+02 6.925244e+02 9.684254e+02
7.184441e+02 6.550201e+02 9.168822e+02
7.304211e+02 6.195875e+02 8.681459e+02
7.425979e+02 5.858018e+02 8.226764e+02
7.549776e+02 5.537603e+02 7.793763e+02
7.675636e+02 5.233047e+02 7.384490e+02
7.803595e+02 4.945346e+02 6.997278e+02
7.933688e+02 4.675508e+02 6.630495e+02
8.065948e+02 4.418045e+02 6.283077e+02
8.200414e+02 4.175310e+02 5.951176e+02
8.337122e+02 3.944788e+02 5.639714e+02
8.476108e+02 3.729234e+02 5.339784e+02
8.617412e+02 3.522024e+02 5.058062e+02
8.761071e+02 3.329346e+02 4.792714e+02
8.907125e+02 3.148484e+02 4.545653e+02
9.055614e+02 2.976299e+02 4.304596e+02
9.206578e+02 2.812719e+02 4.078309e+02
9.360059e+02 2.658709e+02 3.864672e+02
9.516099e+02 2.513584e+02 3.662039e+02
9.674740e+02 2.376166e+02 3.470031e+02
9.836026e+02 2.246001e+02 3.287157e+02
1.000000e+03 2.123382e+02 3.115371e+02
