1.000000e+00 4.076366e+08
1.006939e+00 4.008338e+08
1.013925e+00 3.940754e+08
1.020961e+00 3.868278e+08
1.028045e+00 3.789873e+08
1.035178e+00 3.726824e+08
1.042361e+00 3.653502e+08
1.049593e+00 3.592648e+08
1.056876e+00 3.552535e+08
1.064209e+00 3.496962e+08
1.071593e+00 3.457526e+08
1.079029e+00 3.404541e+08
1.086516e+00 3.354908e+08
1.094055e+00 3.299687e+08
1.101646e+00 3.239641e+08
1.109290e+00 3.175491e+08
1.116987e+00 3.117301e+08
1.124737e+00 3.065055e+08
1.132541e+00 3.019207e+08
1.140400e+00 2.977040e+08
1.148312e+00 2.931162e+08
1.156280e+00 2.885285e+08
1.164303e+00 2.838243e+08
1.172382e+00 2.774547e+08
1.180517e+00 2.718678e+08
1.188708e+00 2.664321e+08
1.196956e+00 2.617332e+08
1.205261e+00 2.571867e+08
1.213624e+00 2.534573e+08
1.222045e+00 2.502247e+08
1.230524e+00 2.459016e+08
1.239062e+00 2.415787e+08
1.247660e+00 2.384119e+08
1.256317e+00 2.341995e+08
1.265034e+00 2.314050e+08
1.273811e+00 2.270725e+08
1.282650e+00 2.230292e+08
1.291550e+00 2.190448e+08
1.300511e+00 2.159561e+08
1.309535e+00 2.124803e+08
1.318621e+00 2.085237e+08
1.327771e+00 2.049814e+08
1.336984e+00 2.012166e+08
1.346261e+00 1.972392e+08
1.355602e+00 1.939554e+08
1.365008e+00 1.911419e+08
1.374479e+00 1.880973e+08
1.384016e+00 1.846064e+08
1.393619e+00 1.810117e+08
1.403289e+00 1.771114e+08
1.413026e+00 1.736801e+08
1.422830e+00 1.699443e+08
1.432703e+00 1.663059e+08
1.442644e+00 1.625565e+08
1.452654e+00 1.594222e+08
1.462733e+00 1.565277e+08
1.472883e+00 1.535311e+08
1.483103e+00 1.508412e+08
1.493393e+00 1.480580e+08
1.503755e+00 1.454532e+08
1.514189e+00 1.432123e+08
1.524696e+00 1.404983e+08
1.535275e+00 1.381136e+08
1.545928e+00 1.356680e+08
1.556654e+00 1.332630e+08
1.567455e+00 1.306410e+08
1.578331e+00 1.281907e+08
1.589283e+00 1.252402e+08
1.600310e+00 1.220145e+08
1.611414e+00 1.200563e+08
1.622595e+00 1.181940e+08
1.633854e+00 1.160729e+08
1.645191e+00 1.134330e+08
1.656606e+00 1.109768e+08
1.668101e+00 1.086608e+08
1.679675e+00 1.067314e+08
1.691330e+00 1.049626e+08
1.703065e+00 1.030603e+08
1.714882e+00 1.011157e+08
1.726781e+00 9.895281e+07
1.738762e+00 9.676671e+07
1.750827e+00 9.504839e+07
1.762975e+00 9.360307e+07
1.775208e+00 9.194075e+07
1.787526e+00 9.015992e+07
1.799929e+00 8.832155e+07
1.812418e+00 8.670105e+07
1.824993e+00 8.504629e+07
1.837656e+00 8.343326e+07
1.850407e+00 8.194680e+07
1.863246e+00 8.078308e+07
1.876175e+00 7.970310e+07
1.889193e+00 7.862941e+07
1.902301e+00 7.723137e+07
1.915501e+00 7.551108e+07
1.928792e+00 7.399705e+07
1.942175e+00 7.225513e+07
1.955651e+00 7.072775e+07
1.969220e+00 6.901867e+07
1.982884e+00 6.732450e+07
1.996642e+00 6.593256e+07
2.010496e+00 6.463975e+07
2.024447e+00 6.331501e+07
2.038493e+00 6.211852e+07
2.052638e+00 6.089470e+07
2.066880e+00 5.954669e+07
2.081222e+00 5.815441e+07
2.095662e+00 5.677425e+07
2.110203e+00 5.551677e+07
2.124845e+00 5.418775e+07
2.139589e+00 5.273192e+07
2.154435e+00 5.144647e+07
2.169384e+00 5.034715e+07
2.184436e+00 4.921287e+07
2.199593e+00 4.815152e+07
2.214855e+00 4.749128e+07
2.230223e+00 4.654229e+07
2.245698e+00 4.557128e+07
2.261280e+00 4.468421e+07
2.276970e+00 4.387621e+07
2.292769e+00 4.309544e+07
2.308678e+00 4.211775e+07
2.324697e+00 4.134327e+07
2.340827e+00 4.055514e+07
2.357069e+00 3.959047e+07
2.373424e+00 3.850874e+07
2.389893e+00 3.758851e+07
2.406475e+00 3.694394e+07
2.423173e+00 3.628668e+07
2.439986e+00 3.551979e+07
2.456916e+00 3.477718e+07
2.473964e+00 3.404819e+07
2.491130e+00 3.341018e+07
2.508415e+00 3.276396e+07
2.525820e+00 3.230154e+07
2.543346e+00 3.191578e+07
2.560993e+00 3.131417e+07
2.578763e+00 3.056127e+07
2.596656e+00 2.983938e+07
2.614673e+00 2.912896e+07
2.632815e+00 2.861724e+07
2.651084e+00 2.812271e+07
2.669478e+00 2.748252e+07
2.688001e+00 2.670454e+07
2.706652e+00 2.606548e+07
2.725433e+00 2.532105e+07
2.744343e+00 2.457347e+07
2.763385e+00 2.392277e+07
2.782559e+00 2.326813e+07
2.801867e+00 2.258539e+07
2.821308e+00 2.191986e+07
2.840884e+00 2.137945e+07
2.860596e+00 2.090402e+07
2.880444e+00 2.043837e+07
2.900430e+00 2.011260e+07
2.920556e+00 1.974042e+07
2.940820e+00 1.924913e+07
2.961225e+00 1.869757e+07
2.981772e+00 1.819145e+07
3.002462e+00 1.762910e+07
3.023295e+00 1.705877e+07
3.044272e+00 1.665379e+07
3.065395e+00 1.620237e+07
3.086665e+00 1.570119e+07
3.108082e+00 1.530819e+07
3.129648e+00 1.493605e+07
3.151363e+00 1.445283e+07
3.173230e+00 1.400228e+07
3.195248e+00 1.367446e+07
3.217418e+00 1.346028e+07
3.239743e+00 1.324945e+07
3.262222e+00 1.299112e+07
3.284857e+00 1.276445e+07
3.307650e+00 1.249444e+07
3.330600e+00 1.229502e+07
3.353710e+00 1.201226e+07
3.376980e+00 1.185557e+07
3.400412e+00 1.158579e+07
3.424006e+00 1.128913e+07
3.447764e+00 1.110575e+07
3.471687e+00 1.086728e+07
3.495776e+00 1.069629e+07
3.520031e+00 1.039665e+07
3.544456e+00 1.022976e+07
3.569049e+00 1.000688e+07
3.593814e+00 9.822774e+06
3.618750e+00 9.667514e+06
3.643859e+00 9.526572e+06
3.669142e+00 9.319980e+06
3.694601e+00 9.114350e+06
3.720237e+00 8.876176e+06
3.746050e+00 8.603406e+06
3.772042e+00 8.365216e+06
3.798215e+00 8.142824e+06
3.824570e+00 7.862662e+06
3.851107e+00 7.586248e+06
3.877828e+00 7.334625e+06
3.904735e+00 7.153076e+06
3.931829e+00 6.957369e+06
3.959110e+00 6.796520e+06
3.986581e+00 6.642645e+06
4.014242e+00 6.491564e+06
4.042096e+00 6.393860e+06
4.070142e+00 6.233748e+06
4.098384e+00 6.023986e+06
4.126821e+00 5.881645e+06
4.155455e+00 5.754810e+06
4.184289e+00 5.642303e+06
4.213322e+00 5.459277e+06
4.242556e+00 5.293530e+06
4.271994e+00 5.157092e+06
4.301636e+00 5.055511e+06
4.331483e+00 4.966420e+06
4.361538e+00 4.901109e+06
4.391801e+00 4.836657e+06
4.422274e+00 4.760647e+06
4.452959e+00 4.655322e+06
4.483856e+00 4.502769e+06
4.514968e+00 4.380329e+06
4.546295e+00 4.310608e+06
4.577841e+00 4.243996e+06
4.609604e+00 4.178416e+06
4.641589e+00 4.104709e+06
4.673795e+00 3.986652e+06
4.706225e+00 3.924628e+06
4.738880e+00 3.865239e+06
4.771761e+00 3.763770e+06
4.804870e+00 3.604975e+06
4.838210e+00 3.475036e+06
4.871780e+00 3.381942e+06
4.905584e+00 3.295136e+06
4.939622e+00 3.215593e+06
4.973896e+00 3.170805e+06
5.008408e+00 3.126659e+06
5.043159e+00 3.069668e+06
5.078152e+00 2.982072e+06
5.113388e+00 2.888121e+06
5.148867e+00 2.805316e+06
5.184594e+00 2.737914e+06
5.220568e+00 2.692457e+06
5.256791e+00 2.647754e+06
5.293266e+00 2.603794e+06
5.329994e+00 2.529473e+06
5.366977e+00 2.449079e+06
5.404216e+00 2.394139e+06
5.441714e+00 2.325609e+06
5.479472e+00 2.246163e+06
5.517492e+00 2.182105e+06
5.555776e+00 2.148487e+06
5.594326e+00 2.079394e+06
5.633143e+00 1.984479e+06
5.672229e+00 1.943567e+06
5.711586e+00 1.895976e+06
5.751217e+00 1.858768e+06
5.791123e+00 1.800591e+06
5.831305e+00 1.767363e+06
5.871766e+00 1.736451e+06
5.912508e+00 1.706079e+06
5.953533e+00 1.676239e+06
5.994843e+00 1.646921e+06
6.036439e+00 1.618116e+06
6.078323e+00 1.566793e+06
6.120498e+00 1.518766e+06
6.162966e+00 1.491017e+06
6.205729e+00 1.441988e+06
6.248788e+00 1.407437e+06
6.292146e+00 1.383455e+06
6.335805e+00 1.359889e+06
6.379767e+00 1.332851e+06
6.424034e+00 1.287784e+06
6.468608e+00 1.244334e+06
6.513491e+00 1.217802e+06
6.558686e+00 1.197424e+06
6.604194e+00 1.163103e+06
6.650018e+00 1.125681e+06
6.696160e+00 1.094418e+06
6.742622e+00 1.063545e+06
6.789407e+00 1.024098e+06
6.836516e+00 1.002701e+06
6.883952e+00 9.860673e+05
6.931717e+00 9.697104e+05
6.979814e+00 9.536257e+05
7.028244e+00 9.378085e+05
7.077011e+00 9.222544e+05
7.126115e+00 9.069591e+05
7.175561e+00 8.919182e+05
7.225349e+00 8.771274e+05
7.275484e+00 8.625826e+05
7.325965e+00 8.482797e+05
7.376798e+00 8.342146e+05
7.427982e+00 8.203835e+05
7.479523e+00 8.018233e+05
7.531420e+00 7.885721e+05
7.583678e+00 7.755406e+05
7.636298e+00 7.627252e+05
7.689284e+00 7.501223e+05
7.742637e+00 7.377283e+05
7.796360e+00 7.255397e+05
7.850456e+00 7.135532e+05
7.904928e+00 7.017654e+05
7.959777e+00 6.901730e+05
8.015007e+00 6.787727e+05
8.070620e+00 6.675613e+05
8.126619e+00 6.565357e+05
8.183007e+00 6.456928e+05
8.239786e+00 6.350296e+05
8.296959e+00 6.245431e+05
8.354528e+00 6.142303e+05
8.412497e+00 6.032941e+05
8.470868e+00 5.922022e+05
8.529644e+00 5.813147e+05
8.588829e+00 5.706278e+05
8.648423e+00 5.601378e+05
8.708431e+00 5.498952e+05
8.768856e+00 5.405231e+05
8.829700e+00 5.313134e+05
8.890966e+00 5.222632e+05
8.952657e+00 5.133698e+05
9.014776e+00 5.046304e+05
9.077327e+00 4.960422e+05
9.140311e+00 4.878667e+05
9.203732e+00 4.799900e+05
9.267593e+00 4.722413e+05
9.331898e+00 4.646185e+05
9.396648e+00 4.571196e+05
9.461848e+00 4.497425e+05
9.527500e+00 4.424853e+05
9.593608e+00 4.353460e+05
9.660175e+00 4.283226e+05
9.727203e+00 4.214133e+05
9.794697e+00 4.146162e+05
9.862658e+00 4.079294e+05
9.931092e+00 4.013512e+05
1.000000e+01 3.948798e+05
1.006939e+01 3.885135e+05
1.013925e+01 3.822504e+05
1.020961e+01 3.760890e+05
1.028045e+01 3.700276e+05
1.035178e+01 3.640645e+05
1.042361e+01 3.581981e+05
1.049593e+01 3.524270e+05
1.056876e+01 3.467494e+05
1.064209e+01 3.411639e+05
1.071593e+01 3.356689e+05
1.079029e+01 3.302631e+05
1.086516e+01 3.249448e+05
1.094055e+01 3.197128e+05
1.101646e+01 3.145656e+05
1.109290e+01 3.095019e+05
1.116987e+01 3.045201e+05
1.124737e+01 2.996191e+05
1.132541e+01 2.947975e+05
1.140400e+01 2.900540e+05
1.148312e+01 2.853874e+05
1.156280e+01 2.807963e+05
1.164303e+01 2.762795e+05
1.172382e+01 2.718359e+05
1.180517e+01 2.674643e+05
1.188708e+01 2.629915e+05
1.196956e+01 2.583971e+05
1.205261e+01 2.538927e+05
1.213624e+01 2.494764e+05
1.222045e+01 2.451463e+05
1.230524e+01 2.409007e+05
1.239062e+01 2.367376e+05
1.247660e+01 2.326554e+05
1.256317e+01 2.286523e+05
1.265034e+01 2.247268e+05
1.273811e+01 2.208772e+05
1.282650e+01 2.171018e+05
1.291550e+01 2.133992e+05
1.300511e+01 2.097677e+05
1.309535e+01 2.062060e+05
1.318621e+01 2.027125e+05
1.327771e+01 1.992859e+05
1.336984e+01 1.959247e+05
1.346261e+01 1.926275e+05
1.355602e+01 1.893932e+05
1.365008e+01 1.862202e+05
1.374479e+01 1.831074e+05
1.384016e+01 1.800974e+05
1.393619e+01 1.769297e+05
1.403289e+01 1.738178e+05
1.413026e+01 1.707606e+05
1.422830e+01 1.677571e+05
1.432703e+01 1.648065e+05
1.442644e+01 1.619077e+05
1.452654e+01 1.590599e+05
1.462733e+01 1.562621e+05
1.472883e+01 1.535136e+05
1.483103e+01 1.508134e+05
1.493393e+01 1.481606e+05
1.503755e+01 1.455545e+05
1.514189e+01 1.429943e+05
1.524696e+01 1.404790e+05
1.535275e+01 1.380080e+05
1.545928e+01 1.355804e+05
1.556654e+01 1.331955e+05
1.567455e+01 1.308526e+05
1.578331e+01 1.285508e+05
1.589283e+01 1.262895e+05
1.600310e+01 1.240680e+05
1.611414e+01 1.218872e+05
1.622595e+01 1.198946e+05
1.633854e+01 1.179348e+05
1.645191e+01 1.160073e+05
1.656606e+01 1.141116e+05
1.668101e+01 1.122470e+05
1.679675e+01 1.104131e+05
1.691330e+01 1.086093e+05
1.703065e+01 1.068352e+05
1.714882e+01 1.050904e+05
1.726781e+01 1.033742e+05
1.738762e+01 1.016862e+05
1.750827e+01 1.000260e+05
1.762975e+01 9.839303e+04
1.775208e+01 9.678695e+04
1.787526e+01 9.520726e+04
1.799929e+01 9.365353e+04
1.812418e+01 9.212533e+04
1.824993e+01 9.062225e+04
1.837656e+01 8.914385e+04
1.850407e+01 8.768974e+04
1.863246e+01 8.625952e+04
1.876175e+01 8.485278e+04
1.889193e+01 8.346914e+04
1.902301e+01 8.210822e+04
1.915501e+01 8.076964e+04
1.928792e+01 7.945304e+04
1.942175e+01 7.817349e+04
1.955651e+01 7.696339e+04
1.969220e+01 7.577241e+04
1.982884e+01 7.460023e+04
1.996642e+01 7.344656e+04
2.010496e+01 7.231109e+04
2.024447e+01 7.119354e+04
2.038493e+01 7.009362e+04
2.052638e+01 6.892847e+04
2.066880e+01 6.768205e+04
2.081222e+01 6.645980e+04
2.095662e+01 6.526121e+04
2.110203e+01 6.408580e+04
2.124845e+01 6.299147e+04
2.139589e+01 6.192826e+04
2.154435e+01 6.088323e+04
2.169384e+01 5.985607e+04
2.184436e+01 5.884649e+04
2.199593e+01 5.785416e+04
2.214855e+01 5.687879e+04
2.230223e+01 5.592010e+04
2.245698e+01 5.497776e+04
2.261280e+01 5.397354e+04
2.276970e+01 5.298766e+04
2.292769e+01 5.201981e+04
2.308678e+01 5.106965e+04
2.324697e+01 5.013685e+04
2.340827e+01 4.922110e+04
2.357069e+01 4.832208e+04
2.373424e+01 4.743949e+04
2.389893e+01 4.657303e+04
2.406475e+01 4.572241e+04
2.423173e+01 4.488733e+04
2.439986e+01 4.406751e+04
2.456916e+01 4.327939e+04
2.473964e+01 4.260017e+04
2.491130e+01 4.188957e+04
2.508415e+01 4.117684e+04
2.525820e+01 4.047669e+04
2.543346e+01 3.978889e+04
2.560993e+01 3.911321e+04
2.578763e+01 3.844945e+04
2.596656e+01 3.773909e+04
2.614673e+01 3.702293e+04
2.632815e+01 3.632041e+04
2.651084e+01 3.563128e+04
2.669478e+01 3.489366e+04
2.688001e+01 3.411385e+04
2.706652e+01 3.335160e+04
2.725433e+01 3.260651e+04
2.744343e+01 3.187820e+04
2.763385e+01 3.116628e+04
2.782559e+01 3.047038e+04
2.801867e+01 2.979014e+04
2.821308e+01 2.916946e+04
2.840884e+01 2.859784e+04
2.860596e+01 2.803744e+04
2.880444e+01 2.748802e+04
2.900430e+01 2.694938e+04
2.920556e+01 2.642130e+04
2.940820e+01 2.590634e+04
2.961225e+01 2.550283e+04
2.981772e+01 2.510589e+04
3.002462e+01 2.471540e+04
3.023295e+01 2.433125e+04
3.044272e+01 2.395334e+04
3.065395e+01 2.358156e+04
3.086665e+01 2.321580e+04
3.108082e+01 2.285598e+04
3.129648e+01 2.250197e+04
3.151363e+01 2.215370e+04
3.173230e+01 2.171756e+04
3.195248e+01 2.128921e+04
3.217418e+01 2.086931e+04
3.239743e+01 2.045770e+04
3.262222e+01 2.005422e+04
3.284857e+01 1.965871e+04
3.307650e+01 1.927100e+04
3.330600e+01 1.889095e+04
3.353710e+01 1.851840e+04
3.376980e+01 1.815321e+04
3.400412e+01 1.779522e+04
3.424006e+01 1.744431e+04
3.447764e+01 1.710031e+04
3.471687e+01 1.676311e+04
3.495776e+01 1.643257e+04
3.520031e+01 1.610855e+04
3.544456e+01 1.579093e+04
3.569049e+01 1.547957e+04
3.593814e+01 1.517436e+04
3.618750e+01 1.487518e+04
3.643859e+01 1.459525e+04
3.669142e+01 1.433697e+04
3.694601e+01 1.408337e+04
3.720237e+01 1.383437e+04
3.746050e+01 1.358989e+04
3.772042e+01 1.334984e+04
3.798215e+01 1.311413e+04
3.824570e+01 1.288269e+04
3.851107e+01 1.265544e+04
3.877828e+01 1.243230e+04
3.904735e+01 1.221319e+04
3.931829e+01 1.199804e+04
3.959110e+01 1.178678e+04
3.986581e+01 1.159196e+04
4.014242e+01 1.138049e+04
4.042096e+01 1.116965e+04
4.070142e+01 1.096280e+04
4.098384e+01 1.075986e+04
4.126821e+01 1.056076e+04
4.155455e+01 1.036542e+04
4.184289e+01 1.017378e+04
4.213322e+01 9.985758e+03
4.242556e+01 9.801287e+03
4.271994e+01 9.620298e+03
4.301636e+01 9.442725e+03
4.331483e+01 9.268501e+03
4.361538e+01 9.097562e+03
4.391801e+01 8.929845e+03
4.422274e+01 8.765288e+03
4.452959e+01 8.615379e+03
4.483856e+01 8.472418e+03
4.514968e+01 8.331835e+03
4.546295e+01 8.193588e+03
4.577841e+01 8.057640e+03
4.609604e+01 7.923951e+03
4.641589e+01 7.792485e+03
4.673795e+01 7.663204e+03
4.706225e+01 7.536072e+03
4.738880e+01 7.411052e+03
4.771761e+01 7.288111e+03
4.804870e+01 7.167212e+03
4.838210e+01 7.048323e+03
4.871780e+01 6.931410e+03
4.905584e+01 6.816439e+03
4.939622e+01 6.703379e+03
4.973896e+01 6.592197e+03
5.008408e+01 6.482862e+03
5.043159e+01 6.375344e+03
5.078152e+01 6.269613e+03
5.113388e+01 6.165638e+03
5.148867e+01 6.063390e+03
5.184594e+01 5.962840e+03
5.220568e+01 5.863961e+03
5.256791e+01 5.766725e+03
5.293266e+01 5.671103e+03
5.329994e+01 5.577070e+03
5.366977e+01 5.484598e+03
5.404216e+01 5.393662e+03
5.441714e+01 5.295661e+03
5.479472e+01 5.197348e+03
5.517492e+01 5.100863e+03
5.555776e+01 5.006172e+03
5.594326e+01 4.913241e+03
5.633143e+01 4.822038e+03
5.672229e+01 4.732530e+03
5.711586e+01 4.644687e+03
5.751217e+01 4.558476e+03
5.791123e+01 4.473867e+03
5.831305e+01 4.390831e+03
5.871766e+01 4.308837e+03
5.912508e+01 4.226768e+03
5.953533e+01 4.146269e+03
5.994843e+01 4.067310e+03
6.036439e+01 3.989861e+03
6.078323e+01 3.913894e+03
6.120498e+01 3.839379e+03
6.162966e+01 3.766289e+03
6.205729e+01 3.694596e+03
6.248788e+01 3.624275e+03
6.292146e+01 3.555297e+03
6.335805e+01 3.487638e+03
6.379767e+01 3.421272e+03
6.424034e+01 3.356175e+03
6.468608e+01 3.292321e+03
6.513491e+01 3.229688e+03
6.558686e+01 3.168251e+03
6.604194e+01 3.107988e+03
6.650018e+01 3.048876e+03
6.696160e+01 2.990894e+03
6.742622e+01 2.934018e+03
6.789407e+01 2.878229e+03
6.836516e+01 2.823505e+03
6.883952e+01 2.769826e+03
6.931717e+01 2.717172e+03
6.979814e+01 2.665523e+03
7.028244e+01 2.614860e+03
7.077011e+01 2.565164e+03
7.126115e+01 2.516417e+03
7.175561e+01 2.468600e+03
7.225349e+01 2.421695e+03
7.275484e+01 2.375685e+03
7.325965e+01 2.330553e+03
7.376798e+01 2.286281e+03
7.427982e+01 2.242855e+03
7.479523e+01 2.200256e+03
7.531420e+01 2.158470e+03
7.583678e+01 2.115784e+03
7.636298e+01 2.073529e+03
7.689284e+01 2.032118e+03
7.742637e+01 1.991532e+03
7.796360e+01 1.951756e+03
7.850456e+01 1.912775e+03
7.904928e+01 1.874570e+03
7.959777e+01 1.837129e+03
8.015007e+01 1.800434e+03
8.070620e+01 1.764471e+03
8.126619e+01 1.729227e+03
8.183007e+01 1.694685e+03
8.239786e+01 1.660833e+03
8.296959e+01 1.627656e+03
8.354528e+01 1.595141e+03
8.412497e+01 1.563276e+03
8.470868e+01 1.532046e+03
8.529644e+01 1.501439e+03
8.588829e+01 1.471443e+03
8.648423e+01 1.442046e+03
8.708431e+01 1.413235e+03
8.768856e+01 1.384999e+03
8.829700e+01 1.357327e+03
8.890966e+01 1.330207e+03
8.952657e+01 1.303628e+03
9.014776e+01 1.277580e+03
9.077327e+01 1.252052e+03
9.140311e+01 1.227033e+03
9.203732e+01 1.202513e+03
9.267593e+01 1.178483e+03
9.331898e+01 1.154933e+03
9.396648e+01 1.131852e+03
9.461848e+01 1.109232e+03
9.527500e+01 1.087064e+03
9.593608e+01 1.065338e+03
9.660175e+01 1.044046e+03
9.727203e+01 1.023179e+03
9.794697e+01 1.002728e+03
9.862658e+01 9.826856e+02
9.931092e+01 9.630432e+02
1.000000e+02 9.437929e+02
1.006939e+02 9.249269e+02
1.013925e+02 9.064375e+02
1.020961e+02 8.883171e+02
1.028045e+02 8.705585e+02
1.035178e+02 8.531544e+02
1.042361e+02 8.360978e+02
1.049593e+02 8.193817e+02
1.056876e+02 8.029993e+02
1.064209e+02 7.868363e+02
1.071593e+02 7.702506e+02
1.079029e+02 7.540142e+02
1.086516e+02 7.381196e+02
1.094055e+02 7.225596e+02
1.101646e+02 7.073273e+02
1.109290e+02 6.924158e+02
1.116987e+02 6.778182e+02
1.124737e+02 6.643782e+02
1.132541e+02 6.520553e+02
1.140400e+02 6.399670e+02
1.148312e+02 6.281090e+02
1.156280e+02 6.164766e+02
1.164303e+02 6.050656e+02
1.172382e+02 5.938715e+02
1.180517e+02 5.828901e+02
1.188708e+02 5.721174e+02
1.196956e+02 5.615491e+02
1.205261e+02 5.511814e+02
1.213624e+02 5.410104e+02
1.222045e+02 5.310321e+02
1.230524e+02 5.212429e+02
1.239062e+02 5.116391e+02
1.247660e+02 5.022171e+02
1.256317e+02 4.929733e+02
1.265034e+02 4.839043e+02
1.273811e+02 4.750067e+02
1.282650e+02 4.662772e+02
1.291550e+02 4.585327e+02
1.300511e+02 4.505686e+02
1.309535e+02 4.427171e+02
1.318621e+02 4.324528e+02
1.327771e+02 4.191585e+02
1.336984e+02 4.063267e+02
1.346261e+02 3.980224e+02
1.355602e+02 3.907207e+02
1.365008e+02 3.837969e+02
1.374479e+02 3.772584e+02
1.384016e+02 3.708324e+02
1.393619e+02 3.645167e+02
1.403289e+02 3.583096e+02
1.413026e+02 3.518178e+02
1.422830e+02 3.450255e+02
1.432703e+02 3.383640e+02
1.442644e+02 3.318307e+02
1.452654e+02 3.254233e+02
1.462733e+02 3.191392e+02
1.472883e+02 3.129762e+02
1.483103e+02 3.069318e+02
1.493393e+02 3.010038e+02
1.503755e+02 2.951900e+02
1.514189e+02 2.894882e+02
1.524696e+02 2.838962e+02
1.535275e+02 2.784119e+02
1.545928e+02 2.730332e+02
1.556654e+02 2.677581e+02
1.567455e+02 2.625846e+02
1.578331e+02 2.575108e+02
1.589283e+02 2.525348e+02
1.600310e+02 2.476546e+02
1.611414e+02 2.428684e+02
1.622595e+02 2.381745e+02
1.633854e+02 2.335709e+02
1.645191e+02 2.290561e+02
1.656606e+02 2.246283e+02
1.668101e+02 2.202858e+02
1.679675e+02 2.160269e+02
1.691330e+02 2.118502e+02
1.703065e+02 2.077539e+02
1.714882e+02 2.037366e+02
1.726781e+02 1.997967e+02
1.738762e+02 1.959328e+02
1.750827e+02 1.921433e+02
1.762975e+02 1.884269e+02
1.775208e+02 1.847821e+02
1.787526e+02 1.812075e+02
1.799929e+02 1.777019e+02
1.812418e+02 1.742639e+02
1.824993e+02 1.708921e+02
1.837656e+02 1.675854e+02
1.850407e+02 1.643424e+02
1.863246e+02 1.611619e+02
1.876175e+02 1.580428e+02
1.889193e+02 1.549838e+02
1.902301e+02 1.519839e+02
1.915501e+02 1.490417e+02
1.928792e+02 1.461563e+02
1.942175e+02 1.433266e+02
1.955651e+02 1.405515e+02
1.969220e+02 1.378298e+02
1.982884e+02 1.351607e+02
1.996642e+02 1.325431e+02
2.010496e+02 1.299760e+02
2.024447e+02 1.274584e+02
2.038493e+02 1.249893e+02
2.052638e+02 1.225679e+02
2.066880e+02 1.201933e+02
2.081222e+02 1.178644e+02
2.095662e+02 1.155805e+02
2.110203e+02 1.133591e+02
2.124845e+02 1.112120e+02
2.139589e+02 1.091054e+02
2.154435e+02 1.070385e+02
2.169384e+02 1.050108e+02
2.184436e+02 1.030213e+02
2.199593e+02 1.010694e+02
2.214855e+02 9.915431e+01
2.230223e+02 9.727543e+01
2.245698e+02 9.543203e+01
2.261280e+02 9.362346e+01
2.276970e+02 9.184904e+01
2.292769e+02 9.010814e+01
2.308678e+02 8.840013e+01
2.324697e+02 8.672438e+01
2.340827e+02 8.508029e+01
2.357069e+02 8.346726e+01
2.373424e+02 8.188470e+01
2.389893e+02 8.033204e+01
2.406475e+02 7.880871e+01
2.423173e+02 7.731417e+01
2.439986e+02 7.584786e+01
2.456916e+02 7.440927e+01
2.473964e+02 7.299785e+01
2.491130e+02 7.161311e+01
2.508415e+02 7.025453e+01
2.525820e+02 6.892163e+01
2.543346e+02 6.761392e+01
2.560993e+02 6.633093e+01
2.578763e+02 6.507218e+01
2.596656e+02 6.383722e+01
2.614673e+02 6.262561e+01
2.632815e+02 6.143690e+01
2.651084e+02 6.027066e+01
2.669478e+02 5.912647e+01
2.688001e+02 5.800391e+01
2.706652e+02 5.690257e+01
2.725433e+02 5.582205e+01
2.744343e+02 5.476197e+01
2.763385e+02 5.372193e+01
2.782559e+02 5.270155e+01
2.801867e+02 5.170047e+01
2.821308e+02 5.071832e+01
2.840884e+02 4.975474e+01
2.860596e+02 4.880939e+01
2.880444e+02 4.788191e+01
2.900430e+02 4.697198e+01
2.920556e+02 4.607926e+01
2.940820e+02 4.520343e+01
2.961225e+02 4.434417e+01
2.981772e+02 4.350116e+01
3.002462e+02 4.267410e+01
3.023295e+02 4.186268e+01
3.044272e+02 4.106662e+01
3.065395e+02 4.028562e+01
3.086665e+02 3.951941e+01
3.108082e+02 3.876769e+01
3.129648e+02 3.803019e+01
3.151363e+02 3.730666e+01
3.173230e+02 3.659681e+01
3.195248e+02 3.590041e+01
3.217418e+02 3.521718e+01
3.239743e+02 3.450425e+01
3.262222e+02 3.380507e+01
3.284857e+02 3.311998e+01
3.307650e+02 3.244869e+01
3.330600e+02 3.179157e+01
3.353710e+02 3.115597e+01
3.376980e+02 3.053301e+01
3.400412e+02 2.992244e+01
3.424006e+02 2.932402e+01
3.447764e+02 2.873750e+01
3.471687e+02 2.816266e+01
3.495776e+02 2.759925e+01
3.520031e+02 2.704706e+01
3.544456e+02 2.650585e+01
3.569049e+02 2.597542e+01
3.593814e+02 2.545554e+01
3.618750e+02 2.494601e+01
3.643859e+02 2.444662e+01
3.669142e+02 2.395718e+01
3.694601e+02 2.347748e+01
3.720237e+02 2.300733e+01
3.746050e+02 2.254654e+01
3.772042e+02 2.209493e+01
3.798215e+02 2.165231e+01
3.824570e+02 2.121850e+01
3.851107e+02 2.079334e+01
3.877828e+02 2.037664e+01
3.904735e+02 1.996825e+01
3.931829e+02 1.956799e+01
3.959110e+02 1.917570e+01
3.986581e+02 1.879123e+01
4.014242e+02 1.841443e+01
4.042096e+02 1.804513e+01
4.070142e+02 1.768319e+01
4.098384e+02 1.732846e+01
4.126821e+02 1.698080e+01
4.155455e+02 1.664008e+01
4.184289e+02 1.630614e+01
4.213322e+02 1.597886e+01
4.242556e+02 1.565811e+01
4.271994e+02 1.534376e+01
4.301636e+02 1.503567e+01
4.331483e+02 1.473373e+01
4.361538e+02 1.443781e+01
4.391801e+02 1.414779e+01
4.422274e+02 1.386356e+01
4.452959e+02 1.358499e+01
4.483856e+02 1.331199e+01
4.514968e+02 1.304443e+01
4.546295e+02 1.278221e+01
4.577841e+02 1.252523e+01
4.609604e+02 1.227337e+01
4.641589e+02 1.202654e+01
4.673795e+02 1.178464e+01
4.706225e+02 1.154757e+01
4.738880e+02 1.131523e+01
4.771761e+02 1.109040e+01
4.804870e+02 1.087223e+01
4.838210e+02 1.065831e+01
4.871780e+02 1.044855e+01
4.905584e+02 1.024289e+01
4.939622e+02 1.004124e+01
4.973896e+02 9.843516e+00
5.008408e+02 9.649651e+00
5.043159e+02 9.459566e+00
5.078152e+02 9.273190e+00
5.113388e+02 9.090450e+00
5.148867e+02 8.911275e+00
5.184594e+02 8.735596e+00
5.220568e+02 8.563347e+00
5.256791e+02 8.394460e+00
5.293266e+02 8.228869e+00
5.329994e+02 8.066512e+00
5.366977e+02 7.907325e+00
5.404216e+02 7.751247e+00
5.441714e+02 7.598218e+00
5.479472e+02 7.448179e+00
5.517492e+02 7.301071e+00
5.555776e+02 7.156837e+00
5.594326e+02 7.015423e+00
5.633143e+02 6.876772e+00
5.672229e+02 6.740832e+00
5.711586e+02 6.607551e+00
5.751217e+02 6.476875e+00
5.791123e+02 6.348755e+00
5.831305e+02 6.223142e+00
5.871766e+02 6.099986e+00
5.912508e+02 5.979240e+00
5.953533e+02 5.860856e+00
5.994843e+02 5.744790e+00
6.036439e+02 5.630996e+00
6.078323e+02 5.519430e+00
6.120498e+02 5.410049e+00
6.162966e+02 5.302810e+00
6.205729e+02 5.197671e+00
6.248788e+02 5.094593e+00
6.292146e+02 4.993534e+00
6.335805e+02 4.893229e+00
6.379767e+02 4.792601e+00
6.424034e+02 4.694020e+00
6.468608e+02 4.597444e+00
6.513491e+02 4.502833e+00
6.558686e+02 4.410146e+00
6.604194e+02 4.319346e+00
6.650018e+02 4.230393e+00
6.696160e+02 4.143251e+00
6.742622e+02 4.057884e+00
6.789407e+02 3.974254e+00
6.836516e+02 3.892328e+00
6.883952e+02 3.812070e+00
6.931717e+02 3.733448e+00
6.979814e+02 3.656427e+00
7.028244e+02 3.580976e+00
7.077011e+02 3.507063e+00
7.126115e+02 3.434657e+00
7.175561e+02 3.363727e+00
7.225349e+02 3.294244e+00
7.275484e+02 3.226178e+00
7.325965e+02 3.159501e+00
7.376798e+02 3.094184e+00
7.427982e+02 3.030201e+00
7.479523e+02 2.967523e+00
7.531420e+02 2.906125e+00
7.583678e+02 2.845981e+00
7.636298e+02 2.787065e+00
7.689284e+02 2.729352e+00
7.742637e+02 2.672819e+00
7.796360e+02 2.617441e+00
7.850456e+02 2.563195e+00
7.904928e+02 2.510058e+00
7.959777e+02 2.458008e+00
8.015007e+02 2.407022e+00
8.070620e+02 2.357078e+00
8.126619e+02 2.308157e+00
8.183007e+02 2.260237e+00
8.239786e+02 2.213298e+00
8.296959e+02 2.167320e+00
8.354528e+02 2.122283e+00
8.412497e+02 2.078168e+00
8.470868e+02 2.034958e+00
8.529644e+02 1.992632e+00
8.588829e+02 1.951174e+00
8.648423e+02 1.910566e+00
8.708431e+02 1.870791e+00
8.768856e+02 1.831831e+00
8.829700e+02 1.793670e+00
8.890966e+02 1.756292e+00
8.952657e+02 1.719682e+00
9.014776e+02 1.683822e+00
9.077327e+02 1.648699e+00
9.140311e+02 1.614297e+00
9.203732e+02 1.580602e+00
9.267593e+02 1.547599e+00
9.331898e+02 1.515274e+00
9.396648e+02 1.483614e+00
9.461848e+02 1.452604e+00
9.527500e+02 1.422232e+00
9.593608e+02 1.392485e+00
9.660175e+02 1.363350e+00
9.727203e+02 1.334814e+00
9.794697e+02 1.306866e+00
9.862658e+02 1.279493e+00
9.931092e+02 1.252684e+00
1.000000e+03 1.226427e+00
