1.000000e-01 1.014538e+13
1.015495e-01 9.734499e+12
1.031230e-01 9.340451e+12
1.047209e-01 8.962632e+12
1.063436e-01 8.602090e+12
1.079914e-01 8.256051e+12
1.096647e-01 7.924219e+12
1.113639e-01 7.607301e+12
1.130895e-01 7.303058e+12
1.148418e-01 7.010982e+12
1.166213e-01 6.730586e+12
1.184284e-01 6.461404e+12
1.202634e-01 6.202242e+12
1.221269e-01 5.952415e+12
1.240193e-01 5.713097e+12
1.259409e-01 5.482750e+12
1.278924e-01 5.261961e+12
1.298741e-01 5.050285e+12
1.318865e-01 4.847123e+12
1.339301e-01 4.652403e+12
1.360053e-01 4.466066e+12
1.381127e-01 4.287192e+12
1.402528e-01 4.115481e+12
1.424260e-01 3.950648e+12
1.446329e-01 3.792415e+12
1.468740e-01 3.640520e+12
1.491498e-01 3.494427e+12
1.514609e-01 3.353997e+12
1.538078e-01 3.219211e+12
1.561910e-01 3.089841e+12
1.586112e-01 2.965670e+12
1.610689e-01 2.845906e+12
1.635647e-01 2.730807e+12
1.660991e-01 2.620364e+12
1.686728e-01 2.514387e+12
1.712864e-01 2.412696e+12
1.739405e-01 2.315117e+12
1.766357e-01 2.221485e+12
1.793727e-01 2.131640e+12
1.821520e-01 2.045428e+12
1.849745e-01 1.962630e+12
1.878407e-01 1.883036e+12
1.907513e-01 1.806670e+12
1.937070e-01 1.733401e+12
1.967085e-01 1.663103e+12
1.997565e-01 1.595656e+12
2.028517e-01 1.531265e+12
2.059949e-01 1.469774e+12
2.091868e-01 1.410751e+12
2.124281e-01 1.354099e+12
2.157197e-01 1.299244e+12
2.190623e-01 1.246607e+12
2.224567e-01 1.196103e+12
2.259036e-01 1.147644e+12
2.294040e-01 1.101282e+12
2.329586e-01 1.056997e+12
2.365683e-01 1.014474e+12
2.402340e-01 9.733384e+11
2.439564e-01 9.339794e+11
2.477365e-01 8.959981e+11
2.515752e-01 8.596144e+11
2.554733e-01 8.247466e+11
2.594319e-01 7.914521e+11
2.634518e-01 7.593369e+11
2.675340e-01 7.285258e+11
2.716794e-01 6.989647e+11
2.758891e-01 6.706031e+11
2.801640e-01 6.433923e+11
2.845052e-01 6.174882e+11
2.889136e-01 5.926313e+11
2.933903e-01 5.687515e+11
2.979364e-01 5.459751e+11
3.025529e-01 5.241919e+11
3.072410e-01 5.029256e+11
3.120017e-01 4.826335e+11
3.168361e-01 4.633477e+11
3.217455e-01 4.446626e+11
3.267310e-01 4.267733e+11
3.317937e-01 4.097316e+11
3.369348e-01 3.933632e+11
3.421556e-01 3.775278e+11
3.474573e-01 3.623297e+11
3.528412e-01 3.477434e+11
3.583085e-01 3.337443e+11
3.638605e-01 3.204114e+11
3.694985e-01 3.076334e+11
3.752239e-01 2.953649e+11
3.810380e-01 2.835856e+11
3.869422e-01 2.722276e+11
3.929379e-01 2.612148e+11
3.990264e-01 2.506236e+11
4.052094e-01 2.406377e+11
4.114881e-01 2.310082e+11
4.178641e-01 2.217599e+11
4.243389e-01 2.128113e+11
4.309140e-01 2.041984e+11
4.375911e-01 1.959341e+11
4.443715e-01 1.879912e+11
4.512571e-01 1.803631e+11
4.582493e-01 1.731104e+11
4.653499e-01 1.661208e+11
4.725605e-01 1.594532e+11
4.798828e-01 1.530449e+11
4.873186e-01 1.468425e+11
4.948696e-01 1.409123e+11
5.025377e-01 1.352576e+11
5.103245e-01 1.298149e+11
5.182320e-01 1.245886e+11
5.262620e-01 1.195925e+11
5.344164e-01 1.148216e+11
5.426972e-01 1.102193e+11
5.511063e-01 1.058200e+11
5.596457e-01 1.015575e+11
5.683174e-01 9.747078e+10
5.771235e-01 9.357228e+10
5.860661e-01 8.978659e+10
5.951472e-01 8.615861e+10
6.043690e-01 8.267755e+10
6.137337e-01 7.934537e+10
6.232435e-01 7.615348e+10
6.329007e-01 7.307563e+10
6.427075e-01 7.013572e+10
6.526662e-01 6.730722e+10
6.627793e-01 6.459738e+10
6.730491e-01 6.200483e+10
6.834780e-01 5.950106e+10
6.940685e-01 5.709531e+10
7.048231e-01 5.478680e+10
7.157444e-01 5.257160e+10
7.268348e-01 5.044595e+10
7.380971e-01 4.840908e+10
7.495340e-01 4.645556e+10
7.611480e-01 4.457900e+10
7.729420e-01 4.277678e+10
7.849188e-01 4.104741e+10
7.970811e-01 3.938793e+10
8.094319e-01 3.779552e+10
8.219740e-01 3.626303e+10
8.347105e-01 3.480120e+10
8.476444e-01 3.339419e+10
8.607786e-01 3.204404e+10
8.741164e-01 3.074588e+10
8.876609e-01 2.950785e+10
9.014152e-01 2.831619e+10
9.153826e-01 2.718264e+10
9.295665e-01 2.609514e+10
9.439702e-01 2.503997e+10
9.585970e-01 2.401996e+10
9.734505e-01 2.305154e+10
9.885341e-01 2.212593e+10
1.003851e+00 2.122720e+10
1.019406e+00 2.036434e+10
1.035202e+00 1.953932e+10
1.051242e+00 1.874771e+10
1.067531e+00 1.799447e+10
1.084073e+00 1.727067e+10
1.100870e+00 1.657978e+10
1.117928e+00 1.591126e+10
1.135251e+00 1.526365e+10
1.152842e+00 1.464442e+10
1.170705e+00 1.405090e+10
1.188845e+00 1.348554e+10
1.207266e+00 1.294414e+10
1.225973e+00 1.242346e+10
1.244969e+00 1.192381e+10
1.264260e+00 1.144893e+10
1.283850e+00 1.098719e+10
1.303743e+00 1.054143e+10
1.323945e+00 1.012081e+10
1.344459e+00 9.718072e+09
1.365291e+00 9.327474e+09
1.386447e+00 8.950702e+09
1.407930e+00 8.589510e+09
1.429746e+00 8.237333e+09
1.451900e+00 7.899592e+09
1.474397e+00 7.575867e+09
1.497243e+00 7.270593e+09
1.520442e+00 6.979309e+09
1.544002e+00 6.698879e+09
1.567926e+00 6.430946e+09
1.592221e+00 6.172532e+09
1.616892e+00 5.924453e+09
1.641946e+00 5.686482e+09
1.667388e+00 5.457467e+09
1.693224e+00 5.237580e+09
1.719461e+00 5.027847e+09
1.746104e+00 4.825509e+09
1.773160e+00 4.630897e+09
1.800635e+00 4.444713e+09
1.828536e+00 4.264607e+09
1.856869e+00 4.091405e+09
1.885641e+00 3.925862e+09
1.914859e+00 3.767504e+09
1.944530e+00 3.614006e+09
1.974661e+00 3.468005e+09
2.005258e+00 3.327885e+09
2.036330e+00 3.191595e+09
2.067883e+00 3.063922e+09
2.099924e+00 2.940114e+09
2.132463e+00 2.821351e+09
2.165505e+00 2.706754e+09
2.199060e+00 2.596809e+09
2.233134e+00 2.491189e+09
2.267737e+00 2.390942e+09
2.302875e+00 2.294427e+09
2.338559e+00 2.201735e+09
2.374795e+00 2.113196e+09
2.411592e+00 2.027987e+09
2.448960e+00 1.945982e+09
2.486906e+00 1.867245e+09
2.525441e+00 1.791940e+09
2.564573e+00 1.719915e+09
2.604311e+00 1.650236e+09
2.644665e+00 1.584399e+09
2.685644e+00 1.519507e+09
2.727258e+00 1.457583e+09
2.769517e+00 1.398854e+09
2.812431e+00 1.342112e+09
2.856009e+00 1.288076e+09
2.900263e+00 1.236107e+09
2.945203e+00 1.186424e+09
2.990839e+00 1.138529e+09
3.037182e+00 1.092609e+09
3.084243e+00 1.048530e+09
3.132033e+00 1.006284e+09
3.180564e+00 9.658741e+08
3.229847e+00 9.268703e+08
3.279894e+00 8.896984e+08
3.330716e+00 8.536875e+08
3.382325e+00 8.191364e+08
3.434734e+00 7.858962e+08
3.487956e+00 7.542450e+08
3.542002e+00 7.236623e+08
3.596885e+00 6.945840e+08
3.652619e+00 6.665009e+08
3.709216e+00 6.396023e+08
3.766690e+00 6.137220e+08
3.825055e+00 5.888847e+08
3.884325e+00 5.652438e+08
3.944512e+00 5.423953e+08
4.005633e+00 5.205411e+08
4.067700e+00 4.995784e+08
4.130729e+00 4.794071e+08
4.194735e+00 4.600550e+08
4.259732e+00 4.416868e+08
4.325737e+00 4.240736e+08
4.392764e+00 4.069547e+08
4.460830e+00 3.903777e+08
4.529951e+00 3.743963e+08
4.600143e+00 3.592868e+08
4.671422e+00 3.446982e+08
4.743806e+00 3.307146e+08
4.817311e+00 3.172763e+08
4.891955e+00 3.043223e+08
4.967756e+00 2.919183e+08
5.044732e+00 2.800858e+08
5.122900e+00 2.687793e+08
5.202279e+00 2.578341e+08
5.282889e+00 2.473620e+08
5.364747e+00 2.373613e+08
5.447874e+00 2.277607e+08
5.532289e+00 2.184449e+08
5.618012e+00 2.095778e+08
5.705063e+00 2.009935e+08
5.793463e+00 1.929002e+08
5.883233e+00 1.850900e+08
5.974393e+00 1.775515e+08
6.066967e+00 1.702881e+08
6.160975e+00 1.633791e+08
6.256439e+00 1.567096e+08
6.353383e+00 1.503741e+08
6.451828e+00 1.442925e+08
6.551800e+00 1.383919e+08
6.653320e+00 1.327603e+08
6.756413e+00 1.273312e+08
6.861104e+00 1.221397e+08
6.967417e+00 1.171590e+08
7.075377e+00 1.124113e+08
7.185010e+00 1.078614e+08
7.296342e+00 1.034542e+08
7.409399e+00 9.916568e+07
7.524208e+00 9.510530e+07
7.640795e+00 9.127617e+07
7.759190e+00 8.759364e+07
7.879418e+00 8.406205e+07
8.001510e+00 8.062209e+07
8.125494e+00 7.732989e+07
8.251398e+00 7.416821e+07
8.379254e+00 7.114493e+07
8.509090e+00 6.825974e+07
8.640939e+00 6.551982e+07
8.774830e+00 6.283237e+07
8.910797e+00 6.026136e+07
9.048869e+00 5.780847e+07
9.189082e+00 5.546917e+07
9.331467e+00 5.324134e+07
9.476058e+00 5.107277e+07
9.622890e+00 4.900779e+07
9.771997e+00 4.701825e+07
9.923414e+00 4.512456e+07
1.007718e+01 4.331466e+07
1.023332e+01 4.155188e+07
1.039189e+01 3.985945e+07
1.055291e+01 3.824809e+07
1.071643e+01 3.670250e+07
1.088248e+01 3.520481e+07
1.105110e+01 3.376500e+07
1.122234e+01 3.238370e+07
1.139623e+01 3.106537e+07
1.157282e+01 2.979619e+07
1.175214e+01 2.858287e+07
1.193424e+01 2.740910e+07
1.211916e+01 2.628199e+07
1.230694e+01 2.520032e+07
1.249764e+01 2.417881e+07
1.269129e+01 2.319067e+07
1.288794e+01 2.225342e+07
1.308764e+01 2.135216e+07
1.329044e+01 2.047669e+07
1.349637e+01 1.964098e+07
1.370550e+01 1.884107e+07
1.391787e+01 1.806474e+07
1.413352e+01 1.732092e+07
1.435252e+01 1.661311e+07
1.457491e+01 1.593641e+07
1.480075e+01 1.528221e+07
1.503009e+01 1.465553e+07
1.526298e+01 1.406009e+07
1.549948e+01 1.348220e+07
1.573965e+01 1.292698e+07
1.598353e+01 1.239588e+07
1.623120e+01 1.189214e+07
1.648270e+01 1.141231e+07
1.673810e+01 1.094526e+07
1.699746e+01 1.050093e+07
1.726083e+01 1.007375e+07
1.752829e+01 9.660510e+06
1.779989e+01 9.267648e+06
1.807570e+01 8.884067e+06
1.835578e+01 8.520505e+06
1.864021e+01 8.171542e+06
1.892904e+01 7.835361e+06
1.922234e+01 7.513343e+06
1.952019e+01 7.209096e+06
1.982266e+01 6.910976e+06
2.012981e+01 6.627668e+06
2.044172e+01 6.354090e+06
2.075847e+01 6.092803e+06
2.108012e+01 5.842724e+06
2.140676e+01 5.603552e+06
2.173846e+01 5.372594e+06
2.207529e+01 5.151475e+06
2.241735e+01 4.940829e+06
2.276471e+01 4.736356e+06
2.311745e+01 4.543155e+06
2.347565e+01 4.356341e+06
2.383941e+01 4.176608e+06
2.420880e+01 4.004229e+06
2.458392e+01 3.838902e+06
2.496485e+01 3.681929e+06
2.535168e+01 3.529083e+06
2.574450e+01 3.383864e+06
2.614341e+01 3.244254e+06
2.654850e+01 3.110558e+06
2.695987e+01 2.981189e+06
2.737762e+01 2.857357e+06
2.780183e+01 2.738530e+06
2.823262e+01 2.625033e+06
2.867009e+01 2.516378e+06
2.911433e+01 2.411723e+06
2.956546e+01 2.311160e+06
3.002358e+01 2.214956e+06
3.048879e+01 2.123151e+06
3.096122e+01 2.035105e+06
3.144096e+01 1.950553e+06
3.192814e+01 1.869888e+06
3.242287e+01 1.792510e+06
3.292526e+01 1.717143e+06
3.343544e+01 1.644935e+06
3.395352e+01 1.576828e+06
3.447963e+01 1.511153e+06
3.501389e+01 1.448414e+06
3.555643e+01 1.388044e+06
3.610738e+01 1.330042e+06
3.666687e+01 1.273962e+06
3.723502e+01 1.220569e+06
3.781198e+01 1.169591e+06
3.839787e+01 1.121091e+06
3.899285e+01 1.074116e+06
3.959704e+01 1.029133e+06
4.021060e+01 9.863157e+05
4.083367e+01 9.451323e+05
4.146638e+01 9.053152e+05
4.210891e+01 8.672279e+05
4.276138e+01 8.312200e+05
4.342397e+01 7.961854e+05
4.409683e+01 7.625876e+05
4.478011e+01 7.305019e+05
4.547398e+01 6.994310e+05
4.617860e+01 6.698483e+05
4.689414e+01 6.415602e+05
4.762076e+01 6.143664e+05
4.835865e+01 5.883201e+05
4.910796e+01 5.634440e+05
4.986889e+01 5.394574e+05
5.064161e+01 5.165061e+05
5.142630e+01 4.944473e+05
5.222315e+01 4.733884e+05
5.303235e+01 4.534987e+05
5.385409e+01 4.342318e+05
5.468856e+01 4.157233e+05
5.553596e+01 3.979471e+05
5.639649e+01 3.810267e+05
5.727036e+01 3.646452e+05
5.815776e+01 3.491931e+05
5.905892e+01 3.341552e+05
5.997404e+01 3.197088e+05
6.090333e+01 3.058018e+05
6.184703e+01 2.925900e+05
6.280535e+01 2.801506e+05
6.377852e+01 2.681365e+05
6.476677e+01 2.566087e+05
6.577033e+01 2.454835e+05
6.678945e+01 2.348509e+05
6.782435e+01 2.247015e+05
6.887529e+01 2.149655e+05
6.994251e+01 2.056893e+05
7.102627e+01 1.968579e+05
7.212683e+01 1.883051e+05
7.324443e+01 1.801233e+05
7.437936e+01 1.721328e+05
7.553187e+01 1.646275e+05
7.670223e+01 1.574700e+05
7.789074e+01 1.506261e+05
7.909765e+01 1.441501e+05
8.032327e+01 1.379478e+05
8.156788e+01 1.318685e+05
8.283178e+01 1.260487e+05
8.411526e+01 1.204847e+05
8.541863e+01 1.152587e+05
8.674219e+01 1.102095e+05
8.808626e+01 1.053044e+05
8.945116e+01 1.005802e+05
9.083721e+01 9.617734e+04
9.224473e+01 9.202185e+04
9.367406e+01 8.794005e+04
9.512555e+01 8.408054e+04
9.659952e+01 8.041482e+04
9.809633e+01 7.683281e+04
9.961633e+01 7.343773e+04
1.011599e+02 7.019521e+04
1.027274e+02 6.710017e+04
1.043191e+02 6.406850e+04
1.059356e+02 6.118738e+04
1.075770e+02 5.845493e+04
1.092439e+02 5.585559e+04
1.109367e+02 5.332436e+04
1.126556e+02 5.091479e+04
1.144012e+02 4.859376e+04
1.161739e+02 4.640221e+04
1.179740e+02 4.429924e+04
1.198020e+02 4.231235e+04
1.216583e+02 4.041208e+04
1.235434e+02 3.859310e+04
1.254578e+02 3.686089e+04
1.274017e+02 3.519068e+04
1.293758e+02 3.361348e+04
1.313805e+02 3.211123e+04
1.334162e+02 3.064634e+04
1.354835e+02 2.924722e+04
1.375828e+02 2.792227e+04
1.397147e+02 2.665935e+04
1.418796e+02 2.542830e+04
1.440780e+02 2.427280e+04
1.463105e+02 2.317662e+04
1.485776e+02 2.212528e+04
1.508798e+02 2.111596e+04
1.532177e+02 2.012646e+04
1.555918e+02 1.918042e+04
1.580027e+02 1.829245e+04
1.604509e+02 1.744592e+04
1.629371e+02 1.663930e+04
1.654618e+02 1.587233e+04
1.680257e+02 1.511864e+04
1.706292e+02 1.442155e+04
1.732731e+02 1.376195e+04
1.759580e+02 1.310417e+04
1.786845e+02 1.249581e+04
1.814532e+02 1.190873e+04
1.842648e+02 1.135152e+04
1.871200e+02 1.081306e+04
1.900194e+02 1.029751e+04
1.929638e+02 9.802855e+03
1.959538e+02 9.348945e+03
1.989901e+02 8.887923e+03
2.020734e+02 8.469439e+03
2.052045e+02 8.069615e+03
2.083842e+02 7.676980e+03
2.116131e+02 7.311023e+03
2.148921e+02 6.962636e+03
2.182218e+02 6.631266e+03
2.216032e+02 6.310622e+03
2.250369e+02 6.003304e+03
2.285239e+02 5.719817e+03
2.320648e+02 5.443368e+03
2.356607e+02 5.177292e+03
2.393123e+02 4.924200e+03
2.430204e+02 4.680366e+03
2.467860e+02 4.454715e+03
2.506100e+02 4.235043e+03
2.544932e+02 4.024671e+03
2.584365e+02 3.828439e+03
2.624410e+02 3.636451e+03
2.665075e+02 3.456929e+03
2.706371e+02 3.284423e+03
2.748306e+02 3.121907e+03
2.790891e+02 2.965668e+03
2.834136e+02 2.815226e+03
2.878051e+02 2.672810e+03
2.922647e+02 2.536845e+03
2.967933e+02 2.407078e+03
3.013921e+02 2.284178e+03
3.060622e+02 2.165350e+03
3.108046e+02 2.055998e+03
3.156206e+02 1.951694e+03
3.205111e+02 1.850905e+03
3.254774e+02 1.755953e+03
3.305207e+02 1.666821e+03
3.356421e+02 1.582768e+03
3.408429e+02 1.502310e+03
3.461243e+02 1.423601e+03
3.514875e+02 1.348783e+03
3.569338e+02 1.277994e+03
3.624645e+02 1.211653e+03
3.680809e+02 1.148565e+03
3.737843e+02 1.086808e+03
3.795761e+02 1.027381e+03
3.854576e+02 9.726656e+02
3.914303e+02 9.202791e+02
3.974955e+02 8.716622e+02
4.036547e+02 8.244216e+02
4.099093e+02 7.787230e+02
4.162609e+02 7.368070e+02
4.227109e+02 6.970757e+02
4.292608e+02 6.585108e+02
4.359122e+02 6.218924e+02
4.426666e+02 5.871600e+02
4.495258e+02 5.537253e+02
4.564912e+02 5.229915e+02
4.635645e+02 4.938340e+02
4.707475e+02 4.657624e+02
4.780417e+02 4.393084e+02
4.854490e+02 4.146042e+02
4.929710e+02 3.910688e+02
5.006096e+02 3.689416e+02
5.083665e+02 3.475211e+02
5.162437e+02 3.268284e+02
5.242429e+02 3.073350e+02
5.323660e+02 2.896202e+02
5.406151e+02 2.721624e+02
5.489919e+02 2.561988e+02
5.574985e+02 2.408795e+02
5.661370e+02 2.267964e+02
5.749093e+02 2.132083e+02
5.838175e+02 2.005963e+02
5.928638e+02 1.882187e+02
6.020502e+02 1.765120e+02
6.113790e+02 1.659633e+02
6.208523e+02 1.558810e+02
6.304724e+02 1.464063e+02
6.402416e+02 1.371427e+02
6.501622e+02 1.283946e+02
6.602365e+02 1.199572e+02
6.704668e+02 1.123711e+02
6.808557e+02 1.053653e+02
6.914056e+02 9.872570e+01
7.021189e+02 9.215290e+01
7.129983e+02 8.635698e+01
7.240462e+02 8.065762e+01
7.352653e+02 7.527505e+01
7.466583e+02 7.024967e+01
7.582277e+02 6.557161e+01
7.699765e+02 6.124874e+01
7.819073e+02 5.698126e+01
7.940229e+02 5.308254e+01
8.063263e+02 4.952154e+01
8.188204e+02 4.614263e+01
8.315080e+02 4.299248e+01
8.443923e+02 3.992678e+01
8.574761e+02 3.708387e+01
8.707627e+02 3.442525e+01
8.842552e+02 3.191711e+01
8.979568e+02 2.964632e+01
9.118706e+02 2.750378e+01
9.260001e+02 2.546036e+01
9.403485e+02 2.355565e+01
9.549192e+02 2.181898e+01
9.697157e+02 2.018561e+01
9.847414e+02 1.865612e+01
1.000000e+03 1.725502e+01
