Energy(MeV)	Incoming Spectral Fluence(MeV-1 cm-2)	Residual Spectral Fluence(MeV-1 cm-2)
1.0000e-03	0.0000e+00	8.0060e+03
1.5000e-03	0.0000e+00	8.0074e+03
2.0000e-03	0.0000e+00	8.0084e+03
2.5000e-03	0.0000e+00	8.0092e+03
3.0000e-03	0.0000e+00	8.0098e+03
3.5000e-03	0.0000e+00	8.0103e+03
4.0000e-03	0.0000e+00	8.0107e+03
4.5000e-03	0.0000e+00	8.0111e+03
5.0000e-03	0.0000e+00	8.0114e+03
5.5000e-03	0.0000e+00	8.0117e+03
6.0000e-03	0.0000e+00	8.0120e+03
6.5000e-03	0.0000e+00	8.0123e+03
7.0000e-03	0.0000e+00	8.0125e+03
7.5000e-03	0.0000e+00	8.0128e+03
8.0000e-03	0.0000e+00	8.0130e+03
8.5000e-03	0.0000e+00	8.0132e+03
9.0000e-03	0.0000e+00	8.0134e+03
9.5000e-03	0.0000e+00	8.0136e+03
1.0000e-02	0.0000e+00	8.0137e+03
1.5000e-02	0.0000e+00	8.0151e+03
2.0000e-02	0.0000e+00	8.0161e+03
2.5000e-02	0.0000e+00	8.0169e+03
3.0000e-02	0.0000e+00	8.0175e+03
3.5000e-02	0.0000e+00	8.0182e+03
4.0000e-02	0.0000e+00	8.0190e+03
4.5000e-02	0.0000e+00	8.0198e+03
5.0000e-02	0.0000e+00	8.0206e+03
5.5000e-02	0.0000e+00	8.0214e+03
6.0000e-02	0.0000e+00	8.0221e+03
6.5000e-02	0.0000e+00	8.0228e+03
7.0000e-02	0.0000e+00	8.0234e+03
7.5000e-02	0.0000e+00	8.0241e+03
8.0000e-02	0.0000e+00	8.0248e+03
8.5000e-02	0.0000e+00	8.0256e+03
9.0000e-02	0.0000e+00	8.0264e+03
9.5000e-02	0.0000e+00	8.0272e+03
1.0000e-01	1.0145e+13	8.0280e+03
1.0155e-01	9.7345e+12	8.0283e+03
1.0312e-01	9.3405e+12	8.0285e+03
1.0472e-01	8.9626e+12	8.0287e+03
1.0634e-01	8.6021e+12	8.0290e+03
1.0799e-01	8.2561e+12	8.0293e+03
1.0966e-01	7.9242e+12	8.0295e+03
1.1136e-01	7.6073e+12	8.0298e+03
1.1309e-01	7.3031e+12	8.0301e+03
1.1484e-01	7.0110e+12	8.0303e+03
1.1662e-01	6.7306e+12	8.0306e+03
1.1843e-01	6.4614e+12	8.0309e+03
1.2026e-01	6.2022e+12	8.0312e+03
1.2213e-01	5.9524e+12	8.0315e+03
1.2402e-01	5.7131e+12	8.0318e+03
1.2594e-01	5.4828e+12	8.0322e+03
1.2789e-01	5.2620e+12	8.0325e+03
1.2987e-01	5.0503e+12	8.0329e+03
1.3189e-01	4.8471e+12	8.0332e+03
1.3393e-01	4.6524e+12	8.0336e+03
1.3601e-01	4.4661e+12	8.0339e+03
1.3811e-01	4.2872e+12	8.0343e+03
1.4025e-01	4.1155e+12	8.0347e+03
1.4243e-01	3.9506e+12	8.0351e+03
1.4463e-01	3.7924e+12	8.0355e+03
1.4687e-01	3.6405e+12	8.0359e+03
1.4915e-01	3.4944e+12	8.0362e+03
1.5146e-01	3.3540e+12	8.0366e+03
1.5381e-01	3.2192e+12	8.0370e+03
1.5619e-01	3.0898e+12	8.0374e+03
1.5861e-01	2.9657e+12	8.0378e+03
1.6107e-01	2.8459e+12	8.0383e+03
1.6356e-01	2.7308e+12	8.0387e+03
1.6610e-01	2.6204e+12	8.0392e+03
1.6867e-01	2.5144e+12	8.0397e+03
1.7129e-01	2.4127e+12	8.0402e+03
1.7394e-01	2.3151e+12	8.0407e+03
1.7664e-01	2.2215e+12	8.0412e+03
1.7937e-01	2.1316e+12	8.0417e+03
1.8215e-01	2.0454e+12	8.0422e+03
1.8497e-01	1.9626e+12	8.0427e+03
1.8784e-01	1.8830e+12	8.0432e+03
1.9075e-01	1.8067e+12	8.0437e+03
1.9371e-01	1.7334e+12	8.0442e+03
1.9671e-01	1.6631e+12	8.0448e+03
1.9976e-01	1.5957e+12	8.0453e+03
2.0285e-01	1.5313e+12	8.0458e+03
2.0599e-01	1.4698e+12	8.0464e+03
2.0919e-01	1.4108e+12	8.0470e+03
2.1243e-01	1.3541e+12	8.0476e+03
2.1572e-01	1.2992e+12	8.0482e+03
2.1906e-01	1.2466e+12	8.0488e+03
2.2246e-01	1.1961e+12	8.0495e+03
2.2590e-01	1.1476e+12	8.0501e+03
2.2940e-01	1.1013e+12	8.0507e+03
2.3296e-01	1.0570e+12	8.0514e+03
2.3657e-01	1.0145e+12	8.0520e+03
2.4023e-01	9.7334e+11	8.0527e+03
2.4396e-01	9.3398e+11	8.0533e+03
2.4774e-01	8.9600e+11	8.0540e+03
2.5158e-01	8.5961e+11	8.0547e+03
2.5547e-01	8.2475e+11	8.0554e+03
2.5943e-01	7.9145e+11	8.0562e+03
2.6345e-01	7.5934e+11	8.0569e+03
2.6753e-01	7.2853e+11	8.0576e+03
2.7168e-01	6.9896e+11	8.0583e+03
2.7589e-01	6.7060e+11	8.0591e+03
2.8016e-01	6.4339e+11	8.0598e+03
2.8451e-01	6.1749e+11	8.0606e+03
2.8891e-01	5.9263e+11	8.0613e+03
2.9339e-01	5.6875e+11	8.0621e+03
2.9794e-01	5.4598e+11	8.0629e+03
3.0255e-01	5.2419e+11	8.0638e+03
3.0724e-01	5.0293e+11	8.0646e+03
3.1200e-01	4.8263e+11	8.0655e+03
3.1684e-01	4.6335e+11	8.0663e+03
3.2175e-01	4.4466e+11	8.0672e+03
3.2673e-01	4.2677e+11	8.0681e+03
3.3179e-01	4.0973e+11	8.0691e+03
3.3693e-01	3.9336e+11	8.0700e+03
3.4216e-01	3.7753e+11	8.0710e+03
3.4746e-01	3.6233e+11	8.0719e+03
3.5284e-01	3.4774e+11	8.0729e+03
3.5831e-01	3.3374e+11	8.0738e+03
3.6386e-01	3.2041e+11	8.0748e+03
3.6950e-01	3.0763e+11	8.0758e+03
3.7522e-01	2.9536e+11	8.0768e+03
3.8104e-01	2.8359e+11	8.0778e+03
3.8694e-01	2.7223e+11	8.0788e+03
3.9294e-01	2.6121e+11	8.0799e+03
3.9903e-01	2.5062e+11	8.0810e+03
4.0521e-01	2.4064e+11	8.0821e+03
4.1149e-01	2.3101e+11	8.0833e+03
4.1786e-01	2.2176e+11	8.0844e+03
4.2434e-01	2.1281e+11	8.0856e+03
4.3091e-01	2.0420e+11	8.0868e+03
4.3759e-01	1.9593e+11	8.0881e+03
4.4437e-01	1.8799e+11	8.0893e+03
4.5126e-01	1.8036e+11	8.0905e+03
4.5825e-01	1.7311e+11	8.0917e+03
4.6535e-01	1.6612e+11	8.0929e+03
4.7256e-01	1.5945e+11	8.0942e+03
4.7988e-01	1.5304e+11	8.0955e+03
4.8732e-01	1.4684e+11	8.0968e+03
4.9487e-01	1.4091e+11	8.0982e+03
5.0254e-01	1.3526e+11	8.0996e+03
5.1032e-01	1.2981e+11	8.1010e+03
5.1823e-01	1.2459e+11	8.1025e+03
5.2626e-01	1.1959e+11	8.1039e+03
5.3442e-01	1.1482e+11	8.1054e+03
5.4270e-01	1.1022e+11	8.1069e+03
5.5111e-01	1.0582e+11	8.1084e+03
5.5965e-01	1.0156e+11	8.1099e+03
5.6832e-01	9.7471e+10	8.1115e+03
5.7712e-01	9.3572e+10	8.1132e+03
5.8607e-01	8.9787e+10	8.1149e+03
5.9515e-01	8.6159e+10	8.1166e+03
6.0437e-01	8.2678e+10	8.1183e+03
6.1373e-01	7.9345e+10	8.1200e+03
6.2324e-01	7.6153e+10	8.1218e+03
6.3290e-01	7.3076e+10	8.1236e+03
6.4271e-01	7.0136e+10	8.1255e+03
6.5267e-01	6.7307e+10	8.1274e+03
6.6278e-01	6.4597e+10	8.1295e+03
6.7305e-01	6.2005e+10	8.1315e+03
6.8348e-01	5.9501e+10	8.1336e+03
6.9407e-01	5.7095e+10	8.1356e+03
7.0482e-01	5.4787e+10	8.1377e+03
7.1574e-01	5.2572e+10	8.1399e+03
7.2683e-01	5.0446e+10	8.1420e+03
7.3810e-01	4.8409e+10	8.1442e+03
7.4953e-01	4.6456e+10	8.1465e+03
7.6115e-01	4.4579e+10	8.1488e+03
7.7294e-01	4.2777e+10	8.1511e+03
7.8492e-01	4.1047e+10	8.1534e+03
7.9708e-01	3.9388e+10	8.1557e+03
8.0943e-01	3.7796e+10	8.1580e+03
8.2197e-01	3.6263e+10	8.1603e+03
8.3471e-01	3.4801e+10	8.1626e+03
8.4764e-01	3.3394e+10	8.1650e+03
8.6078e-01	3.2044e+10	8.1674e+03
8.7412e-01	3.0746e+10	8.1699e+03
8.8766e-01	2.9508e+10	8.1723e+03
9.0142e-01	2.8316e+10	8.1748e+03
9.1538e-01	2.7183e+10	8.1774e+03
9.2957e-01	2.6095e+10	8.1800e+03
9.4397e-01	2.5040e+10	8.1826e+03
9.5860e-01	2.4020e+10	8.1853e+03
9.7345e-01	2.3052e+10	8.1880e+03
9.8853e-01	2.2126e+10	8.1908e+03
1.0039e+00	2.1227e+10	8.1936e+03
1.0194e+00	2.0364e+10	8.1964e+03
1.0352e+00	1.9539e+10	8.1992e+03
1.0512e+00	1.8748e+10	8.2021e+03
1.0675e+00	1.7994e+10	8.2050e+03
1.0841e+00	1.7271e+10	8.2080e+03
1.1009e+00	1.6580e+10	8.2110e+03
1.1179e+00	1.5911e+10	8.2140e+03
1.1353e+00	1.5264e+10	8.2171e+03
1.1528e+00	1.4644e+10	8.2202e+03
1.1707e+00	1.4051e+10	8.2234e+03
1.1888e+00	1.3486e+10	8.2266e+03
1.2073e+00	1.2944e+10	8.2299e+03
1.2260e+00	1.2423e+10	8.2332e+03
1.2450e+00	1.1924e+10	8.2367e+03
1.2643e+00	1.1449e+10	8.2401e+03
1.2838e+00	1.0987e+10	8.2437e+03
1.3037e+00	1.0541e+10	8.2472e+03
1.3239e+00	1.0121e+10	8.2508e+03
1.3445e+00	9.7181e+09	8.2545e+03
1.3653e+00	9.3275e+09	8.2583e+03
1.3864e+00	8.9507e+09	8.2621e+03
1.4079e+00	8.5895e+09	8.2659e+03
1.4297e+00	8.2373e+09	8.2697e+03
1.4519e+00	7.8996e+09	8.2735e+03
1.4744e+00	7.5759e+09	8.2775e+03
1.4972e+00	7.2706e+09	8.2815e+03
1.5204e+00	6.9793e+09	8.2856e+03
1.5440e+00	6.6989e+09	8.2899e+03
1.5679e+00	6.4309e+09	8.2941e+03
1.5922e+00	6.1725e+09	8.2985e+03
1.6169e+00	5.9245e+09	8.3029e+03
1.6419e+00	5.6865e+09	8.3074e+03
1.6674e+00	5.4575e+09	8.3120e+03
1.6932e+00	5.2376e+09	8.3166e+03
1.7195e+00	5.0278e+09	8.3214e+03
1.7461e+00	4.8255e+09	8.3262e+03
1.7732e+00	4.6309e+09	8.3311e+03
1.8006e+00	4.4447e+09	8.3360e+03
1.8285e+00	4.2646e+09	8.3411e+03
1.8569e+00	4.0914e+09	8.3462e+03
1.8856e+00	3.9259e+09	8.3514e+03
1.9149e+00	3.7675e+09	8.3566e+03
1.9445e+00	3.6140e+09	8.3620e+03
1.9747e+00	3.4680e+09	8.3674e+03
2.0053e+00	3.3279e+09	8.3729e+03
2.0363e+00	3.1916e+09	8.3786e+03
2.0679e+00	3.0639e+09	8.3843e+03
2.0999e+00	2.9401e+09	8.3900e+03
2.1325e+00	2.8214e+09	8.3959e+03
2.1655e+00	2.7068e+09	8.4017e+03
2.1991e+00	2.5968e+09	8.4077e+03
2.2331e+00	2.4912e+09	8.4137e+03
2.2677e+00	2.3909e+09	8.4198e+03
2.3029e+00	2.2944e+09	8.4260e+03
2.3386e+00	2.2017e+09	8.4322e+03
2.3748e+00	2.1132e+09	8.4385e+03
2.4116e+00	2.0280e+09	8.4450e+03
2.4490e+00	1.9460e+09	8.4516e+03
2.4869e+00	1.8672e+09	8.4584e+03
2.5254e+00	1.7919e+09	8.4652e+03
2.5646e+00	1.7199e+09	8.4721e+03
2.6043e+00	1.6502e+09	8.4792e+03
2.6447e+00	1.5844e+09	8.4863e+03
2.6856e+00	1.5195e+09	8.4936e+03
2.7273e+00	1.4576e+09	8.5009e+03
2.7695e+00	1.3989e+09	8.5084e+03
2.8124e+00	1.3421e+09	8.5159e+03
2.8560e+00	1.2881e+09	8.5234e+03
2.9003e+00	1.2361e+09	8.5312e+03
2.9452e+00	1.1864e+09	8.5393e+03
2.9908e+00	1.1385e+09	8.5476e+03
3.0372e+00	1.0926e+09	8.5562e+03
3.0842e+00	1.0485e+09	8.5649e+03
3.1320e+00	1.0063e+09	8.5738e+03
3.1806e+00	9.6587e+08	8.5826e+03
3.2298e+00	9.2687e+08	8.5914e+03
3.2799e+00	8.8970e+08	8.6004e+03
3.3307e+00	8.5369e+08	8.6095e+03
3.3823e+00	8.1914e+08	8.6186e+03
3.4347e+00	7.8590e+08	8.6280e+03
3.4880e+00	7.5424e+08	8.6374e+03
3.5420e+00	7.2366e+08	8.6468e+03
3.5969e+00	6.9458e+08	8.6563e+03
3.6526e+00	6.6650e+08	8.6661e+03
3.7092e+00	6.3960e+08	8.6760e+03
3.7667e+00	6.1372e+08	8.6861e+03
3.8251e+00	5.8888e+08	8.6964e+03
3.8843e+00	5.6524e+08	8.7069e+03
3.9445e+00	5.4240e+08	8.7175e+03
4.0056e+00	5.2054e+08	8.7292e+03
4.0677e+00	4.9958e+08	8.7417e+03
4.1307e+00	4.7941e+08	8.7546e+03
4.1947e+00	4.6006e+08	8.7663e+03
4.2597e+00	4.4169e+08	8.7774e+03
4.3257e+00	4.2407e+08	8.7891e+03
4.3928e+00	4.0695e+08	8.8009e+03
4.4608e+00	3.9038e+08	8.8129e+03
4.5300e+00	3.7440e+08	8.8252e+03
4.6001e+00	3.5929e+08	8.8376e+03
4.6714e+00	3.4470e+08	8.8502e+03
4.7438e+00	3.3071e+08	8.8627e+03
4.8173e+00	3.1728e+08	8.8754e+03
4.8920e+00	3.0432e+08	8.8883e+03
4.9678e+00	2.9192e+08	8.9015e+03
5.0447e+00	2.8009e+08	8.9148e+03
5.1229e+00	2.6878e+08	8.9282e+03
5.2023e+00	2.5783e+08	8.9420e+03
5.2829e+00	2.4736e+08	8.9559e+03
5.3647e+00	2.3736e+08	8.9699e+03
5.4479e+00	2.2776e+08	8.9841e+03
5.5323e+00	2.1844e+08	8.9987e+03
5.6180e+00	2.0958e+08	9.0130e+03
5.7051e+00	2.0099e+08	9.0278e+03
5.7935e+00	1.9290e+08	9.0432e+03
5.8832e+00	1.8509e+08	9.0587e+03
5.9744e+00	1.7755e+08	9.0741e+03
6.0670e+00	1.7029e+08	9.0898e+03
6.1610e+00	1.6338e+08	9.1058e+03
6.2564e+00	1.5671e+08	9.1223e+03
6.3534e+00	1.5037e+08	9.1390e+03
6.4518e+00	1.4429e+08	9.1557e+03
6.5518e+00	1.3839e+08	9.1725e+03
6.6533e+00	1.3276e+08	9.1895e+03
6.7564e+00	1.2733e+08	9.2067e+03
6.8611e+00	1.2214e+08	9.2242e+03
6.9674e+00	1.1716e+08	9.2415e+03
7.0754e+00	1.1241e+08	9.2584e+03
7.1850e+00	1.0786e+08	9.2763e+03
7.2963e+00	1.0345e+08	9.2950e+03
7.4094e+00	9.9166e+07	9.3143e+03
7.5242e+00	9.5105e+07	9.3334e+03
7.6408e+00	9.1276e+07	9.3526e+03
7.7592e+00	8.7594e+07	9.3721e+03
7.8794e+00	8.4062e+07	9.3917e+03
8.0015e+00	8.0622e+07	9.4117e+03
8.1255e+00	7.7330e+07	9.4317e+03
8.2514e+00	7.4168e+07	9.4520e+03
8.3793e+00	7.1145e+07	9.4718e+03
8.5091e+00	6.8260e+07	9.4921e+03
8.6409e+00	6.5520e+07	9.5134e+03
8.7748e+00	6.2832e+07	9.5350e+03
8.9108e+00	6.0261e+07	9.5569e+03
9.0489e+00	5.7808e+07	9.5790e+03
9.1891e+00	5.5469e+07	9.6016e+03
9.3315e+00	5.3241e+07	9.6244e+03
9.4761e+00	5.1073e+07	9.6481e+03
9.6229e+00	4.9008e+07	9.6713e+03
9.7720e+00	4.7018e+07	9.6954e+03
9.9234e+00	4.5125e+07	9.7200e+03
1.0077e+01	4.3315e+07	9.7447e+03
1.0233e+01	4.1552e+07	9.7693e+03
1.0392e+01	3.9859e+07	9.7940e+03
1.0553e+01	3.8248e+07	9.8195e+03
1.0716e+01	3.6702e+07	9.8449e+03
1.0882e+01	3.5205e+07	9.8693e+03
1.1051e+01	3.3765e+07	9.8948e+03
1.1222e+01	3.2384e+07	9.9210e+03
1.1396e+01	3.1065e+07	9.9473e+03
1.1573e+01	2.9796e+07	9.9743e+03
1.1752e+01	2.8583e+07	1.0002e+04
1.1934e+01	2.7409e+07	1.0030e+04
1.2119e+01	2.6282e+07	1.0057e+04
1.2307e+01	2.5200e+07	1.0086e+04
1.2498e+01	2.4179e+07	1.0115e+04
1.2691e+01	2.3191e+07	1.0144e+04
1.2888e+01	2.2253e+07	1.0174e+04
1.3088e+01	2.1352e+07	1.0203e+04
1.3290e+01	2.0477e+07	1.0230e+04
1.3496e+01	1.9641e+07	1.0260e+04
1.3706e+01	1.8841e+07	1.0289e+04
1.3918e+01	1.8065e+07	1.0320e+04
1.4134e+01	1.7321e+07	1.0350e+04
1.4353e+01	1.6613e+07	1.0380e+04
1.4575e+01	1.5936e+07	1.0409e+04
1.4801e+01	1.5282e+07	1.0442e+04
1.5030e+01	1.4656e+07	1.0474e+04
1.5263e+01	1.4060e+07	1.0506e+04
1.5499e+01	1.3482e+07	1.0538e+04
1.5740e+01	1.2927e+07	1.0567e+04
1.5984e+01	1.2396e+07	1.0601e+04
1.6231e+01	1.1892e+07	1.0634e+04
1.6483e+01	1.1412e+07	1.0667e+04
1.6738e+01	1.0945e+07	1.0700e+04
1.6997e+01	1.0501e+07	1.0735e+04
1.7261e+01	1.0074e+07	1.0770e+04
1.7528e+01	9.6605e+06	1.0804e+04
1.7800e+01	9.2676e+06	1.0837e+04
1.8076e+01	8.8841e+06	1.0873e+04
1.8356e+01	8.5205e+06	1.0907e+04
1.8640e+01	8.1715e+06	1.0941e+04
1.8929e+01	7.8354e+06	1.0976e+04
1.9222e+01	7.5133e+06	1.1014e+04
1.9520e+01	7.2091e+06	1.1050e+04
1.9823e+01	6.9110e+06	1.1085e+04
2.0130e+01	6.6277e+06	1.1122e+04
2.0442e+01	6.3541e+06	1.1157e+04
2.0758e+01	6.0928e+06	1.1192e+04
2.1080e+01	5.8427e+06	1.1226e+04
2.1407e+01	5.6036e+06	1.1266e+04
2.1738e+01	5.3726e+06	1.1302e+04
2.2075e+01	5.1515e+06	1.1337e+04
2.2417e+01	4.9408e+06	1.1378e+04
2.2765e+01	4.7364e+06	1.1412e+04
2.3117e+01	4.5432e+06	1.1448e+04
2.3476e+01	4.3563e+06	1.1484e+04
2.3839e+01	4.1766e+06	1.1517e+04
2.4209e+01	4.0042e+06	1.1550e+04
2.4584e+01	3.8389e+06	1.1582e+04
2.4965e+01	3.6819e+06	1.1615e+04
2.5352e+01	3.5291e+06	1.1648e+04
2.5744e+01	3.3839e+06	1.1680e+04
2.6143e+01	3.2443e+06	1.1711e+04
2.6549e+01	3.1106e+06	1.1742e+04
2.6960e+01	2.9812e+06	1.1774e+04
2.7378e+01	2.8574e+06	1.1804e+04
2.7802e+01	2.7385e+06	1.1834e+04
2.8233e+01	2.6250e+06	1.1863e+04
2.8670e+01	2.5164e+06	1.1892e+04
2.9114e+01	2.4117e+06	1.1922e+04
2.9565e+01	2.3112e+06	1.1952e+04
3.0024e+01	2.2150e+06	1.1980e+04
3.0489e+01	2.1232e+06	1.2007e+04
3.0961e+01	2.0351e+06	1.2034e+04
3.1441e+01	1.9506e+06	1.2062e+04
3.1928e+01	1.8699e+06	1.2087e+04
3.2423e+01	1.7925e+06	1.2112e+04
3.2925e+01	1.7171e+06	1.2137e+04
3.3435e+01	1.6449e+06	1.2158e+04
3.3954e+01	1.5768e+06	1.2181e+04
3.4480e+01	1.5112e+06	1.2202e+04
3.5014e+01	1.4484e+06	1.2222e+04
3.5556e+01	1.3880e+06	1.2239e+04
3.6107e+01	1.3300e+06	1.2259e+04
3.6667e+01	1.2740e+06	1.2276e+04
3.7235e+01	1.2206e+06	1.2291e+04
3.7812e+01	1.1696e+06	1.2303e+04
3.8398e+01	1.1211e+06	1.2314e+04
3.8993e+01	1.0741e+06	1.2324e+04
3.9597e+01	1.0291e+06	1.2333e+04
4.0211e+01	9.8632e+05	1.2340e+04
4.0834e+01	9.4513e+05	1.2347e+04
4.1466e+01	9.0532e+05	1.2349e+04
4.2109e+01	8.6723e+05	1.2351e+04
4.2761e+01	8.3122e+05	1.2353e+04
4.3424e+01	7.9619e+05	1.2353e+04
4.4097e+01	7.6259e+05	1.2352e+04
4.4780e+01	7.3050e+05	1.2347e+04
4.5474e+01	6.9943e+05	1.2340e+04
4.6179e+01	6.6985e+05	1.2333e+04
4.6894e+01	6.4156e+05	1.2321e+04
4.7621e+01	6.1437e+05	1.2309e+04
4.8359e+01	5.8832e+05	1.2294e+04
4.9108e+01	5.6344e+05	1.2278e+04
4.9869e+01	5.3946e+05	1.2258e+04
5.0642e+01	5.1651e+05	1.2235e+04
5.1426e+01	4.9445e+05	1.2212e+04
5.2223e+01	4.7339e+05	1.2187e+04
5.3032e+01	4.5350e+05	1.2163e+04
5.3854e+01	4.3423e+05	1.2131e+04
5.4689e+01	4.1572e+05	1.2097e+04
5.5536e+01	3.9795e+05	1.2061e+04
5.6396e+01	3.8103e+05	1.2024e+04
5.7270e+01	3.6465e+05	1.1985e+04
5.8158e+01	3.4919e+05	1.1940e+04
5.9059e+01	3.3416e+05	1.1895e+04
5.9974e+01	3.1971e+05	1.1846e+04
6.0903e+01	3.0580e+05	1.1798e+04
6.1847e+01	2.9259e+05	1.1745e+04
6.2805e+01	2.8015e+05	1.1691e+04
6.3779e+01	2.6814e+05	1.1631e+04
6.4767e+01	2.5661e+05	1.1568e+04
6.5770e+01	2.4548e+05	1.1505e+04
6.6789e+01	2.3485e+05	1.1439e+04
6.7824e+01	2.2470e+05	1.1369e+04
6.8875e+01	2.1497e+05	1.1300e+04
6.9943e+01	2.0569e+05	1.1223e+04
7.1026e+01	1.9686e+05	1.1147e+04
7.2127e+01	1.8831e+05	1.1067e+04
7.3244e+01	1.8012e+05	1.0985e+04
7.4379e+01	1.7213e+05	1.0899e+04
7.5532e+01	1.6463e+05	1.0812e+04
7.6702e+01	1.5747e+05	1.0722e+04
7.7891e+01	1.5063e+05	1.0631e+04
7.9098e+01	1.4415e+05	1.0536e+04
8.0323e+01	1.3795e+05	1.0437e+04
8.1568e+01	1.3187e+05	1.0337e+04
8.2832e+01	1.2605e+05	1.0237e+04
8.4115e+01	1.2048e+05	1.0133e+04
8.5419e+01	1.1526e+05	1.0025e+04
8.6742e+01	1.1021e+05	9.9164e+03
8.8086e+01	1.0530e+05	9.8073e+03
8.9451e+01	1.0058e+05	9.6945e+03
9.0837e+01	9.6177e+04	9.5782e+03
9.2245e+01	9.2022e+04	9.4624e+03
9.3674e+01	8.7940e+04	9.3466e+03
9.5126e+01	8.4081e+04	9.2274e+03
9.6600e+01	8.0415e+04	9.1033e+03
9.8096e+01	7.6833e+04	8.9783e+03
9.9616e+01	7.3438e+04	8.8523e+03
1.0116e+02	7.0195e+04	8.7237e+03
1.0273e+02	6.7100e+04	8.5963e+03
1.0432e+02	6.4068e+04	8.4662e+03
1.0594e+02	6.1187e+04	8.3351e+03
1.0758e+02	5.8455e+04	8.2036e+03
1.0924e+02	5.5856e+04	8.0718e+03
1.1094e+02	5.3324e+04	7.9390e+03
1.1266e+02	5.0915e+04	7.8062e+03
1.1440e+02	4.8594e+04	7.6729e+03
1.1617e+02	4.6402e+04	7.5397e+03
1.1797e+02	4.4299e+04	7.4060e+03
1.1980e+02	4.2312e+04	7.2717e+03
1.2166e+02	4.0412e+04	7.1372e+03
1.2354e+02	3.8593e+04	7.0032e+03
1.2546e+02	3.6861e+04	6.8681e+03
1.2740e+02	3.5191e+04	6.7343e+03
1.2938e+02	3.3613e+04	6.6012e+03
1.3138e+02	3.2111e+04	6.4679e+03
1.3342e+02	3.0646e+04	6.3346e+03
1.3548e+02	2.9247e+04	6.2016e+03
1.3758e+02	2.7922e+04	6.0701e+03
1.3971e+02	2.6659e+04	5.9381e+03
1.4188e+02	2.5428e+04	5.8080e+03
1.4408e+02	2.4273e+04	5.6772e+03
1.4631e+02	2.3177e+04	5.5481e+03
1.4858e+02	2.2125e+04	5.4161e+03
1.5088e+02	2.1116e+04	5.2853e+03
1.5322e+02	2.0126e+04	5.1563e+03
1.5559e+02	1.9180e+04	5.0289e+03
1.5800e+02	1.8292e+04	4.9033e+03
1.6045e+02	1.7446e+04	4.7788e+03
1.6294e+02	1.6639e+04	4.6565e+03
1.6546e+02	1.5872e+04	4.5359e+03
1.6803e+02	1.5119e+04	4.4170e+03
1.7063e+02	1.4422e+04	4.2993e+03
1.7327e+02	1.3762e+04	4.1832e+03
1.7596e+02	1.3104e+04	4.0693e+03
1.7868e+02	1.2496e+04	3.9569e+03
1.8145e+02	1.1909e+04	3.8461e+03
1.8426e+02	1.1352e+04	3.7372e+03
1.8712e+02	1.0813e+04	3.6300e+03
1.9002e+02	1.0298e+04	3.5248e+03
1.9296e+02	9.8029e+03	3.4215e+03
1.9595e+02	9.3489e+03	3.3196e+03
1.9899e+02	8.8879e+03	3.2178e+03
2.0207e+02	8.4694e+03	3.1177e+03
2.0520e+02	8.0696e+03	3.0198e+03
2.0838e+02	7.6770e+03	2.9240e+03
2.1161e+02	7.3110e+03	2.8306e+03
2.1489e+02	6.9626e+03	2.7394e+03
2.1822e+02	6.6313e+03	2.6502e+03
2.2160e+02	6.3106e+03	2.5631e+03
2.2504e+02	6.0033e+03	2.4781e+03
2.2852e+02	5.7198e+03	2.3950e+03
2.3206e+02	5.4434e+03	2.3137e+03
2.3566e+02	5.1773e+03	2.2346e+03
2.3931e+02	4.9242e+03	2.1575e+03
2.4302e+02	4.6804e+03	2.0823e+03
2.4679e+02	4.4547e+03	2.0087e+03
2.5061e+02	4.2350e+03	1.9359e+03
2.5449e+02	4.0247e+03	1.8650e+03
2.5844e+02	3.8284e+03	1.7964e+03
2.6244e+02	3.6365e+03	1.7297e+03
2.6651e+02	3.4569e+03	1.6651e+03
2.7064e+02	3.2844e+03	1.6026e+03
2.7483e+02	3.1219e+03	1.5421e+03
2.7909e+02	2.9657e+03	1.4836e+03
2.8341e+02	2.8152e+03	1.4270e+03
2.8781e+02	2.6728e+03	1.3721e+03
2.9226e+02	2.5368e+03	1.3188e+03
2.9679e+02	2.4071e+03	1.2673e+03
3.0139e+02	2.2842e+03	1.2169e+03
3.0606e+02	2.1653e+03	1.1681e+03
3.1080e+02	2.0560e+03	1.1207e+03
3.1562e+02	1.9517e+03	1.0747e+03
3.2051e+02	1.8509e+03	1.0302e+03
3.2548e+02	1.7560e+03	9.8741e+02
3.3052e+02	1.6668e+03	9.4611e+02
3.3564e+02	1.5828e+03	9.0620e+02
3.4084e+02	1.5023e+03	8.6758e+02
3.4612e+02	1.4236e+03	8.3008e+02
3.5149e+02	1.3488e+03	7.9361e+02
3.5693e+02	1.2780e+03	7.5860e+02
3.6246e+02	1.2117e+03	7.2499e+02
3.6808e+02	1.1486e+03	6.9272e+02
3.7378e+02	1.0868e+03	6.6164e+02
3.7958e+02	1.0274e+03	6.3169e+02
3.8546e+02	9.7267e+02	6.0292e+02
3.9143e+02	9.2028e+02	5.7539e+02
3.9750e+02	8.7166e+02	5.4882e+02
4.0365e+02	8.2442e+02	5.2292e+02
4.0991e+02	7.7872e+02	4.9806e+02
4.1626e+02	7.3681e+02	4.7424e+02
4.2271e+02	6.9708e+02	4.5145e+02
4.2926e+02	6.5851e+02	4.2975e+02
4.3591e+02	6.2189e+02	4.0898e+02
4.4267e+02	5.8716e+02	3.8904e+02
4.4953e+02	5.5373e+02	3.6988e+02
4.5649e+02	5.2299e+02	3.5148e+02
4.6356e+02	4.9383e+02	3.3391e+02
4.7075e+02	4.6576e+02	3.1707e+02
4.7804e+02	4.3931e+02	3.0094e+02
4.8545e+02	4.1460e+02	2.8543e+02
4.9297e+02	3.9107e+02	2.7059e+02
5.0061e+02	3.6894e+02	2.5646e+02
5.0837e+02	3.4752e+02	2.4301e+02
5.1624e+02	3.2683e+02	2.3014e+02
5.2424e+02	3.0733e+02	2.1798e+02
5.3237e+02	2.8962e+02	2.0641e+02
5.4062e+02	2.7216e+02	1.9542e+02
5.4899e+02	2.5620e+02	1.8489e+02
5.5750e+02	2.4088e+02	1.7478e+02
5.6614e+02	2.2680e+02	1.6509e+02
5.7491e+02	2.1321e+02	1.5589e+02
5.8382e+02	2.0060e+02	1.4725e+02
5.9286e+02	1.8822e+02	1.3904e+02
6.0205e+02	1.7651e+02	1.3117e+02
6.1138e+02	1.6596e+02	1.2361e+02
6.2085e+02	1.5588e+02	1.1639e+02
6.3047e+02	1.4641e+02	1.0954e+02
6.4024e+02	1.3714e+02	1.0311e+02
6.5016e+02	1.2839e+02	9.7082e+01
6.6024e+02	1.1996e+02	9.1361e+01
6.7047e+02	1.1237e+02	8.5897e+01
6.8086e+02	1.0537e+02	8.0714e+01
6.9141e+02	9.8726e+01	7.5848e+01
7.0212e+02	9.2153e+01	7.1175e+01
7.1300e+02	8.6357e+01	6.6741e+01
7.2405e+02	8.0658e+01	6.2574e+01
7.3527e+02	7.5275e+01	5.8660e+01
7.4666e+02	7.0250e+01	5.4961e+01
7.5823e+02	6.5572e+01	5.1427e+01
7.6998e+02	6.1249e+01	4.8126e+01
7.8191e+02	5.6981e+01	4.5043e+01
7.9402e+02	5.3083e+01	4.2128e+01
8.0633e+02	4.9522e+01	3.9357e+01
8.1882e+02	4.6143e+01	3.6720e+01
8.3151e+02	4.2992e+01	3.4240e+01
8.4439e+02	3.9927e+01	3.1914e+01
8.5748e+02	3.7084e+01	2.9724e+01
8.7076e+02	3.4425e+01	2.7683e+01
8.8426e+02	3.1917e+01	2.5768e+01
8.9796e+02	2.9646e+01	2.3959e+01
9.1187e+02	2.7504e+01	2.2259e+01
9.2600e+02	2.5460e+01	2.0679e+01
9.4035e+02	2.3556e+01	1.9208e+01
9.5492e+02	2.1819e+01	1.7828e+01
9.6972e+02	2.0186e+01	1.6545e+01
9.8474e+02	1.8656e+01	1.5356e+01
1.0000e+03	1.7255e+01	1.4253e+01