Energy(MeV)	Incoming Spectral Fluence(MeV-1 cm-2)	Residual Spectral Fluence(MeV-1 cm-2)
1.0000e-03	0.0000e+00	1.4425e+05
1.5000e-03	0.0000e+00	1.4429e+05
2.0000e-03	0.0000e+00	1.4431e+05
2.5000e-03	0.0000e+00	1.4433e+05
3.0000e-03	0.0000e+00	1.4435e+05
3.5000e-03	0.0000e+00	1.4436e+05
4.0000e-03	0.0000e+00	1.4437e+05
4.5000e-03	0.0000e+00	1.4438e+05
5.0000e-03	0.0000e+00	1.4439e+05
5.5000e-03	0.0000e+00	1.4439e+05
6.0000e-03	0.0000e+00	1.4440e+05
6.5000e-03	0.0000e+00	1.4441e+05
7.0000e-03	0.0000e+00	1.4441e+05
7.5000e-03	0.0000e+00	1.4442e+05
8.0000e-03	0.0000e+00	1.4442e+05
8.5000e-03	0.0000e+00	1.4443e+05
9.0000e-03	0.0000e+00	1.4443e+05
9.5000e-03	0.0000e+00	1.4444e+05
1.0000e-02	0.0000e+00	1.4444e+05
1.5000e-02	0.0000e+00	1.4448e+05
2.0000e-02	0.0000e+00	1.4450e+05
2.5000e-02	0.0000e+00	1.4452e+05
3.0000e-02	0.0000e+00	1.4454e+05
3.5000e-02	0.0000e+00	1.4456e+05
4.0000e-02	0.0000e+00	1.4458e+05
4.5000e-02	0.0000e+00	1.4461e+05
5.0000e-02	6.3410e+11	1.4463e+05
5.1002e-02	6.2167e+11	1.4463e+05
5.2025e-02	6.0968e+11	1.4464e+05
5.3067e-02	5.9804e+11	1.4464e+05
5.4131e-02	5.8682e+11	1.4465e+05
5.5216e-02	5.7611e+11	1.4465e+05
5.6323e-02	5.6549e+11	1.4466e+05
5.7452e-02	5.5511e+11	1.4466e+05
5.8604e-02	5.4452e+11	1.4467e+05
5.9778e-02	5.3431e+11	1.4467e+05
6.0977e-02	5.2427e+11	1.4468e+05
6.2199e-02	5.1420e+11	1.4468e+05
6.3446e-02	5.0455e+11	1.4469e+05
6.4717e-02	4.9508e+11	1.4470e+05
6.6015e-02	4.8586e+11	1.4471e+05
6.7338e-02	4.7624e+11	1.4472e+05
6.8688e-02	4.6727e+11	1.4472e+05
7.0065e-02	4.5831e+11	1.4473e+05
7.1469e-02	4.4964e+11	1.4474e+05
7.2902e-02	4.4119e+11	1.4475e+05
7.4363e-02	4.3296e+11	1.4475e+05
7.5853e-02	4.2447e+11	1.4476e+05
7.7374e-02	4.1677e+11	1.4477e+05
7.8925e-02	4.0911e+11	1.4478e+05
8.0507e-02	4.0138e+11	1.4479e+05
8.2121e-02	3.9365e+11	1.4479e+05
8.3767e-02	3.8620e+11	1.4480e+05
8.5446e-02	3.7890e+11	1.4481e+05
8.7159e-02	3.7144e+11	1.4482e+05
8.8906e-02	3.6450e+11	1.4483e+05
9.0688e-02	3.5773e+11	1.4484e+05
9.2506e-02	3.5092e+11	1.4485e+05
9.4360e-02	3.4422e+11	1.4486e+05
9.6251e-02	3.3769e+11	1.4487e+05
9.8181e-02	3.3127e+11	1.4488e+05
1.0015e-01	3.2499e+11	1.4489e+05
1.0216e-01	3.1883e+11	1.4490e+05
1.0420e-01	3.1281e+11	1.4491e+05
1.0629e-01	3.0693e+11	1.4492e+05
1.0842e-01	3.0099e+11	1.4493e+05
1.1060e-01	2.9536e+11	1.4494e+05
1.1281e-01	2.8968e+11	1.4496e+05
1.1507e-01	2.8400e+11	1.4497e+05
1.1738e-01	2.7840e+11	1.4498e+05
1.1973e-01	2.7320e+11	1.4499e+05
1.2213e-01	2.6814e+11	1.4501e+05
1.2458e-01	2.6297e+11	1.4502e+05
1.2708e-01	2.5791e+11	1.4504e+05
1.2963e-01	2.5288e+11	1.4505e+05
1.3223e-01	2.4798e+11	1.4507e+05
1.3488e-01	2.4317e+11	1.4508e+05
1.3758e-01	2.3849e+11	1.4509e+05
1.4034e-01	2.3388e+11	1.4511e+05
1.4315e-01	2.2931e+11	1.4512e+05
1.4602e-01	2.2482e+11	1.4514e+05
1.4895e-01	2.2031e+11	1.4516e+05
1.5193e-01	2.1608e+11	1.4517e+05
1.5498e-01	2.1199e+11	1.4519e+05
1.5808e-01	2.0779e+11	1.4521e+05
1.6125e-01	2.0365e+11	1.4522e+05
1.6449e-01	1.9956e+11	1.4524e+05
1.6778e-01	1.9562e+11	1.4526e+05
1.7115e-01	1.9205e+11	1.4528e+05
1.7458e-01	1.8844e+11	1.4530e+05
1.7808e-01	1.8482e+11	1.4532e+05
1.8165e-01	1.8125e+11	1.4534e+05
1.8529e-01	1.7765e+11	1.4536e+05
1.8900e-01	1.7424e+11	1.4538e+05
1.9279e-01	1.7077e+11	1.4540e+05
1.9665e-01	1.6733e+11	1.4542e+05
2.0060e-01	1.6391e+11	1.4544e+05
2.0462e-01	1.6060e+11	1.4547e+05
2.0872e-01	1.5751e+11	1.4549e+05
2.1290e-01	1.5464e+11	1.4551e+05
2.1717e-01	1.5164e+11	1.4554e+05
2.2152e-01	1.4874e+11	1.4556e+05
2.2596e-01	1.4591e+11	1.4558e+05
2.3049e-01	1.4310e+11	1.4561e+05
2.3511e-01	1.4026e+11	1.4563e+05
2.3983e-01	1.3753e+11	1.4566e+05
2.4463e-01	1.3495e+11	1.4569e+05
2.4954e-01	1.3226e+11	1.4572e+05
2.5454e-01	1.2960e+11	1.4574e+05
2.5964e-01	1.2707e+11	1.4577e+05
2.6484e-01	1.2456e+11	1.4580e+05
2.7015e-01	1.2214e+11	1.4583e+05
2.7557e-01	1.1974e+11	1.4586e+05
2.8109e-01	1.1730e+11	1.4589e+05
2.8673e-01	1.1499e+11	1.4592e+05
2.9247e-01	1.1273e+11	1.4595e+05
2.9834e-01	1.1052e+11	1.4599e+05
3.0432e-01	1.0840e+11	1.4602e+05
3.1042e-01	1.0632e+11	1.4605e+05
3.1664e-01	1.0432e+11	1.4609e+05
3.2299e-01	1.0235e+11	1.4613e+05
3.2946e-01	1.0039e+11	1.4616e+05
3.3606e-01	9.8454e+10	1.4620e+05
3.4280e-01	9.6553e+10	1.4624e+05
3.4967e-01	9.4682e+10	1.4627e+05
3.5668e-01	9.2858e+10	1.4631e+05
3.6383e-01	9.0995e+10	1.4635e+05
3.7112e-01	8.9211e+10	1.4639e+05
3.7856e-01	8.7488e+10	1.4643e+05
3.8615e-01	8.5730e+10	1.4648e+05
3.9389e-01	8.3999e+10	1.4652e+05
4.0179e-01	8.2303e+10	1.4656e+05
4.0984e-01	8.0694e+10	1.4661e+05
4.1806e-01	7.9036e+10	1.4665e+05
4.2644e-01	7.7491e+10	1.4670e+05
4.3498e-01	7.5981e+10	1.4675e+05
4.4370e-01	7.4450e+10	1.4680e+05
4.5260e-01	7.2919e+10	1.4685e+05
4.6167e-01	7.1422e+10	1.4690e+05
4.7092e-01	6.9974e+10	1.4695e+05
4.8036e-01	6.8550e+10	1.4699e+05
4.8999e-01	6.7086e+10	1.4703e+05
4.9981e-01	6.5755e+10	1.4707e+05
5.0983e-01	6.4387e+10	1.4711e+05
5.2005e-01	6.3054e+10	1.4716e+05
5.3048e-01	6.1846e+10	1.4720e+05
5.4111e-01	6.0601e+10	1.4725e+05
5.5196e-01	5.9389e+10	1.4731e+05
5.6302e-01	5.8165e+10	1.4737e+05
5.7431e-01	5.6989e+10	1.4743e+05
5.8582e-01	5.5848e+10	1.4750e+05
5.9756e-01	5.4714e+10	1.4756e+05
6.0954e-01	5.3610e+10	1.4763e+05
6.2176e-01	5.2490e+10	1.4770e+05
6.3422e-01	5.1409e+10	1.4776e+05
6.4693e-01	5.0324e+10	1.4783e+05
6.5990e-01	4.9299e+10	1.4791e+05
6.7313e-01	4.8290e+10	1.4798e+05
6.8662e-01	4.7306e+10	1.4805e+05
7.0038e-01	4.6337e+10	1.4813e+05
7.1442e-01	4.5466e+10	1.4820e+05
7.2874e-01	4.4559e+10	1.4828e+05
7.4335e-01	4.3638e+10	1.4836e+05
7.5825e-01	4.2731e+10	1.4844e+05
7.7345e-01	4.1830e+10	1.4853e+05
7.8896e-01	4.0957e+10	1.4862e+05
8.0477e-01	4.0104e+10	1.4870e+05
8.2090e-01	3.9250e+10	1.4879e+05
8.3736e-01	3.8427e+10	1.4888e+05
8.5414e-01	3.7647e+10	1.4898e+05
8.7126e-01	3.6872e+10	1.4907e+05
8.8873e-01	3.6129e+10	1.4917e+05
9.0654e-01	3.5359e+10	1.4927e+05
9.2471e-01	3.4628e+10	1.4937e+05
9.4325e-01	3.3875e+10	1.4947e+05
9.6216e-01	3.3133e+10	1.4958e+05
9.8144e-01	3.2419e+10	1.4968e+05
1.0011e+00	3.1745e+10	1.4979e+05
1.0212e+00	3.1056e+10	1.4990e+05
1.0417e+00	3.0394e+10	1.5001e+05
1.0625e+00	2.9743e+10	1.5013e+05
1.0838e+00	2.9095e+10	1.5025e+05
1.1056e+00	2.8464e+10	1.5037e+05
1.1277e+00	2.7854e+10	1.5049e+05
1.1503e+00	2.7248e+10	1.5061e+05
1.1734e+00	2.6665e+10	1.5074e+05
1.1969e+00	2.6092e+10	1.5087e+05
1.2209e+00	2.5491e+10	1.5101e+05
1.2454e+00	2.4958e+10	1.5114e+05
1.2703e+00	2.4411e+10	1.5128e+05
1.2958e+00	2.3868e+10	1.5143e+05
1.3218e+00	2.3335e+10	1.5157e+05
1.3483e+00	2.2832e+10	1.5172e+05
1.3753e+00	2.2328e+10	1.5187e+05
1.4029e+00	2.1842e+10	1.5202e+05
1.4310e+00	2.1370e+10	1.5218e+05
1.4597e+00	2.0885e+10	1.5234e+05
1.4889e+00	2.0408e+10	1.5250e+05
1.5188e+00	1.9948e+10	1.5266e+05
1.5492e+00	1.9511e+10	1.5277e+05
1.5803e+00	1.9065e+10	1.5290e+05
1.6119e+00	1.8647e+10	1.5307e+05
1.6442e+00	1.8240e+10	1.5324e+05
1.6772e+00	1.7841e+10	1.5343e+05
1.7108e+00	1.7448e+10	1.5362e+05
1.7451e+00	1.7067e+10	1.5381e+05
1.7801e+00	1.6684e+10	1.5400e+05
1.8158e+00	1.6325e+10	1.5420e+05
1.8522e+00	1.5957e+10	1.5441e+05
1.8893e+00	1.5581e+10	1.5461e+05
1.9272e+00	1.5227e+10	1.5482e+05
1.9658e+00	1.4874e+10	1.5504e+05
2.0052e+00	1.4537e+10	1.5526e+05
2.0454e+00	1.4214e+10	1.5548e+05
2.0864e+00	1.3888e+10	1.5571e+05
2.1282e+00	1.3563e+10	1.5594e+05
2.1709e+00	1.3261e+10	1.5618e+05
2.2144e+00	1.2965e+10	1.5642e+05
2.2588e+00	1.2656e+10	1.5667e+05
2.3041e+00	1.2362e+10	1.5692e+05
2.3502e+00	1.2072e+10	1.5718e+05
2.3974e+00	1.1789e+10	1.5744e+05
2.4454e+00	1.1507e+10	1.5771e+05
2.4944e+00	1.1230e+10	1.5798e+05
2.5444e+00	1.0967e+10	1.5826e+05
2.5954e+00	1.0717e+10	1.5843e+05
2.6475e+00	1.0470e+10	1.5867e+05
2.7005e+00	1.0219e+10	1.5896e+05
2.7547e+00	9.9768e+09	1.5926e+05
2.8099e+00	9.7452e+09	1.5957e+05
2.8662e+00	9.5153e+09	1.5988e+05
2.9237e+00	9.2936e+09	1.6020e+05
2.9823e+00	9.0760e+09	1.6053e+05
3.0420e+00	8.8560e+09	1.6086e+05
3.1030e+00	8.6398e+09	1.6120e+05
3.1652e+00	8.4283e+09	1.6155e+05
3.2287e+00	8.2215e+09	1.6190e+05
3.2934e+00	8.0199e+09	1.6225e+05
3.3594e+00	7.8191e+09	1.6263e+05
3.4267e+00	7.6233e+09	1.6301e+05
3.4954e+00	7.4366e+09	1.6340e+05
3.5655e+00	7.2491e+09	1.6379e+05
3.6370e+00	7.0677e+09	1.6419e+05
3.7099e+00	6.8920e+09	1.6459e+05
3.7842e+00	6.7213e+09	1.6500e+05
3.8601e+00	6.5525e+09	1.6542e+05
3.9375e+00	6.3851e+09	1.6585e+05
4.0164e+00	6.2231e+09	1.6629e+05
4.0969e+00	6.0664e+09	1.6674e+05
4.1790e+00	5.9128e+09	1.6720e+05
4.2628e+00	5.7625e+09	1.6766e+05
4.3482e+00	5.6181e+09	1.6814e+05
4.4354e+00	5.4773e+09	1.6862e+05
4.5243e+00	5.3366e+09	1.6912e+05
4.6150e+00	5.2018e+09	1.6962e+05
4.7075e+00	5.0662e+09	1.7014e+05
4.8019e+00	4.9364e+09	1.7066e+05
4.8981e+00	4.8076e+09	1.7120e+05
4.9963e+00	4.6788e+09	1.7174e+05
5.0964e+00	4.5553e+09	1.7230e+05
5.1986e+00	4.4373e+09	1.7286e+05
5.3028e+00	4.3195e+09	1.7342e+05
5.4091e+00	4.2031e+09	1.7400e+05
5.5175e+00	4.0894e+09	1.7460e+05
5.6281e+00	3.9797e+09	1.7520e+05
5.7409e+00	3.8725e+09	1.7582e+05
5.8560e+00	3.7677e+09	1.7645e+05
5.9734e+00	3.6638e+09	1.7709e+05
6.0931e+00	3.5614e+09	1.7775e+05
6.2153e+00	3.4635e+09	1.7841e+05
6.3398e+00	3.3667e+09	1.7911e+05
6.4669e+00	3.2733e+09	1.7981e+05
6.5966e+00	3.1792e+09	1.8052e+05
6.7288e+00	3.0916e+09	1.8123e+05
6.8637e+00	3.0055e+09	1.8196e+05
7.0012e+00	2.9201e+09	1.8270e+05
7.1416e+00	2.8378e+09	1.8346e+05
7.2847e+00	2.7573e+09	1.8424e+05
7.4308e+00	2.6787e+09	1.8501e+05
7.5797e+00	2.6003e+09	1.8581e+05
7.7316e+00	2.5238e+09	1.8663e+05
7.8866e+00	2.4491e+09	1.8746e+05
8.0447e+00	2.3778e+09	1.8830e+05
8.2060e+00	2.3065e+09	1.8916e+05
8.3705e+00	2.2368e+09	1.9002e+05
8.5382e+00	2.1694e+09	1.9092e+05
8.7094e+00	2.1035e+09	1.9183e+05
8.8840e+00	2.0389e+09	1.9275e+05
9.0620e+00	1.9755e+09	1.9369e+05
9.2437e+00	1.9136e+09	1.9467e+05
9.4290e+00	1.8536e+09	1.9563e+05
9.6180e+00	1.7959e+09	1.9661e+05
9.8108e+00	1.7391e+09	1.9761e+05
1.0007e+01	1.6833e+09	1.9863e+05
1.0208e+01	1.6282e+09	1.9967e+05
1.0413e+01	1.5743e+09	2.0071e+05
1.0621e+01	1.5227e+09	2.0175e+05
1.0834e+01	1.4708e+09	2.0280e+05
1.1051e+01	1.4209e+09	2.0389e+05
1.1273e+01	1.3726e+09	2.0499e+05
1.1499e+01	1.3253e+09	2.0610e+05
1.1729e+01	1.2792e+09	2.0730e+05
1.1965e+01	1.2348e+09	2.0846e+05
1.2204e+01	1.1922e+09	2.0962e+05
1.2449e+01	1.1508e+09	2.1079e+05
1.2699e+01	1.1105e+09	2.1198e+05
1.2953e+01	1.0706e+09	2.1319e+05
1.3213e+01	1.0319e+09	2.1443e+05
1.3478e+01	9.9548e+08	2.1567e+05
1.3748e+01	9.6011e+08	2.1692e+05
1.4023e+01	9.2472e+08	2.1815e+05
1.4304e+01	8.9093e+08	2.1944e+05
1.4591e+01	8.5686e+08	2.2076e+05
1.4884e+01	8.2579e+08	2.2207e+05
1.5182e+01	7.9486e+08	2.2339e+05
1.5486e+01	7.6407e+08	2.2470e+05
1.5797e+01	7.3407e+08	2.2604e+05
1.6113e+01	7.0596e+08	2.2740e+05
1.6436e+01	6.7852e+08	2.2877e+05
1.6766e+01	6.5097e+08	2.3013e+05
1.7102e+01	6.2550e+08	2.3154e+05
1.7445e+01	6.0032e+08	2.3297e+05
1.7794e+01	5.7513e+08	2.3438e+05
1.8151e+01	5.5140e+08	2.3578e+05
1.8515e+01	5.2710e+08	2.3720e+05
1.8886e+01	5.0458e+08	2.3865e+05
1.9265e+01	4.8211e+08	2.4007e+05
1.9651e+01	4.6058e+08	2.4151e+05
2.0045e+01	4.3945e+08	2.4302e+05
2.0446e+01	4.1963e+08	2.4442e+05
2.0856e+01	4.0034e+08	2.4584e+05
2.1274e+01	3.8221e+08	2.4733e+05
2.1701e+01	3.6418e+08	2.4873e+05
2.2136e+01	3.4660e+08	2.5014e+05
2.2579e+01	3.2897e+08	2.5155e+05
2.3032e+01	3.1217e+08	2.5296e+05
2.3494e+01	2.9625e+08	2.5436e+05
2.3965e+01	2.8243e+08	2.5576e+05
2.4445e+01	2.6846e+08	2.5714e+05
2.4935e+01	2.5506e+08	2.5851e+05
2.5435e+01	2.4246e+08	2.5987e+05
2.5945e+01	2.2967e+08	2.6125e+05
2.6465e+01	2.1781e+08	2.6259e+05
2.6995e+01	2.0613e+08	2.6392e+05
2.7536e+01	1.9519e+08	2.6525e+05
2.8088e+01	1.8465e+08	2.6654e+05
2.8651e+01	1.7468e+08	2.6784e+05
2.9226e+01	1.6478e+08	2.6899e+05
2.9812e+01	1.5493e+08	2.7011e+05
3.0409e+01	1.4585e+08	2.7119e+05
3.1019e+01	1.3726e+08	2.7221e+05
3.1640e+01	1.2916e+08	2.7320e+05
3.2275e+01	1.2104e+08	2.7411e+05
3.2922e+01	1.1354e+08	2.7498e+05
3.3581e+01	1.0650e+08	2.7584e+05
3.4255e+01	9.9693e+07	2.7668e+05
3.4941e+01	9.3378e+07	2.7743e+05
3.5642e+01	8.7361e+07	2.7807e+05
3.6356e+01	8.1639e+07	2.7871e+05
3.7085e+01	7.6367e+07	2.7927e+05
3.7828e+01	7.1319e+07	2.7971e+05
3.8586e+01	6.6392e+07	2.8012e+05
3.9360e+01	6.1733e+07	2.8048e+05
4.0149e+01	5.7386e+07	2.8079e+05
4.0954e+01	5.3405e+07	2.8097e+05
4.1775e+01	4.9801e+07	2.8104e+05
4.2612e+01	4.6392e+07	2.8100e+05
4.3466e+01	4.3187e+07	2.8085e+05
4.4337e+01	4.0186e+07	2.8062e+05
4.5226e+01	3.7415e+07	2.8032e+05
4.6133e+01	3.4854e+07	2.7991e+05
4.7057e+01	3.2454e+07	2.7948e+05
4.8001e+01	3.0202e+07	2.7887e+05
4.8963e+01	2.8096e+07	2.7812e+05
4.9944e+01	2.6167e+07	2.7730e+05
5.0945e+01	2.4336e+07	2.7638e+05
5.1967e+01	2.2670e+07	2.7542e+05
5.3008e+01	2.1122e+07	2.7427e+05
5.4071e+01	1.9647e+07	2.7297e+05
5.5155e+01	1.8277e+07	2.7157e+05
5.6260e+01	1.7014e+07	2.7009e+05
5.7388e+01	1.5847e+07	2.6845e+05
5.8538e+01	1.4758e+07	2.6670e+05
5.9712e+01	1.3731e+07	2.6479e+05
6.0909e+01	1.2775e+07	2.6287e+05
6.2130e+01	1.1885e+07	2.6074e+05
6.3375e+01	1.1064e+07	2.5849e+05
6.4645e+01	1.0299e+07	2.5617e+05
6.5941e+01	9.5872e+06	2.5372e+05
6.7263e+01	8.9275e+06	2.5114e+05
6.8611e+01	8.3182e+06	2.4846e+05
6.9986e+01	7.7434e+06	2.4563e+05
7.1389e+01	7.2062e+06	2.4279e+05
7.2820e+01	6.7027e+06	2.3981e+05
7.4280e+01	6.2455e+06	2.3668e+05
7.5769e+01	5.8120e+06	2.3351e+05
7.7288e+01	5.4088e+06	2.3026e+05
7.8837e+01	5.0319e+06	2.2689e+05
8.0417e+01	4.6818e+06	2.2339e+05
8.2029e+01	4.3571e+06	2.1989e+05
8.3673e+01	4.0552e+06	2.1627e+05
8.5351e+01	3.7746e+06	2.1257e+05
8.7062e+01	3.5117e+06	2.0881e+05
8.8807e+01	3.2705e+06	2.0496e+05
9.0587e+01	3.0435e+06	2.0102e+05
9.2403e+01	2.8314e+06	1.9704e+05
9.4255e+01	2.6387e+06	1.9303e+05
9.6144e+01	2.4549e+06	1.8897e+05
9.8071e+01	2.2839e+06	1.8487e+05
1.0004e+02	2.1252e+06	1.8068e+05
1.0204e+02	1.9748e+06	1.7647e+05
1.0409e+02	1.8387e+06	1.7226e+05
1.0617e+02	1.7092e+06	1.6805e+05
1.0830e+02	1.5895e+06	1.6381e+05
1.1047e+02	1.4778e+06	1.5959e+05
1.1269e+02	1.3711e+06	1.5537e+05
1.1495e+02	1.2756e+06	1.5113e+05
1.1725e+02	1.1869e+06	1.4692e+05
1.1960e+02	1.1032e+06	1.4275e+05
1.2200e+02	1.0259e+06	1.3859e+05
1.2444e+02	9.5290e+05	1.3446e+05
1.2694e+02	8.8460e+05	1.3038e+05
1.2948e+02	8.2233e+05	1.2634e+05
1.3208e+02	7.6472e+05	1.2234e+05
1.3473e+02	7.1087e+05	1.1840e+05
1.3743e+02	6.6205e+05	1.1450e+05
1.4018e+02	6.1662e+05	1.1065e+05
1.4299e+02	5.7275e+05	1.0686e+05
1.4586e+02	5.3240e+05	1.0313e+05
1.4878e+02	4.9497e+05	9.9431e+04
1.5176e+02	4.6011e+05	9.5735e+04
1.5481e+02	4.2812e+05	9.2123e+04
1.5791e+02	3.9836e+05	8.8597e+04
1.6107e+02	3.7009e+05	8.5158e+04
1.6430e+02	3.4420e+05	8.1816e+04
1.6760e+02	3.1961e+05	7.8563e+04
1.7096e+02	2.9713e+05	7.5394e+04
1.7438e+02	2.7612e+05	7.2312e+04
1.7788e+02	2.5674e+05	6.9325e+04
1.8144e+02	2.3884e+05	6.6432e+04
1.8508e+02	2.2181e+05	6.3625e+04
1.8879e+02	2.0627e+05	6.0894e+04
1.9257e+02	1.9151e+05	5.8242e+04
1.9643e+02	1.7785e+05	5.5670e+04
2.0037e+02	1.6502e+05	5.3152e+04
2.0439e+02	1.5325e+05	5.0708e+04
2.0849e+02	1.4229e+05	4.8352e+04
2.1266e+02	1.3196e+05	4.6082e+04
2.1693e+02	1.2259e+05	4.3901e+04
2.2128e+02	1.1403e+05	4.1809e+04
2.2571e+02	1.0598e+05	3.9799e+04
2.3024e+02	9.8486e+04	3.7866e+04
2.3485e+02	9.1395e+04	3.6005e+04
2.3956e+02	8.4918e+04	3.4219e+04
2.4436e+02	7.8857e+04	3.2509e+04
2.4926e+02	7.3181e+04	3.0866e+04
2.5425e+02	6.7936e+04	2.9275e+04
2.5935e+02	6.3111e+04	2.7752e+04
2.6455e+02	5.8627e+04	2.6296e+04
2.6985e+02	5.4396e+04	2.4906e+04
2.7526e+02	5.0522e+04	2.3581e+04
2.8078e+02	4.6890e+04	2.2317e+04
2.8641e+02	4.3587e+04	2.1112e+04
2.9215e+02	4.0473e+04	1.9964e+04
2.9800e+02	3.7587e+04	1.8871e+04
3.0398e+02	3.4890e+04	1.7818e+04
3.1007e+02	3.2377e+04	1.6819e+04
3.1629e+02	3.0048e+04	1.5871e+04
3.2263e+02	2.7897e+04	1.4971e+04
3.2909e+02	2.5892e+04	1.4117e+04
3.3569e+02	2.4018e+04	1.3307e+04
3.4242e+02	2.2316e+04	1.2537e+04
3.4928e+02	2.0711e+04	1.1806e+04
3.5628e+02	1.9221e+04	1.1107e+04
3.6343e+02	1.7843e+04	1.0447e+04
3.7071e+02	1.6554e+04	9.8231e+03
3.7814e+02	1.5350e+04	9.2346e+03
3.8572e+02	1.4243e+04	8.6806e+03
3.9345e+02	1.3218e+04	8.1579e+03
4.0134e+02	1.2249e+04	7.6635e+03
4.0938e+02	1.1358e+04	7.1951e+03
4.1759e+02	1.0535e+04	6.7543e+03
4.2596e+02	9.7695e+03	6.3392e+03
4.3450e+02	9.0660e+03	5.9484e+03
4.4321e+02	8.4143e+03	5.5786e+03
4.5209e+02	7.8081e+03	5.2288e+03
4.6116e+02	7.2496e+03	4.8975e+03
4.7040e+02	6.7232e+03	4.5869e+03
4.7983e+02	6.2363e+03	4.2963e+03
4.8945e+02	5.7787e+03	4.0242e+03
4.9926e+02	5.3577e+03	3.7697e+03
5.0926e+02	4.9667e+03	3.5293e+03
5.1947e+02	4.6038e+03	3.3028e+03
5.2989e+02	4.2767e+03	3.0901e+03
5.4051e+02	3.9695e+03	2.8904e+03
5.5134e+02	3.6830e+03	2.7030e+03
5.6239e+02	3.4147e+03	2.5270e+03
5.7367e+02	3.1651e+03	2.3619e+03
5.8517e+02	2.9377e+03	2.2078e+03
5.9690e+02	2.7244e+03	2.0637e+03
6.0886e+02	2.5266e+03	1.9280e+03
6.2106e+02	2.3443e+03	1.8013e+03
6.3351e+02	2.1744e+03	1.6830e+03
6.4621e+02	2.0178e+03	1.5728e+03
6.5917e+02	1.8719e+03	1.4690e+03
6.7238e+02	1.7388e+03	1.3715e+03
6.8586e+02	1.6146e+03	1.2807e+03
6.9960e+02	1.4970e+03	1.1961e+03
7.1363e+02	1.3895e+03	1.1159e+03
7.2793e+02	1.2909e+03	1.0409e+03
7.4252e+02	1.1972e+03	9.7077e+02
7.5741e+02	1.1114e+03	9.0487e+02
7.7259e+02	1.0311e+03	8.4318e+02
7.8808e+02	9.5587e+02	7.8603e+02
8.0387e+02	8.8561e+02	7.3283e+02
8.1999e+02	8.2176e+02	6.8294e+02
8.3642e+02	7.6261e+02	6.3638e+02
8.5319e+02	7.0742e+02	5.9288e+02
8.7029e+02	6.5608e+02	5.5229e+02
8.8774e+02	6.0823e+02	5.1472e+02
9.0553e+02	5.6420e+02	4.7969e+02
9.2368e+02	5.2397e+02	4.4678e+02
9.4220e+02	4.8637e+02	4.1594e+02
9.6108e+02	4.5125e+02	3.8692e+02
9.8035e+02	4.1845e+02	3.5972e+02
1.0000e+03	3.8765e+02	3.3441e+02