Energy(MeV)	Incoming Spectral Fluence(MeV-1 cm-2)	Residual Spectral Fluence(MeV-1 cm-2)
1.0000e-03	0.0000e+00	1.7216e+04
1.5000e-03	0.0000e+00	1.7220e+04
2.0000e-03	0.0000e+00	1.7223e+04
2.5000e-03	0.0000e+00	1.7225e+04
3.0000e-03	0.0000e+00	1.7227e+04
3.5000e-03	0.0000e+00	1.7228e+04
4.0000e-03	0.0000e+00	1.7229e+04
4.5000e-03	0.0000e+00	1.7230e+04
5.0000e-03	0.0000e+00	1.7231e+04
5.5000e-03	0.0000e+00	1.7232e+04
6.0000e-03	0.0000e+00	1.7233e+04
6.5000e-03	0.0000e+00	1.7234e+04
7.0000e-03	0.0000e+00	1.7235e+04
7.5000e-03	0.0000e+00	1.7235e+04
8.0000e-03	0.0000e+00	1.7236e+04
8.5000e-03	0.0000e+00	1.7236e+04
9.0000e-03	0.0000e+00	1.7237e+04
9.5000e-03	0.0000e+00	1.7237e+04
1.0000e-02	0.0000e+00	1.7238e+04
1.5000e-02	0.0000e+00	1.7242e+04
2.0000e-02	0.0000e+00	1.7244e+04
2.5000e-02	0.0000e+00	1.7247e+04
3.0000e-02	0.0000e+00	1.7248e+04
3.5000e-02	0.0000e+00	1.7251e+04
4.0000e-02	0.0000e+00	1.7257e+04
4.5000e-02	0.0000e+00	1.7262e+04
5.0000e-02	0.0000e+00	1.7267e+04
5.5000e-02	0.0000e+00	1.7272e+04
6.0000e-02	0.0000e+00	1.7276e+04
6.5000e-02	0.0000e+00	1.7280e+04
7.0000e-02	0.0000e+00	1.7283e+04
7.5000e-02	0.0000e+00	1.7286e+04
8.0000e-02	0.0000e+00	1.7289e+04
8.5000e-02	0.0000e+00	1.7292e+04
9.0000e-02	0.0000e+00	1.7295e+04
9.5000e-02	0.0000e+00	1.7300e+04
1.0000e-01	0.0000e+00	1.7305e+04
1.5000e-01	0.0000e+00	1.7345e+04
2.0000e-01	0.0000e+00	1.7385e+04
2.5000e-01	0.0000e+00	1.7426e+04
3.0000e-01	0.0000e+00	1.7468e+04
3.5000e-01	0.0000e+00	1.7509e+04
4.0000e-01	0.0000e+00	1.7550e+04
4.5000e-01	0.0000e+00	1.7591e+04
5.0000e-01	0.0000e+00	1.7631e+04
5.5000e-01	0.0000e+00	1.7671e+04
6.0000e-01	0.0000e+00	1.7711e+04
6.5000e-01	0.0000e+00	1.7749e+04
7.0000e-01	0.0000e+00	1.7787e+04
7.5000e-01	0.0000e+00	1.7826e+04
8.0000e-01	0.0000e+00	1.7866e+04
8.5000e-01	0.0000e+00	1.7907e+04
9.0000e-01	0.0000e+00	1.7947e+04
9.5000e-01	0.0000e+00	1.7988e+04
1.0000e+00	1.7879e+08	1.8029e+04
1.0069e+00	1.7701e+08	1.8035e+04
1.0139e+00	1.7525e+08	1.8040e+04
1.0210e+00	1.7351e+08	1.8046e+04
1.0280e+00	1.7178e+08	1.8052e+04
1.0352e+00	1.7007e+08	1.8058e+04
1.0424e+00	1.6838e+08	1.8064e+04
1.0496e+00	1.6670e+08	1.8070e+04
1.0569e+00	1.6504e+08	1.8076e+04
1.0642e+00	1.6339e+08	1.8082e+04
1.0716e+00	1.6176e+08	1.8088e+04
1.0790e+00	1.6015e+08	1.8094e+04
1.0865e+00	1.5855e+08	1.8100e+04
1.0941e+00	1.5698e+08	1.8106e+04
1.1016e+00	1.5542e+08	1.8112e+04
1.1093e+00	1.5387e+08	1.8119e+04
1.1170e+00	1.5235e+08	1.8125e+04
1.1247e+00	1.5083e+08	1.8131e+04
1.1325e+00	1.4934e+08	1.8138e+04
1.1404e+00	1.4785e+08	1.8144e+04
1.1483e+00	1.4638e+08	1.8150e+04
1.1563e+00	1.4493e+08	1.8157e+04
1.1643e+00	1.4349e+08	1.8164e+04
1.1724e+00	1.4207e+08	1.8170e+04
1.1805e+00	1.4066e+08	1.8177e+04
1.1887e+00	1.3926e+08	1.8184e+04
1.1970e+00	1.3788e+08	1.8190e+04
1.2053e+00	1.3650e+08	1.8197e+04
1.2136e+00	1.3514e+08	1.8204e+04
1.2220e+00	1.3380e+08	1.8211e+04
1.2305e+00	1.3247e+08	1.8218e+04
1.2391e+00	1.3115e+08	1.8225e+04
1.2477e+00	1.2985e+08	1.8232e+04
1.2563e+00	1.2856e+08	1.8239e+04
1.2650e+00	1.2729e+08	1.8246e+04
1.2738e+00	1.2602e+08	1.8254e+04
1.2827e+00	1.2476e+08	1.8261e+04
1.2915e+00	1.2353e+08	1.8268e+04
1.3005e+00	1.2230e+08	1.8275e+04
1.3095e+00	1.2109e+08	1.8283e+04
1.3186e+00	1.1989e+08	1.8290e+04
1.3278e+00	1.1870e+08	1.8298e+04
1.3370e+00	1.1752e+08	1.8305e+04
1.3463e+00	1.1635e+08	1.8313e+04
1.3556e+00	1.1519e+08	1.8321e+04
1.3650e+00	1.1405e+08	1.8328e+04
1.3745e+00	1.1291e+08	1.8336e+04
1.3840e+00	1.1179e+08	1.8344e+04
1.3936e+00	1.1068e+08	1.8352e+04
1.4033e+00	1.0958e+08	1.8360e+04
1.4130e+00	1.0849e+08	1.8368e+04
1.4228e+00	1.0741e+08	1.8376e+04
1.4327e+00	1.0635e+08	1.8384e+04
1.4426e+00	1.0528e+08	1.8392e+04
1.4527e+00	1.0423e+08	1.8400e+04
1.4627e+00	1.0318e+08	1.8409e+04
1.4729e+00	1.0215e+08	1.8417e+04
1.4831e+00	1.0113e+08	1.8425e+04
1.4934e+00	1.0011e+08	1.8434e+04
1.5038e+00	9.9110e+07	1.8442e+04
1.5142e+00	9.8116e+07	1.8451e+04
1.5247e+00	9.7131e+07	1.8460e+04
1.5353e+00	9.6155e+07	1.8468e+04
1.5459e+00	9.5189e+07	1.8477e+04
1.5567e+00	9.4232e+07	1.8486e+04
1.5675e+00	9.3284e+07	1.8495e+04
1.5783e+00	9.2350e+07	1.8504e+04
1.5893e+00	9.1428e+07	1.8513e+04
1.6003e+00	9.0515e+07	1.8522e+04
1.6114e+00	8.9611e+07	1.8531e+04
1.6226e+00	8.8714e+07	1.8540e+04
1.6339e+00	8.7826e+07	1.8549e+04
1.6452e+00	8.6953e+07	1.8559e+04
1.6566e+00	8.6086e+07	1.8568e+04
1.6681e+00	8.5221e+07	1.8578e+04
1.6797e+00	8.4360e+07	1.8587e+04
1.6913e+00	8.3512e+07	1.8597e+04
1.7031e+00	8.2675e+07	1.8606e+04
1.7149e+00	8.1846e+07	1.8616e+04
1.7268e+00	8.1031e+07	1.8626e+04
1.7388e+00	8.0223e+07	1.8636e+04
1.7508e+00	7.9427e+07	1.8646e+04
1.7630e+00	7.8639e+07	1.8655e+04
1.7752e+00	7.7859e+07	1.8666e+04
1.7875e+00	7.7087e+07	1.8676e+04
1.7999e+00	7.6318e+07	1.8686e+04
1.8124e+00	7.5557e+07	1.8696e+04
1.8250e+00	7.4803e+07	1.8707e+04
1.8377e+00	7.4057e+07	1.8717e+04
1.8504e+00	7.3321e+07	1.8728e+04
1.8632e+00	7.2588e+07	1.8738e+04
1.8762e+00	7.1861e+07	1.8749e+04
1.8892e+00	7.1140e+07	1.8759e+04
1.9023e+00	7.0429e+07	1.8770e+04
1.9155e+00	6.9727e+07	1.8781e+04
1.9288e+00	6.9032e+07	1.8792e+04
1.9422e+00	6.8344e+07	1.8803e+04
1.9557e+00	6.7662e+07	1.8814e+04
1.9692e+00	6.6986e+07	1.8825e+04
1.9829e+00	6.6319e+07	1.8836e+04
1.9966e+00	6.5663e+07	1.8848e+04
2.0105e+00	6.5013e+07	1.8859e+04
2.0244e+00	6.4370e+07	1.8871e+04
2.0385e+00	6.3729e+07	1.8882e+04
2.0526e+00	6.3092e+07	1.8894e+04
2.0669e+00	6.2462e+07	1.8906e+04
2.0812e+00	6.1837e+07	1.8918e+04
2.0957e+00	6.1219e+07	1.8929e+04
2.1102e+00	6.0607e+07	1.8941e+04
2.1248e+00	6.0001e+07	1.8954e+04
2.1396e+00	5.9405e+07	1.8966e+04
2.1544e+00	5.8816e+07	1.8978e+04
2.1694e+00	5.8232e+07	1.8990e+04
2.1844e+00	5.7655e+07	1.9003e+04
2.1996e+00	5.7082e+07	1.9015e+04
2.2149e+00	5.6515e+07	1.9028e+04
2.2302e+00	5.5954e+07	1.9040e+04
2.2457e+00	5.5398e+07	1.9053e+04
2.2613e+00	5.4848e+07	1.9066e+04
2.2770e+00	5.4303e+07	1.9079e+04
2.2928e+00	5.3763e+07	1.9092e+04
2.3087e+00	5.3229e+07	1.9105e+04
2.3247e+00	5.2700e+07	1.9118e+04
2.3408e+00	5.2176e+07	1.9132e+04
2.3571e+00	5.1657e+07	1.9145e+04
2.3734e+00	5.1143e+07	1.9158e+04
2.3899e+00	5.0634e+07	1.9172e+04
2.4065e+00	5.0130e+07	1.9186e+04
2.4232e+00	4.9632e+07	1.9200e+04
2.4400e+00	4.9138e+07	1.9213e+04
2.4569e+00	4.8649e+07	1.9227e+04
2.4740e+00	4.8164e+07	1.9241e+04
2.4911e+00	4.7685e+07	1.9256e+04
2.5084e+00	4.7210e+07	1.9270e+04
2.5258e+00	4.6740e+07	1.9284e+04
2.5433e+00	4.6273e+07	1.9299e+04
2.5610e+00	4.5810e+07	1.9294e+04
2.5788e+00	4.5352e+07	1.9282e+04
2.5967e+00	4.4898e+07	1.9270e+04
2.6147e+00	4.4447e+07	1.9271e+04
2.6328e+00	4.4001e+07	1.9284e+04
2.6511e+00	4.3559e+07	1.9296e+04
2.6695e+00	4.3119e+07	1.9309e+04
2.6880e+00	4.2684e+07	1.9325e+04
2.7067e+00	4.2254e+07	1.9340e+04
2.7254e+00	4.1833e+07	1.9356e+04
2.7443e+00	4.1416e+07	1.9371e+04
2.7634e+00	4.1003e+07	1.9387e+04
2.7826e+00	4.0594e+07	1.9403e+04
2.8019e+00	4.0188e+07	1.9419e+04
2.8213e+00	3.9785e+07	1.9435e+04
2.8409e+00	3.9386e+07	1.9451e+04
2.8606e+00	3.8992e+07	1.9467e+04
2.8804e+00	3.8601e+07	1.9483e+04
2.9004e+00	3.8214e+07	1.9500e+04
2.9206e+00	3.7831e+07	1.9517e+04
2.9408e+00	3.7451e+07	1.9533e+04
2.9612e+00	3.7074e+07	1.9550e+04
2.9818e+00	3.6702e+07	1.9567e+04
3.0025e+00	3.6335e+07	1.9584e+04
3.0233e+00	3.5967e+07	1.9601e+04
3.0443e+00	3.5606e+07	1.9619e+04
3.0654e+00	3.5249e+07	1.9636e+04
3.0867e+00	3.4895e+07	1.9654e+04
3.1081e+00	3.4545e+07	1.9671e+04
3.1296e+00	3.4198e+07	1.9689e+04
3.1514e+00	3.3854e+07	1.9707e+04
3.1732e+00	3.3514e+07	1.9725e+04
3.1952e+00	3.3178e+07	1.9744e+04
3.2174e+00	3.2844e+07	1.9762e+04
3.2397e+00	3.2514e+07	1.9780e+04
3.2622e+00	3.2187e+07	1.9799e+04
3.2849e+00	3.1865e+07	1.9818e+04
3.3077e+00	3.1547e+07	1.9836e+04
3.3306e+00	3.1232e+07	1.9855e+04
3.3537e+00	3.0921e+07	1.9874e+04
3.3770e+00	3.0610e+07	1.9894e+04
3.4004e+00	3.0304e+07	1.9913e+04
3.4240e+00	3.0002e+07	1.9933e+04
3.4478e+00	2.9704e+07	1.9952e+04
3.4717e+00	2.9407e+07	1.9972e+04
3.4958e+00	2.9108e+07	1.9992e+04
3.5200e+00	2.8812e+07	2.0012e+04
3.5445e+00	2.8519e+07	2.0032e+04
3.5690e+00	2.8229e+07	2.0053e+04
3.5938e+00	2.7942e+07	2.0073e+04
3.6187e+00	2.7658e+07	2.0094e+04
3.6439e+00	2.7376e+07	2.0114e+04
3.6691e+00	2.7098e+07	2.0135e+04
3.6946e+00	2.6822e+07	2.0156e+04
3.7202e+00	2.6549e+07	2.0178e+04
3.7460e+00	2.6280e+07	2.0199e+04
3.7720e+00	2.6014e+07	2.0221e+04
3.7982e+00	2.5751e+07	2.0242e+04
3.8246e+00	2.5490e+07	2.0264e+04
3.8511e+00	2.5231e+07	2.0286e+04
3.8778e+00	2.4975e+07	2.0308e+04
3.9047e+00	2.4722e+07	2.0330e+04
3.9318e+00	2.4471e+07	2.0353e+04
3.9591e+00	2.4223e+07	2.0375e+04
3.9866e+00	2.3977e+07	2.0398e+04
4.0142e+00	2.3733e+07	2.0421e+04
4.0421e+00	2.3492e+07	2.0444e+04
4.0701e+00	2.3253e+07	2.0467e+04
4.0984e+00	2.3017e+07	2.0491e+04
4.1268e+00	2.2782e+07	2.0514e+04
4.1555e+00	2.2550e+07	2.0538e+04
4.1843e+00	2.2321e+07	2.0562e+04
4.2133e+00	2.2094e+07	2.0586e+04
4.2426e+00	2.1869e+07	2.0610e+04
4.2720e+00	2.1649e+07	2.0635e+04
4.3016e+00	2.1431e+07	2.0659e+04
4.3315e+00	2.1214e+07	2.0684e+04
4.3615e+00	2.0998e+07	2.0709e+04
4.3918e+00	2.0785e+07	2.0734e+04
4.4223e+00	2.0575e+07	2.0760e+04
4.4530e+00	2.0370e+07	2.0785e+04
4.4839e+00	2.0163e+07	2.0811e+04
4.5150e+00	1.9959e+07	2.0836e+04
4.5463e+00	1.9755e+07	2.0862e+04
4.5778e+00	1.9553e+07	2.0889e+04
4.6096e+00	1.9354e+07	2.0915e+04
4.6416e+00	1.9157e+07	2.0942e+04
4.6738e+00	1.8961e+07	2.0968e+04
4.7062e+00	1.8768e+07	2.0995e+04
4.7389e+00	1.8576e+07	2.1022e+04
4.7718e+00	1.8387e+07	2.1049e+04
4.8049e+00	1.8199e+07	2.1077e+04
4.8382e+00	1.8013e+07	2.1105e+04
4.8718e+00	1.7829e+07	2.1132e+04
4.9056e+00	1.7647e+07	2.1160e+04
4.9396e+00	1.7467e+07	2.1189e+04
4.9739e+00	1.7289e+07	2.1217e+04
5.0084e+00	1.7113e+07	2.1246e+04
5.0432e+00	1.6939e+07	2.1274e+04
5.0782e+00	1.6766e+07	2.1303e+04
5.1134e+00	1.6594e+07	2.1332e+04
5.1489e+00	1.6425e+07	2.1361e+04
5.1846e+00	1.6260e+07	2.1391e+04
5.2206e+00	1.6096e+07	2.1420e+04
5.2568e+00	1.5932e+07	2.1447e+04
5.2933e+00	1.5770e+07	2.1473e+04
5.3300e+00	1.5609e+07	2.1500e+04
5.3670e+00	1.5452e+07	2.1530e+04
5.4042e+00	1.5297e+07	2.1560e+04
5.4417e+00	1.5144e+07	2.1591e+04
5.4795e+00	1.4992e+07	2.1623e+04
5.5175e+00	1.4841e+07	2.1654e+04
5.5558e+00	1.4690e+07	2.1685e+04
5.5943e+00	1.4542e+07	2.1717e+04
5.6331e+00	1.4394e+07	2.1749e+04
5.6722e+00	1.4248e+07	2.1781e+04
5.7116e+00	1.4102e+07	2.1814e+04
5.7512e+00	1.3957e+07	2.1846e+04
5.7911e+00	1.3811e+07	2.1879e+04
5.8313e+00	1.3667e+07	2.1912e+04
5.8718e+00	1.3527e+07	2.1946e+04
5.9125e+00	1.3389e+07	2.1979e+04
5.9535e+00	1.3253e+07	2.2013e+04
5.9948e+00	1.3118e+07	2.2047e+04
6.0364e+00	1.2983e+07	2.2081e+04
6.0783e+00	1.2849e+07	2.2115e+04
6.1205e+00	1.2716e+07	2.2150e+04
6.1630e+00	1.2588e+07	2.2185e+04
6.2057e+00	1.2460e+07	2.2220e+04
6.2488e+00	1.2332e+07	2.2255e+04
6.2921e+00	1.2205e+07	2.2291e+04
6.3358e+00	1.2081e+07	2.2327e+04
6.3798e+00	1.1959e+07	2.2363e+04
6.4240e+00	1.1835e+07	2.2399e+04
6.4686e+00	1.1711e+07	2.2436e+04
6.5135e+00	1.1589e+07	2.2472e+04
6.5587e+00	1.1470e+07	2.2510e+04
6.6042e+00	1.1352e+07	2.2547e+04
6.6500e+00	1.1235e+07	2.2584e+04
6.6962e+00	1.1120e+07	2.2622e+04
6.7426e+00	1.1005e+07	2.2660e+04
6.7894e+00	1.0892e+07	2.2698e+04
6.8365e+00	1.0780e+07	2.2737e+04
6.8840e+00	1.0668e+07	2.2776e+04
6.9317e+00	1.0558e+07	2.2815e+04
6.9798e+00	1.0450e+07	2.2854e+04
7.0282e+00	1.0342e+07	2.2894e+04
7.0770e+00	1.0236e+07	2.2934e+04
7.1261e+00	1.0130e+07	2.2974e+04
7.1756e+00	1.0026e+07	2.3014e+04
7.2253e+00	9.9223e+06	2.3055e+04
7.2755e+00	9.8189e+06	2.3096e+04
7.3260e+00	9.7163e+06	2.3137e+04
7.3768e+00	9.6153e+06	2.3178e+04
7.4280e+00	9.5149e+06	2.3220e+04
7.4795e+00	9.4163e+06	2.3262e+04
7.5314e+00	9.3190e+06	2.3304e+04
7.5837e+00	9.2228e+06	2.3347e+04
7.6363e+00	9.1268e+06	2.3390e+04
7.6893e+00	9.0309e+06	2.3433e+04
7.7426e+00	8.9368e+06	2.3476e+04
7.7964e+00	8.8446e+06	2.3520e+04
7.8505e+00	8.7531e+06	2.3563e+04
7.9049e+00	8.6633e+06	2.3608e+04
7.9598e+00	8.5744e+06	2.3652e+04
8.0150e+00	8.4855e+06	2.3697e+04
8.0706e+00	8.3978e+06	2.3742e+04
8.1266e+00	8.3115e+06	2.3787e+04
8.1830e+00	8.2262e+06	2.3833e+04
8.2398e+00	8.1418e+06	2.3879e+04
8.2970e+00	8.0572e+06	2.3925e+04
8.3545e+00	7.9740e+06	2.3972e+04
8.4125e+00	7.8915e+06	2.4018e+04
8.4709e+00	7.8106e+06	2.4066e+04
8.5296e+00	7.7294e+06	2.4113e+04
8.5888e+00	7.6494e+06	2.4161e+04
8.6484e+00	7.5712e+06	2.4209e+04
8.7084e+00	7.4921e+06	2.4257e+04
8.7689e+00	7.4151e+06	2.4306e+04
8.8297e+00	7.3383e+06	2.4355e+04
8.8910e+00	7.2623e+06	2.4405e+04
8.9527e+00	7.1866e+06	2.4454e+04
9.0148e+00	7.1119e+06	2.4504e+04
9.0773e+00	7.0379e+06	2.4555e+04
9.1403e+00	6.9646e+06	2.4605e+04
9.2037e+00	6.8923e+06	2.4656e+04
9.2676e+00	6.8195e+06	2.4708e+04
9.3319e+00	6.7476e+06	2.4759e+04
9.3966e+00	6.6772e+06	2.4811e+04
9.4618e+00	6.6074e+06	2.4863e+04
9.5275e+00	6.5383e+06	2.4916e+04
9.5936e+00	6.4705e+06	2.4969e+04
9.6602e+00	6.4029e+06	2.5024e+04
9.7272e+00	6.3360e+06	2.5080e+04
9.7947e+00	6.2699e+06	2.5136e+04
9.8627e+00	6.2045e+06	2.5192e+04
9.9311e+00	6.1398e+06	2.5249e+04
1.0000e+01	6.0763e+06	2.5304e+04
1.0069e+01	6.0122e+06	2.5361e+04
1.0139e+01	5.9488e+06	2.5421e+04
1.0210e+01	5.8866e+06	2.5476e+04
1.0280e+01	5.8246e+06	2.5531e+04
1.0352e+01	5.7630e+06	2.5585e+04
1.0424e+01	5.7024e+06	2.5641e+04
1.0496e+01	5.6427e+06	2.5697e+04
1.0569e+01	5.5828e+06	2.5753e+04
1.0642e+01	5.5237e+06	2.5810e+04
1.0716e+01	5.4655e+06	2.5867e+04
1.0790e+01	5.4088e+06	2.5925e+04
1.0865e+01	5.3515e+06	2.5982e+04
1.0941e+01	5.2949e+06	2.6040e+04
1.1016e+01	5.2391e+06	2.6099e+04
1.1093e+01	5.1844e+06	2.6158e+04
1.1170e+01	5.1302e+06	2.6217e+04
1.1247e+01	5.0756e+06	2.6277e+04
1.1325e+01	5.0221e+06	2.6337e+04
1.1404e+01	4.9691e+06	2.6398e+04
1.1483e+01	4.9172e+06	2.6459e+04
1.1563e+01	4.8655e+06	2.6524e+04
1.1643e+01	4.8142e+06	2.6597e+04
1.1724e+01	4.7637e+06	2.6676e+04
1.1805e+01	4.7132e+06	2.6747e+04
1.1887e+01	4.6635e+06	2.6811e+04
1.1970e+01	4.6143e+06	2.6874e+04
1.2053e+01	4.5654e+06	2.6937e+04
1.2136e+01	4.5173e+06	2.7000e+04
1.2220e+01	4.4695e+06	2.7064e+04
1.2305e+01	4.4222e+06	2.7127e+04
1.2391e+01	4.3756e+06	2.7191e+04
1.2477e+01	4.3296e+06	2.7256e+04
1.2563e+01	4.2833e+06	2.7321e+04
1.2650e+01	4.2379e+06	2.7386e+04
1.2738e+01	4.1936e+06	2.7451e+04
1.2826e+01	4.1492e+06	2.7518e+04
1.2915e+01	4.1044e+06	2.7584e+04
1.3005e+01	4.0613e+06	2.7651e+04
1.3095e+01	4.0179e+06	2.7719e+04
1.3186e+01	3.9748e+06	2.7787e+04
1.3278e+01	3.9325e+06	2.7856e+04
1.3370e+01	3.8907e+06	2.7926e+04
1.3463e+01	3.8494e+06	2.7997e+04
1.3556e+01	3.8082e+06	2.8068e+04
1.3650e+01	3.7675e+06	2.8140e+04
1.3745e+01	3.7273e+06	2.8211e+04
1.3840e+01	3.6872e+06	2.8275e+04
1.3936e+01	3.6476e+06	2.8337e+04
1.4033e+01	3.6089e+06	2.8407e+04
1.4130e+01	3.5704e+06	2.8479e+04
1.4228e+01	3.5322e+06	2.8551e+04
1.4327e+01	3.4943e+06	2.8623e+04
1.4426e+01	3.4567e+06	2.8695e+04
1.4527e+01	3.4198e+06	2.8768e+04
1.4627e+01	3.3831e+06	2.8840e+04
1.4729e+01	3.3470e+06	2.8913e+04
1.4831e+01	3.3112e+06	2.8986e+04
1.4934e+01	3.2761e+06	2.9060e+04
1.5038e+01	3.2409e+06	2.9133e+04
1.5142e+01	3.2067e+06	2.9207e+04
1.5247e+01	3.1721e+06	2.9281e+04
1.5353e+01	3.1383e+06	2.9355e+04
1.5459e+01	3.1048e+06	2.9429e+04
1.5567e+01	3.0715e+06	2.9504e+04
1.5675e+01	3.0380e+06	2.9579e+04
1.5783e+01	3.0055e+06	2.9654e+04
1.5893e+01	2.9735e+06	2.9730e+04
1.6003e+01	2.9414e+06	2.9806e+04
1.6114e+01	2.9096e+06	2.9883e+04
1.6226e+01	2.8786e+06	2.9959e+04
1.6339e+01	2.8477e+06	3.0036e+04
1.6452e+01	2.8171e+06	3.0114e+04
1.6566e+01	2.7866e+06	3.0191e+04
1.6681e+01	2.7570e+06	3.0258e+04
1.6797e+01	2.7275e+06	3.0328e+04
1.6913e+01	2.6981e+06	3.0406e+04
1.7031e+01	2.6689e+06	3.0483e+04
1.7149e+01	2.6403e+06	3.0561e+04
1.7268e+01	2.6115e+06	3.0640e+04
1.7388e+01	2.5832e+06	3.0718e+04
1.7508e+01	2.5550e+06	3.0797e+04
1.7630e+01	2.5273e+06	3.0876e+04
1.7752e+01	2.5002e+06	3.0955e+04
1.7875e+01	2.4732e+06	3.1035e+04
1.7999e+01	2.4465e+06	3.1114e+04
1.8124e+01	2.4203e+06	3.1195e+04
1.8250e+01	2.3942e+06	3.1275e+04
1.8377e+01	2.3684e+06	3.1355e+04
1.8504e+01	2.3428e+06	3.1436e+04
1.8632e+01	2.3173e+06	3.1517e+04
1.8762e+01	2.2923e+06	3.1599e+04
1.8892e+01	2.2675e+06	3.1680e+04
1.9023e+01	2.2427e+06	3.1763e+04
1.9155e+01	2.2183e+06	3.1846e+04
1.9288e+01	2.1942e+06	3.1929e+04
1.9422e+01	2.1703e+06	3.2012e+04
1.9557e+01	2.1467e+06	3.2096e+04
1.9692e+01	2.1235e+06	3.2185e+04
1.9829e+01	2.1004e+06	3.2277e+04
1.9966e+01	2.0778e+06	3.2365e+04
2.0105e+01	2.0555e+06	3.2448e+04
2.0244e+01	2.0329e+06	3.2527e+04
2.0385e+01	2.0106e+06	3.2609e+04
2.0526e+01	1.9886e+06	3.2692e+04
2.0669e+01	1.9670e+06	3.2774e+04
2.0812e+01	1.9456e+06	3.2858e+04
2.0957e+01	1.9243e+06	3.2943e+04
2.1102e+01	1.9033e+06	3.3042e+04
2.1248e+01	1.8825e+06	3.3163e+04
2.1396e+01	1.8618e+06	3.3249e+04
2.1544e+01	1.8412e+06	3.3332e+04
2.1694e+01	1.8208e+06	3.3416e+04
2.1844e+01	1.8008e+06	3.3499e+04
2.1996e+01	1.7811e+06	3.3584e+04
2.2149e+01	1.7614e+06	3.3669e+04
2.2302e+01	1.7420e+06	3.3756e+04
2.2457e+01	1.7228e+06	3.3846e+04
2.2613e+01	1.7038e+06	3.3938e+04
2.2770e+01	1.6851e+06	3.4018e+04
2.2928e+01	1.6664e+06	3.4094e+04
2.3087e+01	1.6480e+06	3.4181e+04
2.3247e+01	1.6299e+06	3.4267e+04
2.3408e+01	1.6118e+06	3.4353e+04
2.3571e+01	1.5939e+06	3.4437e+04
2.3734e+01	1.5763e+06	3.4521e+04
2.3899e+01	1.5587e+06	3.4605e+04
2.4065e+01	1.5413e+06	3.4688e+04
2.4232e+01	1.5241e+06	3.4771e+04
2.4400e+01	1.5071e+06	3.4855e+04
2.4569e+01	1.4903e+06	3.4938e+04
2.4740e+01	1.4736e+06	3.5022e+04
2.4911e+01	1.4570e+06	3.5104e+04
2.5084e+01	1.4408e+06	3.5186e+04
2.5258e+01	1.4247e+06	3.5267e+04
2.5433e+01	1.4087e+06	3.5348e+04
2.5610e+01	1.3928e+06	3.5429e+04
2.5788e+01	1.3771e+06	3.5509e+04
2.5967e+01	1.3615e+06	3.5590e+04
2.6147e+01	1.3462e+06	3.5671e+04
2.6328e+01	1.3310e+06	3.5752e+04
2.6511e+01	1.3160e+06	3.5833e+04
2.6695e+01	1.3011e+06	3.5914e+04
2.6880e+01	1.2864e+06	3.5996e+04
2.7067e+01	1.2718e+06	3.6078e+04
2.7254e+01	1.2573e+06	3.6160e+04
2.7443e+01	1.2430e+06	3.6252e+04
2.7634e+01	1.2289e+06	3.6343e+04
2.7826e+01	1.2150e+06	3.6419e+04
2.8019e+01	1.2012e+06	3.6495e+04
2.8213e+01	1.1874e+06	3.6571e+04
2.8409e+01	1.1738e+06	3.6650e+04
2.8606e+01	1.1605e+06	3.6764e+04
2.8804e+01	1.1472e+06	3.6864e+04
2.9004e+01	1.1341e+06	3.6939e+04
2.9206e+01	1.1211e+06	3.7014e+04
2.9408e+01	1.1082e+06	3.7090e+04
2.9612e+01	1.0954e+06	3.7170e+04
2.9818e+01	1.0829e+06	3.7255e+04
3.0025e+01	1.0704e+06	3.7338e+04
3.0233e+01	1.0581e+06	3.7417e+04
3.0443e+01	1.0458e+06	3.7493e+04
3.0654e+01	1.0337e+06	3.7566e+04
3.0867e+01	1.0217e+06	3.7638e+04
3.1081e+01	1.0098e+06	3.7709e+04
3.1296e+01	9.9817e+05	3.7779e+04
3.1514e+01	9.8662e+05	3.7850e+04
3.1732e+01	9.7512e+05	3.7919e+04
3.1952e+01	9.6376e+05	3.7986e+04
3.2174e+01	9.5247e+05	3.8051e+04
3.2397e+01	9.4136e+05	3.8116e+04
3.2622e+01	9.3039e+05	3.8181e+04
3.2849e+01	9.1953e+05	3.8245e+04
3.3077e+01	9.0875e+05	3.8309e+04
3.3306e+01	8.9800e+05	3.8373e+04
3.3537e+01	8.8742e+05	3.8439e+04
3.3770e+01	8.7691e+05	3.8505e+04
3.4004e+01	8.6653e+05	3.8586e+04
3.4240e+01	8.5618e+05	3.8654e+04
3.4478e+01	8.4623e+05	3.8710e+04
3.4717e+01	8.3616e+05	3.8768e+04
3.4958e+01	8.2622e+05	3.8831e+04
3.5200e+01	8.1642e+05	3.8888e+04
3.5445e+01	8.0668e+05	3.8944e+04
3.5690e+01	7.9700e+05	3.9000e+04
3.5938e+01	7.8753e+05	3.9066e+04
3.6188e+01	7.7816e+05	3.9134e+04
3.6439e+01	7.6889e+05	3.9194e+04
3.6691e+01	7.5974e+05	3.9249e+04
3.6946e+01	7.5064e+05	3.9300e+04
3.7202e+01	7.4169e+05	3.9350e+04
3.7461e+01	7.3276e+05	3.9399e+04
3.7720e+01	7.2390e+05	3.9448e+04
3.7982e+01	7.1517e+05	3.9493e+04
3.8246e+01	7.0653e+05	3.9536e+04
3.8511e+01	6.9799e+05	3.9580e+04
3.8778e+01	6.8953e+05	3.9623e+04
3.9047e+01	6.8114e+05	3.9665e+04
3.9318e+01	6.7290e+05	3.9710e+04
3.9591e+01	6.6473e+05	3.9754e+04
3.9866e+01	6.5665e+05	3.9822e+04
4.0142e+01	6.4858e+05	3.9864e+04
4.0421e+01	6.4067e+05	3.9898e+04
4.0701e+01	6.3281e+05	3.9937e+04
4.0984e+01	6.2506e+05	3.9968e+04
4.1268e+01	6.1740e+05	3.9999e+04
4.1555e+01	6.0981e+05	4.0044e+04
4.1843e+01	6.0230e+05	4.0088e+04
4.2133e+01	5.9488e+05	4.0121e+04
4.2426e+01	5.8752e+05	4.0148e+04
4.2720e+01	5.8025e+05	4.0172e+04
4.3016e+01	5.7309e+05	4.0197e+04
4.3315e+01	5.6598e+05	4.0218e+04
4.3615e+01	5.5895e+05	4.0234e+04
4.3918e+01	5.5194e+05	4.0251e+04
4.4223e+01	5.4507e+05	4.0267e+04
4.4530e+01	5.3824e+05	4.0285e+04
4.4839e+01	5.3148e+05	4.0304e+04
4.5150e+01	5.2482e+05	4.0321e+04
4.5463e+01	5.1820e+05	4.0330e+04
4.5778e+01	5.1168e+05	4.0342e+04
4.6096e+01	5.0529e+05	4.0347e+04
4.6416e+01	4.9897e+05	4.0351e+04
4.6738e+01	4.9265e+05	4.0377e+04
4.7062e+01	4.8641e+05	4.0390e+04
4.7389e+01	4.8024e+05	4.0392e+04
4.7718e+01	4.7416e+05	4.0390e+04
4.8049e+01	4.6812e+05	4.0388e+04
4.8382e+01	4.6212e+05	4.0379e+04
4.8718e+01	4.5620e+05	4.0369e+04
4.9056e+01	4.5034e+05	4.0359e+04
4.9396e+01	4.4457e+05	4.0352e+04
4.9739e+01	4.3884e+05	4.0347e+04
5.0084e+01	4.3318e+05	4.0332e+04
5.0432e+01	4.2762e+05	4.0317e+04
5.0782e+01	4.2213e+05	4.0302e+04
5.1134e+01	4.1665e+05	4.0283e+04
5.1489e+01	4.1128e+05	4.0288e+04
5.1846e+01	4.0594e+05	4.0275e+04
5.2206e+01	4.0062e+05	4.0250e+04
5.2568e+01	3.9537e+05	4.0224e+04
5.2933e+01	3.9017e+05	4.0192e+04
5.3300e+01	3.8507e+05	4.0156e+04
5.3670e+01	3.8000e+05	4.0122e+04
5.4042e+01	3.7506e+05	4.0093e+04
5.4417e+01	3.7011e+05	4.0060e+04
5.4795e+01	3.6520e+05	4.0018e+04
5.5175e+01	3.6038e+05	3.9972e+04
5.5558e+01	3.5562e+05	3.9926e+04
5.5943e+01	3.5087e+05	3.9908e+04
5.6331e+01	3.4619e+05	3.9865e+04
5.6722e+01	3.4160e+05	3.9811e+04
5.7116e+01	3.3703e+05	3.9757e+04
5.7512e+01	3.3255e+05	3.9695e+04
5.7911e+01	3.2808e+05	3.9634e+04
5.8313e+01	3.2364e+05	3.9581e+04
5.8718e+01	3.1933e+05	3.9523e+04
5.9125e+01	3.1506e+05	3.9456e+04
5.9535e+01	3.1081e+05	3.9388e+04
5.9948e+01	3.0662e+05	3.9333e+04
6.0364e+01	3.0251e+05	3.9281e+04
6.0783e+01	2.9848e+05	3.9212e+04
6.1205e+01	2.9442e+05	3.9141e+04
6.1630e+01	2.9044e+05	3.9060e+04
6.2057e+01	2.8646e+05	3.8980e+04
6.2488e+01	2.8252e+05	3.8911e+04
6.2921e+01	2.7861e+05	3.8829e+04
6.3358e+01	2.7473e+05	3.8742e+04
6.3798e+01	2.7093e+05	3.8659e+04
6.4240e+01	2.6717e+05	3.8594e+04
6.4686e+01	2.6351e+05	3.8508e+04
6.5135e+01	2.5992e+05	3.8411e+04
6.5587e+01	2.5634e+05	3.8310e+04
6.6042e+01	2.5273e+05	3.8211e+04
6.6500e+01	2.4920e+05	3.8122e+04
6.6962e+01	2.4576e+05	3.8017e+04
6.7426e+01	2.4234e+05	3.7909e+04
6.7894e+01	2.3898e+05	3.7823e+04
6.8365e+01	2.3563e+05	3.7723e+04
6.8840e+01	2.3234e+05	3.7607e+04
6.9317e+01	2.2907e+05	3.7487e+04
6.9798e+01	2.2581e+05	3.7370e+04
7.0282e+01	2.2263e+05	3.7252e+04
7.0770e+01	2.1944e+05	3.7125e+04
7.1261e+01	2.1631e+05	3.7000e+04
7.1756e+01	2.1323e+05	3.6899e+04
7.2253e+01	2.1013e+05	3.6772e+04
7.2755e+01	2.0707e+05	3.6637e+04
7.3260e+01	2.0406e+05	3.6505e+04
7.3768e+01	2.0112e+05	3.6374e+04
7.4280e+01	1.9822e+05	3.6236e+04
7.4795e+01	1.9533e+05	3.6097e+04
7.5314e+01	1.9250e+05	3.5974e+04
7.5837e+01	1.8973e+05	3.5830e+04
7.6363e+01	1.8693e+05	3.5678e+04
7.6893e+01	1.8416e+05	3.5531e+04
7.7426e+01	1.8146e+05	3.5383e+04
7.7964e+01	1.7879e+05	3.5227e+04
7.8505e+01	1.7615e+05	3.5089e+04
7.9049e+01	1.7351e+05	3.4940e+04
7.9598e+01	1.7094e+05	3.4777e+04
8.0150e+01	1.6839e+05	3.4613e+04
8.0706e+01	1.6590e+05	3.4455e+04
8.1266e+01	1.6344e+05	3.4287e+04
8.1830e+01	1.6097e+05	3.4137e+04
8.2398e+01	1.5858e+05	3.3977e+04
8.2970e+01	1.5625e+05	3.3802e+04
8.3545e+01	1.5387e+05	3.3628e+04
8.4125e+01	1.5156e+05	3.3456e+04
8.4709e+01	1.4924e+05	3.3280e+04
8.5296e+01	1.4700e+05	3.3123e+04
8.5888e+01	1.4481e+05	3.2945e+04
8.6484e+01	1.4262e+05	3.2765e+04
8.7084e+01	1.4045e+05	3.2590e+04
8.7689e+01	1.3829e+05	3.2407e+04
8.8297e+01	1.3619e+05	3.2244e+04
8.8910e+01	1.3408e+05	3.2064e+04
8.9527e+01	1.3201e+05	3.1878e+04
9.0148e+01	1.2996e+05	3.1689e+04
9.0773e+01	1.2795e+05	3.1497e+04
9.1403e+01	1.2594e+05	3.1324e+04
9.2037e+01	1.2400e+05	3.1125e+04
9.2676e+01	1.2205e+05	3.0923e+04
9.3319e+01	1.2016e+05	3.0721e+04
9.3966e+01	1.1829e+05	3.0523e+04
9.4618e+01	1.1644e+05	3.0339e+04
9.5275e+01	1.1461e+05	3.0131e+04
9.5936e+01	1.1283e+05	2.9922e+04
9.6602e+01	1.1106e+05	2.9712e+04
9.7272e+01	1.0932e+05	2.9526e+04
9.7947e+01	1.0759e+05	2.9316e+04
9.8627e+01	1.0588e+05	2.9106e+04
9.9311e+01	1.0415e+05	2.8897e+04
1.0000e+02	1.0249e+05	2.8690e+04
1.0069e+02	1.0087e+05	2.8482e+04
1.0139e+02	9.9252e+04	2.8275e+04
1.0210e+02	9.7640e+04	2.8068e+04
1.0280e+02	9.6101e+04	2.7857e+04
1.0352e+02	9.4542e+04	2.7644e+04
1.0424e+02	9.3003e+04	2.7434e+04
1.0496e+02	9.1469e+04	2.7224e+04
1.0569e+02	8.9979e+04	2.7010e+04
1.0642e+02	8.8504e+04	2.6795e+04
1.0716e+02	8.7036e+04	2.6585e+04
1.0790e+02	8.5603e+04	2.6374e+04
1.0865e+02	8.4185e+04	2.6157e+04
1.0941e+02	8.2807e+04	2.5939e+04
1.1016e+02	8.1436e+04	2.5726e+04
1.1093e+02	8.0072e+04	2.5509e+04
1.1170e+02	7.8745e+04	2.5289e+04
1.1247e+02	7.7428e+04	2.5073e+04
1.1325e+02	7.6109e+04	2.4857e+04
1.1404e+02	7.4823e+04	2.4636e+04
1.1483e+02	7.3565e+04	2.4419e+04
1.1563e+02	7.2325e+04	2.4206e+04
1.1643e+02	7.1097e+04	2.3988e+04
1.1724e+02	6.9889e+04	2.3771e+04
1.1805e+02	6.8713e+04	2.3560e+04
1.1887e+02	6.7512e+04	2.3343e+04
1.1970e+02	6.6339e+04	2.3126e+04
1.2053e+02	6.5205e+04	2.2914e+04
1.2136e+02	6.4096e+04	2.2694e+04
1.2220e+02	6.2985e+04	2.2473e+04
1.2305e+02	6.1910e+04	2.2254e+04
1.2391e+02	6.0852e+04	2.2026e+04
1.2477e+02	5.9788e+04	2.1798e+04
1.2563e+02	5.8756e+04	2.1576e+04
1.2650e+02	5.7727e+04	2.1348e+04
1.2738e+02	5.6714e+04	2.1128e+04
1.2826e+02	5.5708e+04	2.0909e+04
1.2916e+02	5.4721e+04	2.0686e+04
1.3005e+02	5.3763e+04	2.0471e+04
1.3095e+02	5.2802e+04	2.0251e+04
1.3186e+02	5.1854e+04	2.0033e+04
1.3278e+02	5.0930e+04	1.9820e+04
1.3370e+02	5.0010e+04	1.9601e+04
1.3463e+02	4.9112e+04	1.9390e+04
1.3556e+02	4.8223e+04	1.9174e+04
1.3650e+02	4.7348e+04	1.8959e+04
1.3745e+02	4.6486e+04	1.8748e+04
1.3840e+02	4.5654e+04	1.8531e+04
1.3936e+02	4.4827e+04	1.8324e+04
1.4033e+02	4.4026e+04	1.8107e+04
1.4130e+02	4.3237e+04	1.7898e+04
1.4228e+02	4.2439e+04	1.7687e+04
1.4327e+02	4.1643e+04	1.7477e+04
1.4426e+02	4.0877e+04	1.7271e+04
1.4527e+02	4.0104e+04	1.7061e+04
1.4627e+02	3.9350e+04	1.6860e+04
1.4729e+02	3.8610e+04	1.6647e+04
1.4831e+02	3.7893e+04	1.6444e+04
1.4934e+02	3.7197e+04	1.6233e+04
1.5038e+02	3.6485e+04	1.6023e+04
1.5142e+02	3.5802e+04	1.5812e+04
1.5247e+02	3.5120e+04	1.5602e+04
1.5353e+02	3.4455e+04	1.5394e+04
1.5459e+02	3.3805e+04	1.5189e+04
1.5567e+02	3.3157e+04	1.4986e+04
1.5675e+02	3.2520e+04	1.4787e+04
1.5783e+02	3.1896e+04	1.4589e+04
1.5893e+02	3.1278e+04	1.4391e+04
1.6003e+02	3.0674e+04	1.4193e+04
1.6114e+02	3.0087e+04	1.3996e+04
1.6226e+02	2.9507e+04	1.3802e+04
1.6339e+02	2.8944e+04	1.3611e+04
1.6452e+02	2.8383e+04	1.3420e+04
1.6566e+02	2.7833e+04	1.3229e+04
1.6681e+02	2.7277e+04	1.3039e+04
1.6797e+02	2.6722e+04	1.2851e+04
1.6913e+02	2.6177e+04	1.2666e+04
1.7031e+02	2.5651e+04	1.2485e+04
1.7149e+02	2.5136e+04	1.2304e+04
1.7268e+02	2.4629e+04	1.2124e+04
1.7388e+02	2.4135e+04	1.1944e+04
1.7508e+02	2.3649e+04	1.1766e+04
1.7630e+02	2.3174e+04	1.1589e+04
1.7752e+02	2.2704e+04	1.1413e+04
1.7875e+02	2.2243e+04	1.1239e+04
1.7999e+02	2.1791e+04	1.1067e+04
1.8124e+02	2.1341e+04	1.0897e+04
1.8250e+02	2.0906e+04	1.0729e+04
1.8377e+02	2.0476e+04	1.0561e+04
1.8504e+02	2.0054e+04	1.0392e+04
1.8632e+02	1.9646e+04	1.0224e+04
1.8762e+02	1.9228e+04	1.0058e+04
1.8892e+02	1.8827e+04	9.8944e+03
1.9023e+02	1.8431e+04	9.7325e+03
1.9155e+02	1.8035e+04	9.5723e+03
1.9288e+02	1.7653e+04	9.4123e+03
1.9422e+02	1.7278e+04	9.2523e+03
1.9557e+02	1.6919e+04	9.0974e+03
1.9692e+02	1.6560e+04	8.9462e+03
1.9829e+02	1.6205e+04	8.7939e+03
1.9966e+02	1.5856e+04	8.6403e+03
2.0105e+02	1.5514e+04	8.4893e+03
2.0244e+02	1.5177e+04	8.3401e+03
2.0385e+02	1.4843e+04	8.1925e+03
2.0526e+02	1.4514e+04	8.0465e+03
2.0669e+02	1.4202e+04	7.9028e+03
2.0812e+02	1.3892e+04	7.7613e+03
2.0957e+02	1.3587e+04	7.6209e+03
2.1102e+02	1.3285e+04	7.4810e+03
2.1248e+02	1.2990e+04	7.3420e+03
2.1396e+02	1.2699e+04	7.2044e+03
2.1544e+02	1.2416e+04	7.0691e+03
2.1694e+02	1.2139e+04	6.9376e+03
2.1844e+02	1.1869e+04	6.8099e+03
2.1996e+02	1.1597e+04	6.6821e+03
2.2149e+02	1.1327e+04	6.5543e+03
2.2302e+02	1.1067e+04	6.4287e+03
2.2457e+02	1.0813e+04	6.3054e+03
2.2613e+02	1.0562e+04	6.1835e+03
2.2770e+02	1.0313e+04	6.0630e+03
2.2928e+02	1.0070e+04	5.9440e+03
2.3087e+02	9.8420e+03	5.8270e+03
2.3247e+02	9.6057e+03	5.7120e+03
2.3408e+02	9.3808e+03	5.5984e+03
2.3571e+02	9.1599e+03	5.4866e+03
2.3734e+02	8.9429e+03	5.3773e+03
2.3899e+02	8.7298e+03	5.2694e+03
2.4065e+02	8.5235e+03	5.1624e+03
2.4232e+02	8.3203e+03	5.0571e+03
2.4400e+02	8.1186e+03	4.9532e+03
2.4569e+02	7.9198e+03	4.8505e+03
2.4740e+02	7.7250e+03	4.7487e+03
2.4911e+02	7.5366e+03	4.6478e+03
2.5084e+02	7.3568e+03	4.5469e+03
2.5258e+02	7.1726e+03	4.4482e+03
2.5433e+02	6.9931e+03	4.3519e+03
2.5610e+02	6.8199e+03	4.2566e+03
2.5788e+02	6.6488e+03	4.1620e+03
2.5967e+02	6.4815e+03	4.0687e+03
2.6147e+02	6.3173e+03	3.9768e+03
2.6328e+02	6.1585e+03	3.8863e+03
2.6511e+02	6.0023e+03	3.7974e+03
2.6695e+02	5.8487e+03	3.7107e+03
2.6880e+02	5.7032e+03	3.6267e+03
2.7067e+02	5.5553e+03	3.5451e+03
2.7254e+02	5.4141e+03	3.4652e+03
2.7443e+02	5.2738e+03	3.3867e+03
2.7634e+02	5.1373e+03	3.3094e+03
2.7826e+02	5.0020e+03	3.2336e+03
2.8019e+02	4.8691e+03	3.1590e+03
2.8213e+02	4.7388e+03	3.0846e+03
2.8409e+02	4.6157e+03	3.0107e+03
2.8606e+02	4.4914e+03	2.9379e+03
2.8804e+02	4.3698e+03	2.8667e+03
2.9004e+02	4.2508e+03	2.7972e+03
2.9206e+02	4.1341e+03	2.7291e+03
2.9408e+02	4.0201e+03	2.6623e+03
2.9612e+02	3.9096e+03	2.5968e+03
2.9818e+02	3.8042e+03	2.5330e+03
3.0025e+02	3.7012e+03	2.4703e+03
3.0233e+02	3.6005e+03	2.4086e+03
3.0443e+02	3.5016e+03	2.3482e+03
3.0654e+02	3.4055e+03	2.2889e+03
3.0867e+02	3.3116e+03	2.2305e+03
3.1081e+02	3.2178e+03	2.1730e+03
3.1296e+02	3.1255e+03	2.1164e+03
3.1514e+02	3.0354e+03	2.0610e+03
3.1732e+02	2.9485e+03	2.0067e+03
3.1952e+02	2.8637e+03	1.9535e+03
3.2174e+02	2.7810e+03	1.9016e+03
3.2397e+02	2.7003e+03	1.8516e+03
3.2622e+02	2.6227e+03	1.8034e+03
3.2849e+02	2.5470e+03	1.7566e+03
3.3076e+02	2.4732e+03	1.7106e+03
3.3306e+02	2.4011e+03	1.6651e+03
3.3537e+02	2.3309e+03	1.6198e+03
3.3770e+02	2.2615e+03	1.5748e+03
3.4004e+02	2.1937e+03	1.5305e+03
3.4240e+02	2.1276e+03	1.4872e+03
3.4478e+02	2.0633e+03	1.4450e+03
3.4717e+02	2.0005e+03	1.4041e+03
3.4958e+02	1.9396e+03	1.3645e+03
3.5200e+02	1.8820e+03	1.3256e+03
3.5445e+02	1.8261e+03	1.2874e+03
3.5690e+02	1.7713e+03	1.2498e+03
3.5938e+02	1.7177e+03	1.2131e+03
3.6188e+02	1.6635e+03	1.1776e+03
3.6439e+02	1.6105e+03	1.1431e+03
3.6691e+02	1.5588e+03	1.1093e+03
3.6946e+02	1.5086e+03	1.0761e+03
3.7202e+02	1.4598e+03	1.0437e+03
3.7461e+02	1.4138e+03	1.0121e+03
3.7720e+02	1.3689e+03	9.8149e+02
3.7982e+02	1.3245e+03	9.5187e+02
3.8246e+02	1.2812e+03	9.2310e+02
3.8511e+02	1.2391e+03	8.9508e+02
3.8778e+02	1.1989e+03	8.6775e+02
3.9047e+02	1.1599e+03	8.4108e+02
3.9318e+02	1.1213e+03	8.1497e+02
3.9591e+02	1.0839e+03	7.8938e+02
3.9866e+02	1.0475e+03	7.6439e+02
4.0142e+02	1.0121e+03	7.3989e+02
4.0421e+02	9.7823e+02	7.1602e+02
4.0701e+02	9.4539e+02	6.9289e+02
4.0984e+02	9.1349e+02	6.7051e+02
4.1268e+02	8.8252e+02	6.4877e+02
4.1555e+02	8.5245e+02	6.2753e+02
4.1843e+02	8.2301e+02	6.0684e+02
4.2133e+02	7.9430e+02	5.8672e+02
4.2426e+02	7.6646e+02	5.6717e+02
4.2720e+02	7.3946e+02	5.4821e+02
4.3016e+02	7.1328e+02	5.2987e+02
4.3315e+02	6.8824e+02	5.1213e+02
4.3615e+02	6.6393e+02	4.9494e+02
4.3918e+02	6.4021e+02	4.7823e+02
4.4223e+02	6.1721e+02	4.6197e+02
4.4530e+02	5.9494e+02	4.4616e+02
4.4839e+02	5.7336e+02	4.3081e+02
4.5150e+02	5.5246e+02	4.1582e+02
4.5463e+02	5.3229e+02	4.0126e+02
4.5778e+02	5.1289e+02	3.8714e+02
4.6096e+02	4.9410e+02	3.7343e+02
4.6416e+02	4.7589e+02	3.6014e+02
4.6738e+02	4.5823e+02	3.4726e+02
4.7062e+02	4.4114e+02	3.3476e+02
4.7389e+02	4.2461e+02	3.2265e+02
4.7718e+02	4.0861e+02	3.1092e+02
4.8049e+02	3.9314e+02	2.9959e+02
4.8382e+02	3.7819e+02	2.8862e+02
4.8718e+02	3.6372e+02	2.7799e+02
4.9056e+02	3.4974e+02	2.6765e+02
4.9396e+02	3.3623e+02	2.5760e+02
4.9739e+02	3.2317e+02	2.4787e+02
5.0084e+02	3.1056e+02	2.3846e+02
5.0432e+02	2.9837e+02	2.2937e+02
5.0782e+02	2.8661e+02	2.2056e+02
5.1134e+02	2.7522e+02	2.1202e+02
5.1489e+02	2.6417e+02	2.0377e+02
5.1846e+02	2.5349e+02	1.9580e+02
5.2206e+02	2.4321e+02	1.8809e+02
5.2568e+02	2.3340e+02	1.8067e+02
5.2933e+02	2.2385e+02	1.7354e+02
5.3300e+02	2.1465e+02	1.6669e+02
5.3670e+02	2.0578e+02	1.6008e+02
5.4042e+02	1.9723e+02	1.5369e+02
5.4417e+02	1.8900e+02	1.4753e+02
5.4795e+02	1.8108e+02	1.4157e+02
5.5175e+02	1.7351e+02	1.3581e+02
5.5558e+02	1.6622e+02	1.3024e+02
5.5943e+02	1.5920e+02	1.2487e+02
5.6331e+02	1.5244e+02	1.1969e+02
5.6722e+02	1.4593e+02	1.1470e+02
5.7116e+02	1.3967e+02	1.0989e+02
5.7512e+02	1.3365e+02	1.0526e+02
5.7911e+02	1.2785e+02	1.0080e+02
5.8313e+02	1.2228e+02	9.6521e+01
5.8718e+02	1.1692e+02	9.2399e+01
5.9125e+02	1.1177e+02	8.8430e+01
5.9535e+02	1.0683e+02	8.4610e+01
5.9948e+02	1.0207e+02	8.0932e+01
6.0364e+02	9.7503e+01	7.7384e+01
6.0783e+02	9.3117e+01	7.3972e+01
6.1205e+02	8.8907e+01	7.0692e+01
6.1630e+02	8.4865e+01	6.7540e+01
6.2057e+02	8.0986e+01	6.4512e+01
6.2488e+02	7.7265e+01	6.1604e+01
6.2921e+02	7.3696e+01	5.8813e+01
6.3358e+02	7.0274e+01	5.6137e+01
6.3798e+02	6.6993e+01	5.3570e+01
6.4240e+02	6.3848e+01	5.1106e+01
6.4686e+02	6.0835e+01	4.8738e+01
6.5135e+02	5.7949e+01	4.6455e+01
6.5587e+02	5.5185e+01	4.4251e+01
6.6042e+02	5.2539e+01	4.2133e+01
6.6500e+02	5.0005e+01	4.0104e+01
6.6962e+02	4.7577e+01	3.8169e+01
6.7426e+02	4.5232e+01	3.6331e+01
6.7894e+02	4.2980e+01	3.4587e+01
6.8365e+02	4.0830e+01	3.2925e+01
6.8840e+02	3.8775e+01	3.1335e+01
6.9317e+02	3.6833e+01	2.9814e+01
6.9798e+02	3.5001e+01	2.8359e+01
7.0282e+02	3.3251e+01	2.6964e+01
7.0770e+02	3.1579e+01	2.5627e+01
7.1261e+02	2.9982e+01	2.4345e+01
7.1756e+02	2.8459e+01	2.3117e+01
7.2253e+02	2.7007e+01	2.1943e+01
7.2755e+02	2.5620e+01	2.0821e+01
7.3260e+02	2.4291e+01	1.9750e+01
7.3768e+02	2.3020e+01	1.8729e+01
7.4280e+02	2.1809e+01	1.7754e+01
7.4795e+02	2.0653e+01	1.6824e+01
7.5314e+02	1.9551e+01	1.5934e+01
7.5837e+02	1.8503e+01	1.5086e+01
7.6363e+02	1.7504e+01	1.4279e+01
7.6893e+02	1.6551e+01	1.3511e+01
7.7426e+02	1.5645e+01	1.2780e+01
7.7964e+02	1.4784e+01	1.2084e+01
7.8505e+02	1.3965e+01	1.1424e+01
7.9049e+02	1.3188e+01	1.0797e+01
7.9598e+02	1.2450e+01	1.0200e+01
8.0150e+02	1.1749e+01	9.6329e+00
8.0706e+02	1.1084e+01	9.0944e+00
8.1266e+02	1.0453e+01	8.5847e+00
8.1830e+02	9.8547e+00	8.1019e+00
8.2398e+02	9.2874e+00	7.6440e+00
8.2970e+02	8.7526e+00	7.2095e+00
8.3545e+02	8.2473e+00	6.7970e+00
8.4125e+02	7.7686e+00	6.4044e+00
8.4709e+02	7.3151e+00	6.0308e+00
8.5296e+02	6.8852e+00	5.6771e+00
8.5888e+02	6.4771e+00	5.3440e+00
8.6484e+02	6.0872e+00	5.0295e+00
8.7084e+02	5.7193e+00	4.7320e+00
8.7689e+02	5.3761e+00	4.4505e+00
8.8297e+02	5.0517e+00	4.1844e+00
8.8910e+02	4.7451e+00	3.9328e+00
8.9527e+02	4.4555e+00	3.6949e+00
9.0148e+02	4.1820e+00	3.4699e+00
9.0773e+02	3.9239e+00	3.2571e+00
9.1403e+02	3.6802e+00	3.0563e+00
9.2037e+02	3.4501e+00	2.8669e+00
9.2676e+02	3.2332e+00	2.6881e+00
9.3319e+02	3.0288e+00	2.5190e+00
9.3966e+02	2.8365e+00	2.3595e+00
9.4618e+02	2.6554e+00	2.2091e+00
9.5275e+02	2.4838e+00	2.0673e+00
9.5936e+02	2.3222e+00	1.9337e+00
9.6602e+02	2.1703e+00	1.8080e+00
9.7272e+02	2.0275e+00	1.6898e+00
9.7947e+02	1.8933e+00	1.5787e+00
9.8627e+02	1.7673e+00	1.4746e+00
9.9311e+02	1.6489e+00	1.3773e+00
1.0000e+03	1.5378e+00	1.2865e+00