Energy(MeV)	Incoming Spectral Fluence(MeV-1 cm-2)	Residual Spectral Fluence(MeV-1 cm-2)
1.0000e-03	0.0000e+00	1.5237e+04
1.5000e-03	0.0000e+00	1.5240e+04
2.0000e-03	0.0000e+00	1.5243e+04
2.5000e-03	0.0000e+00	1.5245e+04
3.0000e-03	0.0000e+00	1.5246e+04
3.5000e-03	0.0000e+00	1.5247e+04
4.0000e-03	0.0000e+00	1.5249e+04
4.5000e-03	0.0000e+00	1.5250e+04
5.0000e-03	0.0000e+00	1.5250e+04
5.5000e-03	0.0000e+00	1.5251e+04
6.0000e-03	0.0000e+00	1.5252e+04
6.5000e-03	0.0000e+00	1.5253e+04
7.0000e-03	0.0000e+00	1.5253e+04
7.5000e-03	0.0000e+00	1.5254e+04
8.0000e-03	0.0000e+00	1.5254e+04
8.5000e-03	0.0000e+00	1.5255e+04
9.0000e-03	0.0000e+00	1.5255e+04
9.5000e-03	0.0000e+00	1.5256e+04
1.0000e-02	0.0000e+00	1.5256e+04
1.5000e-02	0.0000e+00	1.5259e+04
2.0000e-02	0.0000e+00	1.5262e+04
2.5000e-02	0.0000e+00	1.5264e+04
3.0000e-02	0.0000e+00	1.5265e+04
3.5000e-02	0.0000e+00	1.5267e+04
4.0000e-02	0.0000e+00	1.5273e+04
4.5000e-02	0.0000e+00	1.5278e+04
5.0000e-02	0.0000e+00	1.5282e+04
5.5000e-02	0.0000e+00	1.5286e+04
6.0000e-02	0.0000e+00	1.5289e+04
6.5000e-02	0.0000e+00	1.5293e+04
7.0000e-02	0.0000e+00	1.5296e+04
7.5000e-02	0.0000e+00	1.5299e+04
8.0000e-02	0.0000e+00	1.5301e+04
8.5000e-02	0.0000e+00	1.5304e+04
9.0000e-02	0.0000e+00	1.5306e+04
9.5000e-02	0.0000e+00	1.5311e+04
1.0000e-01	0.0000e+00	1.5315e+04
1.5000e-01	0.0000e+00	1.5350e+04
2.0000e-01	0.0000e+00	1.5385e+04
2.5000e-01	0.0000e+00	1.5421e+04
3.0000e-01	0.0000e+00	1.5458e+04
3.5000e-01	0.0000e+00	1.5494e+04
4.0000e-01	0.0000e+00	1.5530e+04
4.5000e-01	0.0000e+00	1.5565e+04
5.0000e-01	0.0000e+00	1.5601e+04
5.5000e-01	0.0000e+00	1.5636e+04
6.0000e-01	0.0000e+00	1.5670e+04
6.5000e-01	0.0000e+00	1.5704e+04
7.0000e-01	0.0000e+00	1.5738e+04
7.5000e-01	0.0000e+00	1.5772e+04
8.0000e-01	0.0000e+00	1.5807e+04
8.5000e-01	0.0000e+00	1.5842e+04
9.0000e-01	0.0000e+00	1.5878e+04
9.5000e-01	0.0000e+00	1.5914e+04
1.0000e+00	1.2379e+08	1.5949e+04
1.0069e+00	1.2268e+08	1.5954e+04
1.0139e+00	1.2158e+08	1.5959e+04
1.0210e+00	1.2048e+08	1.5964e+04
1.0280e+00	1.1940e+08	1.5969e+04
1.0352e+00	1.1833e+08	1.5974e+04
1.0424e+00	1.1726e+08	1.5980e+04
1.0496e+00	1.1621e+08	1.5985e+04
1.0569e+00	1.1516e+08	1.5990e+04
1.0642e+00	1.1413e+08	1.5996e+04
1.0716e+00	1.1310e+08	1.6001e+04
1.0790e+00	1.1208e+08	1.6006e+04
1.0865e+00	1.1108e+08	1.6011e+04
1.0941e+00	1.1008e+08	1.6017e+04
1.1016e+00	1.0909e+08	1.6022e+04
1.1093e+00	1.0811e+08	1.6028e+04
1.1170e+00	1.0714e+08	1.6033e+04
1.1247e+00	1.0618e+08	1.6039e+04
1.1325e+00	1.0522e+08	1.6045e+04
1.1404e+00	1.0428e+08	1.6050e+04
1.1483e+00	1.0334e+08	1.6056e+04
1.1563e+00	1.0241e+08	1.6062e+04
1.1643e+00	1.0149e+08	1.6067e+04
1.1724e+00	1.0058e+08	1.6073e+04
1.1805e+00	9.9684e+07	1.6079e+04
1.1887e+00	9.8792e+07	1.6085e+04
1.1970e+00	9.7909e+07	1.6091e+04
1.2053e+00	9.7033e+07	1.6097e+04
1.2136e+00	9.6163e+07	1.6103e+04
1.2220e+00	9.5299e+07	1.6109e+04
1.2305e+00	9.4442e+07	1.6115e+04
1.2391e+00	9.3593e+07	1.6121e+04
1.2477e+00	9.2751e+07	1.6127e+04
1.2563e+00	9.1917e+07	1.6133e+04
1.2650e+00	9.1090e+07	1.6140e+04
1.2738e+00	9.0271e+07	1.6146e+04
1.2827e+00	8.9459e+07	1.6152e+04
1.2915e+00	8.8654e+07	1.6159e+04
1.3005e+00	8.7856e+07	1.6165e+04
1.3095e+00	8.7065e+07	1.6172e+04
1.3186e+00	8.6276e+07	1.6178e+04
1.3278e+00	8.5494e+07	1.6185e+04
1.3370e+00	8.4719e+07	1.6192e+04
1.3463e+00	8.3951e+07	1.6198e+04
1.3556e+00	8.3190e+07	1.6205e+04
1.3650e+00	8.2435e+07	1.6212e+04
1.3745e+00	8.1687e+07	1.6218e+04
1.3840e+00	8.0947e+07	1.6225e+04
1.3936e+00	8.0216e+07	1.6232e+04
1.4033e+00	7.9492e+07	1.6239e+04
1.4130e+00	7.8776e+07	1.6246e+04
1.4228e+00	7.8069e+07	1.6253e+04
1.4327e+00	7.7369e+07	1.6260e+04
1.4426e+00	7.6676e+07	1.6267e+04
1.4527e+00	7.5989e+07	1.6275e+04
1.4627e+00	7.5308e+07	1.6282e+04
1.4729e+00	7.4633e+07	1.6289e+04
1.4831e+00	7.3964e+07	1.6296e+04
1.4934e+00	7.3301e+07	1.6304e+04
1.5038e+00	7.2644e+07	1.6311e+04
1.5142e+00	7.1993e+07	1.6319e+04
1.5247e+00	7.1347e+07	1.6326e+04
1.5353e+00	7.0706e+07	1.6334e+04
1.5459e+00	7.0069e+07	1.6342e+04
1.5567e+00	6.9437e+07	1.6350e+04
1.5675e+00	6.8810e+07	1.6357e+04
1.5783e+00	6.8190e+07	1.6365e+04
1.5893e+00	6.7574e+07	1.6373e+04
1.6003e+00	6.6965e+07	1.6381e+04
1.6114e+00	6.6360e+07	1.6389e+04
1.6226e+00	6.5761e+07	1.6397e+04
1.6339e+00	6.5168e+07	1.6405e+04
1.6452e+00	6.4580e+07	1.6413e+04
1.6566e+00	6.3997e+07	1.6421e+04
1.6681e+00	6.3419e+07	1.6430e+04
1.6797e+00	6.2846e+07	1.6438e+04
1.6913e+00	6.2279e+07	1.6446e+04
1.7031e+00	6.1716e+07	1.6455e+04
1.7149e+00	6.1159e+07	1.6463e+04
1.7268e+00	6.0606e+07	1.6472e+04
1.7388e+00	6.0059e+07	1.6481e+04
1.7508e+00	5.9516e+07	1.6489e+04
1.7630e+00	5.8978e+07	1.6498e+04
1.7752e+00	5.8445e+07	1.6507e+04
1.7875e+00	5.7917e+07	1.6516e+04
1.7999e+00	5.7393e+07	1.6525e+04
1.8124e+00	5.6875e+07	1.6534e+04
1.8250e+00	5.6361e+07	1.6543e+04
1.8377e+00	5.5852e+07	1.6552e+04
1.8504e+00	5.5342e+07	1.6561e+04
1.8632e+00	5.4837e+07	1.6570e+04
1.8762e+00	5.4337e+07	1.6579e+04
1.8892e+00	5.3841e+07	1.6589e+04
1.9023e+00	5.3350e+07	1.6598e+04
1.9155e+00	5.2863e+07	1.6608e+04
1.9288e+00	5.2380e+07	1.6617e+04
1.9422e+00	5.1902e+07	1.6627e+04
1.9557e+00	5.1432e+07	1.6637e+04
1.9692e+00	5.0967e+07	1.6647e+04
1.9829e+00	5.0506e+07	1.6656e+04
1.9966e+00	5.0049e+07	1.6666e+04
2.0105e+00	4.9597e+07	1.6676e+04
2.0244e+00	4.9150e+07	1.6686e+04
2.0385e+00	4.8706e+07	1.6696e+04
2.0526e+00	4.8267e+07	1.6707e+04
2.0669e+00	4.7831e+07	1.6717e+04
2.0812e+00	4.7400e+07	1.6727e+04
2.0957e+00	4.6972e+07	1.6738e+04
2.1102e+00	4.6548e+07	1.6748e+04
2.1248e+00	4.6127e+07	1.6759e+04
2.1396e+00	4.5711e+07	1.6769e+04
2.1544e+00	4.5299e+07	1.6780e+04
2.1694e+00	4.4891e+07	1.6791e+04
2.1844e+00	4.4487e+07	1.6802e+04
2.1996e+00	4.4087e+07	1.6813e+04
2.2149e+00	4.3690e+07	1.6823e+04
2.2302e+00	4.3296e+07	1.6835e+04
2.2457e+00	4.2904e+07	1.6846e+04
2.2613e+00	4.2514e+07	1.6857e+04
2.2770e+00	4.2129e+07	1.6868e+04
2.2928e+00	4.1746e+07	1.6880e+04
2.3087e+00	4.1367e+07	1.6891e+04
2.3247e+00	4.0992e+07	1.6903e+04
2.3408e+00	4.0620e+07	1.6914e+04
2.3571e+00	4.0251e+07	1.6926e+04
2.3734e+00	3.9885e+07	1.6938e+04
2.3899e+00	3.9523e+07	1.6950e+04
2.4065e+00	3.9164e+07	1.6962e+04
2.4232e+00	3.8808e+07	1.6974e+04
2.4400e+00	3.8456e+07	1.6986e+04
2.4569e+00	3.8107e+07	1.6998e+04
2.4740e+00	3.7761e+07	1.7010e+04
2.4911e+00	3.7419e+07	1.7023e+04
2.5084e+00	3.7080e+07	1.7035e+04
2.5258e+00	3.6742e+07	1.7048e+04
2.5433e+00	3.6408e+07	1.7060e+04
2.5610e+00	3.6077e+07	1.7056e+04
2.5788e+00	3.5750e+07	1.7045e+04
2.5967e+00	3.5425e+07	1.7035e+04
2.6147e+00	3.5103e+07	1.7036e+04
2.6328e+00	3.4784e+07	1.7046e+04
2.6511e+00	3.4467e+07	1.7057e+04
2.6695e+00	3.4154e+07	1.7069e+04
2.6880e+00	3.3843e+07	1.7082e+04
2.7067e+00	3.3535e+07	1.7096e+04
2.7254e+00	3.3230e+07	1.7109e+04
2.7443e+00	3.2928e+07	1.7123e+04
2.7634e+00	3.2628e+07	1.7137e+04
2.7826e+00	3.2329e+07	1.7150e+04
2.8019e+00	3.2031e+07	1.7164e+04
2.8213e+00	3.1737e+07	1.7178e+04
2.8409e+00	3.1445e+07	1.7193e+04
2.8606e+00	3.1157e+07	1.7207e+04
2.8804e+00	3.0874e+07	1.7221e+04
2.9004e+00	3.0594e+07	1.7235e+04
2.9206e+00	3.0316e+07	1.7250e+04
2.9408e+00	3.0041e+07	1.7265e+04
2.9612e+00	2.9768e+07	1.7279e+04
2.9818e+00	2.9497e+07	1.7294e+04
3.0025e+00	2.9229e+07	1.7309e+04
3.0233e+00	2.8964e+07	1.7324e+04
3.0443e+00	2.8701e+07	1.7339e+04
3.0654e+00	2.8440e+07	1.7354e+04
3.0867e+00	2.8181e+07	1.7370e+04
3.1081e+00	2.7923e+07	1.7385e+04
3.1296e+00	2.7668e+07	1.7401e+04
3.1514e+00	2.7415e+07	1.7417e+04
3.1732e+00	2.7165e+07	1.7432e+04
3.1952e+00	2.6917e+07	1.7448e+04
3.2174e+00	2.6671e+07	1.7464e+04
3.2397e+00	2.6426e+07	1.7480e+04
3.2622e+00	2.6184e+07	1.7497e+04
3.2849e+00	2.5944e+07	1.7513e+04
3.3077e+00	2.5705e+07	1.7529e+04
3.3306e+00	2.5469e+07	1.7546e+04
3.3537e+00	2.5235e+07	1.7563e+04
3.3770e+00	2.5003e+07	1.7579e+04
3.4004e+00	2.4773e+07	1.7596e+04
3.4240e+00	2.4545e+07	1.7613e+04
3.4478e+00	2.4319e+07	1.7630e+04
3.4717e+00	2.4095e+07	1.7648e+04
3.4958e+00	2.3873e+07	1.7665e+04
3.5200e+00	2.3653e+07	1.7683e+04
3.5445e+00	2.3435e+07	1.7700e+04
3.5690e+00	2.3218e+07	1.7718e+04
3.5938e+00	2.3003e+07	1.7736e+04
3.6187e+00	2.2789e+07	1.7754e+04
3.6439e+00	2.2578e+07	1.7772e+04
3.6691e+00	2.2370e+07	1.7790e+04
3.6946e+00	2.2164e+07	1.7809e+04
3.7202e+00	2.1960e+07	1.7827e+04
3.7460e+00	2.1757e+07	1.7846e+04
3.7720e+00	2.1557e+07	1.7865e+04
3.7982e+00	2.1358e+07	1.7884e+04
3.8246e+00	2.1161e+07	1.7903e+04
3.8511e+00	2.0966e+07	1.7922e+04
3.8778e+00	2.0773e+07	1.7941e+04
3.9047e+00	2.0580e+07	1.7961e+04
3.9318e+00	2.0389e+07	1.7980e+04
3.9591e+00	2.0199e+07	1.8000e+04
3.9866e+00	2.0012e+07	1.8020e+04
4.0142e+00	1.9826e+07	1.8040e+04
4.0421e+00	1.9641e+07	1.8060e+04
4.0701e+00	1.9459e+07	1.8080e+04
4.0984e+00	1.9280e+07	1.8100e+04
4.1268e+00	1.9102e+07	1.8121e+04
4.1555e+00	1.8926e+07	1.8142e+04
4.1843e+00	1.8751e+07	1.8163e+04
4.2133e+00	1.8576e+07	1.8184e+04
4.2426e+00	1.8404e+07	1.8205e+04
4.2720e+00	1.8232e+07	1.8226e+04
4.3016e+00	1.8063e+07	1.8248e+04
4.3315e+00	1.7895e+07	1.8269e+04
4.3615e+00	1.7728e+07	1.8291e+04
4.3918e+00	1.7563e+07	1.8313e+04
4.4223e+00	1.7400e+07	1.8335e+04
4.4530e+00	1.7237e+07	1.8357e+04
4.4839e+00	1.7077e+07	1.8379e+04
4.5150e+00	1.6918e+07	1.8402e+04
4.5463e+00	1.6760e+07	1.8425e+04
4.5778e+00	1.6604e+07	1.8447e+04
4.6096e+00	1.6449e+07	1.8470e+04
4.6416e+00	1.6295e+07	1.8493e+04
4.6738e+00	1.6143e+07	1.8517e+04
4.7062e+00	1.5993e+07	1.8540e+04
4.7389e+00	1.5844e+07	1.8564e+04
4.7718e+00	1.5697e+07	1.8588e+04
4.8049e+00	1.5550e+07	1.8611e+04
4.8382e+00	1.5405e+07	1.8635e+04
4.8718e+00	1.5262e+07	1.8660e+04
4.9056e+00	1.5119e+07	1.8684e+04
4.9396e+00	1.4979e+07	1.8709e+04
4.9739e+00	1.4840e+07	1.8733e+04
5.0084e+00	1.4701e+07	1.8758e+04
5.0432e+00	1.4563e+07	1.8783e+04
5.0782e+00	1.4427e+07	1.8809e+04
5.1134e+00	1.4291e+07	1.8834e+04
5.1489e+00	1.4157e+07	1.8859e+04
5.1846e+00	1.4024e+07	1.8885e+04
5.2206e+00	1.3892e+07	1.8910e+04
5.2568e+00	1.3762e+07	1.8933e+04
5.2933e+00	1.3633e+07	1.8956e+04
5.3300e+00	1.3505e+07	1.8980e+04
5.3670e+00	1.3378e+07	1.9006e+04
5.4042e+00	1.3253e+07	1.9032e+04
5.4417e+00	1.3128e+07	1.9059e+04
5.4795e+00	1.3005e+07	1.9086e+04
5.5175e+00	1.2882e+07	1.9114e+04
5.5558e+00	1.2760e+07	1.9141e+04
5.5943e+00	1.2639e+07	1.9169e+04
5.6331e+00	1.2520e+07	1.9196e+04
5.6722e+00	1.2403e+07	1.9224e+04
5.7116e+00	1.2286e+07	1.9253e+04
5.7512e+00	1.2171e+07	1.9281e+04
5.7911e+00	1.2056e+07	1.9310e+04
5.8313e+00	1.1943e+07	1.9338e+04
5.8718e+00	1.1831e+07	1.9367e+04
5.9125e+00	1.1719e+07	1.9396e+04
5.9535e+00	1.1609e+07	1.9426e+04
5.9948e+00	1.1500e+07	1.9455e+04
6.0364e+00	1.1391e+07	1.9485e+04
6.0783e+00	1.1285e+07	1.9515e+04
6.1205e+00	1.1179e+07	1.9545e+04
6.1630e+00	1.1073e+07	1.9575e+04
6.2057e+00	1.0968e+07	1.9606e+04
6.2488e+00	1.0864e+07	1.9637e+04
6.2921e+00	1.0760e+07	1.9668e+04
6.3358e+00	1.0658e+07	1.9699e+04
6.3798e+00	1.0557e+07	1.9730e+04
6.4240e+00	1.0457e+07	1.9762e+04
6.4686e+00	1.0358e+07	1.9793e+04
6.5135e+00	1.0260e+07	1.9825e+04
6.5587e+00	1.0162e+07	1.9858e+04
6.6042e+00	1.0066e+07	1.9890e+04
6.6500e+00	9.9701e+06	1.9923e+04
6.6962e+00	9.8756e+06	1.9955e+04
6.7426e+00	9.7819e+06	1.9988e+04
6.7894e+00	9.6890e+06	2.0022e+04
6.8365e+00	9.5970e+06	2.0055e+04
6.8840e+00	9.5058e+06	2.0089e+04
6.9317e+00	9.4155e+06	2.0123e+04
6.9798e+00	9.3260e+06	2.0157e+04
7.0282e+00	9.2373e+06	2.0191e+04
7.0770e+00	9.1496e+06	2.0226e+04
7.1261e+00	9.0629e+06	2.0261e+04
7.1756e+00	8.9770e+06	2.0296e+04
7.2253e+00	8.8915e+06	2.0331e+04
7.2755e+00	8.8062e+06	2.0366e+04
7.3260e+00	8.7217e+06	2.0402e+04
7.3768e+00	8.6380e+06	2.0438e+04
7.4280e+00	8.5553e+06	2.0474e+04
7.4795e+00	8.4734e+06	2.0511e+04
7.5314e+00	8.3923e+06	2.0547e+04
7.5837e+00	8.3120e+06	2.0584e+04
7.6363e+00	8.2325e+06	2.0621e+04
7.6893e+00	8.1541e+06	2.0659e+04
7.7426e+00	8.0759e+06	2.0696e+04
7.7964e+00	7.9984e+06	2.0734e+04
7.8505e+00	7.9223e+06	2.0772e+04
7.9049e+00	7.8472e+06	2.0810e+04
7.9598e+00	7.7720e+06	2.0849e+04
8.0150e+00	7.6966e+06	2.0888e+04
8.0706e+00	7.6231e+06	2.0927e+04
8.1266e+00	7.5504e+06	2.0966e+04
8.1830e+00	7.4783e+06	2.1006e+04
8.2398e+00	7.4065e+06	2.1045e+04
8.2970e+00	7.3351e+06	2.1085e+04
8.3545e+00	7.2644e+06	2.1126e+04
8.4125e+00	7.1946e+06	2.1166e+04
8.4709e+00	7.1254e+06	2.1207e+04
8.5296e+00	7.0569e+06	2.1248e+04
8.5888e+00	6.9891e+06	2.1290e+04
8.6484e+00	6.9216e+06	2.1331e+04
8.7084e+00	6.8542e+06	2.1373e+04
8.7689e+00	6.7875e+06	2.1416e+04
8.8297e+00	6.7209e+06	2.1458e+04
8.8910e+00	6.6550e+06	2.1501e+04
8.9527e+00	6.5903e+06	2.1544e+04
9.0148e+00	6.5263e+06	2.1587e+04
9.0773e+00	6.4629e+06	2.1631e+04
9.1403e+00	6.3998e+06	2.1675e+04
9.2037e+00	6.3373e+06	2.1719e+04
9.2676e+00	6.2755e+06	2.1763e+04
9.3319e+00	6.2142e+06	2.1808e+04
9.3966e+00	6.1535e+06	2.1853e+04
9.4618e+00	6.0933e+06	2.1898e+04
9.5275e+00	6.0340e+06	2.1944e+04
9.5936e+00	5.9754e+06	2.1990e+04
9.6602e+00	5.9175e+06	2.2038e+04
9.7272e+00	5.8600e+06	2.2086e+04
9.7947e+00	5.8031e+06	2.2135e+04
9.8627e+00	5.7467e+06	2.2184e+04
9.9311e+00	5.6909e+06	2.2232e+04
1.0000e+01	5.6355e+06	2.2281e+04
1.0069e+01	5.5805e+06	2.2330e+04
1.0139e+01	5.5259e+06	2.2381e+04
1.0210e+01	5.4719e+06	2.2429e+04
1.0280e+01	5.4184e+06	2.2477e+04
1.0352e+01	5.3654e+06	2.2524e+04
1.0424e+01	5.3129e+06	2.2572e+04
1.0496e+01	5.2608e+06	2.2621e+04
1.0569e+01	5.2093e+06	2.2669e+04
1.0642e+01	5.1583e+06	2.2719e+04
1.0716e+01	5.1078e+06	2.2768e+04
1.0790e+01	5.0574e+06	2.2818e+04
1.0865e+01	5.0075e+06	2.2868e+04
1.0941e+01	4.9581e+06	2.2918e+04
1.1016e+01	4.9090e+06	2.2969e+04
1.1093e+01	4.8600e+06	2.3020e+04
1.1170e+01	4.8118e+06	2.3071e+04
1.1247e+01	4.7642e+06	2.3123e+04
1.1325e+01	4.7170e+06	2.3175e+04
1.1404e+01	4.6702e+06	2.3228e+04
1.1483e+01	4.6239e+06	2.3280e+04
1.1563e+01	4.5778e+06	2.3336e+04
1.1643e+01	4.5321e+06	2.3399e+04
1.1724e+01	4.4864e+06	2.3468e+04
1.1805e+01	4.4412e+06	2.3530e+04
1.1887e+01	4.3967e+06	2.3585e+04
1.1970e+01	4.3530e+06	2.3639e+04
1.2053e+01	4.3097e+06	2.3693e+04
1.2136e+01	4.2668e+06	2.3748e+04
1.2220e+01	4.2242e+06	2.3802e+04
1.2305e+01	4.1820e+06	2.3857e+04
1.2391e+01	4.1403e+06	2.3913e+04
1.2477e+01	4.0986e+06	2.3968e+04
1.2563e+01	4.0578e+06	2.4024e+04
1.2650e+01	4.0170e+06	2.4080e+04
1.2738e+01	3.9767e+06	2.4137e+04
1.2826e+01	3.9369e+06	2.4193e+04
1.2915e+01	3.8975e+06	2.4250e+04
1.3005e+01	3.8585e+06	2.4308e+04
1.3095e+01	3.8198e+06	2.4366e+04
1.3186e+01	3.7814e+06	2.4425e+04
1.3278e+01	3.7430e+06	2.4484e+04
1.3370e+01	3.7049e+06	2.4545e+04
1.3463e+01	3.6675e+06	2.4605e+04
1.3556e+01	3.6305e+06	2.4666e+04
1.3650e+01	3.5937e+06	2.4728e+04
1.3745e+01	3.5571e+06	2.4789e+04
1.3840e+01	3.5204e+06	2.4844e+04
1.3936e+01	3.4849e+06	2.4897e+04
1.4033e+01	3.4497e+06	2.4957e+04
1.4130e+01	3.4149e+06	2.5018e+04
1.4228e+01	3.3804e+06	2.5080e+04
1.4327e+01	3.3462e+06	2.5142e+04
1.4426e+01	3.3124e+06	2.5204e+04
1.4527e+01	3.2789e+06	2.5266e+04
1.4627e+01	3.2457e+06	2.5328e+04
1.4729e+01	3.2124e+06	2.5390e+04
1.4831e+01	3.1794e+06	2.5452e+04
1.4934e+01	3.1470e+06	2.5515e+04
1.5038e+01	3.1151e+06	2.5578e+04
1.5142e+01	3.0836e+06	2.5641e+04
1.5247e+01	3.0518e+06	2.5704e+04
1.5353e+01	3.0202e+06	2.5767e+04
1.5459e+01	2.9889e+06	2.5830e+04
1.5567e+01	2.9584e+06	2.5894e+04
1.5675e+01	2.9280e+06	2.5958e+04
1.5783e+01	2.8972e+06	2.6022e+04
1.5893e+01	2.8671e+06	2.6086e+04
1.6003e+01	2.8375e+06	2.6151e+04
1.6114e+01	2.8081e+06	2.6216e+04
1.6226e+01	2.7791e+06	2.6281e+04
1.6339e+01	2.7503e+06	2.6347e+04
1.6452e+01	2.7217e+06	2.6412e+04
1.6566e+01	2.6933e+06	2.6478e+04
1.6681e+01	2.6649e+06	2.6535e+04
1.6797e+01	2.6366e+06	2.6594e+04
1.6913e+01	2.6087e+06	2.6659e+04
1.7031e+01	2.5812e+06	2.6725e+04
1.7149e+01	2.5541e+06	2.6791e+04
1.7268e+01	2.5274e+06	2.6857e+04
1.7388e+01	2.5010e+06	2.6923e+04
1.7508e+01	2.4750e+06	2.6989e+04
1.7630e+01	2.4493e+06	2.7056e+04
1.7752e+01	2.4234e+06	2.7123e+04
1.7875e+01	2.3982e+06	2.7190e+04
1.7999e+01	2.3729e+06	2.7257e+04
1.8124e+01	2.3476e+06	2.7324e+04
1.8250e+01	2.3227e+06	2.7392e+04
1.8377e+01	2.2975e+06	2.7460e+04
1.8504e+01	2.2732e+06	2.7528e+04
1.8632e+01	2.2488e+06	2.7596e+04
1.8762e+01	2.2252e+06	2.7664e+04
1.8892e+01	2.2015e+06	2.7733e+04
1.9023e+01	2.1781e+06	2.7802e+04
1.9155e+01	2.1543e+06	2.7872e+04
1.9288e+01	2.1305e+06	2.7942e+04
1.9422e+01	2.1077e+06	2.8012e+04
1.9557e+01	2.0849e+06	2.8082e+04
1.9692e+01	2.0627e+06	2.8157e+04
1.9829e+01	2.0405e+06	2.8234e+04
1.9966e+01	2.0186e+06	2.8308e+04
2.0105e+01	1.9968e+06	2.8377e+04
2.0244e+01	1.9748e+06	2.8444e+04
2.0385e+01	1.9534e+06	2.8512e+04
2.0526e+01	1.9325e+06	2.8581e+04
2.0669e+01	1.9113e+06	2.8649e+04
2.0812e+01	1.8904e+06	2.8719e+04
2.0957e+01	1.8699e+06	2.8790e+04
2.1102e+01	1.8492e+06	2.8873e+04
2.1248e+01	1.8291e+06	2.8975e+04
2.1396e+01	1.8090e+06	2.9045e+04
2.1544e+01	1.7890e+06	2.9114e+04
2.1694e+01	1.7691e+06	2.9183e+04
2.1844e+01	1.7496e+06	2.9252e+04
2.1996e+01	1.7300e+06	2.9321e+04
2.2149e+01	1.7112e+06	2.9391e+04
2.2302e+01	1.6920e+06	2.9462e+04
2.2457e+01	1.6730e+06	2.9536e+04
2.2613e+01	1.6543e+06	2.9611e+04
2.2770e+01	1.6361e+06	2.9676e+04
2.2928e+01	1.6176e+06	2.9737e+04
2.3087e+01	1.5999e+06	2.9809e+04
2.3247e+01	1.5820e+06	2.9879e+04
2.3408e+01	1.5640e+06	2.9949e+04
2.3571e+01	1.5464e+06	3.0018e+04
2.3734e+01	1.5292e+06	3.0087e+04
2.3899e+01	1.5121e+06	3.0155e+04
2.4065e+01	1.4950e+06	3.0223e+04
2.4232e+01	1.4783e+06	3.0291e+04
2.4400e+01	1.4617e+06	3.0360e+04
2.4569e+01	1.4455e+06	3.0428e+04
2.4740e+01	1.4293e+06	3.0497e+04
2.4911e+01	1.4132e+06	3.0564e+04
2.5084e+01	1.3970e+06	3.0631e+04
2.5258e+01	1.3815e+06	3.0698e+04
2.5433e+01	1.3662e+06	3.0765e+04
2.5610e+01	1.3507e+06	3.0831e+04
2.5788e+01	1.3354e+06	3.0898e+04
2.5967e+01	1.3201e+06	3.0965e+04
2.6147e+01	1.3050e+06	3.1032e+04
2.6328e+01	1.2902e+06	3.1099e+04
2.6511e+01	1.2755e+06	3.1165e+04
2.6695e+01	1.2609e+06	3.1233e+04
2.6880e+01	1.2465e+06	3.1300e+04
2.7067e+01	1.2322e+06	3.1369e+04
2.7254e+01	1.2180e+06	3.1437e+04
2.7443e+01	1.2039e+06	3.1513e+04
2.7634e+01	1.1900e+06	3.1589e+04
2.7826e+01	1.1762e+06	3.1651e+04
2.8019e+01	1.1626e+06	3.1714e+04
2.8213e+01	1.1491e+06	3.1776e+04
2.8409e+01	1.1358e+06	3.1840e+04
2.8606e+01	1.1225e+06	3.1935e+04
2.8804e+01	1.1095e+06	3.2017e+04
2.9004e+01	1.0968e+06	3.2077e+04
2.9206e+01	1.0841e+06	3.2135e+04
2.9408e+01	1.0716e+06	3.2195e+04
2.9612e+01	1.0591e+06	3.2257e+04
2.9818e+01	1.0467e+06	3.2324e+04
3.0025e+01	1.0344e+06	3.2388e+04
3.0233e+01	1.0223e+06	3.2448e+04
3.0443e+01	1.0103e+06	3.2506e+04
3.0654e+01	9.9848e+05	3.2562e+04
3.0867e+01	9.8675e+05	3.2616e+04
3.1081e+01	9.7508e+05	3.2669e+04
3.1296e+01	9.6360e+05	3.2722e+04
3.1514e+01	9.5225e+05	3.2775e+04
3.1732e+01	9.4093e+05	3.2827e+04
3.1952e+01	9.2972e+05	3.2876e+04
3.2174e+01	9.1854e+05	3.2925e+04
3.2397e+01	9.0759e+05	3.2973e+04
3.2622e+01	8.9664e+05	3.3022e+04
3.2849e+01	8.8584e+05	3.3070e+04
3.3077e+01	8.7543e+05	3.3118e+04
3.3306e+01	8.6498e+05	3.3166e+04
3.3537e+01	8.5463e+05	3.3216e+04
3.3770e+01	8.4446e+05	3.3265e+04
3.4004e+01	8.3440e+05	3.3328e+04
3.4240e+01	8.2435e+05	3.3378e+04
3.4478e+01	8.1437e+05	3.3418e+04
3.4717e+01	8.0454e+05	3.3459e+04
3.4958e+01	7.9480e+05	3.3504e+04
3.5200e+01	7.8522e+05	3.3545e+04
3.5445e+01	7.7561e+05	3.3583e+04
3.5690e+01	7.6628e+05	3.3622e+04
3.5938e+01	7.5699e+05	3.3668e+04
3.6188e+01	7.4778e+05	3.3717e+04
3.6439e+01	7.3875e+05	3.3759e+04
3.6691e+01	7.2983e+05	3.3796e+04
3.6946e+01	7.2101e+05	3.3829e+04
3.7202e+01	7.1229e+05	3.3861e+04
3.7461e+01	7.0366e+05	3.3892e+04
3.7720e+01	6.9513e+05	3.3923e+04
3.7982e+01	6.8669e+05	3.3949e+04
3.8246e+01	6.7825e+05	3.3974e+04
3.8511e+01	6.6985e+05	3.3999e+04
3.8778e+01	6.6156e+05	3.4023e+04
3.9047e+01	6.5336e+05	3.4047e+04
3.9318e+01	6.4528e+05	3.4072e+04
3.9591e+01	6.3735e+05	3.4098e+04
3.9866e+01	6.2955e+05	3.4144e+04
4.0142e+01	6.2170e+05	3.4167e+04
4.0421e+01	6.1391e+05	3.4184e+04
4.0701e+01	6.0635e+05	3.4205e+04
4.0984e+01	5.9877e+05	3.4218e+04
4.1268e+01	5.9128e+05	3.4233e+04
4.1555e+01	5.8372e+05	3.4259e+04
4.1843e+01	5.7633e+05	3.4283e+04
4.2133e+01	5.6915e+05	3.4298e+04
4.2426e+01	5.6207e+05	3.4308e+04
4.2720e+01	5.5490e+05	3.4314e+04
4.3016e+01	5.4772e+05	3.4321e+04
4.3315e+01	5.4085e+05	3.4324e+04
4.3615e+01	5.3411e+05	3.4323e+04
4.3918e+01	5.2725e+05	3.4323e+04
4.4223e+01	5.2042e+05	3.4322e+04
4.4530e+01	5.1382e+05	3.4322e+04
4.4839e+01	5.0735e+05	3.4324e+04
4.5150e+01	5.0086e+05	3.4324e+04
4.5463e+01	4.9444e+05	3.4317e+04
4.5778e+01	4.8808e+05	3.4314e+04
4.6096e+01	4.8194e+05	3.4304e+04
4.6416e+01	4.7572e+05	3.4293e+04
4.6738e+01	4.6959e+05	3.4300e+04
4.7062e+01	4.6344e+05	3.4296e+04
4.7389e+01	4.5731e+05	3.4283e+04
4.7718e+01	4.5132e+05	3.4264e+04
4.8049e+01	4.4541e+05	3.4246e+04
4.8382e+01	4.3967e+05	3.4222e+04
4.8718e+01	4.3394e+05	3.4196e+04
4.9056e+01	4.2826e+05	3.4171e+04
4.9396e+01	4.2263e+05	3.4146e+04
4.9739e+01	4.1696e+05	3.4124e+04
5.0084e+01	4.1146e+05	3.4093e+04
5.0432e+01	4.0602e+05	3.4062e+04
5.0782e+01	4.0055e+05	3.4031e+04
5.1134e+01	3.9530e+05	3.3996e+04
5.1489e+01	3.9007e+05	3.3982e+04
5.1846e+01	3.8489e+05	3.3952e+04
5.2206e+01	3.7985e+05	3.3912e+04
5.2568e+01	3.7478e+05	3.3870e+04
5.2933e+01	3.6973e+05	3.3824e+04
5.3300e+01	3.6484e+05	3.3774e+04
5.3670e+01	3.5998e+05	3.3724e+04
5.4042e+01	3.5502e+05	3.3679e+04
5.4417e+01	3.5017e+05	3.3630e+04
5.4795e+01	3.4554e+05	3.3573e+04
5.5175e+01	3.4088e+05	3.3513e+04
5.5558e+01	3.3614e+05	3.3455e+04
5.5943e+01	3.3145e+05	3.3421e+04
5.6331e+01	3.2684e+05	3.3367e+04
5.6722e+01	3.2229e+05	3.3303e+04
5.7116e+01	3.1786e+05	3.3239e+04
5.7512e+01	3.1343e+05	3.3167e+04
5.7911e+01	3.0906e+05	3.3096e+04
5.8313e+01	3.0490e+05	3.3030e+04
5.8718e+01	3.0059e+05	3.2960e+04
5.9125e+01	2.9631e+05	3.2881e+04
5.9535e+01	2.9222e+05	3.2800e+04
5.9948e+01	2.8828e+05	3.2729e+04
6.0364e+01	2.8417e+05	3.2661e+04
6.0783e+01	2.8024e+05	3.2579e+04
6.1205e+01	2.7634e+05	3.2496e+04
6.1630e+01	2.7248e+05	3.2404e+04
6.2057e+01	2.6860e+05	3.2314e+04
6.2488e+01	2.6471e+05	3.2231e+04
6.2921e+01	2.6088e+05	3.2137e+04
6.3358e+01	2.5721e+05	3.2037e+04
6.3798e+01	2.5356e+05	3.1941e+04
6.4240e+01	2.4988e+05	3.1860e+04
6.4686e+01	2.4641e+05	3.1762e+04
6.5135e+01	2.4281e+05	3.1654e+04
6.5587e+01	2.3926e+05	3.1545e+04
6.6042e+01	2.3571e+05	3.1437e+04
6.6500e+01	2.3222e+05	3.1337e+04
6.6962e+01	2.2876e+05	3.1223e+04
6.7426e+01	2.2548e+05	3.1106e+04
6.7894e+01	2.2231e+05	3.1007e+04
6.8365e+01	2.1914e+05	3.0898e+04
6.8840e+01	2.1592e+05	3.0776e+04
6.9317e+01	2.1274e+05	3.0650e+04
6.9798e+01	2.0956e+05	3.0527e+04
7.0282e+01	2.0639e+05	3.0403e+04
7.0770e+01	2.0334e+05	3.0272e+04
7.1261e+01	2.0036e+05	3.0143e+04
7.1756e+01	1.9737e+05	3.0033e+04
7.2253e+01	1.9431e+05	2.9901e+04
7.2755e+01	1.9130e+05	2.9761e+04
7.3260e+01	1.8852e+05	2.9622e+04
7.3768e+01	1.8564e+05	2.9483e+04
7.4280e+01	1.8278e+05	2.9337e+04
7.4795e+01	1.7995e+05	2.9192e+04
7.5314e+01	1.7726e+05	2.9061e+04
7.5837e+01	1.7449e+05	2.8913e+04
7.6363e+01	1.7182e+05	2.8759e+04
7.6893e+01	1.6920e+05	2.8608e+04
7.7426e+01	1.6657e+05	2.8456e+04
7.7964e+01	1.6397e+05	2.8298e+04
7.8505e+01	1.6141e+05	2.8154e+04
7.9049e+01	1.5892e+05	2.8003e+04
7.9598e+01	1.5642e+05	2.7841e+04
8.0150e+01	1.5395e+05	2.7677e+04
8.0706e+01	1.5152e+05	2.7518e+04
8.1266e+01	1.4912e+05	2.7351e+04
8.1830e+01	1.4675e+05	2.7199e+04
8.2398e+01	1.4441e+05	2.7038e+04
8.2970e+01	1.4211e+05	2.6866e+04
8.3545e+01	1.3983e+05	2.6694e+04
8.4125e+01	1.3767e+05	2.6525e+04
8.4709e+01	1.3551e+05	2.6351e+04
8.5296e+01	1.3328e+05	2.6191e+04
8.5888e+01	1.3109e+05	2.6014e+04
8.6484e+01	1.2904e+05	2.5835e+04
8.7084e+01	1.2694e+05	2.5660e+04
8.7689e+01	1.2487e+05	2.5479e+04
8.8297e+01	1.2278e+05	2.5313e+04
8.8910e+01	1.2073e+05	2.5132e+04
8.9527e+01	1.1886e+05	2.4947e+04
9.0148e+01	1.1689e+05	2.4760e+04
9.0773e+01	1.1492e+05	2.4572e+04
9.1403e+01	1.1296e+05	2.4401e+04
9.2037e+01	1.1104e+05	2.4212e+04
9.2676e+01	1.0918e+05	2.4021e+04
9.3319e+01	1.0732e+05	2.3831e+04
9.3966e+01	1.0549e+05	2.3642e+04
9.4618e+01	1.0367e+05	2.3465e+04
9.5275e+01	1.0188e+05	2.3271e+04
9.5936e+01	1.0011e+05	2.3077e+04
9.6602e+01	9.8371e+04	2.2881e+04
9.7272e+01	9.6648e+04	2.2702e+04
9.7947e+01	9.4943e+04	2.2505e+04
9.8627e+01	9.3267e+04	2.2305e+04
9.9311e+01	9.1624e+04	2.2105e+04
1.0000e+02	9.0022e+04	2.1906e+04
1.0069e+02	8.8443e+04	2.1708e+04
1.0139e+02	8.6868e+04	2.1514e+04
1.0210e+02	8.5315e+04	2.1321e+04
1.0280e+02	8.3787e+04	2.1125e+04
1.0352e+02	8.2287e+04	2.0926e+04
1.0424e+02	8.0860e+04	2.0729e+04
1.0496e+02	7.9444e+04	2.0534e+04
1.0569e+02	7.7982e+04	2.0335e+04
1.0642e+02	7.6551e+04	2.0135e+04
1.0716e+02	7.5167e+04	1.9938e+04
1.0790e+02	7.3787e+04	1.9740e+04
1.0865e+02	7.2424e+04	1.9538e+04
1.0941e+02	7.1078e+04	1.9336e+04
1.1016e+02	6.9754e+04	1.9137e+04
1.1093e+02	6.8452e+04	1.8936e+04
1.1170e+02	6.7170e+04	1.8733e+04
1.1247e+02	6.5907e+04	1.8533e+04
1.1325e+02	6.4664e+04	1.8333e+04
1.1404e+02	6.3439e+04	1.8130e+04
1.1483e+02	6.2234e+04	1.7929e+04
1.1563e+02	6.1047e+04	1.7731e+04
1.1643e+02	5.9878e+04	1.7528e+04
1.1724e+02	5.8727e+04	1.7327e+04
1.1805e+02	5.7595e+04	1.7130e+04
1.1887e+02	5.6480e+04	1.6929e+04
1.1970e+02	5.5384e+04	1.6729e+04
1.2053e+02	5.4306e+04	1.6533e+04
1.2136e+02	5.3246e+04	1.6334e+04
1.2220e+02	5.2202e+04	1.6135e+04
1.2305e+02	5.1175e+04	1.5941e+04
1.2391e+02	5.0164e+04	1.5743e+04
1.2477e+02	4.9169e+04	1.5548e+04
1.2563e+02	4.8191e+04	1.5357e+04
1.2650e+02	4.7228e+04	1.5162e+04
1.2738e+02	4.6281e+04	1.4972e+04
1.2826e+02	4.5349e+04	1.4782e+04
1.2916e+02	4.4430e+04	1.4590e+04
1.3005e+02	4.3519e+04	1.4404e+04
1.3095e+02	4.2622e+04	1.4214e+04
1.3186e+02	4.1741e+04	1.4026e+04
1.3278e+02	4.0876e+04	1.3842e+04
1.3370e+02	4.0030e+04	1.3653e+04
1.3463e+02	3.9198e+04	1.3470e+04
1.3556e+02	3.8380e+04	1.3285e+04
1.3650e+02	3.7576e+04	1.3102e+04
1.3745e+02	3.6785e+04	1.2922e+04
1.3840e+02	3.6009e+04	1.2739e+04
1.3936e+02	3.5247e+04	1.2562e+04
1.4033e+02	3.4500e+04	1.2380e+04
1.4130e+02	3.3765e+04	1.2202e+04
1.4228e+02	3.3037e+04	1.2022e+04
1.4327e+02	3.2327e+04	1.1844e+04
1.4426e+02	3.1633e+04	1.1669e+04
1.4527e+02	3.0946e+04	1.1491e+04
1.4627e+02	3.0273e+04	1.1321e+04
1.4729e+02	2.9610e+04	1.1145e+04
1.4831e+02	2.8952e+04	1.0977e+04
1.4934e+02	2.8318e+04	1.0804e+04
1.5038e+02	2.7696e+04	1.0632e+04
1.5142e+02	2.7080e+04	1.0462e+04
1.5247e+02	2.6476e+04	1.0293e+04
1.5353e+02	2.5884e+04	1.0127e+04
1.5459e+02	2.5301e+04	9.9616e+03
1.5567e+02	2.4725e+04	9.7973e+03
1.5675e+02	2.4159e+04	9.6330e+03
1.5783e+02	2.3604e+04	9.4694e+03
1.5893e+02	2.3059e+04	9.3075e+03
1.6003e+02	2.2525e+04	9.1478e+03
1.6114e+02	2.2000e+04	8.9902e+03
1.6226e+02	2.1486e+04	8.8354e+03
1.6339e+02	2.0981e+04	8.6823e+03
1.6452e+02	2.0487e+04	8.5309e+03
1.6566e+02	2.0003e+04	8.3807e+03
1.6681e+02	1.9529e+04	8.2323e+03
1.6797e+02	1.9065e+04	8.0851e+03
1.6913e+02	1.8613e+04	7.9396e+03
1.7031e+02	1.8171e+04	7.7957e+03
1.7149e+02	1.7738e+04	7.6532e+03
1.7268e+02	1.7315e+04	7.5126e+03
1.7388e+02	1.6900e+04	7.3733e+03
1.7508e+02	1.6492e+04	7.2356e+03
1.7630e+02	1.6094e+04	7.0996e+03
1.7752e+02	1.5703e+04	6.9649e+03
1.7875e+02	1.5322e+04	6.8320e+03
1.7999e+02	1.4948e+04	6.7008e+03
1.8124e+02	1.4581e+04	6.5709e+03
1.8250e+02	1.4218e+04	6.4430e+03
1.8377e+02	1.3862e+04	6.3165e+03
1.8504e+02	1.3515e+04	6.1911e+03
1.8632e+02	1.3176e+04	6.0679e+03
1.8762e+02	1.2844e+04	5.9464e+03
1.8892e+02	1.2520e+04	5.8256e+03
1.9023e+02	1.2202e+04	5.7067e+03
1.9155e+02	1.1892e+04	5.5900e+03
1.9288e+02	1.1590e+04	5.4746e+03
1.9422e+02	1.1295e+04	5.3598e+03
1.9557e+02	1.1000e+04	5.2474e+03
1.9692e+02	1.0711e+04	5.1370e+03
1.9829e+02	1.0431e+04	5.0279e+03
1.9966e+02	1.0157e+04	4.9188e+03
2.0105e+02	9.8892e+03	4.8111e+03
2.0244e+02	9.6271e+03	4.7049e+03
2.0385e+02	9.3708e+03	4.6001e+03
2.0526e+02	9.1202e+03	4.4965e+03
2.0669e+02	8.8752e+03	4.3943e+03
2.0812e+02	8.6360e+03	4.2938e+03
2.0957e+02	8.4023e+03	4.1950e+03
2.1102e+02	8.1738e+03	4.0978e+03
2.1248e+02	7.9506e+03	4.0022e+03
2.1396e+02	7.7325e+03	3.9082e+03
2.1544e+02	7.5197e+03	3.8158e+03
2.1694e+02	7.3118e+03	3.7252e+03
2.1844e+02	7.1087e+03	3.6367e+03
2.1996e+02	6.9104e+03	3.5498e+03
2.2149e+02	6.7167e+03	3.4644e+03
2.2302e+02	6.5276e+03	3.3805e+03
2.2457e+02	6.3429e+03	3.2980e+03
2.2613e+02	6.1627e+03	3.2171e+03
2.2770e+02	5.9867e+03	3.1375e+03
2.2928e+02	5.8150e+03	3.0594e+03
2.3087e+02	5.6474e+03	2.9828e+03
2.3247e+02	5.4839e+03	2.9079e+03
2.3408e+02	5.3244e+03	2.8345e+03
2.3571e+02	5.1688e+03	2.7626e+03
2.3734e+02	5.0162e+03	2.6921e+03
2.3899e+02	4.8668e+03	2.6229e+03
2.4065e+02	4.7210e+03	2.5550e+03
2.4232e+02	4.5790e+03	2.4885e+03
2.4400e+02	4.4406e+03	2.4232e+03
2.4569e+02	4.3057e+03	2.3590e+03
2.4740e+02	4.1743e+03	2.2959e+03
2.4911e+02	4.0462e+03	2.2340e+03
2.5084e+02	3.9215e+03	2.1727e+03
2.5258e+02	3.8001e+03	2.1127e+03
2.5433e+02	3.6818e+03	2.0540e+03
2.5610e+02	3.5667e+03	1.9966e+03
2.5788e+02	3.4546e+03	1.9404e+03
2.5967e+02	3.3455e+03	1.8855e+03
2.6147e+02	3.2393e+03	1.8318e+03
2.6328e+02	3.1362e+03	1.7793e+03
2.6511e+02	3.0365e+03	1.7280e+03
2.6695e+02	2.9395e+03	1.6778e+03
2.6880e+02	2.8452e+03	1.6288e+03
2.7067e+02	2.7534e+03	1.5811e+03
2.7254e+02	2.6642e+03	1.5346e+03
2.7443e+02	2.5774e+03	1.4893e+03
2.7634e+02	2.4927e+03	1.4450e+03
2.7826e+02	2.4100e+03	1.4018e+03
2.8019e+02	2.3297e+03	1.3596e+03
2.8213e+02	2.2517e+03	1.3184e+03
2.8409e+02	2.1759e+03	1.2782e+03
2.8606e+02	2.1023e+03	1.2390e+03
2.8804e+02	2.0308e+03	1.2007e+03
2.9004e+02	1.9614e+03	1.1633e+03
2.9206e+02	1.8941e+03	1.1269e+03
2.9408e+02	1.8287e+03	1.0914e+03
2.9612e+02	1.7653e+03	1.0568e+03
2.9818e+02	1.7037e+03	1.0231e+03
3.0025e+02	1.6440e+03	9.9010e+02
3.0233e+02	1.5861e+03	9.5785e+02
3.0443e+02	1.5299e+03	9.2646e+02
3.0654e+02	1.4755e+03	8.9592e+02
3.0867e+02	1.4227e+03	8.6621e+02
3.1081e+02	1.3716e+03	8.3731e+02
3.1296e+02	1.3220e+03	8.0920e+02
3.1514e+02	1.2740e+03	7.8188e+02
3.1732e+02	1.2275e+03	7.5531e+02
3.1952e+02	1.1825e+03	7.2950e+02
3.2174e+02	1.1388e+03	7.0443e+02
3.2397e+02	1.0966e+03	6.8013e+02
3.2622e+02	1.0558e+03	6.5654e+02
3.2849e+02	1.0162e+03	6.3354e+02
3.3076e+02	9.7794e+02	6.1108e+02
3.3306e+02	9.4092e+02	5.8921e+02
3.3537e+02	9.0512e+02	5.6799e+02
3.3770e+02	8.7050e+02	5.4739e+02
3.4004e+02	8.3703e+02	5.2742e+02
3.4240e+02	8.0468e+02	5.0805e+02
3.4478e+02	7.7341e+02	4.8927e+02
3.4717e+02	7.4321e+02	4.7108e+02
3.4958e+02	7.1403e+02	4.5342e+02
3.5200e+02	6.8581e+02	4.3623e+02
3.5445e+02	6.5850e+02	4.1960e+02
3.5690e+02	6.3183e+02	4.0351e+02
3.5938e+02	6.0610e+02	3.8797e+02
3.6188e+02	5.8129e+02	3.7300e+02
3.6439e+02	5.5736e+02	3.5857e+02
3.6691e+02	5.3430e+02	3.4463e+02
3.6946e+02	5.1207e+02	3.3115e+02
3.7202e+02	4.9065e+02	3.1813e+02
3.7461e+02	4.7001e+02	3.0558e+02
3.7720e+02	4.5013e+02	2.9349e+02
3.7982e+02	4.3099e+02	2.8184e+02
3.8246e+02	4.1257e+02	2.7058e+02
3.8511e+02	3.9487e+02	2.5970e+02
3.8778e+02	3.7798e+02	2.4920e+02
3.9047e+02	3.6173e+02	2.3906e+02
3.9318e+02	3.4609e+02	2.2929e+02
3.9591e+02	3.3104e+02	2.1988e+02
3.9866e+02	3.1660e+02	2.1082e+02
4.0142e+02	3.0274e+02	2.0205e+02
4.0421e+02	2.8942e+02	1.9359e+02
4.0701e+02	2.7662e+02	1.8543e+02
4.0984e+02	2.6431e+02	1.7758e+02
4.1268e+02	2.5249e+02	1.7002e+02
4.1555e+02	2.4114e+02	1.6274e+02
4.1843e+02	2.3026e+02	1.5573e+02
4.2133e+02	2.1987e+02	1.4899e+02
4.2426e+02	2.0989e+02	1.4250e+02
4.2720e+02	2.0031e+02	1.3627e+02
4.3016e+02	1.9112e+02	1.3028e+02
4.3315e+02	1.8231e+02	1.2453e+02
4.3615e+02	1.7387e+02	1.1900e+02
4.3918e+02	1.6578e+02	1.1368e+02
4.4223e+02	1.5802e+02	1.0856e+02
4.4530e+02	1.5058e+02	1.0365e+02
4.4839e+02	1.4346e+02	9.8928e+01
4.5150e+02	1.3664e+02	9.4364e+01
4.5463e+02	1.3010e+02	8.9961e+01
4.5778e+02	1.2384e+02	8.5734e+01
4.6096e+02	1.1785e+02	8.1686e+01
4.6416e+02	1.1212e+02	7.7826e+01
4.6738e+02	1.0664e+02	7.4128e+01
4.7062e+02	1.0140e+02	7.0566e+01
4.7389e+02	9.6371e+01	6.7146e+01
4.7718e+02	9.1537e+01	6.3875e+01
4.8049e+02	8.6920e+01	6.0753e+01
4.8382e+02	8.2515e+01	5.7765e+01
4.8718e+02	7.8340e+01	5.4908e+01
4.9056e+02	7.4345e+01	5.2175e+01
4.9396e+02	7.0505e+01	4.9562e+01
4.9739e+02	6.6844e+01	4.7065e+01
5.0084e+02	6.3353e+01	4.4674e+01
5.0432e+02	6.0026e+01	4.2387e+01
5.0782e+02	5.6856e+01	4.0204e+01
5.1134e+02	5.3836e+01	3.8122e+01
5.1489e+02	5.0960e+01	3.6136e+01
5.1846e+02	4.8223e+01	3.4242e+01
5.2206e+02	4.5618e+01	3.2436e+01
5.2568e+02	4.3140e+01	3.0716e+01
5.2933e+02	4.0783e+01	2.9080e+01
5.3300e+02	3.8542e+01	2.7524e+01
5.3670e+02	3.6413e+01	2.6044e+01
5.4042e+02	3.4389e+01	2.4635e+01
5.4417e+02	3.2467e+01	2.3293e+01
5.4795e+02	3.0642e+01	2.2017e+01
5.5175e+02	2.8910e+01	2.0800e+01
5.5558e+02	2.7268e+01	1.9641e+01
5.5943e+02	2.5711e+01	1.8541e+01
5.6331e+02	2.4234e+01	1.7495e+01
5.6722e+02	2.2832e+01	1.6503e+01
5.7116e+02	2.1507e+01	1.5562e+01
5.7512e+02	2.0248e+01	1.4670e+01
5.7911e+02	1.9057e+01	1.3825e+01
5.8313e+02	1.7929e+01	1.3026e+01
5.8718e+02	1.6861e+01	1.2271e+01
5.9125e+02	1.5852e+01	1.1557e+01
5.9535e+02	1.4899e+01	1.0880e+01
5.9948e+02	1.3998e+01	1.0238e+01
6.0364e+02	1.3147e+01	9.6296e+00
6.0783e+02	1.2347e+01	9.0537e+00
6.1205e+02	1.1592e+01	8.5090e+00
6.1630e+02	1.0878e+01	7.9941e+00
6.2057e+02	1.0205e+01	7.5074e+00
6.2488e+02	9.5701e+00	7.0477e+00
6.2921e+02	8.9710e+00	6.6138e+00
6.3358e+02	8.4062e+00	6.2044e+00
6.3798e+02	7.8739e+00	5.8183e+00
6.4240e+02	7.3724e+00	5.4540e+00
6.4686e+02	6.9002e+00	5.1104e+00
6.5135e+02	6.4557e+00	4.7862e+00
6.5587e+02	6.0373e+00	4.4805e+00
6.6042e+02	5.6439e+00	4.1926e+00
6.6500e+02	5.2739e+00	3.9216e+00
6.6962e+02	4.9262e+00	3.6666e+00
6.7426e+02	4.5995e+00	3.4268e+00
6.7894e+02	4.2927e+00	3.2014e+00
6.8365e+02	4.0047e+00	2.9899e+00
6.8840e+02	3.7345e+00	2.7910e+00
6.9317e+02	3.4810e+00	2.6036e+00
6.9798e+02	3.2434e+00	2.4271e+00
7.0282e+02	3.0207e+00	2.2610e+00
7.0770e+02	2.8121e+00	2.1051e+00
7.1261e+02	2.6159e+00	1.9592e+00
7.1756e+02	2.4313e+00	1.8225e+00
7.2253e+02	2.2588e+00	1.6947e+00
7.2755e+02	2.0976e+00	1.5750e+00
7.3260e+02	1.9469e+00	1.4633e+00
7.3768e+02	1.8063e+00	1.3588e+00
7.4280e+02	1.6751e+00	1.2613e+00
7.4795e+02	1.5527e+00	1.1702e+00
7.5314e+02	1.4385e+00	1.0850e+00
7.5837e+02	1.3322e+00	1.0056e+00
7.6363e+02	1.2331e+00	9.3154e-01
7.6893e+02	1.1408e+00	8.6251e-01
7.7426e+02	1.0549e+00	7.9823e-01
7.7964e+02	9.7506e-01	7.3839e-01
7.8505e+02	9.0080e-01	6.8275e-01
7.9049e+02	8.3178e-01	6.3100e-01
7.9598e+02	7.6768e-01	5.8289e-01
8.0150e+02	7.0816e-01	5.3814e-01
8.0706e+02	6.5294e-01	4.9653e-01
8.1266e+02	6.0172e-01	4.5791e-01
8.1830e+02	5.5423e-01	4.2208e-01
8.2398e+02	5.1023e-01	3.8885e-01
8.2970e+02	4.6949e-01	3.5806e-01
8.3545e+02	4.3177e-01	3.2955e-01
8.4125e+02	3.9688e-01	3.0317e-01
8.4709e+02	3.6462e-01	2.7875e-01
8.5296e+02	3.3480e-01	2.5613e-01
8.5888e+02	3.0726e-01	2.3522e-01
8.6484e+02	2.8183e-01	2.1589e-01
8.7084e+02	2.5837e-01	1.9805e-01
8.7689e+02	2.3674e-01	1.8158e-01
8.8297e+02	2.1679e-01	1.6640e-01
8.8910e+02	1.9842e-01	1.5241e-01
8.9527e+02	1.8150e-01	1.3951e-01
9.0148e+02	1.6594e-01	1.2763e-01
9.0773e+02	1.5162e-01	1.1669e-01
9.1403e+02	1.3846e-01	1.0663e-01
9.2037e+02	1.2637e-01	9.7378e-02
9.2676e+02	1.1527e-01	8.8879e-02
9.3319e+02	1.0509e-01	8.1077e-02
9.3966e+02	9.5745e-02	7.3921e-02
9.4618e+02	8.7183e-02	6.7358e-02
9.5275e+02	7.9340e-02	6.1336e-02
9.5936e+02	7.2160e-02	5.5816e-02
9.6602e+02	6.5590e-02	5.0762e-02
9.7272e+02	5.9583e-02	4.6138e-02
9.7947e+02	5.4093e-02	4.1913e-02
9.8627e+02	4.9079e-02	3.8064e-02
9.9311e+02	4.4502e-02	3.4566e-02
1.0000e+03	4.0328e-02	3.1389e-02