Energy(MeV)	Incoming Spectral Fluence(MeV-1 cm-2)	Residual Spectral Fluence(MeV-1 cm-2)
1.0000e-03	0.0000e+00	4.6324e+05
1.5000e-03	0.0000e+00	4.6332e+05
2.0000e-03	0.0000e+00	4.6338e+05
2.5000e-03	0.0000e+00	4.6342e+05
3.0000e-03	0.0000e+00	4.6346e+05
3.5000e-03	0.0000e+00	4.6349e+05
4.0000e-03	0.0000e+00	4.6351e+05
4.5000e-03	0.0000e+00	4.6353e+05
5.0000e-03	0.0000e+00	4.6355e+05
5.5000e-03	0.0000e+00	4.6357e+05
6.0000e-03	0.0000e+00	4.6359e+05
6.5000e-03	0.0000e+00	4.6360e+05
7.0000e-03	0.0000e+00	4.6362e+05
7.5000e-03	0.0000e+00	4.6363e+05
8.0000e-03	0.0000e+00	4.6364e+05
8.5000e-03	0.0000e+00	4.6366e+05
9.0000e-03	0.0000e+00	4.6367e+05
9.5000e-03	0.0000e+00	4.6368e+05
1.0000e-02	0.0000e+00	4.6369e+05
1.5000e-02	0.0000e+00	4.6377e+05
2.0000e-02	0.0000e+00	4.6382e+05
2.5000e-02	0.0000e+00	4.6387e+05
3.0000e-02	0.0000e+00	4.6391e+05
3.5000e-02	0.0000e+00	4.6395e+05
4.0000e-02	0.0000e+00	4.6399e+05
4.5000e-02	0.0000e+00	4.6404e+05
5.0000e-02	0.0000e+00	4.6409e+05
5.5000e-02	0.0000e+00	4.6413e+05
6.0000e-02	0.0000e+00	4.6417e+05
6.5000e-02	0.0000e+00	4.6421e+05
7.0000e-02	0.0000e+00	4.6425e+05
7.5000e-02	0.0000e+00	4.6429e+05
8.0000e-02	0.0000e+00	4.6433e+05
8.5000e-02	0.0000e+00	4.6438e+05
9.0000e-02	0.0000e+00	4.6442e+05
9.5000e-02	0.0000e+00	4.6447e+05
1.0000e-01	0.0000e+00	4.6452e+05
1.5000e-01	0.0000e+00	4.6500e+05
2.0000e-01	0.0000e+00	4.6552e+05
2.5000e-01	0.0000e+00	4.6605e+05
3.0000e-01	0.0000e+00	4.6656e+05
3.5000e-01	0.0000e+00	4.6708e+05
4.0000e-01	0.0000e+00	4.6760e+05
4.5000e-01	0.0000e+00	4.6812e+05
5.0000e-01	0.0000e+00	4.6864e+05
5.5000e-01	0.0000e+00	4.6916e+05
6.0000e-01	0.0000e+00	4.6970e+05
6.5000e-01	0.0000e+00	4.7024e+05
7.0000e-01	0.0000e+00	4.7082e+05
7.5000e-01	0.0000e+00	4.7138e+05
8.0000e-01	0.0000e+00	4.7194e+05
8.5000e-01	0.0000e+00	4.7248e+05
9.0000e-01	0.0000e+00	4.7301e+05
9.5000e-01	0.0000e+00	4.7354e+05
1.0000e+00	9.0085e+09	4.7407e+05
1.0139e+00	8.8821e+09	4.7421e+05
1.0281e+00	8.7569e+09	4.7436e+05
1.0424e+00	8.6348e+09	4.7451e+05
1.0569e+00	8.5144e+09	4.7466e+05
1.0717e+00	8.3951e+09	4.7481e+05
1.0866e+00	8.2756e+09	4.7497e+05
1.1018e+00	8.1575e+09	4.7513e+05
1.1171e+00	8.0419e+09	4.7529e+05
1.1327e+00	7.9294e+09	4.7545e+05
1.1485e+00	7.8188e+09	4.7561e+05
1.1645e+00	7.7096e+09	4.7577e+05
1.1807e+00	7.6022e+09	4.7594e+05
1.1972e+00	7.4963e+09	4.7611e+05
1.2139e+00	7.3916e+09	4.7628e+05
1.2308e+00	7.2887e+09	4.7646e+05
1.2479e+00	7.1869e+09	4.7664e+05
1.2653e+00	7.0865e+09	4.7682e+05
1.2830e+00	6.9872e+09	4.7700e+05
1.3009e+00	6.8892e+09	4.7719e+05
1.3190e+00	6.7925e+09	4.7738e+05
1.3374e+00	6.6970e+09	4.7757e+05
1.3560e+00	6.6025e+09	4.7776e+05
1.3749e+00	6.5096e+09	4.7796e+05
1.3941e+00	6.4169e+09	4.7816e+05
1.4135e+00	6.3254e+09	4.7836e+05
1.4332e+00	6.2353e+09	4.7856e+05
1.4532e+00	6.1471e+09	4.7876e+05
1.4735e+00	6.0602e+09	4.7896e+05
1.4940e+00	5.9744e+09	4.7917e+05
1.5148e+00	5.8897e+09	4.7939e+05
1.5359e+00	5.8062e+09	4.7961e+05
1.5573e+00	5.7236e+09	4.7983e+05
1.5791e+00	5.6413e+09	4.8006e+05
1.6011e+00	5.5614e+09	4.8029e+05
1.6234e+00	5.4820e+09	4.8052e+05
1.6460e+00	5.4043e+09	4.8075e+05
1.6690e+00	5.3268e+09	4.8099e+05
1.6922e+00	5.2506e+09	4.8124e+05
1.7158e+00	5.1749e+09	4.8148e+05
1.7397e+00	5.1002e+09	4.8173e+05
1.7640e+00	5.0236e+09	4.8199e+05
1.7886e+00	4.9516e+09	4.8225e+05
1.8135e+00	4.8818e+09	4.8251e+05
1.8388e+00	4.8112e+09	4.8277e+05
1.8644e+00	4.7415e+09	4.8304e+05
1.8904e+00	4.6733e+09	4.8331e+05
1.9167e+00	4.6057e+09	4.8359e+05
1.9435e+00	4.5394e+09	4.8387e+05
1.9706e+00	4.4751e+09	4.8415e+05
1.9980e+00	4.4099e+09	4.8444e+05
2.0259e+00	4.3458e+09	4.8473e+05
2.0541e+00	4.2828e+09	4.8503e+05
2.0828e+00	4.2203e+09	4.8533e+05
2.1118e+00	4.1600e+09	4.8563e+05
2.1412e+00	4.0991e+09	4.8594e+05
2.1711e+00	4.0379e+09	4.8624e+05
2.2013e+00	3.9795e+09	4.8656e+05
2.2320e+00	3.9224e+09	4.8687e+05
2.2631e+00	3.8648e+09	4.8719e+05
2.2947e+00	3.8079e+09	4.8751e+05
2.3267e+00	3.7517e+09	4.8784e+05
2.3591e+00	3.6959e+09	4.8816e+05
2.3920e+00	3.6425e+09	4.8850e+05
2.4253e+00	3.5898e+09	4.8884e+05
2.4591e+00	3.5382e+09	4.8919e+05
2.4934e+00	3.4880e+09	4.8954e+05
2.5282e+00	3.4366e+09	4.8990e+05
2.5634e+00	3.3857e+09	4.9026e+05
2.5991e+00	3.3354e+09	4.9063e+05
2.6354e+00	3.2862e+09	4.9100e+05
2.6721e+00	3.2383e+09	4.9138e+05
2.7094e+00	3.1904e+09	4.9176e+05
2.7471e+00	3.1431e+09	4.9215e+05
2.7854e+00	3.0969e+09	4.9254e+05
2.8242e+00	3.0511e+09	4.9293e+05
2.8636e+00	3.0049e+09	4.9332e+05
2.9035e+00	2.9605e+09	4.9373e+05
2.9440e+00	2.9171e+09	4.9415e+05
2.9850e+00	2.8738e+09	4.9459e+05
3.0266e+00	2.8309e+09	4.9503e+05
3.0688e+00	2.7887e+09	4.9549e+05
3.1116e+00	2.7470e+09	4.9595e+05
3.1550e+00	2.7058e+09	4.9641e+05
3.1990e+00	2.6652e+09	4.9687e+05
3.2436e+00	2.6250e+09	4.9733e+05
3.2888e+00	2.5851e+09	4.9780e+05
3.3346e+00	2.5468e+09	4.9828e+05
3.3811e+00	2.5083e+09	4.9876e+05
3.4282e+00	2.4702e+09	4.9924e+05
3.4760e+00	2.4334e+09	4.9973e+05
3.5245e+00	2.3967e+09	5.0022e+05
3.5736e+00	2.3601e+09	5.0072e+05
3.6234e+00	2.3243e+09	5.0122e+05
3.6739e+00	2.2893e+09	5.0174e+05
3.7251e+00	2.2542e+09	5.0226e+05
3.7771e+00	2.2193e+09	5.0279e+05
3.8297e+00	2.1857e+09	5.0333e+05
3.8831e+00	2.1519e+09	5.0387e+05
3.9372e+00	2.1188e+09	5.0443e+05
3.9921e+00	2.0862e+09	5.0502e+05
4.0478e+00	2.0541e+09	5.0567e+05
4.1042e+00	2.0221e+09	5.0634e+05
4.1614e+00	1.9914e+09	5.0699e+05
4.2194e+00	1.9611e+09	5.0757e+05
4.2782e+00	1.9305e+09	5.0816e+05
4.3379e+00	1.9002e+09	5.0877e+05
4.3983e+00	1.8717e+09	5.0939e+05
4.4596e+00	1.8431e+09	5.1002e+05
4.5218e+00	1.8141e+09	5.1066e+05
4.5848e+00	1.7859e+09	5.1131e+05
4.6487e+00	1.7587e+09	5.1196e+05
4.7135e+00	1.7318e+09	5.1262e+05
4.7792e+00	1.7040e+09	5.1328e+05
4.8459e+00	1.6774e+09	5.1394e+05
4.9134e+00	1.6510e+09	5.1462e+05
4.9819e+00	1.6255e+09	5.1531e+05
5.0513e+00	1.6001e+09	5.1601e+05
5.1218e+00	1.5751e+09	5.1671e+05
5.1932e+00	1.5506e+09	5.1743e+05
5.2655e+00	1.5264e+09	5.1816e+05
5.3389e+00	1.5018e+09	5.1889e+05
5.4134e+00	1.4776e+09	5.1963e+05
5.4888e+00	1.4542e+09	5.2038e+05
5.5653e+00	1.4305e+09	5.2114e+05
5.6429e+00	1.4076e+09	5.2189e+05
5.7216e+00	1.3852e+09	5.2267e+05
5.8013e+00	1.3630e+09	5.2348e+05
5.8822e+00	1.3407e+09	5.2429e+05
5.9642e+00	1.3188e+09	5.2509e+05
6.0473e+00	1.2976e+09	5.2591e+05
6.1316e+00	1.2757e+09	5.2675e+05
6.2171e+00	1.2549e+09	5.2760e+05
6.3038e+00	1.2346e+09	5.2847e+05
6.3916e+00	1.2145e+09	5.2934e+05
6.4807e+00	1.1942e+09	5.3022e+05
6.5711e+00	1.1746e+09	5.3110e+05
6.6627e+00	1.1556e+09	5.3199e+05
6.7555e+00	1.1366e+09	5.3289e+05
6.8497e+00	1.1176e+09	5.3381e+05
6.9452e+00	1.0994e+09	5.3472e+05
7.0420e+00	1.0814e+09	5.3559e+05
7.1402e+00	1.0632e+09	5.3652e+05
7.2397e+00	1.0454e+09	5.3748e+05
7.3406e+00	1.0277e+09	5.3848e+05
7.4429e+00	1.0107e+09	5.3948e+05
7.5467e+00	9.9388e+08	5.4049e+05
7.6519e+00	9.7730e+08	5.4150e+05
7.7585e+00	9.5980e+08	5.4252e+05
7.8667e+00	9.4319e+08	5.4355e+05
7.9763e+00	9.2725e+08	5.4459e+05
8.0875e+00	9.1156e+08	5.4564e+05
8.2003e+00	8.9581e+08	5.4670e+05
8.3146e+00	8.8029e+08	5.4777e+05
8.4305e+00	8.6509e+08	5.4877e+05
8.5480e+00	8.5011e+08	5.4989e+05
8.6671e+00	8.3551e+08	5.5101e+05
8.7880e+00	8.2088e+08	5.5215e+05
8.9105e+00	8.0649e+08	5.5329e+05
9.0347e+00	7.9235e+08	5.5446e+05
9.1606e+00	7.7840e+08	5.5564e+05
9.2883e+00	7.6457e+08	5.5683e+05
9.4178e+00	7.5087e+08	5.5806e+05
9.5490e+00	7.3765e+08	5.5931e+05
9.6822e+00	7.2439e+08	5.6053e+05
9.8171e+00	7.1138e+08	5.6182e+05
9.9540e+00	6.9879e+08	5.6311e+05
1.0093e+01	6.8642e+08	5.6441e+05
1.0233e+01	6.7404e+08	5.6570e+05
1.0376e+01	6.6178e+08	5.6700e+05
1.0521e+01	6.4985e+08	5.6834e+05
1.0667e+01	6.3818e+08	5.6968e+05
1.0816e+01	6.2649e+08	5.7098e+05
1.0967e+01	6.1479e+08	5.7230e+05
1.1120e+01	6.0340e+08	5.7366e+05
1.1275e+01	5.9230e+08	5.7504e+05
1.1432e+01	5.8131e+08	5.7643e+05
1.1591e+01	5.7042e+08	5.7787e+05
1.1753e+01	5.5959e+08	5.7933e+05
1.1917e+01	5.4878e+08	5.8079e+05
1.2083e+01	5.3828e+08	5.8222e+05
1.2251e+01	5.2788e+08	5.8372e+05
1.2422e+01	5.1782e+08	5.8525e+05
1.2595e+01	5.0777e+08	5.8678e+05
1.2771e+01	4.9783e+08	5.8836e+05
1.2949e+01	4.8801e+08	5.8990e+05
1.3129e+01	4.7839e+08	5.9143e+05
1.3312e+01	4.6902e+08	5.9289e+05
1.3498e+01	4.5984e+08	5.9443e+05
1.3686e+01	4.5067e+08	5.9597e+05
1.3877e+01	4.4144e+08	5.9760e+05
1.4070e+01	4.3271e+08	5.9919e+05
1.4266e+01	4.2399e+08	6.0080e+05
1.4465e+01	4.1537e+08	6.0234e+05
1.4667e+01	4.0678e+08	6.0397e+05
1.4871e+01	3.9850e+08	6.0575e+05
1.5078e+01	3.9022e+08	6.0742e+05
1.5289e+01	3.8203e+08	6.0909e+05
1.5502e+01	3.7411e+08	6.1078e+05
1.5718e+01	3.6632e+08	6.1236e+05
1.5937e+01	3.5852e+08	6.1416e+05
1.6159e+01	3.5092e+08	6.1588e+05
1.6384e+01	3.4340e+08	6.1763e+05
1.6613e+01	3.3604e+08	6.1939e+05
1.6844e+01	3.2875e+08	6.2114e+05
1.7079e+01	3.2154e+08	6.2305e+05
1.7317e+01	3.1445e+08	6.2490e+05
1.7559e+01	3.0748e+08	6.2669e+05
1.7803e+01	3.0067e+08	6.2848e+05
1.8051e+01	2.9395e+08	6.3043e+05
1.8303e+01	2.8736e+08	6.3224e+05
1.8558e+01	2.8085e+08	6.3404e+05
1.8817e+01	2.7447e+08	6.3589e+05
1.9079e+01	2.6816e+08	6.3790e+05
1.9345e+01	2.6199e+08	6.3983e+05
1.9615e+01	2.5588e+08	6.4176e+05
1.9888e+01	2.4991e+08	6.4362e+05
2.0166e+01	2.4397e+08	6.4567e+05
2.0447e+01	2.3819e+08	6.4755e+05
2.0732e+01	2.3258e+08	6.4941e+05
2.1021e+01	2.2696e+08	6.5128e+05
2.1314e+01	2.2152e+08	6.5342e+05
2.1611e+01	2.1612e+08	6.5536e+05
2.1912e+01	2.1083e+08	6.5729e+05
2.2217e+01	2.0564e+08	6.5929e+05
2.2527e+01	2.0062e+08	6.6144e+05
2.2841e+01	1.9565e+08	6.6329e+05
2.3160e+01	1.9071e+08	6.6524e+05
2.3482e+01	1.8585e+08	6.6719e+05
2.3810e+01	1.8117e+08	6.6903e+05
2.4142e+01	1.7652e+08	6.7083e+05
2.4478e+01	1.7197e+08	6.7259e+05
2.4819e+01	1.6752e+08	6.7434e+05
2.5165e+01	1.6312e+08	6.7620e+05
2.5516e+01	1.5882e+08	6.7800e+05
2.5872e+01	1.5457e+08	6.7972e+05
2.6232e+01	1.5044e+08	6.8142e+05
2.6598e+01	1.4643e+08	6.8312e+05
2.6969e+01	1.4249e+08	6.8491e+05
2.7345e+01	1.3865e+08	6.8660e+05
2.7726e+01	1.3481e+08	6.8825e+05
2.8112e+01	1.3110e+08	6.8989e+05
2.8504e+01	1.2741e+08	6.9155e+05
2.8902e+01	1.2385e+08	6.9319e+05
2.9304e+01	1.2040e+08	6.9492e+05
2.9713e+01	1.1696e+08	6.9654e+05
3.0127e+01	1.1357e+08	6.9811e+05
3.0547e+01	1.1026e+08	6.9968e+05
3.0973e+01	1.0701e+08	7.0123e+05
3.1405e+01	1.0387e+08	7.0283e+05
3.1842e+01	1.0083e+08	7.0430e+05
3.2286e+01	9.7771e+07	7.0580e+05
3.2736e+01	9.4806e+07	7.0730e+05
3.3193e+01	9.1910e+07	7.0868e+05
3.3655e+01	8.9109e+07	7.1003e+05
3.4124e+01	8.6359e+07	7.1135e+05
3.4600e+01	8.3692e+07	7.1266e+05
3.5082e+01	8.1084e+07	7.1380e+05
3.5572e+01	7.8555e+07	7.1486e+05
3.6067e+01	7.6078e+07	7.1611e+05
3.6570e+01	7.3669e+07	7.1721e+05
3.7080e+01	7.1319e+07	7.1818e+05
3.7597e+01	6.9013e+07	7.1905e+05
3.8121e+01	6.6776e+07	7.1985e+05
3.8652e+01	6.4591e+07	7.2062e+05
3.9191e+01	6.2456e+07	7.2134e+05
3.9737e+01	6.0361e+07	7.2205e+05
4.0291e+01	5.8333e+07	7.2265e+05
4.0853e+01	5.6360e+07	7.2323e+05
4.1422e+01	5.4445e+07	7.2361e+05
4.2000e+01	5.2572e+07	7.2396e+05
4.2585e+01	5.0712e+07	7.2437e+05
4.3179e+01	4.8954e+07	7.2466e+05
4.3781e+01	4.7230e+07	7.2483e+05
4.4391e+01	4.5549e+07	7.2491e+05
4.5010e+01	4.3942e+07	7.2479e+05
4.5637e+01	4.2350e+07	7.2477e+05
4.6273e+01	4.0804e+07	7.2460e+05
4.6918e+01	3.9315e+07	7.2422e+05
4.7572e+01	3.7866e+07	7.2389e+05
4.8235e+01	3.6446e+07	7.2347e+05
4.8908e+01	3.5102e+07	7.2297e+05
4.9590e+01	3.3761e+07	7.2227e+05
5.0281e+01	3.2472e+07	7.2151e+05
5.0982e+01	3.1207e+07	7.2059e+05
5.1692e+01	2.9992e+07	7.1965e+05
5.2413e+01	2.8821e+07	7.1857e+05
5.3144e+01	2.7688e+07	7.1763e+05
5.3884e+01	2.6576e+07	7.1628e+05
5.4636e+01	2.5523e+07	7.1484e+05
5.5397e+01	2.4491e+07	7.1330e+05
5.6169e+01	2.3491e+07	7.1166e+05
5.6952e+01	2.2528e+07	7.1009e+05
5.7746e+01	2.1622e+07	7.0823e+05
5.8551e+01	2.0731e+07	7.0616e+05
5.9367e+01	1.9897e+07	7.0413e+05
6.0195e+01	1.9064e+07	7.0191e+05
6.1034e+01	1.8248e+07	6.9975e+05
6.1885e+01	1.7469e+07	6.9739e+05
6.2747e+01	1.6747e+07	6.9495e+05
6.3622e+01	1.6045e+07	6.9222e+05
6.4509e+01	1.5360e+07	6.8943e+05
6.5408e+01	1.4704e+07	6.8651e+05
6.6320e+01	1.4086e+07	6.8359e+05
6.7244e+01	1.3497e+07	6.8049e+05
6.8182e+01	1.2905e+07	6.7721e+05
6.9132e+01	1.2392e+07	6.7398e+05
7.0096e+01	1.1869e+07	6.7032e+05
7.1073e+01	1.1357e+07	6.6677e+05
7.2064e+01	1.0880e+07	6.6297e+05
7.3068e+01	1.0416e+07	6.5909e+05
7.4087e+01	9.9717e+06	6.5510e+05
7.5119e+01	9.5369e+06	6.5088e+05
7.6166e+01	9.1400e+06	6.4676e+05
7.7228e+01	8.7582e+06	6.4243e+05
7.8305e+01	8.3890e+06	6.3797e+05
7.9396e+01	8.0503e+06	6.3342e+05
8.0503e+01	7.7314e+06	6.2870e+05
8.1625e+01	7.4234e+06	6.2382e+05
8.2763e+01	7.1312e+06	6.1909e+05
8.3917e+01	6.8480e+06	6.1412e+05
8.5086e+01	6.5769e+06	6.0888e+05
8.6272e+01	6.3165e+06	6.0365e+05
8.7475e+01	6.0674e+06	5.9842e+05
8.8694e+01	5.8340e+06	5.9305e+05
8.9931e+01	5.6072e+06	5.8742e+05
9.1184e+01	5.3885e+06	5.8179e+05
9.2455e+01	5.1827e+06	5.7615e+05
9.3744e+01	4.9797e+06	5.7050e+05
9.5051e+01	4.7838e+06	5.6468e+05
9.6376e+01	4.5906e+06	5.5862e+05
9.7719e+01	4.4046e+06	5.5251e+05
9.9081e+01	4.2291e+06	5.4635e+05
1.0046e+02	4.0631e+06	5.4016e+05
1.0186e+02	3.9023e+06	5.3382e+05
1.0328e+02	3.7470e+06	5.2765e+05
1.0472e+02	3.5979e+06	5.2122e+05
1.0618e+02	3.4585e+06	5.1486e+05
1.0766e+02	3.3250e+06	5.0842e+05
1.0916e+02	3.1966e+06	5.0196e+05
1.1068e+02	3.0722e+06	4.9546e+05
1.1223e+02	2.9497e+06	4.8889e+05
1.1379e+02	2.8345e+06	4.8238e+05
1.1538e+02	2.7225e+06	4.7581e+05
1.1699e+02	2.6147e+06	4.6912e+05
1.1862e+02	2.5119e+06	4.6259e+05
1.2027e+02	2.4123e+06	4.5591e+05
1.2195e+02	2.3172e+06	4.4923e+05
1.2365e+02	2.2282e+06	4.4260e+05
1.2537e+02	2.1445e+06	4.3589e+05
1.2712e+02	2.0622e+06	4.2922e+05
1.2889e+02	1.9811e+06	4.2261e+05
1.3069e+02	1.9036e+06	4.1596e+05
1.3251e+02	1.8291e+06	4.0941e+05
1.3436e+02	1.7576e+06	4.0279e+05
1.3623e+02	1.6897e+06	3.9621e+05
1.3813e+02	1.6240e+06	3.8963e+05
1.4005e+02	1.5602e+06	3.8302e+05
1.4201e+02	1.4986e+06	3.7647e+05
1.4398e+02	1.4395e+06	3.6985e+05
1.4599e+02	1.3831e+06	3.6334e+05
1.4803e+02	1.3289e+06	3.5658e+05
1.5009e+02	1.2769e+06	3.4989e+05
1.5218e+02	1.2269e+06	3.4324e+05
1.5430e+02	1.1790e+06	3.3662e+05
1.5645e+02	1.1327e+06	3.3005e+05
1.5864e+02	1.0884e+06	3.2353e+05
1.6085e+02	1.0463e+06	3.1709e+05
1.6309e+02	1.0059e+06	3.1072e+05
1.6536e+02	9.6651e+05	3.0440e+05
1.6767e+02	9.2864e+05	2.9815e+05
1.7000e+02	8.9226e+05	2.9193e+05
1.7237e+02	8.5730e+05	2.8578e+05
1.7478e+02	8.2436e+05	2.7969e+05
1.7721e+02	7.9335e+05	2.7365e+05
1.7968e+02	7.6350e+05	2.6767e+05
1.8219e+02	7.3438e+05	2.6177e+05
1.8473e+02	7.0613e+05	2.5595e+05
1.8730e+02	6.7886e+05	2.5023e+05
1.8991e+02	6.5295e+05	2.4458e+05
1.9256e+02	6.2802e+05	2.3902e+05
1.9525e+02	6.0358e+05	2.3351e+05
1.9797e+02	5.7990e+05	2.2804e+05
2.0073e+02	5.5750e+05	2.2260e+05
2.0352e+02	5.3597e+05	2.1725e+05
2.0636e+02	5.1525e+05	2.1201e+05
2.0924e+02	4.9527e+05	2.0687e+05
2.1216e+02	4.7605e+05	2.0183e+05
2.1511e+02	4.5745e+05	1.9688e+05
2.1811e+02	4.3927e+05	1.9203e+05
2.2115e+02	4.2191e+05	1.8727e+05
2.2423e+02	4.0532e+05	1.8259e+05
2.2736e+02	3.8939e+05	1.7799e+05
2.3053e+02	3.7408e+05	1.7346e+05
2.3374e+02	3.5937e+05	1.6902e+05
2.3700e+02	3.4525e+05	1.6467e+05
2.4030e+02	3.3167e+05	1.6041e+05
2.4365e+02	3.1873e+05	1.5622e+05
2.4705e+02	3.0641e+05	1.5210e+05
2.5049e+02	2.9457e+05	1.4799e+05
2.5399e+02	2.8318e+05	1.4396e+05
2.5753e+02	2.7223e+05	1.4003e+05
2.6112e+02	2.6171e+05	1.3619e+05
2.6476e+02	2.5160e+05	1.3244e+05
2.6845e+02	2.4187e+05	1.2877e+05
2.7219e+02	2.3251e+05	1.2520e+05
2.7598e+02	2.2350e+05	1.2171e+05
2.7983e+02	2.1485e+05	1.1830e+05
2.8373e+02	2.0652e+05	1.1496e+05
2.8769e+02	1.9853e+05	1.1171e+05
2.9170e+02	1.9084e+05	1.0852e+05
2.9576e+02	1.8344e+05	1.0540e+05
2.9988e+02	1.7634e+05	1.0233e+05
3.0406e+02	1.6947e+05	9.9307e+04
3.0830e+02	1.6294e+05	9.6362e+04
3.1260e+02	1.5667e+05	9.3493e+04
3.1696e+02	1.5063e+05	9.0695e+04
3.2138e+02	1.4482e+05	8.7967e+04
3.2586e+02	1.3923e+05	8.5311e+04
3.3040e+02	1.3385e+05	8.2720e+04
3.3500e+02	1.2868e+05	8.0192e+04
3.3967e+02	1.2372e+05	7.7734e+04
3.4441e+02	1.1894e+05	7.5342e+04
3.4921e+02	1.1434e+05	7.2995e+04
3.5408e+02	1.0990e+05	7.0696e+04
3.5901e+02	1.0559e+05	6.8462e+04
3.6402e+02	1.0145e+05	6.6293e+04
3.6909e+02	9.7470e+04	6.4189e+04
3.7424e+02	9.3648e+04	6.2148e+04
3.7945e+02	8.9976e+04	6.0169e+04
3.8474e+02	8.6449e+04	5.8244e+04
3.9011e+02	8.3059e+04	5.6376e+04
3.9554e+02	7.9803e+04	5.4562e+04
4.0106e+02	7.6674e+04	5.2782e+04
4.0665e+02	7.3667e+04	5.1050e+04
4.1232e+02	7.0777e+04	4.9371e+04
4.1806e+02	6.8000e+04	4.7744e+04
4.2389e+02	6.5332e+04	4.6169e+04
4.2980e+02	6.2769e+04	4.4645e+04
4.3579e+02	6.0306e+04	4.3166e+04
4.4187e+02	5.7940e+04	4.1733e+04
4.4803e+02	5.5667e+04	4.0340e+04
4.5427e+02	5.3483e+04	3.8978e+04
4.6060e+02	5.1385e+04	3.7661e+04
4.6702e+02	4.9366e+04	3.6387e+04
4.7353e+02	4.7424e+04	3.5157e+04
4.8013e+02	4.5559e+04	3.3969e+04
4.8683e+02	4.3767e+04	3.2821e+04
4.9361e+02	4.2045e+04	3.1712e+04
5.0049e+02	4.0391e+04	3.0634e+04
5.0747e+02	3.8803e+04	2.9587e+04
5.1454e+02	3.7276e+04	2.8579e+04
5.2172e+02	3.5810e+04	2.7610e+04
5.2899e+02	3.4401e+04	2.6681e+04
5.3636e+02	3.3048e+04	2.5785e+04
5.4384e+02	3.1748e+04	2.4917e+04
5.5142e+02	3.0524e+04	2.4069e+04
5.5911e+02	2.9364e+04	2.3242e+04
5.6690e+02	2.8249e+04	2.2440e+04
5.7480e+02	2.7176e+04	2.1660e+04
5.8282e+02	2.6144e+04	2.0902e+04
5.9094e+02	2.5151e+04	2.0168e+04
5.9918e+02	2.4191e+04	1.9456e+04
6.0753e+02	2.3244e+04	1.8764e+04
6.1600e+02	2.2334e+04	1.8094e+04
6.2458e+02	2.1460e+04	1.7448e+04
6.3329e+02	2.0620e+04	1.6825e+04
6.4212e+02	1.9811e+04	1.6223e+04
6.5107e+02	1.9031e+04	1.5640e+04
6.6014e+02	1.8281e+04	1.5076e+04
6.6935e+02	1.7561e+04	1.4533e+04
6.7868e+02	1.6870e+04	1.4009e+04
6.8814e+02	1.6206e+04	1.3505e+04
6.9773e+02	1.5567e+04	1.3018e+04
7.0746e+02	1.4954e+04	1.2543e+04
7.1732e+02	1.4365e+04	1.2086e+04
7.2732e+02	1.3800e+04	1.1645e+04
7.3745e+02	1.3256e+04	1.1221e+04
7.4773e+02	1.2734e+04	1.0811e+04
7.5816e+02	1.2233e+04	1.0415e+04
7.6873e+02	1.1751e+04	1.0033e+04
7.7944e+02	1.1288e+04	9.6650e+03
7.9031e+02	1.0844e+04	9.3111e+03
8.0132e+02	1.0417e+04	8.9691e+03
8.1249e+02	1.0007e+04	8.6381e+03
8.2382e+02	9.6125e+03	8.3197e+03
8.3530e+02	9.2339e+03	8.0138e+03
8.4695e+02	8.8703e+03	7.7195e+03
8.5875e+02	8.5210e+03	7.4350e+03
8.7072e+02	8.1854e+03	7.1624e+03
8.8286e+02	7.8631e+03	6.9007e+03
8.9517e+02	7.5575e+03	6.6487e+03
9.0764e+02	7.2646e+03	6.4047e+03
9.2030e+02	6.9830e+03	6.1696e+03
9.3313e+02	6.7123e+03	5.9434e+03
9.4613e+02	6.4521e+03	5.7255e+03
9.5932e+02	6.2020e+03	5.5142e+03
9.7269e+02	5.9616e+03	5.3104e+03
9.8625e+02	5.7305e+03	5.1141e+03
1.0000e+03	5.5084e+03	4.9250e+03