Energy(MeV)	Incoming Spectral Fluence(MeV-1 cm-2)	Residual Spectral Fluence(MeV-1 cm-2)
1.0000e-03	0.0000e+00	1.5023e+05
1.5000e-03	0.0000e+00	1.5026e+05
2.0000e-03	0.0000e+00	1.5028e+05
2.5000e-03	0.0000e+00	1.5030e+05
3.0000e-03	0.0000e+00	1.5032e+05
3.5000e-03	0.0000e+00	1.5033e+05
4.0000e-03	0.0000e+00	1.5034e+05
4.5000e-03	0.0000e+00	1.5035e+05
5.0000e-03	0.0000e+00	1.5036e+05
5.5000e-03	0.0000e+00	1.5036e+05
6.0000e-03	0.0000e+00	1.5037e+05
6.5000e-03	0.0000e+00	1.5038e+05
7.0000e-03	0.0000e+00	1.5038e+05
7.5000e-03	0.0000e+00	1.5039e+05
8.0000e-03	0.0000e+00	1.5039e+05
8.5000e-03	0.0000e+00	1.5040e+05
9.0000e-03	0.0000e+00	1.5040e+05
9.5000e-03	0.0000e+00	1.5041e+05
1.0000e-02	0.0000e+00	1.5041e+05
1.5000e-02	0.0000e+00	1.5044e+05
2.0000e-02	0.0000e+00	1.5047e+05
2.5000e-02	0.0000e+00	1.5048e+05
3.0000e-02	0.0000e+00	1.5050e+05
3.5000e-02	0.0000e+00	1.5052e+05
4.0000e-02	0.0000e+00	1.5057e+05
4.5000e-02	0.0000e+00	1.5062e+05
5.0000e-02	0.0000e+00	1.5066e+05
5.5000e-02	0.0000e+00	1.5070e+05
6.0000e-02	0.0000e+00	1.5073e+05
6.5000e-02	0.0000e+00	1.5076e+05
7.0000e-02	0.0000e+00	1.5079e+05
7.5000e-02	0.0000e+00	1.5082e+05
8.0000e-02	0.0000e+00	1.5085e+05
8.5000e-02	0.0000e+00	1.5087e+05
9.0000e-02	0.0000e+00	1.5089e+05
9.5000e-02	0.0000e+00	1.5094e+05
1.0000e-01	0.0000e+00	1.5098e+05
1.5000e-01	0.0000e+00	1.5131e+05
2.0000e-01	0.0000e+00	1.5165e+05
2.5000e-01	0.0000e+00	1.5200e+05
3.0000e-01	0.0000e+00	1.5235e+05
3.5000e-01	0.0000e+00	1.5269e+05
4.0000e-01	0.0000e+00	1.5304e+05
4.5000e-01	0.0000e+00	1.5338e+05
5.0000e-01	0.0000e+00	1.5372e+05
5.5000e-01	0.0000e+00	1.5406e+05
6.0000e-01	0.0000e+00	1.5439e+05
6.5000e-01	0.0000e+00	1.5472e+05
7.0000e-01	0.0000e+00	1.5504e+05
7.5000e-01	0.0000e+00	1.5536e+05
8.0000e-01	0.0000e+00	1.5570e+05
8.5000e-01	0.0000e+00	1.5604e+05
9.0000e-01	0.0000e+00	1.5638e+05
9.5000e-01	0.0000e+00	1.5672e+05
1.0000e+00	1.9599e+09	1.5706e+05
1.0139e+00	1.9342e+09	1.5716e+05
1.0281e+00	1.9089e+09	1.5725e+05
1.0424e+00	1.8838e+09	1.5735e+05
1.0569e+00	1.8591e+09	1.5745e+05
1.0717e+00	1.8347e+09	1.5756e+05
1.0866e+00	1.8107e+09	1.5766e+05
1.1018e+00	1.7869e+09	1.5776e+05
1.1171e+00	1.7636e+09	1.5787e+05
1.1327e+00	1.7405e+09	1.5797e+05
1.1485e+00	1.7178e+09	1.5808e+05
1.1645e+00	1.6952e+09	1.5819e+05
1.1807e+00	1.6729e+09	1.5831e+05
1.1972e+00	1.6509e+09	1.5842e+05
1.2139e+00	1.6291e+09	1.5853e+05
1.2308e+00	1.6076e+09	1.5865e+05
1.2479e+00	1.5864e+09	1.5877e+05
1.2653e+00	1.5656e+09	1.5889e+05
1.2830e+00	1.5454e+09	1.5901e+05
1.3009e+00	1.5257e+09	1.5913e+05
1.3190e+00	1.5056e+09	1.5926e+05
1.3374e+00	1.4861e+09	1.5938e+05
1.3560e+00	1.4668e+09	1.5951e+05
1.3749e+00	1.4473e+09	1.5964e+05
1.3941e+00	1.4283e+09	1.5977e+05
1.4135e+00	1.4097e+09	1.5991e+05
1.4332e+00	1.3910e+09	1.6004e+05
1.4532e+00	1.3729e+09	1.6018e+05
1.4735e+00	1.3549e+09	1.6032e+05
1.4940e+00	1.3368e+09	1.6046e+05
1.5148e+00	1.3192e+09	1.6060e+05
1.5359e+00	1.3019e+09	1.6075e+05
1.5573e+00	1.2845e+09	1.6090e+05
1.5791e+00	1.2673e+09	1.6105e+05
1.6011e+00	1.2506e+09	1.6120e+05
1.6234e+00	1.2341e+09	1.6135e+05
1.6460e+00	1.2179e+09	1.6151e+05
1.6690e+00	1.2020e+09	1.6167e+05
1.6922e+00	1.1859e+09	1.6182e+05
1.7158e+00	1.1700e+09	1.6199e+05
1.7397e+00	1.1544e+09	1.6215e+05
1.7640e+00	1.1387e+09	1.6232e+05
1.7886e+00	1.1234e+09	1.6249e+05
1.8135e+00	1.1086e+09	1.6266e+05
1.8388e+00	1.0939e+09	1.6283e+05
1.8644e+00	1.0794e+09	1.6301e+05
1.8904e+00	1.0647e+09	1.6319e+05
1.9167e+00	1.0506e+09	1.6337e+05
1.9435e+00	1.0367e+09	1.6355e+05
1.9706e+00	1.0225e+09	1.6374e+05
1.9980e+00	1.0084e+09	1.6393e+05
2.0259e+00	9.9470e+08	1.6412e+05
2.0541e+00	9.8135e+08	1.6431e+05
2.0828e+00	9.6818e+08	1.6451e+05
2.1118e+00	9.5500e+08	1.6471e+05
2.1412e+00	9.4214e+08	1.6491e+05
2.1711e+00	9.2915e+08	1.6512e+05
2.2013e+00	9.1616e+08	1.6533e+05
2.2320e+00	9.0346e+08	1.6554e+05
2.2631e+00	8.9109e+08	1.6575e+05
2.2947e+00	8.7893e+08	1.6597e+05
2.3267e+00	8.6715e+08	1.6619e+05
2.3591e+00	8.5521e+08	1.6641e+05
2.3920e+00	8.4357e+08	1.6664e+05
2.4253e+00	8.3196e+08	1.6687e+05
2.4591e+00	8.2027e+08	1.6710e+05
2.4934e+00	8.0901e+08	1.6734e+05
2.5282e+00	7.9801e+08	1.6757e+05
2.5634e+00	7.8703e+08	1.6762e+05
2.5991e+00	7.7619e+08	1.6740e+05
2.6354e+00	7.6533e+08	1.6753e+05
2.6721e+00	7.5460e+08	1.6775e+05
2.7094e+00	7.4428e+08	1.6801e+05
2.7471e+00	7.3374e+08	1.6827e+05
2.7854e+00	7.2348e+08	1.6853e+05
2.8242e+00	7.1355e+08	1.6880e+05
2.8636e+00	7.0335e+08	1.6907e+05
2.9035e+00	6.9327e+08	1.6934e+05
2.9440e+00	6.8320e+08	1.6962e+05
2.9850e+00	6.7349e+08	1.6990e+05
3.0266e+00	6.6411e+08	1.7019e+05
3.0688e+00	6.5468e+08	1.7048e+05
3.1116e+00	6.4532e+08	1.7077e+05
3.1550e+00	6.3602e+08	1.7107e+05
3.1990e+00	6.2698e+08	1.7137e+05
3.2436e+00	6.1798e+08	1.7168e+05
3.2888e+00	6.0923e+08	1.7199e+05
3.3346e+00	6.0063e+08	1.7230e+05
3.3811e+00	5.9222e+08	1.7262e+05
3.4282e+00	5.8362e+08	1.7294e+05
3.4760e+00	5.7515e+08	1.7327e+05
3.5245e+00	5.6675e+08	1.7360e+05
3.5736e+00	5.5866e+08	1.7394e+05
3.6234e+00	5.5065e+08	1.7428e+05
3.6739e+00	5.4277e+08	1.7463e+05
3.7251e+00	5.3491e+08	1.7498e+05
3.7771e+00	5.2718e+08	1.7533e+05
3.8297e+00	5.1951e+08	1.7570e+05
3.8831e+00	5.1197e+08	1.7606e+05
3.9372e+00	5.0442e+08	1.7643e+05
3.9921e+00	4.9718e+08	1.7681e+05
4.0478e+00	4.8981e+08	1.7719e+05
4.1042e+00	4.8246e+08	1.7758e+05
4.1614e+00	4.7527e+08	1.7797e+05
4.2194e+00	4.6826e+08	1.7837e+05
4.2782e+00	4.6131e+08	1.7877e+05
4.3379e+00	4.5443e+08	1.7918e+05
4.3983e+00	4.4772e+08	1.7959e+05
4.4596e+00	4.4103e+08	1.8001e+05
4.5218e+00	4.3445e+08	1.8044e+05
4.5848e+00	4.2786e+08	1.8087e+05
4.6487e+00	4.2130e+08	1.8131e+05
4.7135e+00	4.1505e+08	1.8175e+05
4.7792e+00	4.0883e+08	1.8220e+05
4.8459e+00	4.0262e+08	1.8265e+05
4.9134e+00	3.9641e+08	1.8311e+05
4.9819e+00	3.9031e+08	1.8358e+05
5.0513e+00	3.8428e+08	1.8405e+05
5.1218e+00	3.7842e+08	1.8453e+05
5.1932e+00	3.7258e+08	1.8501e+05
5.2655e+00	3.6673e+08	1.8546e+05
5.3389e+00	3.6109e+08	1.8590e+05
5.4134e+00	3.5547e+08	1.8640e+05
5.4888e+00	3.4998e+08	1.8691e+05
5.5653e+00	3.4454e+08	1.8743e+05
5.6429e+00	3.3920e+08	1.8796e+05
5.7216e+00	3.3391e+08	1.8849e+05
5.8013e+00	3.2877e+08	1.8902e+05
5.8822e+00	3.2354e+08	1.8957e+05
5.9642e+00	3.1844e+08	1.9012e+05
6.0473e+00	3.1338e+08	1.9068e+05
6.1316e+00	3.0853e+08	1.9124e+05
6.2171e+00	3.0370e+08	1.9182e+05
6.3038e+00	2.9885e+08	1.9240e+05
6.3916e+00	2.9415e+08	1.9299e+05
6.4807e+00	2.8930e+08	1.9358e+05
6.5711e+00	2.8466e+08	1.9419e+05
6.6627e+00	2.8012e+08	1.9480e+05
6.7555e+00	2.7562e+08	1.9542e+05
6.8497e+00	2.7115e+08	1.9604e+05
6.9452e+00	2.6677e+08	1.9668e+05
7.0420e+00	2.6238e+08	1.9732e+05
7.1402e+00	2.5810e+08	1.9797e+05
7.2397e+00	2.5385e+08	1.9863e+05
7.3406e+00	2.4962e+08	1.9930e+05
7.4429e+00	2.4544e+08	1.9998e+05
7.5467e+00	2.4139e+08	2.0066e+05
7.6519e+00	2.3737e+08	2.0135e+05
7.7585e+00	2.3339e+08	2.0205e+05
7.8667e+00	2.2948e+08	2.0276e+05
7.9763e+00	2.2564e+08	2.0348e+05
8.0875e+00	2.2183e+08	2.0421e+05
8.2003e+00	2.1813e+08	2.0494e+05
8.3146e+00	2.1447e+08	2.0569e+05
8.4305e+00	2.1080e+08	2.0644e+05
8.5480e+00	2.0724e+08	2.0721e+05
8.6671e+00	2.0373e+08	2.0798e+05
8.7880e+00	2.0023e+08	2.0877e+05
8.9105e+00	1.9674e+08	2.0956e+05
9.0347e+00	1.9333e+08	2.1036e+05
9.1606e+00	1.8995e+08	2.1118e+05
9.2883e+00	1.8663e+08	2.1200e+05
9.4178e+00	1.8330e+08	2.1282e+05
9.5490e+00	1.8007e+08	2.1367e+05
9.6822e+00	1.7692e+08	2.1455e+05
9.8171e+00	1.7380e+08	2.1545e+05
9.9540e+00	1.7067e+08	2.1634e+05
1.0093e+01	1.6765e+08	2.1726e+05
1.0233e+01	1.6460e+08	2.1816e+05
1.0376e+01	1.6160e+08	2.1903e+05
1.0521e+01	1.5868e+08	2.1992e+05
1.0667e+01	1.5583e+08	2.2082e+05
1.0816e+01	1.5298e+08	2.2173e+05
1.0967e+01	1.5017e+08	2.2265e+05
1.1120e+01	1.4742e+08	2.2358e+05
1.1275e+01	1.4468e+08	2.2453e+05
1.1432e+01	1.4196e+08	2.2549e+05
1.1591e+01	1.3929e+08	2.2651e+05
1.1753e+01	1.3664e+08	2.2775e+05
1.1917e+01	1.3404e+08	2.2877e+05
1.2083e+01	1.3147e+08	2.2976e+05
1.2251e+01	1.2894e+08	2.3075e+05
1.2422e+01	1.2645e+08	2.3175e+05
1.2595e+01	1.2402e+08	2.3276e+05
1.2771e+01	1.2159e+08	2.3378e+05
1.2949e+01	1.1923e+08	2.3481e+05
1.3129e+01	1.1690e+08	2.3585e+05
1.3312e+01	1.1459e+08	2.3692e+05
1.3498e+01	1.1233e+08	2.3801e+05
1.3686e+01	1.1009e+08	2.3912e+05
1.3877e+01	1.0787e+08	2.4011e+05
1.4070e+01	1.0568e+08	2.4116e+05
1.4266e+01	1.0355e+08	2.4226e+05
1.4465e+01	1.0143e+08	2.4337e+05
1.4667e+01	9.9347e+07	2.4447e+05
1.4871e+01	9.7308e+07	2.4558e+05
1.5078e+01	9.5279e+07	2.4669e+05
1.5289e+01	9.3315e+07	2.4780e+05
1.5502e+01	9.1359e+07	2.4892e+05
1.5718e+01	8.9438e+07	2.5004e+05
1.5937e+01	8.7561e+07	2.5117e+05
1.6159e+01	8.5687e+07	2.5230e+05
1.6384e+01	8.3850e+07	2.5344e+05
1.6613e+01	8.2036e+07	2.5457e+05
1.6844e+01	8.0252e+07	2.5557e+05
1.7079e+01	7.8519e+07	2.5670e+05
1.7317e+01	7.6799e+07	2.5783e+05
1.7559e+01	7.5116e+07	2.5897e+05
1.7803e+01	7.3427e+07	2.6011e+05
1.8051e+01	7.1794e+07	2.6126e+05
1.8303e+01	7.0199e+07	2.6241e+05
1.8558e+01	6.8615e+07	2.6356e+05
1.8817e+01	6.7038e+07	2.6472e+05
1.9079e+01	6.5484e+07	2.6588e+05
1.9345e+01	6.3961e+07	2.6706e+05
1.9615e+01	6.2468e+07	2.6825e+05
1.9888e+01	6.0997e+07	2.6954e+05
2.0166e+01	5.9567e+07	2.7070e+05
2.0447e+01	5.8152e+07	2.7183e+05
2.0732e+01	5.6746e+07	2.7297e+05
2.1021e+01	5.5383e+07	2.7414e+05
2.1314e+01	5.4050e+07	2.7573e+05
2.1611e+01	5.2729e+07	2.7686e+05
2.1912e+01	5.1437e+07	2.7799e+05
2.2217e+01	5.0164e+07	2.7913e+05
2.2527e+01	4.8915e+07	2.8033e+05
2.2841e+01	4.7689e+07	2.8137e+05
2.3160e+01	4.6493e+07	2.8250e+05
2.3482e+01	4.5317e+07	2.8362e+05
2.3810e+01	4.4162e+07	2.8471e+05
2.4142e+01	4.3027e+07	2.8579e+05
2.4478e+01	4.1897e+07	2.8685e+05
2.4819e+01	4.0804e+07	2.8792e+05
2.5165e+01	3.9723e+07	2.8894e+05
2.5516e+01	3.8666e+07	2.8995e+05
2.5872e+01	3.7639e+07	2.9095e+05
2.6232e+01	3.6623e+07	2.9194e+05
2.6598e+01	3.5633e+07	2.9292e+05
2.6969e+01	3.4661e+07	2.9391e+05
2.7345e+01	3.3713e+07	2.9491e+05
2.7726e+01	3.2781e+07	2.9602e+05
2.8112e+01	3.1870e+07	2.9688e+05
2.8504e+01	3.0981e+07	2.9779e+05
2.8902e+01	3.0103e+07	2.9914e+05
2.9304e+01	2.9243e+07	2.9997e+05
2.9713e+01	2.8413e+07	3.0087e+05
3.0127e+01	2.7589e+07	3.0181e+05
3.0547e+01	2.6793e+07	3.0263e+05
3.0973e+01	2.6005e+07	3.0337e+05
3.1405e+01	2.5240e+07	3.0407e+05
3.1842e+01	2.4487e+07	3.0474e+05
3.2286e+01	2.3757e+07	3.0533e+05
3.2736e+01	2.3046e+07	3.0589e+05
3.3193e+01	2.2343e+07	3.0642e+05
3.3655e+01	2.1647e+07	3.0697e+05
3.4124e+01	2.0968e+07	3.0768e+05
3.4600e+01	2.0305e+07	3.0805e+05
3.5082e+01	1.9672e+07	3.0849e+05
3.5572e+01	1.9040e+07	3.0884e+05
3.6067e+01	1.8433e+07	3.0934e+05
3.6570e+01	1.7843e+07	3.0977e+05
3.7080e+01	1.7266e+07	3.1003e+05
3.7597e+01	1.6705e+07	3.1025e+05
3.8121e+01	1.6158e+07	3.1038e+05
3.8652e+01	1.5618e+07	3.1045e+05
3.9191e+01	1.5095e+07	3.1049e+05
3.9737e+01	1.4580e+07	3.1067e+05
4.0291e+01	1.4079e+07	3.1071e+05
4.0853e+01	1.3596e+07	3.1061e+05
4.1422e+01	1.3128e+07	3.1047e+05
4.2000e+01	1.2669e+07	3.1047e+05
4.2585e+01	1.2223e+07	3.1022e+05
4.3179e+01	1.1787e+07	3.0989e+05
4.3781e+01	1.1358e+07	3.0946e+05
4.4391e+01	1.0947e+07	3.0901e+05
4.5010e+01	1.0550e+07	3.0860e+05
4.5637e+01	1.0164e+07	3.0811e+05
4.6273e+01	9.7828e+06	3.0754e+05
4.6918e+01	9.4123e+06	3.0715e+05
4.7572e+01	9.0611e+06	3.0649e+05
4.8235e+01	8.7134e+06	3.0571e+05
4.8908e+01	8.3795e+06	3.0482e+05
4.9590e+01	8.0597e+06	3.0397e+05
5.0281e+01	7.7468e+06	3.0300e+05
5.0982e+01	7.4403e+06	3.0201e+05
5.1692e+01	7.1470e+06	3.0120e+05
5.2413e+01	6.8592e+06	3.0008e+05
5.3144e+01	6.5873e+06	2.9883e+05
5.3884e+01	6.3198e+06	2.9754e+05
5.4636e+01	6.0637e+06	2.9622e+05
5.5397e+01	5.8182e+06	2.9474e+05
5.6169e+01	5.5820e+06	2.9353e+05
5.6952e+01	5.3551e+06	2.9202e+05
5.7746e+01	5.1324e+06	2.9037e+05
5.8551e+01	4.9236e+06	2.8876e+05
5.9367e+01	4.7143e+06	2.8694e+05
6.0195e+01	4.5184e+06	2.8523e+05
6.1034e+01	4.3311e+06	2.8335e+05
6.1885e+01	4.1454e+06	2.8134e+05
6.2747e+01	3.9707e+06	2.7941e+05
6.3622e+01	3.7996e+06	2.7731e+05
6.4509e+01	3.6393e+06	2.7543e+05
6.5408e+01	3.4813e+06	2.7324e+05
6.6320e+01	3.3314e+06	2.7112e+05
6.7244e+01	3.1832e+06	2.6884e+05
6.8182e+01	3.0461e+06	2.6674e+05
6.9132e+01	2.9144e+06	2.6434e+05
7.0096e+01	2.7886e+06	2.6187e+05
7.1073e+01	2.6665e+06	2.5925e+05
7.2064e+01	2.5484e+06	2.5680e+05
7.3068e+01	2.4351e+06	2.5402e+05
7.4087e+01	2.3252e+06	2.5122e+05
7.5119e+01	2.2228e+06	2.4847e+05
7.6166e+01	2.1262e+06	2.4571e+05
7.7228e+01	2.0320e+06	2.4293e+05
7.8305e+01	1.9429e+06	2.4010e+05
7.9396e+01	1.8576e+06	2.3731e+05
8.0503e+01	1.7743e+06	2.3434e+05
8.1625e+01	1.6953e+06	2.3138e+05
8.2763e+01	1.6181e+06	2.2846e+05
8.3917e+01	1.5446e+06	2.2538e+05
8.5086e+01	1.4762e+06	2.2233e+05
8.6272e+01	1.4106e+06	2.1919e+05
8.7475e+01	1.3472e+06	2.1603e+05
8.8694e+01	1.2869e+06	2.1296e+05
8.9931e+01	1.2301e+06	2.0970e+05
9.1184e+01	1.1742e+06	2.0652e+05
9.2455e+01	1.1222e+06	2.0330e+05
9.3744e+01	1.0721e+06	1.9999e+05
9.5051e+01	1.0248e+06	1.9682e+05
9.6376e+01	9.7938e+05	1.9347e+05
9.7719e+01	9.3589e+05	1.9024e+05
9.9081e+01	8.9474e+05	1.8686e+05
1.0046e+02	8.5556e+05	1.8349e+05
1.0186e+02	8.1717e+05	1.8021e+05
1.0328e+02	7.8108e+05	1.7691e+05
1.0472e+02	7.4676e+05	1.7366e+05
1.0618e+02	7.1433e+05	1.7042e+05
1.0766e+02	6.8266e+05	1.6722e+05
1.0916e+02	6.5294e+05	1.6392e+05
1.1068e+02	6.2397e+05	1.6068e+05
1.1223e+02	5.9654e+05	1.5743e+05
1.1379e+02	5.7062e+05	1.5427e+05
1.1538e+02	5.4579e+05	1.5117e+05
1.1699e+02	5.2215e+05	1.4800e+05
1.1862e+02	4.9941e+05	1.4486e+05
1.2027e+02	4.7781e+05	1.4172e+05
1.2195e+02	4.5676e+05	1.3860e+05
1.2365e+02	4.3705e+05	1.3560e+05
1.2537e+02	4.1842e+05	1.3259e+05
1.2712e+02	4.0057e+05	1.2956e+05
1.2889e+02	3.8292e+05	1.2654e+05
1.3069e+02	3.6590e+05	1.2353e+05
1.3251e+02	3.5021e+05	1.2053e+05
1.3436e+02	3.3511e+05	1.1755e+05
1.3623e+02	3.2063e+05	1.1461e+05
1.3813e+02	3.0668e+05	1.1176e+05
1.4005e+02	2.9338e+05	1.0896e+05
1.4201e+02	2.8066e+05	1.0622e+05
1.4398e+02	2.6849e+05	1.0355e+05
1.4599e+02	2.5679e+05	1.0095e+05
1.4803e+02	2.4552e+05	9.8379e+04
1.5009e+02	2.3480e+05	9.5736e+04
1.5218e+02	2.2459e+05	9.3124e+04
1.5430e+02	2.1496e+05	9.0559e+04
1.5645e+02	2.0551e+05	8.8041e+04
1.5864e+02	1.9656e+05	8.5571e+04
1.6085e+02	1.8820e+05	8.3150e+04
1.6309e+02	1.8000e+05	8.0803e+04
1.6536e+02	1.7213e+05	7.8495e+04
1.6767e+02	1.6477e+05	7.6248e+04
1.7000e+02	1.5764e+05	7.4071e+04
1.7237e+02	1.5071e+05	7.1963e+04
1.7478e+02	1.4400e+05	6.9907e+04
1.7721e+02	1.3759e+05	6.7894e+04
1.7968e+02	1.3154e+05	6.5923e+04
1.8219e+02	1.2577e+05	6.3994e+04
1.8473e+02	1.2036e+05	6.2089e+04
1.8730e+02	1.1526e+05	6.0208e+04
1.8991e+02	1.1024e+05	5.8344e+04
1.9256e+02	1.0543e+05	5.6522e+04
1.9525e+02	1.0083e+05	5.4737e+04
1.9797e+02	9.6434e+04	5.2987e+04
2.0073e+02	9.2227e+04	5.1264e+04
2.0352e+02	8.8176e+04	4.9599e+04
2.0636e+02	8.4357e+04	4.7983e+04
2.0924e+02	8.0757e+04	4.6413e+04
2.1216e+02	7.7329e+04	4.4884e+04
2.1511e+02	7.4042e+04	4.3398e+04
2.1811e+02	7.0894e+04	4.1962e+04
2.2115e+02	6.7850e+04	4.0581e+04
2.2423e+02	6.4878e+04	3.9240e+04
2.2736e+02	6.2033e+04	3.7932e+04
2.3053e+02	5.9298e+04	3.6654e+04
2.3374e+02	5.6670e+04	3.5412e+04
2.3700e+02	5.4202e+04	3.4205e+04
2.4030e+02	5.1848e+04	3.3033e+04
2.4365e+02	4.9596e+04	3.1895e+04
2.4705e+02	4.7443e+04	3.0791e+04
2.5049e+02	4.5382e+04	2.9711e+04
2.5399e+02	4.3418e+04	2.8656e+04
2.5753e+02	4.1545e+04	2.7634e+04
2.6112e+02	3.9735e+04	2.6645e+04
2.6476e+02	3.8004e+04	2.5695e+04
2.6845e+02	3.6349e+04	2.4780e+04
2.7219e+02	3.4766e+04	2.3899e+04
2.7598e+02	3.3251e+04	2.3051e+04
2.7983e+02	3.1803e+04	2.2225e+04
2.8373e+02	3.0418e+04	2.1417e+04
2.8769e+02	2.9093e+04	2.0638e+04
2.9170e+02	2.7828e+04	1.9887e+04
2.9576e+02	2.6631e+04	1.9160e+04
2.9988e+02	2.5486e+04	1.8455e+04
3.0406e+02	2.4390e+04	1.7766e+04
3.0830e+02	2.3335e+04	1.7102e+04
3.1260e+02	2.2313e+04	1.6458e+04
3.1696e+02	2.1344e+04	1.5836e+04
3.2138e+02	2.0417e+04	1.5236e+04
3.2586e+02	1.9531e+04	1.4661e+04
3.3040e+02	1.8683e+04	1.4106e+04
3.3500e+02	1.7874e+04	1.3567e+04
3.3967e+02	1.7096e+04	1.3049e+04
3.4441e+02	1.6351e+04	1.2552e+04
3.4921e+02	1.5638e+04	1.2073e+04
3.5408e+02	1.4957e+04	1.1607e+04
3.5901e+02	1.4298e+04	1.1160e+04
3.6402e+02	1.3671e+04	1.0731e+04
3.6909e+02	1.3074e+04	1.0314e+04
3.7424e+02	1.2505e+04	9.9109e+03
3.7945e+02	1.1962e+04	9.5257e+03
3.8474e+02	1.1447e+04	9.1559e+03
3.9011e+02	1.0954e+04	8.8005e+03
3.9554e+02	1.0477e+04	8.4588e+03
4.0106e+02	1.0020e+04	8.1283e+03
4.0665e+02	9.5838e+03	7.8077e+03
4.1232e+02	9.1675e+03	7.4992e+03
4.1806e+02	8.7708e+03	7.2023e+03
4.2389e+02	8.3911e+03	6.9167e+03
4.2980e+02	8.0279e+03	6.6425e+03
4.3579e+02	7.6805e+03	6.3786e+03
4.4187e+02	7.3481e+03	6.1244e+03
4.4803e+02	7.0300e+03	5.8798e+03
4.5427e+02	6.7241e+03	5.6425e+03
4.6060e+02	6.4306e+03	5.4141e+03
4.6702e+02	6.1499e+03	5.1947e+03
4.7353e+02	5.8814e+03	4.9838e+03
4.8013e+02	5.6246e+03	4.7820e+03
4.8683e+02	5.3791e+03	4.5890e+03
4.9361e+02	5.1443e+03	4.4035e+03
5.0049e+02	4.9197e+03	4.2247e+03
5.0747e+02	4.7049e+03	4.0518e+03
5.1454e+02	4.4995e+03	3.8857e+03
5.2172e+02	4.3031e+03	3.7262e+03
5.2899e+02	4.1152e+03	3.5735e+03
5.3636e+02	3.9356e+03	3.4277e+03
5.4384e+02	3.7638e+03	3.2878e+03
5.5142e+02	3.5995e+03	3.1535e+03
5.5911e+02	3.4423e+03	3.0241e+03
5.6690e+02	3.2921e+03	2.9000e+03
5.7480e+02	3.1492e+03	2.7809e+03
5.8282e+02	3.0128e+03	2.6670e+03
5.9094e+02	2.8823e+03	2.5580e+03
5.9918e+02	2.7575e+03	2.4536e+03
6.0753e+02	2.6381e+03	2.3530e+03
6.1600e+02	2.5239e+03	2.2566e+03
6.2458e+02	2.4153e+03	2.1641e+03
6.3329e+02	2.3116e+03	2.0755e+03
6.4212e+02	2.2123e+03	1.9907e+03
6.5107e+02	2.1173e+03	1.9090e+03
6.6014e+02	2.0264e+03	1.8295e+03
6.6935e+02	1.9394e+03	1.7530e+03
6.7868e+02	1.8552e+03	1.6797e+03
6.8814e+02	1.7744e+03	1.6099e+03
6.9773e+02	1.6970e+03	1.5429e+03
7.0746e+02	1.6231e+03	1.4782e+03
7.1732e+02	1.5523e+03	1.4162e+03
7.2732e+02	1.4847e+03	1.3568e+03
7.3745e+02	1.4201e+03	1.3001e+03
7.4773e+02	1.3583e+03	1.2459e+03
7.5816e+02	1.2993e+03	1.1937e+03
7.6873e+02	1.2430e+03	1.1437e+03
7.7944e+02	1.1892e+03	1.0958e+03
7.9031e+02	1.1377e+03	1.0501e+03
8.0132e+02	1.0884e+03	1.0062e+03
8.1249e+02	1.0413e+03	9.6380e+02
8.2382e+02	9.9619e+02	9.2301e+02
8.3530e+02	9.5285e+02	8.8397e+02
8.4695e+02	9.1126e+02	8.4667e+02
8.5875e+02	8.7149e+02	8.1076e+02
8.7072e+02	8.3345e+02	7.7640e+02
8.8286e+02	7.9708e+02	7.4352e+02
8.9517e+02	7.6245e+02	7.1203e+02
9.0764e+02	7.2918e+02	6.8177e+02
9.2030e+02	6.9736e+02	6.5275e+02
9.3313e+02	6.6693e+02	6.2499e+02
9.4613e+02	6.3782e+02	5.9851e+02
9.5932e+02	6.0999e+02	5.7311e+02
9.7269e+02	5.8341e+02	5.4884e+02
9.8625e+02	5.5814e+02	5.2560e+02
1.0000e+03	5.3397e+02	5.0334e+02