Energy(MeV)	Incoming Spectral Fluence(MeV-1 cm-2)	Residual Spectral Fluence(MeV-1 cm-2)
1.0000e-03	0.0000e+00	3.7212e+05
1.5000e-03	0.0000e+00	3.7218e+05
2.0000e-03	0.0000e+00	3.7223e+05
2.5000e-03	0.0000e+00	3.7226e+05
3.0000e-03	0.0000e+00	3.7229e+05
3.5000e-03	0.0000e+00	3.7231e+05
4.0000e-03	0.0000e+00	3.7233e+05
4.5000e-03	0.0000e+00	3.7235e+05
5.0000e-03	0.0000e+00	3.7237e+05
5.5000e-03	0.0000e+00	3.7238e+05
6.0000e-03	0.0000e+00	3.7239e+05
6.5000e-03	0.0000e+00	3.7240e+05
7.0000e-03	0.0000e+00	3.7242e+05
7.5000e-03	0.0000e+00	3.7243e+05
8.0000e-03	0.0000e+00	3.7244e+05
8.5000e-03	0.0000e+00	3.7245e+05
9.0000e-03	0.0000e+00	3.7245e+05
9.5000e-03	0.0000e+00	3.7246e+05
1.0000e-02	0.0000e+00	3.7247e+05
1.5000e-02	0.0000e+00	3.7253e+05
2.0000e-02	0.0000e+00	3.7258e+05
2.5000e-02	0.0000e+00	3.7261e+05
3.0000e-02	0.0000e+00	3.7264e+05
3.5000e-02	0.0000e+00	3.7268e+05
4.0000e-02	0.0000e+00	3.7271e+05
4.5000e-02	0.0000e+00	3.7275e+05
5.0000e-02	0.0000e+00	3.7278e+05
5.5000e-02	0.0000e+00	3.7282e+05
6.0000e-02	0.0000e+00	3.7285e+05
6.5000e-02	0.0000e+00	3.7288e+05
7.0000e-02	0.0000e+00	3.7291e+05
7.5000e-02	0.0000e+00	3.7294e+05
8.0000e-02	0.0000e+00	3.7297e+05
8.5000e-02	0.0000e+00	3.7301e+05
9.0000e-02	0.0000e+00	3.7305e+05
9.5000e-02	0.0000e+00	3.7309e+05
1.0000e-01	0.0000e+00	3.7312e+05
1.5000e-01	0.0000e+00	3.7351e+05
2.0000e-01	0.0000e+00	3.7392e+05
2.5000e-01	0.0000e+00	3.7434e+05
3.0000e-01	0.0000e+00	3.7474e+05
3.5000e-01	0.0000e+00	3.7516e+05
4.0000e-01	0.0000e+00	3.7556e+05
4.5000e-01	0.0000e+00	3.7597e+05
5.0000e-01	0.0000e+00	3.7638e+05
5.5000e-01	0.0000e+00	3.7679e+05
6.0000e-01	0.0000e+00	3.7722e+05
6.5000e-01	0.0000e+00	3.7765e+05
7.0000e-01	0.0000e+00	3.7811e+05
7.5000e-01	0.0000e+00	3.7856e+05
8.0000e-01	0.0000e+00	3.7900e+05
8.5000e-01	0.0000e+00	3.7942e+05
9.0000e-01	0.0000e+00	3.7984e+05
9.5000e-01	0.0000e+00	3.8026e+05
1.0000e+00	7.8397e+09	3.8067e+05
1.0139e+00	7.7369e+09	3.8079e+05
1.0281e+00	7.6355e+09	3.8091e+05
1.0424e+00	7.5353e+09	3.8102e+05
1.0569e+00	7.4364e+09	3.8114e+05
1.0717e+00	7.3387e+09	3.8126e+05
1.0866e+00	7.2427e+09	3.8139e+05
1.1018e+00	7.1475e+09	3.8151e+05
1.1171e+00	7.0543e+09	3.8164e+05
1.1327e+00	6.9622e+09	3.8176e+05
1.1485e+00	6.8712e+09	3.8189e+05
1.1645e+00	6.7809e+09	3.8202e+05
1.1807e+00	6.6917e+09	3.8215e+05
1.1972e+00	6.6035e+09	3.8229e+05
1.2139e+00	6.5163e+09	3.8242e+05
1.2308e+00	6.4302e+09	3.8256e+05
1.2479e+00	6.3457e+09	3.8270e+05
1.2653e+00	6.2622e+09	3.8284e+05
1.2830e+00	6.1818e+09	3.8299e+05
1.3009e+00	6.1028e+09	3.8314e+05
1.3190e+00	6.0224e+09	3.8328e+05
1.3374e+00	5.9445e+09	3.8344e+05
1.3560e+00	5.8673e+09	3.8359e+05
1.3749e+00	5.7890e+09	3.8374e+05
1.3941e+00	5.7134e+09	3.8390e+05
1.4135e+00	5.6388e+09	3.8406e+05
1.4332e+00	5.5639e+09	3.8421e+05
1.4532e+00	5.4916e+09	3.8437e+05
1.4735e+00	5.4197e+09	3.8453e+05
1.4940e+00	5.3472e+09	3.8470e+05
1.5148e+00	5.2769e+09	3.8487e+05
1.5359e+00	5.2078e+09	3.8504e+05
1.5573e+00	5.1378e+09	3.8522e+05
1.5791e+00	5.0691e+09	3.8539e+05
1.6011e+00	5.0026e+09	3.8557e+05
1.6234e+00	4.9365e+09	3.8576e+05
1.6460e+00	4.8714e+09	3.8594e+05
1.6690e+00	4.8078e+09	3.8613e+05
1.6922e+00	4.7436e+09	3.8632e+05
1.7158e+00	4.6801e+09	3.8652e+05
1.7397e+00	4.6175e+09	3.8671e+05
1.7640e+00	4.5546e+09	3.8691e+05
1.7886e+00	4.4935e+09	3.8712e+05
1.8135e+00	4.4345e+09	3.8732e+05
1.8388e+00	4.3757e+09	3.8753e+05
1.8644e+00	4.3174e+09	3.8774e+05
1.8904e+00	4.2587e+09	3.8795e+05
1.9167e+00	4.2022e+09	3.8817e+05
1.9435e+00	4.1467e+09	3.8839e+05
1.9706e+00	4.0902e+09	3.8861e+05
1.9980e+00	4.0336e+09	3.8884e+05
2.0259e+00	3.9788e+09	3.8907e+05
2.0541e+00	3.9254e+09	3.8930e+05
2.0828e+00	3.8727e+09	3.8954e+05
2.1118e+00	3.8200e+09	3.8978e+05
2.1412e+00	3.7686e+09	3.9002e+05
2.1711e+00	3.7166e+09	3.9026e+05
2.2013e+00	3.6646e+09	3.9050e+05
2.2320e+00	3.6139e+09	3.9075e+05
2.2631e+00	3.5644e+09	3.9100e+05
2.2947e+00	3.5157e+09	3.9125e+05
2.3267e+00	3.4686e+09	3.9151e+05
2.3591e+00	3.4208e+09	3.9177e+05
2.3920e+00	3.3743e+09	3.9203e+05
2.4253e+00	3.3278e+09	3.9230e+05
2.4591e+00	3.2811e+09	3.9257e+05
2.4934e+00	3.2360e+09	3.9285e+05
2.5282e+00	3.1921e+09	3.9313e+05
2.5634e+00	3.1481e+09	3.9341e+05
2.5991e+00	3.1048e+09	3.9370e+05
2.6354e+00	3.0613e+09	3.9399e+05
2.6721e+00	3.0184e+09	3.9429e+05
2.7094e+00	2.9771e+09	3.9459e+05
2.7471e+00	2.9350e+09	3.9490e+05
2.7854e+00	2.8939e+09	3.9520e+05
2.8242e+00	2.8542e+09	3.9551e+05
2.8636e+00	2.8134e+09	3.9582e+05
2.9035e+00	2.7731e+09	3.9614e+05
2.9440e+00	2.7328e+09	3.9647e+05
2.9850e+00	2.6940e+09	3.9681e+05
3.0266e+00	2.6564e+09	3.9717e+05
3.0688e+00	2.6187e+09	3.9752e+05
3.1116e+00	2.5813e+09	3.9789e+05
3.1550e+00	2.5441e+09	3.9825e+05
3.1990e+00	2.5079e+09	3.9861e+05
3.2436e+00	2.4719e+09	3.9897e+05
3.2888e+00	2.4369e+09	3.9934e+05
3.3346e+00	2.4025e+09	3.9971e+05
3.3811e+00	2.3689e+09	4.0009e+05
3.4282e+00	2.3345e+09	4.0047e+05
3.4760e+00	2.3006e+09	4.0086e+05
3.5245e+00	2.2670e+09	4.0124e+05
3.5736e+00	2.2346e+09	4.0163e+05
3.6234e+00	2.2026e+09	4.0202e+05
3.6739e+00	2.1711e+09	4.0243e+05
3.7251e+00	2.1396e+09	4.0284e+05
3.7771e+00	2.1087e+09	4.0325e+05
3.8297e+00	2.0780e+09	4.0368e+05
3.8831e+00	2.0479e+09	4.0410e+05
3.9372e+00	2.0177e+09	4.0454e+05
3.9921e+00	1.9887e+09	4.0500e+05
4.0478e+00	1.9592e+09	4.0552e+05
4.1042e+00	1.9298e+09	4.0605e+05
4.1614e+00	1.9011e+09	4.0656e+05
4.2194e+00	1.8730e+09	4.0702e+05
4.2782e+00	1.8453e+09	4.0748e+05
4.3379e+00	1.8177e+09	4.0796e+05
4.3983e+00	1.7909e+09	4.0844e+05
4.4596e+00	1.7641e+09	4.0894e+05
4.5218e+00	1.7378e+09	4.0943e+05
4.5848e+00	1.7114e+09	4.0994e+05
4.6487e+00	1.6852e+09	4.1045e+05
4.7135e+00	1.6602e+09	4.1097e+05
4.7792e+00	1.6353e+09	4.1148e+05
4.8459e+00	1.6105e+09	4.1200e+05
4.9134e+00	1.5856e+09	4.1253e+05
4.9819e+00	1.5613e+09	4.1307e+05
5.0513e+00	1.5371e+09	4.1362e+05
5.1218e+00	1.5137e+09	4.1416e+05
5.1932e+00	1.4903e+09	4.1473e+05
5.2655e+00	1.4669e+09	4.1529e+05
5.3389e+00	1.4444e+09	4.1586e+05
5.4134e+00	1.4219e+09	4.1644e+05
5.4888e+00	1.3999e+09	4.1702e+05
5.5653e+00	1.3782e+09	4.1762e+05
5.6429e+00	1.3568e+09	4.1820e+05
5.7216e+00	1.3357e+09	4.1881e+05
5.8013e+00	1.3151e+09	4.1944e+05
5.8822e+00	1.2942e+09	4.2007e+05
5.9642e+00	1.2737e+09	4.2070e+05
6.0473e+00	1.2535e+09	4.2133e+05
6.1316e+00	1.2341e+09	4.2198e+05
6.2171e+00	1.2148e+09	4.2265e+05
6.3038e+00	1.1954e+09	4.2332e+05
6.3916e+00	1.1766e+09	4.2400e+05
6.4807e+00	1.1572e+09	4.2468e+05
6.5711e+00	1.1386e+09	4.2537e+05
6.6627e+00	1.1205e+09	4.2606e+05
6.7555e+00	1.1025e+09	4.2676e+05
6.8497e+00	1.0846e+09	4.2746e+05
6.9452e+00	1.0671e+09	4.2817e+05
7.0420e+00	1.0495e+09	4.2884e+05
7.1402e+00	1.0324e+09	4.2956e+05
7.2397e+00	1.0154e+09	4.3030e+05
7.3406e+00	9.9846e+08	4.3107e+05
7.4429e+00	9.8176e+08	4.3185e+05
7.5467e+00	9.6556e+08	4.3262e+05
7.6519e+00	9.4949e+08	4.3340e+05
7.7585e+00	9.3356e+08	4.3419e+05
7.8667e+00	9.1791e+08	4.3498e+05
7.9763e+00	9.0257e+08	4.3579e+05
8.0875e+00	8.8731e+08	4.3659e+05
8.2003e+00	8.7254e+08	4.3741e+05
8.3146e+00	8.5786e+08	4.3823e+05
8.4305e+00	8.4321e+08	4.3899e+05
8.5480e+00	8.2895e+08	4.3985e+05
8.6671e+00	8.1491e+08	4.4071e+05
8.7880e+00	8.0094e+08	4.4159e+05
8.9105e+00	7.8696e+08	4.4247e+05
9.0347e+00	7.7331e+08	4.4336e+05
9.1606e+00	7.5980e+08	4.4427e+05
9.2883e+00	7.4654e+08	4.4518e+05
9.4178e+00	7.3318e+08	4.4612e+05
9.5490e+00	7.2026e+08	4.4708e+05
9.6822e+00	7.0768e+08	4.4801e+05
9.8171e+00	6.9520e+08	4.4900e+05
9.9540e+00	6.8267e+08	4.4999e+05
1.0093e+01	6.7061e+08	4.5098e+05
1.0233e+01	6.5838e+08	4.5197e+05
1.0376e+01	6.4641e+08	4.5296e+05
1.0521e+01	6.3474e+08	4.5398e+05
1.0667e+01	6.2330e+08	4.5500e+05
1.0816e+01	6.1194e+08	4.5599e+05
1.0967e+01	6.0069e+08	4.5699e+05
1.1120e+01	5.8966e+08	4.5803e+05
1.1275e+01	5.7872e+08	4.5907e+05
1.1432e+01	5.6783e+08	4.6013e+05
1.1591e+01	5.5715e+08	4.6122e+05
1.1753e+01	5.4654e+08	4.6233e+05
1.1917e+01	5.3615e+08	4.6343e+05
1.2083e+01	5.2587e+08	4.6452e+05
1.2251e+01	5.1574e+08	4.6566e+05
1.2422e+01	5.0581e+08	4.6681e+05
1.2595e+01	4.9609e+08	4.6797e+05
1.2771e+01	4.8638e+08	4.6916e+05
1.2949e+01	4.7691e+08	4.7032e+05
1.3129e+01	4.6759e+08	4.7148e+05
1.3312e+01	4.5838e+08	4.7257e+05
1.3498e+01	4.4931e+08	4.7373e+05
1.3686e+01	4.4034e+08	4.7488e+05
1.3877e+01	4.3149e+08	4.7610e+05
1.4070e+01	4.2271e+08	4.7730e+05
1.4266e+01	4.1419e+08	4.7851e+05
1.4465e+01	4.0573e+08	4.7965e+05
1.4667e+01	3.9739e+08	4.8087e+05
1.4871e+01	3.8923e+08	4.8220e+05
1.5078e+01	3.8111e+08	4.8345e+05
1.5289e+01	3.7326e+08	4.8469e+05
1.5502e+01	3.6544e+08	4.8595e+05
1.5718e+01	3.5775e+08	4.8711e+05
1.5937e+01	3.5024e+08	4.8845e+05
1.6159e+01	3.4275e+08	4.8972e+05
1.6384e+01	3.3540e+08	4.9102e+05
1.6613e+01	3.2814e+08	4.9232e+05
1.6844e+01	3.2101e+08	4.9361e+05
1.7079e+01	3.1408e+08	4.9503e+05
1.7317e+01	3.0720e+08	4.9640e+05
1.7559e+01	3.0046e+08	4.9771e+05
1.7803e+01	2.9371e+08	4.9903e+05
1.8051e+01	2.8718e+08	5.0047e+05
1.8303e+01	2.8080e+08	5.0179e+05
1.8558e+01	2.7446e+08	5.0310e+05
1.8817e+01	2.6815e+08	5.0444e+05
1.9079e+01	2.6194e+08	5.0591e+05
1.9345e+01	2.5584e+08	5.0732e+05
1.9615e+01	2.4987e+08	5.0872e+05
1.9888e+01	2.4399e+08	5.1006e+05
2.0166e+01	2.3827e+08	5.1156e+05
2.0447e+01	2.3261e+08	5.1289e+05
2.0732e+01	2.2698e+08	5.1421e+05
2.1021e+01	2.2153e+08	5.1554e+05
2.1314e+01	2.1620e+08	5.1709e+05
2.1611e+01	2.1092e+08	5.1845e+05
2.1912e+01	2.0575e+08	5.1981e+05
2.2217e+01	2.0066e+08	5.2122e+05
2.2527e+01	1.9566e+08	5.2275e+05
2.2841e+01	1.9076e+08	5.2403e+05
2.3160e+01	1.8597e+08	5.2538e+05
2.3482e+01	1.8127e+08	5.2673e+05
2.3810e+01	1.7665e+08	5.2798e+05
2.4142e+01	1.7211e+08	5.2920e+05
2.4478e+01	1.6759e+08	5.3039e+05
2.4819e+01	1.6322e+08	5.3155e+05
2.5165e+01	1.5889e+08	5.3280e+05
2.5516e+01	1.5467e+08	5.3400e+05
2.5872e+01	1.5056e+08	5.3514e+05
2.6232e+01	1.4649e+08	5.3626e+05
2.6598e+01	1.4253e+08	5.3737e+05
2.6969e+01	1.3864e+08	5.3854e+05
2.7345e+01	1.3485e+08	5.3964e+05
2.7726e+01	1.3112e+08	5.4069e+05
2.8112e+01	1.2748e+08	5.4174e+05
2.8504e+01	1.2392e+08	5.4280e+05
2.8902e+01	1.2041e+08	5.4383e+05
2.9304e+01	1.1697e+08	5.4494e+05
2.9713e+01	1.1365e+08	5.4594e+05
3.0127e+01	1.1036e+08	5.4690e+05
3.0547e+01	1.0717e+08	5.4786e+05
3.0973e+01	1.0402e+08	5.4878e+05
3.1405e+01	1.0096e+08	5.4974e+05
3.1842e+01	9.7947e+07	5.5059e+05
3.2286e+01	9.5027e+07	5.5145e+05
3.2736e+01	9.2184e+07	5.5230e+05
3.3193e+01	8.9371e+07	5.5304e+05
3.3655e+01	8.6588e+07	5.5377e+05
3.4124e+01	8.3873e+07	5.5445e+05
3.4600e+01	8.1221e+07	5.5512e+05
3.5082e+01	7.8687e+07	5.5564e+05
3.5572e+01	7.6162e+07	5.5611e+05
3.6067e+01	7.3730e+07	5.5671e+05
3.6570e+01	7.1373e+07	5.5719e+05
3.7080e+01	6.9062e+07	5.5756e+05
3.7597e+01	6.6819e+07	5.5785e+05
3.8121e+01	6.4634e+07	5.5808e+05
3.8652e+01	6.2473e+07	5.5827e+05
3.9191e+01	6.0380e+07	5.5842e+05
3.9737e+01	5.8318e+07	5.5855e+05
4.0291e+01	5.6317e+07	5.5857e+05
4.0853e+01	5.4383e+07	5.5858e+05
4.1422e+01	5.2511e+07	5.5841e+05
4.2000e+01	5.0674e+07	5.5822e+05
4.2585e+01	4.8891e+07	5.5806e+05
4.3179e+01	4.7147e+07	5.5782e+05
4.3781e+01	4.5433e+07	5.5749e+05
4.4391e+01	4.3789e+07	5.5709e+05
4.5010e+01	4.2199e+07	5.5653e+05
4.5637e+01	4.0655e+07	5.5604e+05
4.6273e+01	3.9131e+07	5.5542e+05
4.6918e+01	3.7649e+07	5.5463e+05
4.7572e+01	3.6245e+07	5.5386e+05
4.8235e+01	3.4853e+07	5.5300e+05
4.8908e+01	3.3518e+07	5.5208e+05
4.9590e+01	3.2239e+07	5.5099e+05
5.0281e+01	3.0987e+07	5.4986e+05
5.0982e+01	2.9761e+07	5.4860e+05
5.1692e+01	2.8588e+07	5.4734e+05
5.2413e+01	2.7437e+07	5.4597e+05
5.3144e+01	2.6349e+07	5.4469e+05
5.3884e+01	2.5279e+07	5.4307e+05
5.4636e+01	2.4255e+07	5.4138e+05
5.5397e+01	2.3273e+07	5.3958e+05
5.6169e+01	2.2328e+07	5.3770e+05
5.6952e+01	2.1420e+07	5.3587e+05
5.7746e+01	2.0530e+07	5.3382e+05
5.8551e+01	1.9694e+07	5.3163e+05
5.9367e+01	1.8857e+07	5.2946e+05
6.0195e+01	1.8074e+07	5.2711e+05
6.1034e+01	1.7324e+07	5.2481e+05
6.1885e+01	1.6582e+07	5.2232e+05
6.2747e+01	1.5883e+07	5.1978e+05
6.3622e+01	1.5198e+07	5.1702e+05
6.4509e+01	1.4557e+07	5.1421e+05
6.5408e+01	1.3925e+07	5.1131e+05
6.6320e+01	1.3325e+07	5.0841e+05
6.7244e+01	1.2733e+07	5.0535e+05
6.8182e+01	1.2184e+07	5.0215e+05
6.9132e+01	1.1657e+07	4.9899e+05
7.0096e+01	1.1154e+07	4.9552e+05
7.1073e+01	1.0666e+07	4.9215e+05
7.2064e+01	1.0194e+07	4.8858e+05
7.3068e+01	9.7402e+06	4.8496e+05
7.4087e+01	9.3008e+06	4.8123e+05
7.5119e+01	8.8911e+06	4.7731e+05
7.6166e+01	8.5046e+06	4.7350e+05
7.7228e+01	8.1279e+06	4.6955e+05
7.8305e+01	7.7715e+06	4.6553e+05
7.9396e+01	7.4305e+06	4.6142e+05
8.0503e+01	7.0972e+06	4.5718e+05
8.1625e+01	6.7811e+06	4.5283e+05
8.2763e+01	6.4725e+06	4.4859e+05
8.3917e+01	6.1786e+06	4.4418e+05
8.5086e+01	5.9047e+06	4.3957e+05
8.6272e+01	5.6423e+06	4.3496e+05
8.7475e+01	5.3886e+06	4.3038e+05
8.8694e+01	5.1474e+06	4.2571e+05
8.9931e+01	4.9203e+06	4.2085e+05
9.1184e+01	4.6969e+06	4.1598e+05
9.2455e+01	4.4889e+06	4.1113e+05
9.3744e+01	4.2883e+06	4.0628e+05
9.5051e+01	4.0991e+06	4.0129e+05
9.6376e+01	3.9175e+06	3.9613e+05
9.7719e+01	3.7436e+06	3.9096e+05
9.9081e+01	3.5789e+06	3.8576e+05
1.0046e+02	3.4223e+06	3.8053e+05
1.0186e+02	3.2687e+06	3.7522e+05
1.0328e+02	3.1243e+06	3.7006e+05
1.0472e+02	2.9870e+06	3.6470e+05
1.0618e+02	2.8573e+06	3.5941e+05
1.0766e+02	2.7307e+06	3.5410e+05
1.0916e+02	2.6118e+06	3.4874e+05
1.1068e+02	2.4959e+06	3.4338e+05
1.1223e+02	2.3861e+06	3.3799e+05
1.1379e+02	2.2825e+06	3.3265e+05
1.1538e+02	2.1832e+06	3.2729e+05
1.1699e+02	2.0886e+06	3.2186e+05
1.1862e+02	1.9976e+06	3.1653e+05
1.2027e+02	1.9112e+06	3.1113e+05
1.2195e+02	1.8270e+06	3.0574e+05
1.2365e+02	1.7482e+06	3.0040e+05
1.2537e+02	1.6737e+06	2.9502e+05
1.2712e+02	1.6023e+06	2.8966e+05
1.2889e+02	1.5317e+06	2.8435e+05
1.3069e+02	1.4636e+06	2.7902e+05
1.3251e+02	1.4008e+06	2.7377e+05
1.3436e+02	1.3404e+06	2.6850e+05
1.3623e+02	1.2825e+06	2.6331e+05
1.3813e+02	1.2267e+06	2.5815e+05
1.4005e+02	1.1735e+06	2.5302e+05
1.4201e+02	1.1226e+06	2.4797e+05
1.4398e+02	1.0739e+06	2.4291e+05
1.4599e+02	1.0271e+06	2.3796e+05
1.4803e+02	9.8208e+05	2.3286e+05
1.5009e+02	9.3921e+05	2.2780e+05
1.5218e+02	8.9836e+05	2.2280e+05
1.5430e+02	8.5984e+05	2.1786e+05
1.5645e+02	8.2206e+05	2.1298e+05
1.5864e+02	7.8625e+05	2.0816e+05
1.6085e+02	7.5279e+05	2.0342e+05
1.6309e+02	7.1999e+05	1.9875e+05
1.6536e+02	6.8852e+05	1.9413e+05
1.6767e+02	6.5908e+05	1.8959e+05
1.7000e+02	6.3058e+05	1.8511e+05
1.7237e+02	6.0284e+05	1.8071e+05
1.7478e+02	5.7600e+05	1.7636e+05
1.7721e+02	5.5035e+05	1.7206e+05
1.7968e+02	5.2615e+05	1.6781e+05
1.8219e+02	5.0310e+05	1.6362e+05
1.8473e+02	4.8145e+05	1.5949e+05
1.8730e+02	4.6103e+05	1.5541e+05
1.8991e+02	4.4096e+05	1.5140e+05
1.9256e+02	4.2173e+05	1.4745e+05
1.9525e+02	4.0333e+05	1.4356e+05
1.9797e+02	3.8573e+05	1.3972e+05
2.0073e+02	3.6891e+05	1.3592e+05
2.0352e+02	3.5270e+05	1.3221e+05
2.0636e+02	3.3743e+05	1.2857e+05
2.0924e+02	3.2303e+05	1.2501e+05
2.1216e+02	3.0931e+05	1.2153e+05
2.1511e+02	2.9617e+05	1.1812e+05
2.1811e+02	2.8358e+05	1.1480e+05
2.2115e+02	2.7140e+05	1.1154e+05
2.2423e+02	2.5951e+05	1.0835e+05
2.2736e+02	2.4813e+05	1.0523e+05
2.3053e+02	2.3719e+05	1.0217e+05
2.3374e+02	2.2668e+05	9.9182e+04
2.3700e+02	2.1681e+05	9.6267e+04
2.4030e+02	2.0739e+05	9.3418e+04
2.4365e+02	1.9839e+05	9.0636e+04
2.4705e+02	1.8977e+05	8.7912e+04
2.5049e+02	1.8153e+05	8.5214e+04
2.5399e+02	1.7367e+05	8.2585e+04
2.5753e+02	1.6618e+05	8.0029e+04
2.6112e+02	1.5894e+05	7.7542e+04
2.6476e+02	1.5202e+05	7.5125e+04
2.6845e+02	1.4540e+05	7.2772e+04
2.7219e+02	1.3906e+05	7.0483e+04
2.7598e+02	1.3301e+05	6.8251e+04
2.7983e+02	1.2721e+05	6.6073e+04
2.8373e+02	1.2167e+05	6.3951e+04
2.8769e+02	1.1637e+05	6.1890e+04
2.9170e+02	1.1131e+05	5.9887e+04
2.9576e+02	1.0652e+05	5.7935e+04
2.9988e+02	1.0194e+05	5.6019e+04
3.0406e+02	9.7560e+04	5.4150e+04
3.0830e+02	9.3342e+04	5.2335e+04
3.1260e+02	8.9254e+04	5.0573e+04
3.1696e+02	8.5376e+04	4.8865e+04
3.2138e+02	8.1669e+04	4.7209e+04
3.2586e+02	7.8123e+04	4.5606e+04
3.3040e+02	7.4731e+04	4.4050e+04
3.3500e+02	7.1497e+04	4.2541e+04
3.3967e+02	6.8382e+04	4.1083e+04
3.4441e+02	6.5403e+04	3.9672e+04
3.4921e+02	6.2554e+04	3.8296e+04
3.5408e+02	5.9829e+04	3.6955e+04
3.5901e+02	5.7194e+04	3.5658e+04
3.6402e+02	5.4684e+04	3.4401e+04
3.6909e+02	5.2297e+04	3.3184e+04
3.7424e+02	5.0021e+04	3.2007e+04
3.7945e+02	4.7847e+04	3.0872e+04
3.8474e+02	4.5786e+04	2.9773e+04
3.9011e+02	4.3814e+04	2.8712e+04
3.9554e+02	4.1906e+04	2.7684e+04
4.0106e+02	4.0081e+04	2.6682e+04
4.0665e+02	3.8335e+04	2.5709e+04
4.1232e+02	3.6670e+04	2.4769e+04
4.1806e+02	3.5083e+04	2.3861e+04
4.2389e+02	3.3565e+04	2.2984e+04
4.2980e+02	3.2112e+04	2.2137e+04
4.3579e+02	3.0722e+04	2.1319e+04
4.4187e+02	2.9392e+04	2.0528e+04
4.4803e+02	2.8120e+04	1.9764e+04
4.5427e+02	2.6897e+04	1.9019e+04
4.6060e+02	2.5722e+04	1.8302e+04
4.6702e+02	2.4599e+04	1.7611e+04
4.7353e+02	2.3526e+04	1.6945e+04
4.8013e+02	2.2499e+04	1.6304e+04
4.8683e+02	2.1516e+04	1.5687e+04
4.9361e+02	2.0577e+04	1.5092e+04
5.0049e+02	1.9679e+04	1.4515e+04
5.0747e+02	1.8820e+04	1.3957e+04
5.1454e+02	1.7998e+04	1.3421e+04
5.2172e+02	1.7212e+04	1.2905e+04
5.2899e+02	1.6461e+04	1.2409e+04
5.3636e+02	1.5742e+04	1.1932e+04
5.4384e+02	1.5055e+04	1.1474e+04
5.5142e+02	1.4398e+04	1.1031e+04
5.5911e+02	1.3769e+04	1.0603e+04
5.6690e+02	1.3168e+04	1.0192e+04
5.7480e+02	1.2597e+04	9.7965e+03
5.8282e+02	1.2051e+04	9.4169e+03
5.9094e+02	1.1529e+04	9.0519e+03
5.9918e+02	1.1030e+04	8.7004e+03
6.0753e+02	1.0553e+04	8.3603e+03
6.1600e+02	1.0096e+04	8.0330e+03
6.2458e+02	9.6612e+03	7.7181e+03
6.3329e+02	9.2464e+03	7.4153e+03
6.4212e+02	8.8493e+03	7.1234e+03
6.5107e+02	8.4693e+03	6.8409e+03
6.6014e+02	8.1056e+03	6.5677e+03
6.6935e+02	7.7575e+03	6.3052e+03
6.7868e+02	7.4208e+03	6.0534e+03
6.8814e+02	7.0974e+03	5.8120e+03
6.9773e+02	6.7881e+03	5.5799e+03
7.0746e+02	6.4922e+03	5.3550e+03
7.1732e+02	6.2093e+03	5.1393e+03
7.2732e+02	5.9387e+03	4.9324e+03
7.3745e+02	5.6802e+03	4.7342e+03
7.4773e+02	5.4333e+03	4.5438e+03
7.5816e+02	5.1972e+03	4.3602e+03
7.6873e+02	4.9720e+03	4.1839e+03
7.7944e+02	4.7567e+03	4.0147e+03
7.9031e+02	4.5507e+03	3.8524e+03
8.0132e+02	4.3537e+03	3.6959e+03
8.1249e+02	4.1651e+03	3.5447e+03
8.2382e+02	3.9848e+03	3.3995e+03
8.3530e+02	3.8114e+03	3.2604e+03
8.4695e+02	3.6450e+03	3.1270e+03
8.5875e+02	3.4860e+03	2.9983e+03
8.7072e+02	3.3338e+03	2.8749e+03
8.8286e+02	3.1883e+03	2.7566e+03
8.9517e+02	3.0498e+03	2.6431e+03
9.0764e+02	2.9167e+03	2.5339e+03
9.2030e+02	2.7894e+03	2.4292e+03
9.3313e+02	2.6677e+03	2.3290e+03
9.4613e+02	2.5513e+03	2.2331e+03
9.5932e+02	2.4400e+03	2.1409e+03
9.7269e+02	2.3336e+03	2.0525e+03
9.8625e+02	2.2326e+03	1.9676e+03
1.0000e+03	2.1359e+03	1.8863e+03