# Energy(MeV) Phi16 Phi84
1.000000e+00 1.828864e+10 4.666373e+11
1.013939e+00 1.821593e+10 4.524153e+11
1.028073e+00 1.814286e+10 4.386254e+11
1.042404e+00 1.804805e+10 4.252677e+11
1.056935e+00 1.797512e+10 4.125430e+11
1.071668e+00 1.789416e+10 4.001314e+11
1.086606e+00 1.782297e+10 3.874942e+11
1.101753e+00 1.772690e+10 3.754690e+11
1.117111e+00 1.765063e+10 3.638350e+11
1.132683e+00 1.757780e+10 3.524338e+11
1.148472e+00 1.745111e+10 3.412667e+11
1.164481e+00 1.737284e+10 3.304436e+11
1.180713e+00 1.729451e+10 3.199630e+11
1.197171e+00 1.719881e+10 3.100835e+11
1.213859e+00 1.711436e+10 3.006174e+11
1.230780e+00 1.704008e+10 2.915050e+11
1.247936e+00 1.696542e+10 2.824388e+11
1.265332e+00 1.688669e+10 2.734501e+11
1.282970e+00 1.680975e+10 2.648167e+11
1.300854e+00 1.670167e+10 2.565920e+11
1.318987e+00 1.662270e+10 2.488402e+11
1.337373e+00 1.654652e+10 2.412460e+11
1.356015e+00 1.646995e+10 2.338985e+11
1.374917e+00 1.638572e+10 2.267323e+11
1.394083e+00 1.627508e+10 2.197738e+11
1.413516e+00 1.618043e+10 2.129790e+11
1.433219e+00 1.606361e+10 2.062009e+11
1.453198e+00 1.598901e+10 1.999768e+11
1.473454e+00 1.590846e+10 1.937841e+11
1.493993e+00 1.583494e+10 1.880737e+11
1.514819e+00 1.574590e+10 1.821767e+11
1.535935e+00 1.562872e+10 1.763624e+11
1.557345e+00 1.554538e+10 1.708708e+11
1.579053e+00 1.546163e+10 1.656500e+11
1.601064e+00 1.535802e+10 1.604069e+11
1.623382e+00 1.526226e+10 1.552530e+11
1.646012e+00 1.517645e+10 1.503717e+11
1.668956e+00 1.508612e+10 1.457067e+11
1.692220e+00 1.499930e+10 1.411529e+11
1.715809e+00 1.491179e+10 1.367267e+11
1.739726e+00 1.482387e+10 1.324915e+11
1.763977e+00 1.471395e+10 1.283822e+11
1.788566e+00 1.462424e+10 1.244436e+11
1.813498e+00 1.453247e+10 1.206406e+11
1.838777e+00 1.444301e+10 1.168800e+11
1.864409e+00 1.435315e+10 1.132359e+11
1.890397e+00 1.425393e+10 1.097049e+11
1.916748e+00 1.416522e+10 1.064155e+11
1.943467e+00 1.407489e+10 1.032720e+11
1.970558e+00 1.395263e+10 1.001999e+11
1.998026e+00 1.386045e+10 9.728364e+10
2.025878e+00 1.376948e+10 9.433015e+10
2.054117e+00 1.368185e+10 9.139448e+10
2.082751e+00 1.358225e+10 8.869494e+10
2.111783e+00 1.347570e+10 8.591775e+10
2.141220e+00 1.333795e+10 8.319670e+10
2.171068e+00 1.323963e+10 8.064498e+10
2.201331e+00 1.312573e+10 7.812104e+10
2.232016e+00 1.303865e+10 7.569785e+10
2.263130e+00 1.295119e+10 7.343028e+10
2.294676e+00 1.284261e+10 7.122654e+10
2.326663e+00 1.274320e+10 6.908827e+10
2.359095e+00 1.263560e+10 6.697764e+10
2.391980e+00 1.253053e+10 6.489587e+10
2.425323e+00 1.243244e+10 6.290758e+10
2.459130e+00 1.233728e+10 6.098627e+10
2.493409e+00 1.223368e+10 5.913578e+10
2.528166e+00 1.214335e+10 5.734510e+10
2.563407e+00 1.203588e+10 5.559785e+10
2.599140e+00 1.193461e+10 5.390164e+10
2.635371e+00 1.179915e+10 5.216249e+10
2.672106e+00 1.168479e+10 5.040909e+10
2.709354e+00 1.159132e+10 4.884227e+10
2.747121e+00 1.146176e+10 4.729764e+10
2.785414e+00 1.135975e+10 4.590966e+10
2.824241e+00 1.124928e+10 4.470168e+10
2.863610e+00 1.112489e+10 4.331967e+10
2.903527e+00 1.100591e+10 4.199685e+10
2.944000e+00 1.088209e+10 4.068625e+10
2.985038e+00 1.076115e+10 3.942939e+10
3.026648e+00 1.064364e+10 3.819923e+10
3.068838e+00 1.054664e+10 3.699109e+10
3.111616e+00 1.044521e+10 3.581107e+10
3.154990e+00 1.034610e+10 3.473875e+10
3.198969e+00 1.020883e+10 3.365567e+10
3.243561e+00 1.010506e+10 3.257171e+10
3.288774e+00 9.988065e+09 3.152781e+10
3.334618e+00 9.887035e+09 3.059112e+10
3.381101e+00 9.794445e+09 2.966093e+10
3.428231e+00 9.666396e+09 2.875365e+10
3.476019e+00 9.562864e+09 2.790482e+10
3.524473e+00 9.434448e+09 2.704889e+10
3.573602e+00 9.318388e+09 2.624512e+10
3.623416e+00 9.199073e+09 2.542469e+10
3.673925e+00 9.102008e+09 2.463320e+10
3.725137e+00 8.994773e+09 2.385980e+10
3.777064e+00 8.863738e+09 2.311443e+10
3.829714e+00 8.719015e+09 2.238401e+10
3.883098e+00 8.606206e+09 2.169519e+10
3.937226e+00 8.496707e+09 2.104700e+10
3.992109e+00 8.410744e+09 2.043903e+10
4.047757e+00 8.327511e+09 1.982307e+10
4.104181e+00 8.213142e+09 1.919030e+10
4.161391e+00 8.090544e+09 1.857897e+10
4.219398e+00 7.952467e+09 1.801919e+10
4.278214e+00 7.840306e+09 1.745785e+10
4.337850e+00 7.744909e+09 1.693933e+10
4.398317e+00 7.601800e+09 1.646750e+10
4.459628e+00 7.493727e+09 1.596313e+10
4.521792e+00 7.383390e+09 1.546646e+10
4.584824e+00 7.281118e+09 1.501519e+10
4.648734e+00 7.161002e+09 1.453954e+10
4.713535e+00 7.024418e+09 1.407266e+10
4.779239e+00 6.898468e+09 1.361601e+10
4.845859e+00 6.773221e+09 1.318415e+10
4.913407e+00 6.661842e+09 1.279367e+10
4.981898e+00 6.554608e+09 1.239915e+10
5.051342e+00 6.440031e+09 1.203961e+10
5.121755e+00 6.328691e+09 1.167613e+10
5.193150e+00 6.233368e+09 1.133246e+10
5.265540e+00 6.135937e+09 1.098261e+10
5.338938e+00 6.031398e+09 1.064044e+10
5.413360e+00 5.904359e+09 1.031893e+10
5.488820e+00 5.782058e+09 1.001582e+10
5.565331e+00 5.678469e+09 9.736143e+09
5.642908e+00 5.571040e+09 9.451070e+09
5.721568e+00 5.459498e+09 9.147573e+09
5.801323e+00 5.360349e+09 8.866965e+09
5.882190e+00 5.238933e+09 8.613466e+09
5.964185e+00 5.137584e+09 8.364814e+09
6.047322e+00 5.037902e+09 8.116785e+09
6.131619e+00 4.934255e+09 7.870667e+09
6.217090e+00 4.825004e+09 7.651508e+09
6.303753e+00 4.723285e+09 7.454488e+09
6.391624e+00 4.618967e+09 7.234589e+09
6.480720e+00 4.516364e+09 7.024298e+09
6.571058e+00 4.417836e+09 6.818705e+09
6.662655e+00 4.312728e+09 6.636229e+09
6.755528e+00 4.224101e+09 6.455707e+09
6.849697e+00 4.132484e+09 6.261535e+09
6.945178e+00 4.034880e+09 6.077343e+09
7.041990e+00 3.948016e+09 5.909161e+09
7.140151e+00 3.857396e+09 5.730950e+09
7.239681e+00 3.756742e+09 5.579008e+09
7.340598e+00 3.667950e+09 5.402190e+09
7.442922e+00 3.581231e+09 5.259166e+09
7.546673e+00 3.491109e+09 5.115477e+09
7.651869e+00 3.410881e+09 4.960228e+09
7.758532e+00 3.328153e+09 4.814788e+09
7.866682e+00 3.238642e+09 4.681498e+09
7.976339e+00 3.153588e+09 4.541335e+09
8.087525e+00 3.074601e+09 4.409566e+09
8.200261e+00 2.994844e+09 4.276669e+09
8.314568e+00 2.923038e+09 4.163891e+09
8.430468e+00 2.847684e+09 4.044094e+09
8.547985e+00 2.771849e+09 3.921578e+09
8.667139e+00 2.694428e+09 3.804984e+09
8.787954e+00 2.622704e+09 3.696150e+09
8.910453e+00 2.546297e+09 3.594285e+09
9.034660e+00 2.479298e+09 3.497173e+09
9.160598e+00 2.407888e+09 3.400751e+09
9.288292e+00 2.339514e+09 3.304434e+09
9.417766e+00 2.273696e+09 3.206520e+09
9.549045e+00 2.209035e+09 3.114940e+09
9.682153e+00 2.148245e+09 3.027989e+09
9.817117e+00 2.086663e+09 2.937442e+09
9.953962e+00 2.026976e+09 2.851873e+09
1.009272e+01 1.967455e+09 2.766931e+09
1.023340e+01 1.909152e+09 2.686880e+09
1.037605e+01 1.853210e+09 2.603663e+09
1.052069e+01 1.800609e+09 2.529580e+09
1.066734e+01 1.747023e+09 2.452099e+09
1.081604e+01 1.695557e+09 2.379901e+09
1.096681e+01 1.644162e+09 2.305289e+09
1.111968e+01 1.594038e+09 2.237286e+09
1.127468e+01 1.546471e+09 2.169543e+09
1.143184e+01 1.499495e+09 2.108707e+09
1.159120e+01 1.453727e+09 2.044924e+09
1.175277e+01 1.407793e+09 1.981397e+09
1.191660e+01 1.364353e+09 1.922412e+09
1.208271e+01 1.321842e+09 1.862714e+09
1.225114e+01 1.281745e+09 1.806526e+09
1.242191e+01 1.243061e+09 1.751966e+09
1.259506e+01 1.205516e+09 1.693674e+09
1.277063e+01 1.168284e+09 1.638268e+09
1.294865e+01 1.130468e+09 1.589544e+09
1.312915e+01 1.093285e+09 1.537382e+09
1.331216e+01 1.057335e+09 1.489514e+09
1.349772e+01 1.023541e+09 1.441972e+09
1.368587e+01 9.920263e+08 1.395145e+09
1.387665e+01 9.588663e+08 1.351137e+09
1.407008e+01 9.278488e+08 1.308882e+09
1.426621e+01 8.981686e+08 1.265578e+09
1.446507e+01 8.678214e+08 1.224903e+09
1.466671e+01 8.388341e+08 1.186229e+09
1.487115e+01 8.114717e+08 1.147632e+09
1.507845e+01 7.842481e+08 1.107344e+09
1.528864e+01 7.574936e+08 1.071062e+09
1.550175e+01 7.326442e+08 1.034709e+09
1.571784e+01 7.084899e+08 1.001715e+09
1.593694e+01 6.845142e+08 9.683349e+08
1.615909e+01 6.613146e+08 9.353265e+08
1.638434e+01 6.394149e+08 9.030144e+08
1.661273e+01 6.173608e+08 8.717198e+08
1.684430e+01 5.961269e+08 8.413403e+08
1.707910e+01 5.755314e+08 8.130944e+08
1.731717e+01 5.556535e+08 7.842692e+08
1.755856e+01 5.361791e+08 7.594230e+08
1.780332e+01 5.179034e+08 7.327733e+08
1.805149e+01 5.000303e+08 7.078837e+08
1.830312e+01 4.825827e+08 6.820214e+08
1.855825e+01 4.657957e+08 6.569719e+08
1.881694e+01 4.494229e+08 6.334703e+08
1.907924e+01 4.335861e+08 6.111752e+08
1.934520e+01 4.184964e+08 5.879221e+08
1.961486e+01 4.034363e+08 5.679991e+08
1.988828e+01 3.888551e+08 5.476516e+08
2.016551e+01 3.753003e+08 5.274362e+08
2.044661e+01 3.620377e+08 5.088742e+08
2.073162e+01 3.489237e+08 4.909030e+08
2.102061e+01 3.364167e+08 4.735072e+08
2.131362e+01 3.243130e+08 4.561204e+08
2.161073e+01 3.126000e+08 4.392163e+08
2.191197e+01 3.015331e+08 4.233780e+08
2.221741e+01 2.905165e+08 4.082435e+08
2.252711e+01 2.798085e+08 3.933643e+08
2.284112e+01 2.693877e+08 3.781903e+08
2.315951e+01 2.592565e+08 3.639537e+08
2.348235e+01 2.498227e+08 3.506456e+08
2.380968e+01 2.404459e+08 3.377495e+08
2.414157e+01 2.318529e+08 3.256008e+08
2.447809e+01 2.231203e+08 3.143348e+08
2.481930e+01 2.148652e+08 3.032504e+08
2.516527e+01 2.068731e+08 2.925449e+08
2.551606e+01 1.990603e+08 2.817619e+08
2.587174e+01 1.914305e+08 2.712539e+08
2.623238e+01 1.843847e+08 2.610395e+08
2.659804e+01 1.772951e+08 2.517642e+08
2.696881e+01 1.706205e+08 2.427493e+08
2.734474e+01 1.644996e+08 2.340800e+08
2.772591e+01 1.585825e+08 2.254123e+08
2.811239e+01 1.526388e+08 2.167451e+08
2.850426e+01 1.468019e+08 2.084805e+08
2.890160e+01 1.412840e+08 2.006437e+08
2.930447e+01 1.359100e+08 1.929577e+08
2.971296e+01 1.306672e+08 1.857390e+08
3.012714e+01 1.257438e+08 1.788674e+08
3.054710e+01 1.207594e+08 1.721656e+08
3.097291e+01 1.161346e+08 1.657403e+08
3.140465e+01 1.117124e+08 1.593915e+08
3.184242e+01 1.075273e+08 1.531389e+08
3.228628e+01 1.033106e+08 1.474721e+08
3.273634e+01 9.927053e+07 1.417577e+08
3.319266e+01 9.545271e+07 1.363321e+08
3.365535e+01 9.182206e+07 1.312700e+08
3.412449e+01 8.828933e+07 1.261003e+08
3.460016e+01 8.484794e+07 1.211003e+08
3.508247e+01 8.154964e+07 1.165500e+08
3.557150e+01 7.839914e+07 1.121185e+08
3.606735e+01 7.532651e+07 1.079250e+08
3.657011e+01 7.242092e+07 1.038767e+08
3.707988e+01 6.955762e+07 9.973037e+07
3.759675e+01 6.684821e+07 9.590206e+07
3.812083e+01 6.425557e+07 9.205215e+07
3.865221e+01 6.171982e+07 8.839268e+07
3.919100e+01 5.934152e+07 8.491441e+07
3.973730e+01 5.701155e+07 8.158909e+07
4.029122e+01 5.482980e+07 7.826807e+07
4.085286e+01 5.272036e+07 7.512329e+07
4.142232e+01 5.061824e+07 7.217840e+07
4.199973e+01 4.858316e+07 6.934206e+07
4.258518e+01 4.672998e+07 6.661349e+07
4.317880e+01 4.492585e+07 6.395322e+07
4.378069e+01 4.314456e+07 6.137943e+07
4.439097e+01 4.145417e+07 5.891665e+07
4.500975e+01 3.979548e+07 5.652971e+07
4.563716e+01 3.820850e+07 5.429306e+07
4.627332e+01 3.668006e+07 5.212359e+07
4.691835e+01 3.522170e+07 5.006992e+07
4.757236e+01 3.385140e+07 4.808280e+07
4.823549e+01 3.253253e+07 4.616080e+07
4.890787e+01 3.122531e+07 4.428879e+07
4.958962e+01 2.999529e+07 4.247161e+07
5.028087e+01 2.879739e+07 4.076839e+07
5.098176e+01 2.767715e+07 3.912377e+07
5.169242e+01 2.656020e+07 3.756553e+07
5.241298e+01 2.550382e+07 3.597924e+07
5.314359e+01 2.450286e+07 3.445131e+07
5.388438e+01 2.350818e+07 3.306286e+07
5.463550e+01 2.257923e+07 3.163650e+07
5.539709e+01 2.168220e+07 3.034297e+07
5.616930e+01 2.079582e+07 2.905967e+07
5.695227e+01 1.996291e+07 2.784337e+07
5.774615e+01 1.916685e+07 2.666872e+07
5.855110e+01 1.841021e+07 2.556794e+07
5.936727e+01 1.768553e+07 2.452286e+07
6.019482e+01 1.698286e+07 2.350087e+07
6.103390e+01 1.630785e+07 2.249233e+07
6.188468e+01 1.564700e+07 2.153270e+07
6.274732e+01 1.502412e+07 2.061489e+07
6.362198e+01 1.442378e+07 1.976535e+07
6.450884e+01 1.384187e+07 1.893709e+07
6.540806e+01 1.327033e+07 1.813706e+07
6.631981e+01 1.274247e+07 1.736631e+07
6.724427e+01 1.221257e+07 1.662836e+07
6.818162e+01 1.172650e+07 1.589762e+07
6.913204e+01 1.125849e+07 1.522801e+07
7.009570e+01 1.080493e+07 1.457511e+07
7.107280e+01 1.037045e+07 1.396674e+07
7.206351e+01 9.951650e+06 1.339199e+07
7.306804e+01 9.559243e+06 1.283041e+07
7.408657e+01 9.150557e+06 1.229491e+07
7.511929e+01 8.778364e+06 1.177665e+07
7.616642e+01 8.424707e+06 1.127575e+07
7.722814e+01 8.078495e+06 1.080726e+07
7.830465e+01 7.744129e+06 1.034703e+07
7.939618e+01 7.426335e+06 9.900616e+06
8.050292e+01 7.133698e+06 9.486673e+06
8.162509e+01 6.848086e+06 9.080233e+06
8.276289e+01 6.562970e+06 8.694858e+06
8.391656e+01 6.284664e+06 8.323197e+06
8.508632e+01 6.022345e+06 7.981841e+06
8.627237e+01 5.769200e+06 7.652994e+06
8.747496e+01 5.531238e+06 7.335593e+06
8.869432e+01 5.304918e+06 7.038600e+06
8.993067e+01 5.089152e+06 6.748803e+06
9.118425e+01 4.876851e+06 6.470646e+06
9.245531e+01 4.673216e+06 6.194565e+06
9.374409e+01 4.480226e+06 5.930048e+06
9.505083e+01 4.292332e+06 5.682939e+06
9.637579e+01 4.115181e+06 5.438576e+06
9.771921e+01 3.939478e+06 5.210100e+06
9.908137e+01 3.770736e+06 4.996573e+06
1.004625e+02 3.614483e+06 4.791824e+06
1.018629e+02 3.461853e+06 4.598451e+06
1.032828e+02 3.312491e+06 4.415358e+06
1.047225e+02 3.168536e+06 4.231162e+06
1.061823e+02 3.037241e+06 4.052401e+06
1.076624e+02 2.913931e+06 3.886319e+06
1.091632e+02 2.792717e+06 3.729451e+06
1.106848e+02 2.675875e+06 3.576482e+06
1.122277e+02 2.563988e+06 3.430904e+06
1.137921e+02 2.452498e+06 3.290897e+06
1.153783e+02 2.348115e+06 3.152488e+06
1.169866e+02 2.246430e+06 3.022986e+06
1.186174e+02 2.152256e+06 2.899229e+06
1.202708e+02 2.059740e+06 2.780913e+06
1.219473e+02 1.972071e+06 2.667055e+06
1.236472e+02 1.887509e+06 2.556473e+06
1.253708e+02 1.808640e+06 2.453748e+06
1.271184e+02 1.731004e+06 2.354939e+06
1.288904e+02 1.654350e+06 2.259760e+06
1.306870e+02 1.579572e+06 2.166954e+06
1.325087e+02 1.514229e+06 2.079966e+06
1.343558e+02 1.449074e+06 1.998396e+06
1.362287e+02 1.390323e+06 1.916045e+06
1.381276e+02 1.332955e+06 1.839541e+06
1.400531e+02 1.275666e+06 1.765334e+06
1.420053e+02 1.219343e+06 1.694681e+06
1.439848e+02 1.168538e+06 1.626647e+06
1.459919e+02 1.119574e+06 1.561468e+06
1.480269e+02 1.069930e+06 1.498280e+06
1.500903e+02 1.022286e+06 1.438616e+06
1.521825e+02 9.784692e+05 1.381029e+06
1.543038e+02 9.362596e+05 1.326604e+06
1.564548e+02 8.956676e+05 1.273520e+06
1.586357e+02 8.554610e+05 1.220810e+06
1.608469e+02 8.184752e+05 1.171959e+06
1.630891e+02 7.841436e+05 1.125127e+06
1.653624e+02 7.504574e+05 1.081001e+06
1.676675e+02 7.188163e+05 1.037423e+06
1.700047e+02 6.872234e+05 9.954419e+05
1.723745e+02 6.571851e+05 9.558810e+05
1.747773e+02 6.288850e+05 9.186228e+05
1.772136e+02 6.015952e+05 8.816874e+05
1.796838e+02 5.753084e+05 8.464727e+05
1.821885e+02 5.494721e+05 8.129581e+05
1.847281e+02 5.253368e+05 7.806906e+05
1.873032e+02 5.023219e+05 7.496259e+05
1.899141e+02 4.798819e+05 7.204327e+05
1.925614e+02 4.583931e+05 6.915631e+05
1.952456e+02 4.378653e+05 6.640098e+05
1.979672e+02 4.182968e+05 6.373535e+05
2.007267e+02 3.997213e+05 6.127456e+05
2.035248e+02 3.830306e+05 5.884274e+05
2.063618e+02 3.655538e+05 5.650693e+05
2.092383e+02 3.493518e+05 5.428777e+05
2.121550e+02 3.336531e+05 5.212161e+05
2.151123e+02 3.194342e+05 5.006071e+05
2.181109e+02 3.056792e+05 4.811250e+05
2.211512e+02 2.924356e+05 4.620982e+05
2.242340e+02 2.799302e+05 4.439525e+05
2.273597e+02 2.675294e+05 4.263589e+05
2.305289e+02 2.555945e+05 4.098358e+05
2.337424e+02 2.441121e+05 3.939098e+05
2.370006e+02 2.327521e+05 3.785465e+05
2.403043e+02 2.224129e+05 3.636695e+05
2.436540e+02 2.127305e+05 3.497650e+05
2.470504e+02 2.034721e+05 3.357474e+05
2.504942e+02 1.941294e+05 3.223277e+05
2.539859e+02 1.856279e+05 3.093906e+05
2.575263e+02 1.773504e+05 2.969818e+05
2.611161e+02 1.695344e+05 2.850218e+05
2.647559e+02 1.618507e+05 2.739467e+05
2.684465e+02 1.547790e+05 2.631029e+05
2.721885e+02 1.478560e+05 2.527165e+05
2.759826e+02 1.412376e+05 2.427631e+05
2.798297e+02 1.349098e+05 2.329703e+05
2.837304e+02 1.291394e+05 2.235301e+05
2.876854e+02 1.233559e+05 2.146839e+05
2.916956e+02 1.177157e+05 2.063163e+05
2.957617e+02 1.122610e+05 1.982012e+05
2.998844e+02 1.071714e+05 1.904180e+05
3.040646e+02 1.025244e+05 1.829181e+05
3.083031e+02 9.808194e+04 1.757760e+05
3.126007e+02 9.378151e+04 1.689102e+05
3.169582e+02 8.970192e+04 1.621832e+05
3.213764e+02 8.573284e+04 1.557418e+05
3.258562e+02 8.188508e+04 1.496693e+05
3.303985e+02 7.824283e+04 1.437790e+05
3.350041e+02 7.480163e+04 1.380611e+05
3.396739e+02 7.151317e+04 1.326258e+05
3.444087e+02 6.831510e+04 1.273933e+05
3.492096e+02 6.518771e+04 1.223387e+05
3.540774e+02 6.223647e+04 1.175435e+05
3.590130e+02 5.942159e+04 1.129557e+05
3.640175e+02 5.681804e+04 1.085156e+05
3.690917e+02 5.427731e+04 1.043628e+05
3.742366e+02 5.181279e+04 1.003218e+05
3.794533e+02 4.945028e+04 9.641024e+04
3.847427e+02 4.721529e+04 9.269838e+04
3.901058e+02 4.516034e+04 8.906943e+04
3.955436e+02 4.315638e+04 8.562477e+04
4.010573e+02 4.124271e+04 8.229086e+04
4.066478e+02 3.937216e+04 7.904545e+04
4.123163e+02 3.761438e+04 7.597102e+04
4.180637e+02 3.593664e+04 7.306257e+04
4.238913e+02 3.434017e+04 7.020815e+04
4.298001e+02 3.281031e+04 6.735995e+04
4.357913e+02 3.131316e+04 6.472840e+04
4.418660e+02 2.994138e+04 6.215616e+04
4.480254e+02 2.860643e+04 5.965398e+04
4.542706e+02 2.731997e+04 5.730451e+04
4.606029e+02 2.607627e+04 5.505733e+04
4.670234e+02 2.492220e+04 5.294134e+04
4.735335e+02 2.382713e+04 5.083906e+04
4.801343e+02 2.277140e+04 4.887784e+04
4.868271e+02 2.176212e+04 4.692925e+04
4.936132e+02 2.081697e+04 4.506844e+04
5.004939e+02 1.989450e+04 4.333111e+04
5.074705e+02 1.900814e+04 4.165589e+04
5.145444e+02 1.817461e+04 4.004061e+04
5.217169e+02 1.737644e+04 3.845694e+04
5.289893e+02 1.660665e+04 3.692727e+04
5.363631e+02 1.587261e+04 3.549211e+04
5.438397e+02 1.519628e+04 3.410598e+04
5.514206e+02 1.452092e+04 3.278715e+04
5.591071e+02 1.387025e+04 3.150594e+04
5.669007e+02 1.325337e+04 3.029451e+04
5.748030e+02 1.267475e+04 2.908892e+04
5.828155e+02 1.211865e+04 2.795673e+04
5.909396e+02 1.155959e+04 2.686632e+04
5.991770e+02 1.103864e+04 2.580354e+04
6.075292e+02 1.055520e+04 2.479750e+04
6.159978e+02 1.009232e+04 2.381693e+04
6.245845e+02 9.650085e+03 2.287138e+04
6.332908e+02 9.231211e+03 2.196436e+04
6.421186e+02 8.819350e+03 2.110638e+04
6.510694e+02 8.433405e+03 2.026833e+04
6.601449e+02 8.067090e+03 1.946356e+04
6.693470e+02 7.706200e+03 1.869048e+04
6.786773e+02 7.370147e+03 1.795100e+04
6.881377e+02 7.037662e+03 1.724293e+04
6.977300e+02 6.724864e+03 1.657016e+04
7.074559e+02 6.424434e+03 1.594065e+04
7.173175e+02 6.133710e+03 1.531092e+04
7.273165e+02 5.867831e+03 1.472064e+04
7.374549e+02 5.603662e+03 1.415200e+04
7.477346e+02 5.349035e+03 1.359562e+04
7.581576e+02 5.105586e+03 1.306009e+04
7.687260e+02 4.874018e+03 1.254865e+04
7.794416e+02 4.655495e+03 1.205913e+04
7.903066e+02 4.449143e+03 1.158514e+04
8.013230e+02 4.252350e+03 1.113132e+04
8.124930e+02 4.064693e+03 1.069622e+04
8.238187e+02 3.885711e+03 1.027801e+04
8.353023e+02 3.716090e+03 9.875831e+03
8.469460e+02 3.554999e+03 9.490452e+03
8.587519e+02 3.398422e+03 9.120437e+03
8.707225e+02 3.243174e+03 8.764849e+03
8.828599e+02 3.095142e+03 8.423124e+03
8.951665e+02 2.956322e+03 8.091096e+03
9.076446e+02 2.826930e+03 7.765364e+03
9.202967e+02 2.703200e+03 7.464084e+03
9.331251e+02 2.584886e+03 7.170960e+03
9.461324e+02 2.471499e+03 6.891832e+03
9.593209e+02 2.362239e+03 6.625548e+03
9.726934e+02 2.257808e+03 6.369792e+03
9.862522e+02 2.157995e+03 6.123715e+03
1.000000e+03 2.062060e+03 5.886576e+03
