Energy (MeV)
1.0000e-03
1.5000e-03
2.0000e-03
2.5000e-03
3.0000e-03
3.5000e-03
4.0000e-03
4.5000e-03
5.0000e-03
5.5000e-03
6.0000e-03
6.5000e-03
7.0000e-03
7.5000e-03
8.0000e-03
8.5000e-03
9.0000e-03
9.5000e-03
1.0000e-02
1.5000e-02
2.0000e-02
2.5000e-02
3.0000e-02
3.5000e-02
4.0000e-02
4.5000e-02
5.0000e-02
5.5000e-02
6.0000e-02
6.5000e-02
7.0000e-02
7.5000e-02
8.0000e-02
8.5000e-02
9.0000e-02
9.5000e-02
1.0000e-01
1.0406e-01
1.0828e-01
1.1267e-01
1.1724e-01
1.2200e-01
1.2695e-01
1.3210e-01
1.3746e-01
1.4304e-01
1.4884e-01
1.5488e-01
1.6117e-01
1.6771e-01
1.7451e-01
1.8159e-01
1.8896e-01
1.9663e-01
2.0461e-01
2.1291e-01
2.2155e-01
2.3054e-01
2.3989e-01
2.4962e-01
2.5975e-01
2.7029e-01
2.8126e-01
2.9267e-01
3.0454e-01
3.1690e-01
3.2976e-01
3.4314e-01
3.5706e-01
3.7155e-01
3.8662e-01
4.0231e-01
4.1864e-01
4.3562e-01
4.5330e-01
4.7169e-01
4.9083e-01
5.1074e-01
5.3147e-01
5.5303e-01
5.7547e-01
5.9882e-01
6.2311e-01
6.4840e-01
6.7471e-01
7.0208e-01
7.3057e-01
7.6021e-01
7.9106e-01
8.2315e-01
8.5655e-01
8.9131e-01
9.2747e-01
9.6510e-01
1.0043e+00
1.0450e+00
1.0874e+00
1.1315e+00
1.1774e+00
1.2252e+00
1.2749e+00
1.3267e+00
1.3805e+00
1.4365e+00
1.4948e+00
1.5554e+00
1.6185e+00
1.6842e+00
1.7526e+00
1.8237e+00
1.8977e+00
1.9747e+00
2.0548e+00
2.1381e+00
2.2249e+00
2.3152e+00
2.4091e+00
2.5069e+00
2.6086e+00
2.7144e+00
2.8246e+00
2.9392e+00
3.0584e+00
3.1825e+00
3.3116e+00
3.4460e+00
3.5858e+00
3.7313e+00
3.8827e+00
4.0403e+00
4.2042e+00
4.3748e+00
4.5523e+00
4.7370e+00
4.9292e+00
5.1292e+00
5.3373e+00
5.5539e+00
5.7792e+00
6.0137e+00
6.2577e+00
6.5116e+00
6.7758e+00
7.0507e+00
7.3368e+00
7.6345e+00
7.9443e+00
8.2666e+00
8.6020e+00
8.9510e+00
9.3142e+00
9.6921e+00
1.0085e+01
1.0495e+01
1.0920e+01
1.1364e+01
1.1825e+01
1.2304e+01
1.2804e+01
1.3323e+01
1.3864e+01
1.4426e+01
1.5012e+01
1.5621e+01
1.6254e+01
1.6914e+01
1.7600e+01
1.8314e+01
1.9057e+01
1.9831e+01
2.0635e+01
2.1473e+01
2.2344e+01
2.3250e+01
2.4194e+01
2.5175e+01
2.6197e+01
2.7260e+01
2.8366e+01
2.9517e+01
3.0714e+01
3.1961e+01
3.3257e+01
3.4607e+01
3.6011e+01
3.7472e+01
3.8993e+01
4.0575e+01
4.2221e+01
4.3934e+01
4.5717e+01
4.7572e+01
4.9502e+01
5.1510e+01
5.3600e+01
5.5775e+01
5.8038e+01
6.0393e+01
6.2844e+01
6.5393e+01
6.8047e+01
7.0808e+01
7.3681e+01
7.6670e+01
7.9781e+01
8.3018e+01
8.6387e+01
8.9892e+01
9.3539e+01
9.7334e+01
1.0128e+02
1.0539e+02
1.0967e+02
1.1412e+02
1.1875e+02
1.2357e+02
1.2858e+02
1.3380e+02
1.3923e+02
1.4488e+02
1.5075e+02
1.5687e+02
1.6324e+02
1.6986e+02
1.7675e+02
1.8392e+02
1.9139e+02
1.9915e+02
2.0723e+02
2.1564e+02
2.2439e+02
2.3349e+02
2.4297e+02
2.5283e+02
2.6308e+02
2.7376e+02
2.8487e+02
2.9643e+02
3.0845e+02
3.2097e+02
3.3399e+02
3.4754e+02
3.6164e+02
3.7632e+02
3.9159e+02
4.0748e+02
4.2401e+02
4.4121e+02
4.5911e+02
4.7774e+02
4.9713e+02
5.1730e+02
5.3829e+02
5.6013e+02
5.8285e+02
6.0650e+02
6.3111e+02
6.5672e+02
6.8337e+02
7.1109e+02
7.3995e+02
7.6997e+02
8.0121e+02
8.3372e+02
8.6755e+02
9.0275e+02
9.3937e+02
9.7749e+02
1.0172e+03
1.0584e+03
1.1014e+03
1.1461e+03
1.1926e+03
1.2409e+03
1.2913e+03
1.3437e+03
1.3982e+03
1.4549e+03
1.5140e+03
1.5754e+03
1.6393e+03
1.7058e+03
1.7750e+03
1.8471e+03
1.9220e+03
2.0000e+03
