# Energy(MeV) Fluence(p/cm2 MeV) - May 2024 Event - Chi2_red: 4.65
5.000000e-02 nan
5.168383e-02 nan
5.342437e-02 nan
5.522353e-02 nan
5.708327e-02 nan
5.900565e-02 nan
6.099276e-02 nan
6.304680e-02 nan
6.517000e-02 nan
6.736471e-02 nan
6.963333e-02 nan
7.197835e-02 nan
7.440234e-02 nan
7.690796e-02 nan
7.949797e-02 nan
8.217519e-02 nan
8.494258e-02 nan
8.780317e-02 nan
9.076008e-02 nan
9.381658e-02 nan
9.697601e-02 nan
1.002418e-01 nan
1.036177e-01 nan
1.071072e-01 nan
1.107142e-01 nan
1.144426e-01 nan
1.182967e-01 nan
1.222805e-01 nan
1.263985e-01 nan
1.306552e-01 nan
1.350553e-01 nan
1.396035e-01 nan
1.443048e-01 nan
1.491646e-01 nan
1.541879e-01 nan
1.593805e-01 nan
1.647479e-01 nan
1.702960e-01 nan
1.760310e-01 nan
1.819592e-01 nan
1.880869e-01 nan
1.944211e-01 nan
2.009685e-01 nan
2.077365e-01 nan
2.147324e-01 nan
2.219638e-01 nan
2.294388e-01 nan
2.371656e-01 nan
2.451525e-01 nan
2.534084e-01 nan
2.619424e-01 nan
2.707637e-01 nan
2.798822e-01 nan
2.893077e-01 nan
2.990506e-01 nan
3.091216e-01 nan
3.195318e-01 nan
3.302926e-01 nan
3.414157e-01 nan
3.529135e-01 nan
3.647984e-01 nan
3.770836e-01 nan
3.897825e-01 nan
4.029091e-01 nan
4.164778e-01 nan
4.305033e-01 nan
4.450013e-01 nan
4.599874e-01 nan
4.754783e-01 nan
4.914908e-01 nan
5.080426e-01 nan
5.251518e-01 nan
5.428371e-01 nan
5.611181e-01 nan
5.800147e-01 nan
5.995476e-01 nan
6.197384e-01 nan
6.406091e-01 nan
6.621827e-01 nan
6.844828e-01 nan
7.075339e-01 nan
7.313613e-01 nan
7.559911e-01 nan
7.814504e-01 nan
8.077670e-01 nan
8.349699e-01 nan
8.630889e-01 nan
8.921549e-01 nan
9.221997e-01 nan
9.532563e-01 nan
9.853588e-01 nan
1.018542e+00 nan
1.052844e+00 nan
1.088300e+00 nan
1.124950e+00 nan
1.162835e+00 nan
1.201995e+00 nan
1.242474e+00 nan
1.284317e+00 nan
1.327568e+00 nan
1.372276e+00 nan
1.418490e+00 nan
1.466260e+00 nan
1.515639e+00 nan
1.566680e+00 nan
1.619441e+00 nan
1.673978e+00 nan
1.730352e+00 nan
1.788625e+00 nan
1.848860e+00 nan
1.911123e+00 nan
1.975484e+00 nan
2.042011e+00 nan
2.110780e+00 nan
2.181864e+00 nan
2.255341e+00 nan
2.331294e+00 nan
2.409804e+00 nan
2.490958e+00 nan
2.574845e+00 nan
2.661558e+00 nan
2.751190e+00 nan
2.843841e+00 nan
2.939612e+00 nan
3.038609e+00 nan
3.140939e+00 nan
3.246715e+00 nan
3.356054e+00 nan
3.469074e+00 nan
3.585901e+00 nan
3.706663e+00 nan
3.831491e+00 nan
3.960522e+00 nan
4.093900e+00 nan
4.231769e+00 nan
4.374280e+00 nan
4.521592e+00 nan
4.673864e+00 nan
4.831264e+00 nan
4.993965e+00 nan
5.162145e+00 nan
5.335989e+00 nan
5.515687e+00 nan
5.701437e+00 nan
5.893443e+00 nan
6.091914e+00 nan
6.297070e+00 nan
6.509134e+00 nan
6.728340e+00 nan
6.954928e+00 nan
7.189147e+00 nan
7.431253e+00 nan
7.681513e+00 nan
7.940201e+00 nan
8.207601e+00 nan
8.484005e+00 nan
8.769719e+00 nan
9.065053e+00 nan
9.370334e+00 nan
9.685896e+00 nan
1.001208e+01 nan
1.034926e+01 nan
1.069779e+01 nan
1.105805e+01 nan
1.143045e+01 nan
1.181539e+01 nan
1.221329e+01 nan
1.262460e+01 nan
1.304975e+01 nan
1.348922e+01 nan
1.394350e+01 nan
1.441307e+01 nan
1.489845e+01 nan
1.540018e+01 nan
1.591881e+01 nan
1.645490e+01 nan
1.700905e+01 nan
1.758185e+01 nan
1.817395e+01 nan
1.878599e+01 nan
1.941864e+01 nan
2.007260e+01 nan
2.074857e+01 nan
2.144732e+01 nan
2.216959e+01 nan
2.291619e+01 nan
2.368793e+01 nan
2.448566e+01 nan
2.531026e+01 nan
2.616262e+01 nan
2.704369e+01 nan
2.795443e+01 nan
2.889585e+01 nan
2.986896e+01 nan
3.087485e+01 nan
3.191461e+01 nan
3.298939e+01 nan
3.410036e+01 nan
3.524875e+01 nan
3.643581e+01 nan
3.766285e+01 nan
3.893121e+01 nan
4.024228e+01 nan
4.159751e+01 nan
4.299837e+01 nan
4.444641e+01 nan
4.594322e+01 nan
4.749044e+01 nan
4.908976e+01 nan
5.074294e+01 nan
5.245179e+01 nan
5.421819e+01 nan
5.604408e+01 nan
5.793146e+01 nan
5.988240e+01 nan
6.189904e+01 nan
6.398359e+01 nan
6.613834e+01 nan
6.836566e+01 nan
7.066799e+01 nan
7.304785e+01 nan
7.550786e+01 nan
7.805072e+01 nan
8.067920e+01 nan
8.339621e+01 nan
8.620472e+01 nan
8.910781e+01 nan
9.210866e+01 nan
9.521057e+01 nan
9.841695e+01 nan
1.017313e+02 nan
1.051573e+02 nan
1.086986e+02 nan
1.123592e+02 nan
1.161431e+02 nan
1.200544e+02 nan
1.240975e+02 nan
1.282767e+02 nan
1.325966e+02 nan
1.370620e+02 nan
1.416778e+02 nan
1.464490e+02 nan
1.513809e+02 nan
1.564789e+02 nan
1.617486e+02 nan
1.671958e+02 nan
1.728264e+02 nan
1.786466e+02 nan
1.846628e+02 nan
1.908817e+02 nan
1.973099e+02 nan
2.039547e+02 nan
2.108232e+02 nan
2.179230e+02 nan
2.252619e+02 nan
2.328480e+02 nan
2.406895e+02 nan
2.487952e+02 nan
2.571738e+02 nan
2.658345e+02 nan
2.747869e+02 nan
2.840408e+02 nan
2.936064e+02 nan
3.034941e+02 nan
3.137148e+02 nan
3.242796e+02 nan
3.352003e+02 nan
3.464887e+02 nan
3.581573e+02 nan
3.702189e+02 nan
3.826866e+02 nan
3.955742e+02 nan
4.088958e+02 nan
4.226661e+02 nan
4.369001e+02 nan
4.516134e+02 nan
4.668222e+02 nan
4.825433e+02 nan
4.987937e+02 nan
5.155914e+02 nan
5.329548e+02 nan
5.509030e+02 nan
5.694556e+02 nan
5.886329e+02 nan
6.084561e+02 nan
6.289469e+02 nan
6.501277e+02 nan
6.720219e+02 nan
6.946533e+02 nan
7.180470e+02 nan
7.422284e+02 nan
7.672242e+02 nan
7.930617e+02 nan
8.197694e+02 nan
8.473765e+02 nan
8.759133e+02 nan
9.054112e+02 nan
9.359024e+02 nan
9.674205e+02 nan
1.000000e+03 nan
