Energy_MeV	Diff_Fluence
1.000000e-01	2.720346e+07
1.051025e-01	2.591798e+07
1.104654e-01	2.469153e+07
1.161020e-01	2.352141e+07
1.220261e-01	2.240502e+07
1.282526e-01	2.133991e+07
1.347967e-01	2.032371e+07
1.416748e-01	1.935418e+07
1.489038e-01	1.842918e+07
1.565017e-01	1.754667e+07
1.644872e-01	1.670470e+07
1.728802e-01	1.590140e+07
1.817015e-01	1.513501e+07
1.909729e-01	1.440383e+07
2.007174e-01	1.370625e+07
2.109591e-01	1.304072e+07
2.217234e-01	1.240579e+07
2.330369e-01	1.180005e+07
2.449277e-01	1.122216e+07
2.574252e-01	1.067084e+07
2.705605e-01	1.014490e+07
2.843659e-01	9.643151e+06
2.988758e-01	9.164502e+06
3.141261e-01	8.707897e+06
3.301545e-01	8.272328e+06
3.470007e-01	7.856837e+06
3.647066e-01	7.460507e+06
3.833159e-01	7.082468e+06
4.028748e-01	6.721886e+06
4.234316e-01	6.377968e+06
4.450374e-01	6.049957e+06
4.677456e-01	5.737133e+06
4.916125e-01	5.438806e+06
5.166972e-01	5.154322e+06
5.430619e-01	4.883056e+06
5.707719e-01	4.624410e+06
5.998957e-01	4.377816e+06
6.305057e-01	4.142734e+06
6.626775e-01	3.918647e+06
6.964909e-01	3.705062e+06
7.320296e-01	3.501510e+06
7.693817e-01	3.307546e+06
8.086397e-01	3.122742e+06
8.499009e-01	2.946692e+06
8.932674e-01	2.779011e+06
9.388468e-01	2.619329e+06
9.867518e-01	2.467295e+06
1.037101e+00	2.322574e+06
1.090020e+00	2.184848e+06
1.145638e+00	2.053813e+06
1.204095e+00	1.929179e+06
1.265535e+00	1.810672e+06
1.330109e+00	1.698027e+06
1.397978e+00	1.590994e+06
1.469311e+00	1.489335e+06
1.544283e+00	1.392822e+06
1.623081e+00	1.301239e+06
1.705899e+00	1.214377e+06
1.792943e+00	1.132040e+06
1.884429e+00	1.054040e+06
1.980583e+00	9.801955e+05
2.081643e+00	9.103354e+05
2.187859e+00	8.442952e+05
2.299496e+00	7.819175e+05
2.416828e+00	7.230516e+05
2.540148e+00	6.675531e+05
2.669760e+00	6.152835e+05
2.805986e+00	5.661096e+05
2.949162e+00	5.199032e+05
3.099645e+00	4.765411e+05
3.257805e+00	4.359040e+05
3.424036e+00	3.978771e+05
3.598749e+00	3.623488e+05
3.782377e+00	3.292111e+05
3.975374e+00	2.983593e+05
4.178219e+00	2.696911e+05
4.391414e+00	2.431071e+05
4.615488e+00	2.185102e+05
4.850995e+00	1.958054e+05
5.098519e+00	1.748996e+05
5.358673e+00	1.557018e+05
5.632102e+00	1.381226e+05
5.919482e+00	1.221054e+05
6.221526e+00	1.078632e+05
6.538982e+00	9.528211e+04
6.872636e+00	8.416852e+04
7.223315e+00	7.435119e+04
7.591888e+00	6.567895e+04
7.979267e+00	5.801823e+04
8.386413e+00	5.125105e+04
8.814333e+00	4.527319e+04
9.264088e+00	3.999257e+04
9.736792e+00	3.532788e+04
1.023362e+01	3.120728e+04
1.075579e+01	2.756730e+04
1.130461e+01	2.435188e+04
1.188143e+01	2.151150e+04
1.248769e+01	1.900243e+04
1.312487e+01	1.678600e+04
1.379458e+01	1.482810e+04
1.449845e+01	1.309857e+04
1.523824e+01	1.157077e+04
1.601578e+01	1.022117e+04
1.683299e+01	9.028981e+03
1.769190e+01	7.975850e+03
1.859464e+01	7.045556e+03
1.954344e+01	6.223770e+03
2.054065e+01	5.497837e+03
2.158874e+01	4.856575e+03
2.269032e+01	4.290110e+03
2.384810e+01	3.789716e+03
2.506496e+01	3.347688e+03
2.634391e+01	2.957217e+03
2.768812e+01	2.612291e+03
2.910091e+01	2.307596e+03
3.058580e+01	2.038441e+03
3.214645e+01	1.800679e+03
3.378674e+01	1.590650e+03
3.551072e+01	1.405118e+03
3.732267e+01	1.241227e+03
3.922708e+01	1.096452e+03
4.122865e+01	9.685628e+02
4.333236e+01	8.555907e+02
4.554341e+01	7.557956e+02
4.786728e+01	6.676404e+02
5.030973e+01	5.897676e+02
5.287681e+01	5.209777e+02
5.557487e+01	4.602115e+02
5.841060e+01	4.065329e+02
6.139102e+01	3.591154e+02
6.452353e+01	3.172286e+02
6.781586e+01	2.802274e+02
7.127620e+01	2.475420e+02
7.491309e+01	2.186690e+02
7.873557e+01	1.931637e+02
8.275308e+01	1.706333e+02
8.697559e+01	1.507308e+02
9.141356e+01	1.331497e+02
9.607797e+01	1.176193e+02
1.009804e+02	1.039003e+02
1.061330e+02	9.178149e+01
1.115484e+02	8.107620e+01
1.172402e+02	7.161956e+01
1.232225e+02	6.326594e+01
1.295099e+02	5.588667e+01
1.361182e+02	4.936811e+01
1.430637e+02	4.360987e+01
1.503636e+02	3.852326e+01
1.580360e+02	3.402995e+01
1.660998e+02	3.006074e+01
1.745751e+02	2.655449e+01
1.834829e+02	2.345720e+01
1.928452e+02	2.072118e+01
2.026852e+02	1.830428e+01
2.130273e+02	1.616929e+01
2.238971e+02	1.428332e+01
2.353216e+02	1.261733e+01
2.473289e+02	1.114566e+01
2.599490e+02	9.845645e+00
2.732130e+02	8.697260e+00
2.871538e+02	7.682821e+00
3.018059e+02	6.786705e+00
3.172057e+02	5.995112e+00
3.333913e+02	5.295849e+00
3.504027e+02	4.678147e+00
3.682821e+02	4.132493e+00
3.870739e+02	3.650484e+00
4.068245e+02	3.224695e+00
4.275829e+02	2.848570e+00
4.494005e+02	2.516316e+00
4.723313e+02	2.222816e+00
4.964322e+02	1.963549e+00
5.217629e+02	1.734523e+00
5.483860e+02	1.532210e+00
5.763676e+02	1.353495e+00
6.057770e+02	1.195625e+00
6.366871e+02	1.056168e+00
6.691743e+02	9.329782e-01
7.033192e+02	8.241566e-01
7.392063e+02	7.280279e-01
7.769246e+02	6.431116e-01
8.165675e+02	5.680998e-01
8.582332e+02	5.018372e-01
9.020249e+02	4.433035e-01
9.480511e+02	3.915971e-01
9.964258e+02	3.459216e-01
1.047269e+03	3.055737e-01
1.100706e+03	2.699319e-01
1.156870e+03	2.384474e-01
1.215900e+03	2.106352e-01
1.277942e+03	1.860669e-01
1.343149e+03	1.643643e-01
1.411684e+03	1.451930e-01
1.483716e+03	1.282579e-01
1.559423e+03	1.132980e-01
1.638993e+03	1.000831e-01
1.722623e+03	8.840948e-02
1.810521e+03	7.809749e-02
1.902904e+03	6.898829e-02
2.000000e+03	6.094157e-02
