Energy(MeV)   SpectralFluence(cm^-2 MeV^-1)
5.000000e-02 1.773882e+10
5.168383e-02 1.704837e+10
5.342437e-02 1.638463e+10
5.522353e-02 1.574658e+10
5.708327e-02 1.513322e+10
5.900565e-02 1.454359e+10
6.099276e-02 1.397678e+10
6.304680e-02 1.343190e+10
6.517000e-02 1.290811e+10
6.736471e-02 1.240460e+10
6.963333e-02 1.192057e+10
7.197835e-02 1.145528e+10
7.440234e-02 1.100800e+10
7.690796e-02 1.057804e+10
7.949797e-02 1.016472e+10
8.217519e-02 9.767411e+09
8.494258e-02 9.385481e+09
8.780317e-02 9.018341e+09
9.076008e-02 8.665418e+09
9.381658e-02 8.326164e+09
9.697601e-02 8.000050e+09
1.002418e-01 7.686568e+09
1.036177e-01 7.385230e+09
1.071072e-01 7.095567e+09
1.107142e-01 6.817126e+09
1.144426e-01 6.549475e+09
1.182967e-01 6.292196e+09
1.222805e-01 6.044889e+09
1.263985e-01 5.807167e+09
1.306552e-01 5.578661e+09
1.350553e-01 5.359014e+09
1.396035e-01 5.147883e+09
1.443048e-01 4.944940e+09
1.491646e-01 4.749868e+09
1.541879e-01 4.562363e+09
1.593805e-01 4.382132e+09
1.647479e-01 4.208893e+09
1.702960e-01 4.042378e+09
1.760310e-01 3.882325e+09
1.819592e-01 3.728486e+09
1.880869e-01 3.580619e+09
1.944211e-01 3.438494e+09
2.009685e-01 3.301889e+09
2.077365e-01 3.170591e+09
2.147324e-01 3.044394e+09
2.219638e-01 2.923101e+09
2.294388e-01 2.806524e+09
2.371656e-01 2.694478e+09
2.451525e-01 2.586790e+09
2.534084e-01 2.483291e+09
2.619424e-01 2.383818e+09
2.707637e-01 2.288217e+09
2.798822e-01 2.196337e+09
2.893077e-01 2.108035e+09
2.990506e-01 2.023173e+09
3.091216e-01 1.941617e+09
3.195318e-01 1.863239e+09
3.302926e-01 1.787918e+09
3.414157e-01 1.715534e+09
3.529135e-01 1.645975e+09
3.647984e-01 1.579130e+09
3.770836e-01 1.514896e+09
3.897825e-01 1.453171e+09
4.029091e-01 1.393858e+09
4.164778e-01 1.336865e+09
4.305033e-01 1.282100e+09
4.450013e-01 1.229480e+09
4.599874e-01 1.178919e+09
4.754783e-01 1.130340e+09
4.914908e-01 1.083665e+09
5.080426e-01 1.038821e+09
5.251518e-01 9.957365e+08
5.428371e-01 9.543445e+08
5.611181e-01 9.145793e+08
5.800147e-01 8.763781e+08
5.995476e-01 8.396804e+08
6.197384e-01 8.044282e+08
6.406091e-01 7.705657e+08
6.621827e-01 7.380393e+08
6.844828e-01 7.067973e+08
7.075339e-01 6.767903e+08
7.313613e-01 6.479706e+08
7.559911e-01 6.202923e+08
7.814504e-01 5.937114e+08
8.077670e-01 5.681857e+08
8.349699e-01 5.436744e+08
8.630889e-01 5.201383e+08
8.921549e-01 4.975400e+08
9.221997e-01 4.758432e+08
9.532563e-01 4.550133e+08
9.853588e-01 4.350168e+08
1.018542e+00 4.158216e+08
1.052844e+00 3.973968e+08
1.088300e+00 3.797129e+08
1.124950e+00 3.627413e+08
1.162835e+00 3.464545e+08
1.201995e+00 3.308262e+08
1.242474e+00 3.158312e+08
1.284317e+00 3.014450e+08
1.327568e+00 2.876443e+08
1.372276e+00 2.744065e+08
1.418490e+00 2.617100e+08
1.466260e+00 2.495341e+08
1.515639e+00 2.378587e+08
1.566680e+00 2.266646e+08
1.619441e+00 2.159333e+08
1.673978e+00 2.056472e+08
1.730352e+00 1.957891e+08
1.788625e+00 1.863426e+08
1.848860e+00 1.772919e+08
1.911123e+00 1.686218e+08
1.975484e+00 1.603178e+08
2.042011e+00 1.523659e+08
2.110780e+00 1.447524e+08
2.181864e+00 1.374646e+08
2.255341e+00 1.304898e+08
2.331294e+00 1.238161e+08
2.409804e+00 1.174320e+08
2.490958e+00 1.113263e+08
2.574845e+00 1.054884e+08
2.661558e+00 9.990794e+07
2.751190e+00 9.457513e+07
2.843841e+00 8.948042e+07
2.939612e+00 8.461465e+07
3.038609e+00 7.996902e+07
3.140939e+00 7.553505e+07
3.246715e+00 7.130457e+07
3.356054e+00 6.726973e+07
3.469074e+00 6.342295e+07
3.585901e+00 5.975694e+07
3.706663e+00 5.626469e+07
3.831491e+00 5.293941e+07
3.960522e+00 4.977460e+07
4.093900e+00 4.676395e+07
4.231769e+00 4.390142e+07
4.374280e+00 4.118115e+07
4.521592e+00 3.860210e+07
4.673864e+00 3.618093e+07
4.831264e+00 3.391123e+07
4.993965e+00 3.178354e+07
5.162145e+00 2.978899e+07
5.335989e+00 2.791925e+07
5.515687e+00 2.616653e+07
5.701437e+00 2.452351e+07
5.893443e+00 2.298335e+07
6.091914e+00 2.153960e+07
6.297070e+00 2.018625e+07
6.509134e+00 1.891763e+07
6.728340e+00 1.772847e+07
6.954928e+00 1.661378e+07
7.189147e+00 1.556892e+07
7.431253e+00 1.458952e+07
7.681513e+00 1.367148e+07
7.940201e+00 1.281097e+07
8.207601e+00 1.200439e+07
8.484005e+00 1.124837e+07
8.769719e+00 1.053974e+07
9.065053e+00 9.875548e+06
9.370334e+00 9.253007e+06
9.685896e+00 8.669513e+06
1.001208e+01 8.122622e+06
1.034926e+01 7.610046e+06
1.069779e+01 7.129636e+06
1.105805e+01 6.679380e+06
1.143045e+01 6.257392e+06
1.181539e+01 5.861900e+06
1.221329e+01 5.491248e+06
1.262460e+01 5.143880e+06
1.304975e+01 4.818338e+06
1.348922e+01 4.513256e+06
1.394350e+01 4.227352e+06
1.441307e+01 3.959425e+06
1.489845e+01 3.708349e+06
1.540018e+01 3.473069e+06
1.591881e+01 3.252595e+06
1.645490e+01 3.046000e+06
1.700905e+01 2.852412e+06
1.758185e+01 2.671018e+06
1.817395e+01 2.501052e+06
1.878599e+01 2.341798e+06
1.941864e+01 2.192585e+06
2.007260e+01 2.052783e+06
2.074857e+01 1.921800e+06
2.144732e+01 1.799085e+06
2.216959e+01 1.684118e+06
2.291619e+01 1.576413e+06
2.368793e+01 1.475514e+06
2.448566e+01 1.380993e+06
2.531026e+01 1.292451e+06
2.616262e+01 1.209511e+06
2.704369e+01 1.131821e+06
2.795443e+01 1.059053e+06
2.889585e+01 9.908951e+05
2.986896e+01 9.270590e+05
3.087485e+01 8.672725e+05
3.191461e+01 8.112807e+05
3.298939e+01 7.588451e+05
3.410036e+01 7.097416e+05
3.524875e+01 6.637606e+05
3.643581e+01 6.207053e+05
3.766285e+01 5.803915e+05
3.893121e+01 5.426464e+05
4.024228e+01 5.073080e+05
4.159751e+01 4.742246e+05
4.299837e+01 4.432539e+05
4.444641e+01 4.142626e+05
4.594322e+01 3.871257e+05
4.749044e+01 3.617260e+05
4.908976e+01 3.379539e+05
5.074294e+01 3.157064e+05
5.245179e+01 2.948871e+05
5.421819e+01 2.754057e+05
5.604408e+01 2.571774e+05
5.793146e+01 2.401229e+05
5.988240e+01 2.241678e+05
6.189904e+01 2.092425e+05
6.398359e+01 1.952815e+05
6.613834e+01 1.822237e+05
6.836566e+01 1.700117e+05
7.066799e+01 1.585918e+05
7.304785e+01 1.479136e+05
7.550786e+01 1.379299e+05
7.805072e+01 1.285965e+05
8.067920e+01 1.198719e+05
8.339621e+01 1.117174e+05
8.620472e+01 1.040965e+05
8.910781e+01 9.697515e+04
9.210866e+01 9.032144e+04
9.521057e+01 8.410545e+04
9.841695e+01 7.829914e+04
1.017313e+02 7.287625e+04
1.051573e+02 6.781219e+04
1.086986e+02 6.308391e+04
1.123592e+02 5.866982e+04
1.161431e+02 5.454971e+04
1.200544e+02 5.070463e+04
1.240975e+02 4.711684e+04
1.282767e+02 4.376973e+04
1.325966e+02 4.064772e+04
1.370620e+02 3.773625e+04
1.416778e+02 3.502166e+04
1.464490e+02 3.249116e+04
1.513809e+02 3.013279e+04
1.564789e+02 2.793532e+04
1.617486e+02 2.588827e+04
1.671958e+02 2.398180e+04
1.728264e+02 2.220671e+04
1.786466e+02 2.055438e+04
1.846628e+02 1.901674e+04
1.908817e+02 1.758624e+04
1.973099e+02 1.625581e+04
2.039547e+02 1.501883e+04
2.108232e+02 1.386911e+04
2.179230e+02 1.280085e+04
2.252619e+02 1.180861e+04
2.328480e+02 1.088733e+04
2.406895e+02 1.003226e+04
2.487952e+02 9.238931e+03
2.571738e+02 8.503202e+03
2.658345e+02 7.821175e+03
2.747869e+02 7.189210e+03
2.840408e+02 6.603900e+03
2.936064e+02 6.062060e+03
3.034941e+02 5.560711e+03
3.137148e+02 5.097066e+03
3.242796e+02 4.668521e+03
3.352003e+02 4.272641e+03
3.464887e+02 3.907149e+03
3.581573e+02 3.569916e+03
3.702189e+02 3.258955e+03
3.826866e+02 2.972407e+03
3.955742e+02 2.708535e+03
4.088958e+02 2.465718e+03
4.226661e+02 2.242442e+03
4.369001e+02 2.037291e+03
4.516134e+02 1.848946e+03
4.668222e+02 1.676174e+03
4.825433e+02 1.517825e+03
4.987937e+02 1.372825e+03
5.155914e+02 1.240174e+03
5.329548e+02 1.118938e+03
5.509030e+02 1.008249e+03
5.694556e+02 9.072943e+02
5.886329e+02 8.153199e+02
6.084561e+02 7.316225e+02
6.289469e+02 6.555478e+02
6.501277e+02 5.864869e+02
6.720219e+02 5.238736e+02
6.946533e+02 4.671818e+02
7.180470e+02 4.159228e+02
7.422284e+02 3.696427e+02
7.672242e+02 3.279206e+02
7.930617e+02 2.903663e+02
8.197694e+02 2.566180e+02
8.473765e+02 2.263411e+02
8.759133e+02 1.992260e+02
9.054112e+02 1.749866e+02
9.359024e+02 1.533587e+02
9.674205e+02 1.340989e+02
1.000000e+03 1.169827e+02
