4.000000e+00 2.411059e+09
4.052045e+00 2.369338e+09
4.104766e+00 2.328119e+09
4.158174e+00 2.287711e+09
4.212276e+00 2.248649e+09
4.267083e+00 2.211713e+09
4.322602e+00 2.173971e+09
4.378844e+00 2.136924e+09
4.435818e+00 2.100319e+09
4.493533e+00 2.064858e+09
4.551999e+00 2.030120e+09
4.611226e+00 1.994563e+09
4.671223e+00 1.959761e+09
4.732001e+00 1.925888e+09
4.793569e+00 1.893630e+09
4.855939e+00 1.861157e+09
4.919121e+00 1.827943e+09
4.983124e+00 1.796569e+09
5.047960e+00 1.766589e+09
5.113640e+00 1.736712e+09
5.180174e+00 1.706523e+09
5.247574e+00 1.676170e+09
5.315851e+00 1.648758e+09
5.385016e+00 1.621046e+09
5.455081e+00 1.593389e+09
5.526058e+00 1.566327e+09
5.597958e+00 1.539248e+09
5.670794e+00 1.513195e+09
5.744577e+00 1.486919e+09
5.819321e+00 1.462329e+09
5.895036e+00 1.436728e+09
5.971738e+00 1.411742e+09
6.049437e+00 1.387631e+09
6.128147e+00 1.363747e+09
6.207881e+00 1.339746e+09
6.288652e+00 1.317442e+09
6.370475e+00 1.295598e+09
6.453362e+00 1.273007e+09
6.537327e+00 1.250714e+09
6.622385e+00 1.229457e+09
6.708550e+00 1.208377e+09
6.795836e+00 1.187402e+09
6.884257e+00 1.166812e+09
6.973829e+00 1.147169e+09
7.064567e+00 1.128138e+09
7.156485e+00 1.109521e+09
7.249599e+00 1.089431e+09
7.343924e+00 1.070731e+09
7.439477e+00 1.052272e+09
7.536273e+00 1.033442e+09
7.634328e+00 1.016451e+09
7.733660e+00 9.993369e+08
7.834283e+00 9.815698e+08
7.936216e+00 9.650113e+08
8.039475e+00 9.482605e+08
8.144078e+00 9.323364e+08
8.250042e+00 9.160676e+08
8.357384e+00 9.004815e+08
8.466123e+00 8.841473e+08
8.576277e+00 8.687637e+08
8.687864e+00 8.536297e+08
8.800903e+00 8.386657e+08
8.915412e+00 8.244590e+08
9.031412e+00 8.101684e+08
9.148921e+00 7.963081e+08
9.267959e+00 7.826841e+08
9.388545e+00 7.695176e+08
9.510701e+00 7.564940e+08
9.634446e+00 7.433614e+08
9.759801e+00 7.308211e+08
9.886787e+00 7.184487e+08
1.001543e+01 7.057164e+08
1.014574e+01 6.930183e+08
1.027774e+01 6.813076e+08
1.041147e+01 6.697448e+08
1.054693e+01 6.583689e+08
1.068416e+01 6.470661e+08
1.082318e+01 6.361978e+08
1.096400e+01 6.253780e+08
1.110665e+01 6.149960e+08
1.125116e+01 6.046479e+08
1.139755e+01 5.942421e+08
1.154585e+01 5.843429e+08
1.169607e+01 5.743826e+08
1.184825e+01 5.641786e+08
1.200241e+01 5.544291e+08
1.215857e+01 5.448194e+08
1.231677e+01 5.354040e+08
1.247703e+01 5.265956e+08
1.263937e+01 5.179672e+08
1.280382e+01 5.085337e+08
1.297041e+01 5.000599e+08
1.313917e+01 4.916164e+08
1.331013e+01 4.831779e+08
1.348331e+01 4.748380e+08
1.365874e+01 4.669543e+08
1.383645e+01 4.588301e+08
1.401648e+01 4.508349e+08
1.419885e+01 4.430243e+08
1.438360e+01 4.351596e+08
1.457074e+01 4.274891e+08
1.476032e+01 4.202062e+08
1.495237e+01 4.128760e+08
1.514692e+01 4.052170e+08
1.534400e+01 3.981344e+08
1.554364e+01 3.907275e+08
1.574588e+01 3.835819e+08
1.595075e+01 3.769741e+08
1.615829e+01 3.702368e+08
1.636853e+01 3.634402e+08
1.658150e+01 3.570533e+08
1.679725e+01 3.507158e+08
1.701580e+01 3.440392e+08
1.723719e+01 3.376545e+08
1.746147e+01 3.313197e+08
1.768866e+01 3.253412e+08
1.791881e+01 3.192673e+08
1.815195e+01 3.131948e+08
1.838813e+01 3.070798e+08
1.862738e+01 3.009794e+08
1.886974e+01 2.948463e+08
1.911526e+01 2.893443e+08
1.936397e+01 2.836795e+08
1.961592e+01 2.779480e+08
1.987114e+01 2.723544e+08
2.012969e+01 2.668648e+08
2.039160e+01 2.612730e+08
2.065692e+01 2.553446e+08
2.092569e+01 2.494426e+08
2.119796e+01 2.436460e+08
2.147376e+01 2.378922e+08
2.175316e+01 2.321910e+08
2.203620e+01 2.260209e+08
2.232291e+01 2.201257e+08
2.261336e+01 2.138116e+08
2.290758e+01 2.076839e+08
2.320564e+01 2.019625e+08
2.350757e+01 1.962733e+08
2.381343e+01 1.904849e+08
2.412327e+01 1.848804e+08
2.443714e+01 1.793371e+08
2.475509e+01 1.737137e+08
2.507719e+01 1.683804e+08
2.540347e+01 1.630691e+08
2.573400e+01 1.578884e+08
2.606882e+01 1.527662e+08
2.640801e+01 1.477714e+08
2.675161e+01 1.429275e+08
2.709968e+01 1.382724e+08
2.745227e+01 1.338205e+08
2.780946e+01 1.293694e+08
2.817129e+01 1.251927e+08
2.853783e+01 1.211544e+08
2.890914e+01 1.171462e+08
2.928528e+01 1.132729e+08
2.966632e+01 1.096089e+08
3.005231e+01 1.060632e+08
3.044332e+01 1.025697e+08
3.083942e+01 9.918633e+07
3.124068e+01 9.592443e+07
3.164716e+01 9.285666e+07
3.205892e+01 8.977878e+07
3.247604e+01 8.682120e+07
3.289859e+01 8.396257e+07
3.332664e+01 8.122800e+07
3.376026e+01 7.860757e+07
3.419952e+01 7.606603e+07
3.464449e+01 7.361609e+07
3.509526e+01 7.119122e+07
3.555189e+01 6.886142e+07
3.601446e+01 6.662256e+07
3.648305e+01 6.441889e+07
3.695773e+01 6.231457e+07
3.743859e+01 6.028253e+07
3.792571e+01 5.827044e+07
3.841917e+01 5.638935e+07
3.891904e+01 5.452463e+07
3.942542e+01 5.270804e+07
3.993839e+01 5.096785e+07
4.045804e+01 4.929616e+07
4.098444e+01 4.767561e+07
4.151770e+01 4.613237e+07
4.205789e+01 4.460531e+07
4.260511e+01 4.312926e+07
4.315945e+01 4.170659e+07
4.372100e+01 4.033896e+07
4.428986e+01 3.901398e+07
4.486612e+01 3.773376e+07
4.544988e+01 3.649558e+07
4.604124e+01 3.529581e+07
4.664029e+01 3.415338e+07
4.724713e+01 3.304158e+07
4.786187e+01 3.194606e+07
4.848460e+01 3.089931e+07
4.911544e+01 2.987410e+07
4.975449e+01 2.888398e+07
5.040185e+01 2.793109e+07
5.105764e+01 2.702388e+07
5.172196e+01 2.614266e+07
5.239492e+01 2.528846e+07
5.307663e+01 2.446264e+07
5.376722e+01 2.366934e+07
5.446679e+01 2.288430e+07
5.517547e+01 2.211842e+07
5.589336e+01 2.138797e+07
5.662060e+01 2.069514e+07
5.735730e+01 2.002006e+07
5.810358e+01 1.936711e+07
5.885957e+01 1.873183e+07
5.962540e+01 1.811388e+07
6.040120e+01 1.751710e+07
6.118708e+01 1.693584e+07
6.198320e+01 1.638165e+07
6.278967e+01 1.584680e+07
6.360663e+01 1.533272e+07
6.443423e+01 1.483146e+07
6.527259e+01 1.434281e+07
6.612186e+01 1.387303e+07
6.698218e+01 1.341709e+07
6.785369e+01 1.297974e+07
6.873655e+01 1.255215e+07
6.963089e+01 1.213435e+07
7.053686e+01 1.173418e+07
7.145463e+01 1.134441e+07
7.238433e+01 1.097048e+07
7.332614e+01 1.061243e+07
7.428019e+01 1.026971e+07
7.524666e+01 9.930975e+06
7.622570e+01 9.607423e+06
7.721749e+01 9.294902e+06
7.822217e+01 8.989316e+06
7.923993e+01 8.695205e+06
8.027093e+01 8.409576e+06
8.131535e+01 8.136906e+06
8.237335e+01 7.868083e+06
8.344512e+01 7.607437e+06
8.453084e+01 7.357810e+06
8.563068e+01 7.117111e+06
8.674483e+01 6.882296e+06
8.787348e+01 6.654941e+06
8.901681e+01 6.436996e+06
9.017502e+01 6.224268e+06
9.134830e+01 6.020206e+06
9.253685e+01 5.825675e+06
9.374086e+01 5.632389e+06
9.496053e+01 5.447932e+06
9.619607e+01 5.269319e+06
9.744769e+01 5.095977e+06
9.871560e+01 4.929062e+06
1.000000e+02 4.768565e+06
