4.000000e+00 2.411059e+09
4.044506e+00 2.375336e+09
4.089507e+00 2.339899e+09
4.135009e+00 2.305032e+09
4.181017e+00 2.270665e+09
4.227537e+00 2.238200e+09
4.274575e+00 2.206583e+09
4.322136e+00 2.174295e+09
4.370226e+00 2.142457e+09
4.418852e+00 2.111374e+09
4.468018e+00 2.080010e+09
4.517731e+00 2.050735e+09
4.567998e+00 2.020263e+09
4.618824e+00 1.990070e+09
4.670215e+00 1.960337e+09
4.722178e+00 1.931209e+09
4.774719e+00 1.903405e+09
4.827845e+00 1.876083e+09
4.881562e+00 1.847718e+09
4.935877e+00 1.819422e+09
4.990796e+00 1.793041e+09
5.046326e+00 1.767366e+09
5.102474e+00 1.741779e+09
5.159247e+00 1.716191e+09
5.216651e+00 1.689895e+09
5.274694e+00 1.665196e+09
5.333383e+00 1.641670e+09
5.392725e+00 1.617958e+09
5.452727e+00 1.594300e+09
5.513397e+00 1.570949e+09
5.574741e+00 1.547829e+09
5.636769e+00 1.525400e+09
5.699486e+00 1.503037e+09
5.762901e+00 1.480799e+09
5.827022e+00 1.459853e+09
5.891857e+00 1.437755e+09
5.957412e+00 1.416337e+09
6.023698e+00 1.395493e+09
6.090720e+00 1.374970e+09
6.158489e+00 1.354549e+09
6.227011e+00 1.334340e+09
6.296296e+00 1.315347e+09
6.366352e+00 1.296643e+09
6.437187e+00 1.277424e+09
6.508810e+00 1.258264e+09
6.581230e+00 1.239589e+09
6.654456e+00 1.221391e+09
6.728497e+00 1.203246e+09
6.803362e+00 1.185677e+09
6.879059e+00 1.167958e+09
6.955599e+00 1.151193e+09
7.032991e+00 1.134691e+09
7.111243e+00 1.118988e+09
7.190366e+00 1.102286e+09
7.270370e+00 1.085507e+09
7.351264e+00 1.069254e+09
7.433057e+00 1.053473e+09
7.515761e+00 1.037265e+09
7.599385e+00 1.022554e+09
7.683940e+00 1.008022e+09
7.769435e+00 9.928330e+08
7.855882e+00 9.778269e+08
7.943290e+00 9.638627e+08
8.031671e+00 9.494546e+08
8.121036e+00 9.358249e+08
8.211394e+00 9.220599e+08
8.302758e+00 9.083424e+08
8.395139e+00 8.947636e+08
8.488547e+00 8.808273e+08
8.582995e+00 8.678862e+08
8.678494e+00 8.549714e+08
8.775055e+00 8.420508e+08
8.872691e+00 8.296829e+08
8.971413e+00 8.173994e+08
9.071233e+00 8.053376e+08
9.172164e+00 7.935010e+08
9.274218e+00 7.819403e+08
9.377408e+00 7.708260e+08
9.481745e+00 7.595211e+08
9.587244e+00 7.484410e+08
9.693916e+00 7.373304e+08
9.801776e+00 7.266159e+08
9.910835e+00 7.160751e+08
1.002111e+01 7.051807e+08
1.013261e+01 6.941630e+08
1.024535e+01 6.843309e+08
1.035934e+01 6.743139e+08
1.047461e+01 6.642922e+08
1.059115e+01 6.546121e+08
1.070899e+01 6.452937e+08
1.082815e+01 6.358106e+08
1.094863e+01 6.265201e+08
1.107045e+01 6.175770e+08
1.119362e+01 6.086699e+08
1.131817e+01 5.998241e+08
1.144410e+01 5.910816e+08
1.157143e+01 5.826166e+08
1.170018e+01 5.740790e+08
1.183036e+01 5.654141e+08
1.196199e+01 5.570429e+08
1.209509e+01 5.488244e+08
1.222967e+01 5.404829e+08
1.236574e+01 5.326566e+08
1.250333e+01 5.251517e+08
1.264244e+01 5.178110e+08
1.278311e+01 5.097045e+08
1.292534e+01 5.022249e+08
1.306916e+01 4.951223e+08
1.321457e+01 4.878513e+08
1.336160e+01 4.806067e+08
1.351027e+01 4.736074e+08
1.366059e+01 4.668737e+08
1.381259e+01 4.598602e+08
1.396627e+01 4.530750e+08
1.412167e+01 4.465094e+08
1.427879e+01 4.399427e+08
1.443766e+01 4.328689e+08
1.459831e+01 4.264961e+08
1.476073e+01 4.201909e+08
1.492497e+01 4.139763e+08
1.509103e+01 4.074005e+08
1.525894e+01 4.012350e+08
1.542872e+01 3.949401e+08
1.560039e+01 3.886182e+08
1.577397e+01 3.826003e+08
1.594947e+01 3.770081e+08
1.612694e+01 3.712579e+08
1.630637e+01 3.654792e+08
1.648780e+01 3.598613e+08
1.667126e+01 3.543192e+08
1.685675e+01 3.488034e+08
1.704431e+01 3.432256e+08
1.723395e+01 3.377343e+08
1.742570e+01 3.324054e+08
1.761959e+01 3.271574e+08
1.781563e+01 3.219083e+08
1.801386e+01 3.167929e+08
1.821429e+01 3.115552e+08
1.841695e+01 3.063094e+08
1.862187e+01 3.011166e+08
1.882906e+01 2.958547e+08
1.903857e+01 2.911511e+08
1.925040e+01 2.862977e+08
1.946459e+01 2.813918e+08
1.968116e+01 2.764500e+08
1.990014e+01 2.717779e+08
2.012156e+01 2.670638e+08
2.034544e+01 2.622505e+08
2.057182e+01 2.572624e+08
2.080071e+01 2.521891e+08
2.103215e+01 2.470219e+08
2.126616e+01 2.421453e+08
2.150278e+01 2.372870e+08
2.174203e+01 2.324044e+08
2.198394e+01 2.272246e+08
2.222855e+01 2.221337e+08
2.247587e+01 2.167751e+08
2.272595e+01 2.114605e+08
2.297881e+01 2.062142e+08
2.323449e+01 2.014132e+08
2.349300e+01 1.965310e+08
2.375440e+01 1.915365e+08
2.401870e+01 1.867244e+08
2.428595e+01 1.820634e+08
2.455616e+01 1.772579e+08
2.482939e+01 1.725540e+08
2.510565e+01 1.679171e+08
2.538499e+01 1.633475e+08
2.566744e+01 1.589084e+08
2.595302e+01 1.545238e+08
2.624179e+01 1.501928e+08
2.653377e+01 1.459948e+08
2.682900e+01 1.418903e+08
2.712751e+01 1.378995e+08
2.742934e+01 1.341060e+08
2.773454e+01 1.302577e+08
2.804312e+01 1.266527e+08
2.835515e+01 1.230768e+08
2.867064e+01 1.197017e+08
2.898964e+01 1.162911e+08
2.931220e+01 1.130056e+08
2.963834e+01 1.098634e+08
2.996811e+01 1.068278e+08
3.030155e+01 1.038212e+08
3.063870e+01 1.008705e+08
3.097960e+01 9.800528e+07
3.132430e+01 9.529050e+07
3.167283e+01 9.266137e+07
3.202523e+01 9.001427e+07
3.238156e+01 8.747047e+07
3.274186e+01 8.500832e+07
3.310616e+01 8.263228e+07
3.347451e+01 8.033629e+07
3.384697e+01 7.809241e+07
3.422356e+01 7.592415e+07
3.460435e+01 7.382950e+07
3.498938e+01 7.175558e+07
3.537869e+01 6.973866e+07
3.577233e+01 6.779485e+07
3.617035e+01 6.586541e+07
3.657280e+01 6.402205e+07
3.697973e+01 6.221685e+07
3.739118e+01 6.047907e+07
3.780721e+01 5.875218e+07
3.822787e+01 5.710877e+07
3.865322e+01 5.550291e+07
3.908329e+01 5.393068e+07
3.951815e+01 5.239053e+07
3.995785e+01 5.090253e+07
4.040244e+01 4.947495e+07
4.085198e+01 4.808574e+07
4.130652e+01 4.673179e+07
4.176612e+01 4.542739e+07
4.223083e+01 4.412435e+07
4.270071e+01 4.287667e+07
4.317582e+01 4.166474e+07
4.365621e+01 4.048674e+07
4.414195e+01 3.936084e+07
4.463310e+01 3.824073e+07
4.512971e+01 3.717568e+07
4.563184e+01 3.611847e+07
4.613957e+01 3.510385e+07
4.665294e+01 3.413015e+07
4.717202e+01 3.317370e+07
4.769688e+01 3.223492e+07
4.822758e+01 3.132326e+07
4.876418e+01 3.044235e+07
4.930676e+01 2.957640e+07
4.985537e+01 2.873120e+07
5.041009e+01 2.791906e+07
5.097097e+01 2.714398e+07
5.153810e+01 2.637710e+07
5.211154e+01 2.564129e+07
5.269136e+01 2.492535e+07
5.327763e+01 2.422603e+07
5.387042e+01 2.355047e+07
5.446981e+01 2.288079e+07
5.507587e+01 2.222279e+07
5.568867e+01 2.159729e+07
5.630829e+01 2.099136e+07
5.693480e+01 2.040519e+07
5.756829e+01 1.983539e+07
5.820882e+01 1.927735e+07
5.885648e+01 1.873435e+07
5.951135e+01 1.820371e+07
6.017350e+01 1.768914e+07
6.084302e+01 1.718654e+07
6.151999e+01 1.670174e+07
6.220449e+01 1.622921e+07
6.289661e+01 1.577819e+07
6.359643e+01 1.533897e+07
6.430404e+01 1.490808e+07
6.501951e+01 1.449041e+07
6.574295e+01 1.407994e+07
6.647444e+01 1.368390e+07
6.721407e+01 1.329863e+07
6.796193e+01 1.292626e+07
6.871811e+01 1.256103e+07
6.948270e+01 1.220199e+07
7.025580e+01 1.185510e+07
7.103750e+01 1.151857e+07
7.182790e+01 1.119275e+07
7.262709e+01 1.087672e+07
7.343517e+01 1.057284e+07
7.425225e+01 1.027957e+07
7.507842e+01 9.989265e+06
7.591378e+01 9.709438e+06
7.675843e+01 9.439371e+06
7.761248e+01 9.173336e+06
7.847604e+01 8.915196e+06
7.934920e+01 8.664447e+06
8.023208e+01 8.420089e+06
8.112478e+01 8.185503e+06
8.202742e+01 7.953678e+06
8.294009e+01 7.730307e+06
8.386293e+01 7.507897e+06
8.479603e+01 7.300150e+06
8.573951e+01 7.093690e+06
8.669349e+01 6.892853e+06
8.765809e+01 6.697756e+06
8.863341e+01 6.508889e+06
8.961959e+01 6.324061e+06
9.061674e+01 6.146308e+06
9.162499e+01 5.974511e+06
9.264446e+01 5.807962e+06
9.367526e+01 5.642425e+06
9.471754e+01 5.483945e+06
9.577142e+01 5.330002e+06
9.683702e+01 5.179918e+06
9.791447e+01 5.033081e+06
9.900392e+01 4.892494e+06
1.001055e+02 4.745387e+06
1.012193e+02 4.512191e+06
1.023455e+02 4.288002e+06
1.034843e+02 4.075878e+06
1.046357e+02 3.876476e+06
1.057999e+02 3.685543e+06
1.069771e+02 3.503873e+06
1.081674e+02 3.330332e+06
1.093709e+02 3.166260e+06
1.105878e+02 3.011552e+06
1.118183e+02 2.862120e+06
1.130624e+02 2.720953e+06
1.143204e+02 2.585675e+06
1.155924e+02 2.458398e+06
1.168785e+02 2.336113e+06
1.181790e+02 2.221182e+06
1.194939e+02 2.111123e+06
1.208234e+02 2.006912e+06
1.221678e+02 1.908134e+06
1.235271e+02 1.814411e+06
1.249015e+02 1.724893e+06
1.262912e+02 1.639205e+06
1.276964e+02 1.558123e+06
1.291172e+02 1.481343e+06
1.305538e+02 1.408053e+06
1.320064e+02 1.338054e+06
1.334752e+02 1.272187e+06
1.349603e+02 1.209410e+06
1.364620e+02 1.150042e+06
1.379803e+02 1.093192e+06
1.395155e+02 1.039383e+06
1.410679e+02 9.884858e+05
1.426375e+02 9.402582e+05
1.442245e+02 8.936846e+05
1.458292e+02 8.494151e+05
1.474518e+02 8.073105e+05
1.490924e+02 7.676172e+05
1.507513e+02 7.300708e+05
1.524286e+02 6.942914e+05
1.541246e+02 6.600837e+05
1.558395e+02 6.274780e+05
1.575734e+02 5.965025e+05
1.593267e+02 5.669112e+05
1.610994e+02 5.387881e+05
1.628919e+02 5.121815e+05
1.647043e+02 4.869823e+05
1.665369e+02 4.629895e+05
1.683899e+02 4.402833e+05
1.702635e+02 4.186177e+05
1.721579e+02 3.979874e+05
1.740734e+02 3.783630e+05
1.760102e+02 3.596952e+05
1.779686e+02 3.419700e+05
1.799488e+02 3.251517e+05
1.819510e+02 3.090281e+05
1.839755e+02 2.938257e+05
1.860225e+02 2.792780e+05
1.880922e+02 2.655459e+05
1.901850e+02 2.524503e+05
1.923011e+02 2.399759e+05
1.944408e+02 2.280870e+05
1.966042e+02 2.167926e+05
1.987917e+02 2.060769e+05
2.010036e+02 1.960081e+05
2.032401e+02 1.864302e+05
2.055014e+02 1.772340e+05
2.077879e+02 1.685098e+05
2.100999e+02 1.601697e+05
2.124375e+02 1.522995e+05
2.148012e+02 1.447505e+05
2.171912e+02 1.376016e+05
2.196078e+02 1.308214e+05
2.220513e+02 1.244106e+05
2.245219e+02 1.182791e+05
2.270200e+02 1.124457e+05
2.295460e+02 1.069001e+05
2.321000e+02 1.016279e+05
2.346825e+02 9.659909e+04
2.372937e+02 9.181889e+04
2.399339e+02 8.728369e+04
2.426036e+02 8.300095e+04
2.453029e+02 7.889939e+04
2.480322e+02 7.500265e+04
2.507920e+02 7.129836e+04
2.535824e+02 6.777703e+04
2.564039e+02 6.442961e+04
2.592568e+02 6.124751e+04
2.621414e+02 5.822257e+04
2.650581e+02 5.534703e+04
2.680073e+02 5.261875e+04
2.709892e+02 5.003021e+04
2.740044e+02 4.756024e+04
2.770531e+02 4.520987e+04
2.801357e+02 4.297566e+04
2.832527e+02 4.085185e+04
2.864043e+02 3.883400e+04
2.895910e+02 3.691605e+04
2.928131e+02 3.508496e+04
2.960711e+02 3.335216e+04
2.993653e+02 3.170494e+04
3.026962e+02 3.013907e+04
3.060642e+02 2.864813e+04
3.094696e+02 2.723489e+04
3.129129e+02 2.588548e+04
3.163945e+02 2.460155e+04
3.199149e+02 2.338131e+04
3.234744e+02 2.222299e+04
3.270735e+02 2.112658e+04
3.307127e+02 2.008548e+04
3.343924e+02 1.909194e+04
3.381130e+02 1.814615e+04
3.418750e+02 1.724688e+04
3.456789e+02 1.639719e+04
3.495251e+02 1.558831e+04
3.534141e+02 1.481595e+04
3.573463e+02 1.408217e+04
3.613224e+02 1.338733e+04
3.653426e+02 1.272669e+04
3.694076e+02 1.209866e+04
3.735178e+02 1.150445e+04
3.776737e+02 1.093666e+04
3.818759e+02 1.039801e+04
3.861249e+02 9.885475e+03
3.904211e+02 9.396296e+03
3.947651e+02 8.932352e+03
3.991575e+02 8.491776e+03
4.035987e+02 8.071203e+03
4.080893e+02 7.671461e+03
4.126299e+02 7.292088e+03
4.172210e+02 6.932319e+03
4.218633e+02 6.590321e+03
4.265571e+02 6.265740e+03
4.313032e+02 5.957145e+03
4.361021e+02 5.663748e+03
4.409544e+02 5.384802e+03
4.458607e+02 5.119166e+03
4.508215e+02 4.865558e+03
4.558376e+02 4.624383e+03
4.609095e+02 4.395357e+03
4.660378e+02 4.177674e+03
4.712231e+02 3.971140e+03
4.764662e+02 3.775100e+03
4.817676e+02 3.589766e+03
4.871280e+02 3.413693e+03
4.925480e+02 3.246257e+03
4.980284e+02 3.086666e+03
5.035697e+02 2.933815e+03
5.091726e+02 2.788393e+03
5.148379e+02 2.650179e+03
5.205663e+02 2.518993e+03
5.263584e+02 2.394703e+03
5.322149e+02 2.276544e+03
5.381366e+02 2.164216e+03
5.441241e+02 2.057431e+03
5.501783e+02 1.955914e+03
5.562999e+02 1.859407e+03
5.624896e+02 1.767598e+03
5.687481e+02 1.679990e+03
5.750763e+02 1.596724e+03
5.814749e+02 1.517802e+03
5.879446e+02 1.443017e+03
5.944864e+02 1.371507e+03
6.011009e+02 1.303460e+03
6.077891e+02 1.238815e+03
6.145517e+02 1.177550e+03
6.213895e+02 1.119987e+03
6.283034e+02 1.065170e+03
6.352942e+02 1.012710e+03
6.423628e+02 9.627432e+02
6.495100e+02 9.151643e+02
6.567368e+02 8.697962e+02
6.640440e+02 8.266319e+02
6.714324e+02 7.856787e+02
6.789031e+02 7.468893e+02
6.864569e+02 7.100466e+02
6.940948e+02 6.751260e+02
7.018177e+02 6.419228e+02
7.096264e+02 6.103525e+02
7.175221e+02 5.803349e+02
7.255056e+02 5.517936e+02
7.335779e+02 5.246560e+02
7.417401e+02 4.988531e+02
7.499930e+02 4.743191e+02
7.583378e+02 4.509917e+02
7.667755e+02 4.288533e+02
7.753070e+02 4.078352e+02
7.839335e+02 3.878055e+02
7.926559e+02 3.686620e+02
8.014754e+02 3.504419e+02
8.103930e+02 3.331223e+02
8.194098e+02 3.166607e+02
8.285270e+02 3.010682e+02
8.377456e+02 2.862887e+02
8.470668e+02 2.722067e+02
8.564916e+02 2.587724e+02
8.660214e+02 2.459936e+02
8.756572e+02 2.338424e+02
8.854002e+02 2.222546e+02
8.952516e+02 2.112456e+02
9.052126e+02 2.007954e+02
9.152844e+02 1.908646e+02
9.254683e+02 1.814275e+02
9.357656e+02 1.724690e+02
9.461773e+02 1.639645e+02
9.567050e+02 1.558587e+02
9.673498e+02 1.481536e+02
9.781130e+02 1.408207e+02
9.889959e+02 1.338467e+02
1.000000e+03 1.272180e+02
