4.000000e+00 6.027647e+08
4.052045e+00 5.923346e+08
4.104766e+00 5.820297e+08
4.158174e+00 5.719276e+08
4.212276e+00 5.621621e+08
4.267083e+00 5.529282e+08
4.322602e+00 5.434927e+08
4.378844e+00 5.342309e+08
4.435818e+00 5.250798e+08
4.493533e+00 5.162146e+08
4.551999e+00 5.075299e+08
4.611226e+00 4.986408e+08
4.671223e+00 4.899402e+08
4.732001e+00 4.814721e+08
4.793569e+00 4.734075e+08
4.855939e+00 4.652893e+08
4.919121e+00 4.569858e+08
4.983124e+00 4.491423e+08
5.047960e+00 4.416473e+08
5.113640e+00 4.341779e+08
5.180174e+00 4.266308e+08
5.247574e+00 4.190426e+08
5.315851e+00 4.121894e+08
5.385016e+00 4.052615e+08
5.455081e+00 3.983474e+08
5.526058e+00 3.915817e+08
5.597958e+00 3.848119e+08
5.670794e+00 3.782989e+08
5.744577e+00 3.717296e+08
5.819321e+00 3.655823e+08
5.895036e+00 3.591821e+08
5.971738e+00 3.529354e+08
6.049437e+00 3.469078e+08
6.128147e+00 3.409368e+08
6.207881e+00 3.349365e+08
6.288652e+00 3.293605e+08
6.370475e+00 3.238995e+08
6.453362e+00 3.182518e+08
6.537327e+00 3.126786e+08
6.622385e+00 3.073642e+08
6.708550e+00 3.020942e+08
6.795836e+00 2.968506e+08
6.884257e+00 2.917031e+08
6.973829e+00 2.867922e+08
7.064567e+00 2.820345e+08
7.156485e+00 2.773802e+08
7.249599e+00 2.723578e+08
7.343924e+00 2.676827e+08
7.439477e+00 2.630680e+08
7.536273e+00 2.583604e+08
7.634328e+00 2.541127e+08
7.733660e+00 2.498342e+08
7.834283e+00 2.453924e+08
7.936216e+00 2.412528e+08
8.039475e+00 2.370651e+08
8.144078e+00 2.330841e+08
8.250042e+00 2.290169e+08
8.357384e+00 2.251204e+08
8.466123e+00 2.210368e+08
8.576277e+00 2.171909e+08
8.687864e+00 2.134074e+08
8.800903e+00 2.096664e+08
8.915412e+00 2.061147e+08
9.031412e+00 2.025421e+08
9.148921e+00 1.990770e+08
9.267959e+00 1.956710e+08
9.388545e+00 1.923794e+08
9.510701e+00 1.891235e+08
9.634446e+00 1.858403e+08
9.759801e+00 1.827053e+08
9.886787e+00 1.796122e+08
1.001543e+01 1.764291e+08
1.014574e+01 1.732546e+08
1.027774e+01 1.703269e+08
1.041147e+01 1.674362e+08
1.054693e+01 1.645922e+08
1.068416e+01 1.617665e+08
1.082318e+01 1.590494e+08
1.096400e+01 1.563445e+08
1.110665e+01 1.537490e+08
1.125116e+01 1.511620e+08
1.139755e+01 1.485605e+08
1.154585e+01 1.460857e+08
1.169607e+01 1.435957e+08
1.184825e+01 1.410447e+08
1.200241e+01 1.386073e+08
1.215857e+01 1.362048e+08
1.231677e+01 1.338510e+08
1.247703e+01 1.316489e+08
1.263937e+01 1.294918e+08
1.280382e+01 1.271334e+08
1.297041e+01 1.250150e+08
1.313917e+01 1.229041e+08
1.331013e+01 1.207945e+08
1.348331e+01 1.187095e+08
1.365874e+01 1.167386e+08
1.383645e+01 1.147075e+08
1.401648e+01 1.127087e+08
1.419885e+01 1.107561e+08
1.438360e+01 1.087899e+08
1.457074e+01 1.068723e+08
1.476032e+01 1.050516e+08
1.495237e+01 1.032190e+08
1.514692e+01 1.013043e+08
1.534400e+01 9.953360e+07
1.554364e+01 9.768187e+07
1.574588e+01 9.589548e+07
1.595075e+01 9.424352e+07
1.615829e+01 9.255921e+07
1.636853e+01 9.086006e+07
1.658150e+01 8.926333e+07
1.679725e+01 8.767894e+07
1.701580e+01 8.600979e+07
1.723719e+01 8.441361e+07
1.746147e+01 8.282992e+07
1.768866e+01 8.133529e+07
1.791881e+01 7.981683e+07
1.815195e+01 7.829869e+07
1.838813e+01 7.676996e+07
1.862738e+01 7.524484e+07
1.886974e+01 7.371156e+07
1.911526e+01 7.233608e+07
1.936397e+01 7.091987e+07
1.961592e+01 6.948699e+07
1.987114e+01 6.808860e+07
2.012969e+01 6.671620e+07
2.039160e+01 6.531825e+07
2.065692e+01 6.383616e+07
2.092569e+01 6.236066e+07
2.119796e+01 6.091150e+07
2.147376e+01 5.947304e+07
2.175316e+01 5.804775e+07
2.203620e+01 5.650523e+07
2.232291e+01 5.503141e+07
2.261336e+01 5.345290e+07
2.290758e+01 5.192098e+07
2.320564e+01 5.049063e+07
2.350757e+01 4.906832e+07
2.381343e+01 4.762123e+07
2.412327e+01 4.622011e+07
2.443714e+01 4.483428e+07
2.475509e+01 4.342844e+07
2.507719e+01 4.209511e+07
2.540347e+01 4.076728e+07
2.573400e+01 3.947211e+07
2.606882e+01 3.819154e+07
2.640801e+01 3.694285e+07
2.675161e+01 3.573187e+07
2.709968e+01 3.456810e+07
2.745227e+01 3.345513e+07
2.780946e+01 3.234236e+07
2.817129e+01 3.129816e+07
2.853783e+01 3.028859e+07
2.890914e+01 2.928654e+07
2.928528e+01 2.831822e+07
2.966632e+01 2.740224e+07
3.005231e+01 2.651579e+07
3.044332e+01 2.564242e+07
3.083942e+01 2.479658e+07
3.124068e+01 2.398111e+07
3.164716e+01 2.321417e+07
3.205892e+01 2.244470e+07
3.247604e+01 2.170530e+07
3.289859e+01 2.099064e+07
3.332664e+01 2.030700e+07
3.376026e+01 1.965189e+07
3.419952e+01 1.901651e+07
3.464449e+01 1.840402e+07
3.509526e+01 1.779780e+07
3.555189e+01 1.721535e+07
3.601446e+01 1.665564e+07
3.648305e+01 1.610472e+07
3.695773e+01 1.557864e+07
3.743859e+01 1.507063e+07
3.792571e+01 1.456761e+07
3.841917e+01 1.409734e+07
3.891904e+01 1.363116e+07
3.942542e+01 1.317701e+07
3.993839e+01 1.274196e+07
4.045804e+01 1.232404e+07
4.098444e+01 1.191890e+07
4.151770e+01 1.153309e+07
4.205789e+01 1.115133e+07
4.260511e+01 1.078231e+07
4.315945e+01 1.042665e+07
4.372100e+01 1.008474e+07
4.428986e+01 9.753495e+06
4.486612e+01 9.433440e+06
4.544988e+01 9.123896e+06
4.604124e+01 8.823952e+06
4.664029e+01 8.538345e+06
4.724713e+01 8.260394e+06
4.786187e+01 7.986516e+06
4.848460e+01 7.724829e+06
4.911544e+01 7.468525e+06
4.975449e+01 7.220995e+06
5.040185e+01 6.982772e+06
5.105764e+01 6.755970e+06
5.172196e+01 6.535665e+06
5.239492e+01 6.322115e+06
5.307663e+01 6.115659e+06
5.376722e+01 5.917335e+06
5.446679e+01 5.721074e+06
5.517547e+01 5.529606e+06
5.589336e+01 5.346992e+06
5.662060e+01 5.173786e+06
5.735730e+01 5.005014e+06
5.810358e+01 4.841777e+06
5.885957e+01 4.682958e+06
5.962540e+01 4.528469e+06
6.040120e+01 4.379275e+06
6.118708e+01 4.233961e+06
6.198320e+01 4.095414e+06
6.278967e+01 3.961699e+06
6.360663e+01 3.833179e+06
6.443423e+01 3.707865e+06
6.527259e+01 3.585702e+06
6.612186e+01 3.468257e+06
6.698218e+01 3.354273e+06
6.785369e+01 3.244936e+06
6.873655e+01 3.138038e+06
6.963089e+01 3.033588e+06
7.053686e+01 2.933546e+06
7.145463e+01 2.836102e+06
7.238433e+01 2.742620e+06
7.332614e+01 2.653108e+06
7.428019e+01 2.567427e+06
7.524666e+01 2.482744e+06
7.622570e+01 2.401856e+06
7.721749e+01 2.323725e+06
7.822217e+01 2.247329e+06
7.923993e+01 2.173801e+06
8.027093e+01 2.102394e+06
8.131535e+01 2.034226e+06
8.237335e+01 1.967021e+06
8.344512e+01 1.901859e+06
8.453084e+01 1.839452e+06
8.563068e+01 1.779278e+06
8.674483e+01 1.720574e+06
8.787348e+01 1.663735e+06
8.901681e+01 1.609249e+06
9.017502e+01 1.556067e+06
9.134830e+01 1.505052e+06
9.253685e+01 1.456419e+06
9.374086e+01 1.408097e+06
9.496053e+01 1.361983e+06
9.619607e+01 1.317330e+06
9.744769e+01 1.273994e+06
9.871560e+01 1.232266e+06
1.000000e+02 1.192141e+06
