4.000000e+00 1.736109e+09 3.468081e+09
4.052045e+00 1.713260e+09 3.397944e+09
4.104766e+00 1.689336e+09 3.327686e+09
4.158174e+00 1.665249e+09 3.261031e+09
4.212276e+00 1.642669e+09 3.195491e+09
4.267083e+00 1.620302e+09 3.130551e+09
4.322602e+00 1.597311e+09 3.066123e+09
4.378844e+00 1.572598e+09 3.003605e+09
4.435818e+00 1.547847e+09 2.941603e+09
4.493533e+00 1.526102e+09 2.880856e+09
4.551999e+00 1.502799e+09 2.823357e+09
4.611226e+00 1.480350e+09 2.767270e+09
4.671223e+00 1.458351e+09 2.711151e+09
4.732001e+00 1.435920e+09 2.656170e+09
4.793569e+00 1.413812e+09 2.602304e+09
4.855939e+00 1.394231e+09 2.549531e+09
4.919121e+00 1.373394e+09 2.498257e+09
4.983124e+00 1.354471e+09 2.447904e+09
5.047960e+00 1.334701e+09 2.397545e+09
5.113640e+00 1.315769e+09 2.348854e+09
5.180174e+00 1.298324e+09 2.300954e+09
5.247574e+00 1.280104e+09 2.254506e+09
5.315851e+00 1.262624e+09 2.209469e+09
5.385016e+00 1.245338e+09 2.164874e+09
5.455081e+00 1.227296e+09 2.121001e+09
5.526058e+00 1.209638e+09 2.078335e+09
5.597958e+00 1.192086e+09 2.038142e+09
5.670794e+00 1.175087e+09 1.997706e+09
5.744577e+00 1.158811e+09 1.958620e+09
5.819321e+00 1.142277e+09 1.920299e+09
5.895036e+00 1.125522e+09 1.882670e+09
5.971738e+00 1.108674e+09 1.845060e+09
6.049437e+00 1.092229e+09 1.806971e+09
6.128147e+00 1.075751e+09 1.769563e+09
6.207881e+00 1.060636e+09 1.734068e+09
6.288652e+00 1.046040e+09 1.699571e+09
6.370475e+00 1.030667e+09 1.665556e+09
6.453362e+00 1.016640e+09 1.631706e+09
6.537327e+00 1.002018e+09 1.597981e+09
6.622385e+00 9.882233e+08 1.564475e+09
6.708550e+00 9.736933e+08 1.533378e+09
6.795836e+00 9.600201e+08 1.502719e+09
6.884257e+00 9.450460e+08 1.471103e+09
6.973829e+00 9.313525e+08 1.440084e+09
7.064567e+00 9.180570e+08 1.411903e+09
7.156485e+00 9.039862e+08 1.384183e+09
7.249599e+00 8.913071e+08 1.355985e+09
7.343924e+00 8.780424e+08 1.327935e+09
7.439477e+00 8.659618e+08 1.300761e+09
7.536273e+00 8.529524e+08 1.274808e+09
7.634328e+00 8.394354e+08 1.249722e+09
7.733660e+00 8.273704e+08 1.224507e+09
7.834283e+00 8.157118e+08 1.199338e+09
7.936216e+00 8.036290e+08 1.174292e+09
8.039475e+00 7.919231e+08 1.150724e+09
8.144078e+00 7.805110e+08 1.126942e+09
8.250042e+00 7.698014e+08 1.104608e+09
8.357384e+00 7.586559e+08 1.082125e+09
8.466123e+00 7.479377e+08 1.060549e+09
8.576277e+00 7.364949e+08 1.039791e+09
8.687864e+00 7.253912e+08 1.017403e+09
8.800903e+00 7.143817e+08 9.967501e+08
8.915412e+00 7.032930e+08 9.767968e+08
9.031412e+00 6.929273e+08 9.582632e+08
9.148921e+00 6.820697e+08 9.396646e+08
9.267959e+00 6.711463e+08 9.208667e+08
9.388545e+00 6.613439e+08 9.029982e+08
9.510701e+00 6.505388e+08 8.846501e+08
9.634446e+00 6.415127e+08 8.671374e+08
9.759801e+00 6.321009e+08 8.505590e+08
9.886787e+00 6.236208e+08 8.335552e+08
1.001543e+01 6.140802e+08 8.175675e+08
1.014574e+01 6.049155e+08 8.008299e+08
1.027774e+01 5.958573e+08 7.850120e+08
1.041147e+01 5.860773e+08 7.689514e+08
1.054693e+01 5.779762e+08 7.539330e+08
1.068416e+01 5.696956e+08 7.394646e+08
1.082318e+01 5.608818e+08 7.239150e+08
1.096400e+01 5.522094e+08 7.094051e+08
1.110665e+01 5.437715e+08 6.963771e+08
1.125116e+01 5.353410e+08 6.826500e+08
1.139755e+01 5.265505e+08 6.694491e+08
1.154585e+01 5.180380e+08 6.564733e+08
1.169607e+01 5.101820e+08 6.434542e+08
1.184825e+01 5.023910e+08 6.313433e+08
1.200241e+01 4.943613e+08 6.194518e+08
1.215857e+01 4.863188e+08 6.078199e+08
1.231677e+01 4.786550e+08 5.960289e+08
1.247703e+01 4.707303e+08 5.848173e+08
1.263937e+01 4.630719e+08 5.738745e+08
1.280382e+01 4.556176e+08 5.634680e+08
1.297041e+01 4.484742e+08 5.533117e+08
1.313917e+01 4.413797e+08 5.428483e+08
1.331013e+01 4.344822e+08 5.330503e+08
1.348331e+01 4.275450e+08 5.224681e+08
1.365874e+01 4.207919e+08 5.122439e+08
1.383645e+01 4.140923e+08 5.027679e+08
1.401648e+01 4.077968e+08 4.934647e+08
1.419885e+01 4.008107e+08 4.846365e+08
1.438360e+01 3.943598e+08 4.757792e+08
1.457074e+01 3.879035e+08 4.669449e+08
1.476032e+01 3.813132e+08 4.586023e+08
1.495237e+01 3.750867e+08 4.498817e+08
1.514692e+01 3.688744e+08 4.419492e+08
1.534400e+01 3.627147e+08 4.336013e+08
1.554364e+01 3.567731e+08 4.255154e+08
1.574588e+01 3.506665e+08 4.179266e+08
1.595075e+01 3.446644e+08 4.102875e+08
1.615829e+01 3.385885e+08 4.032524e+08
1.636853e+01 3.325272e+08 3.959194e+08
1.658150e+01 3.269222e+08 3.884383e+08
1.679725e+01 3.211236e+08 3.814099e+08
1.701580e+01 3.154699e+08 3.742056e+08
1.723719e+01 3.099551e+08 3.674389e+08
1.746147e+01 3.045956e+08 3.606189e+08
1.768866e+01 2.991343e+08 3.544676e+08
1.791881e+01 2.936338e+08 3.483067e+08
1.815195e+01 2.881973e+08 3.415692e+08
1.838813e+01 2.828117e+08 3.351622e+08
1.862738e+01 2.773634e+08 3.278813e+08
1.886974e+01 2.718728e+08 3.215471e+08
1.911526e+01 2.666055e+08 3.152065e+08
1.936397e+01 2.613440e+08 3.079151e+08
1.961592e+01 2.562694e+08 3.023932e+08
1.987114e+01 2.509043e+08 2.959690e+08
2.012969e+01 2.456727e+08 2.885310e+08
2.039160e+01 2.405507e+08 2.815757e+08
2.065692e+01 2.353906e+08 2.748099e+08
2.092569e+01 2.299898e+08 2.681112e+08
2.119796e+01 2.245661e+08 2.616637e+08
2.147376e+01 2.195041e+08 2.556941e+08
2.175316e+01 2.139391e+08 2.492964e+08
2.203620e+01 2.084434e+08 2.427485e+08
2.232291e+01 2.028444e+08 2.363152e+08
2.261336e+01 1.976020e+08 2.298532e+08
2.290758e+01 1.923054e+08 2.242178e+08
2.320564e+01 1.869301e+08 2.178353e+08
2.350757e+01 1.818129e+08 2.113350e+08
2.381343e+01 1.762231e+08 2.049601e+08
2.412327e+01 1.711239e+08 1.988162e+08
2.443714e+01 1.658901e+08 1.926038e+08
2.475509e+01 1.607937e+08 1.863305e+08
2.507719e+01 1.557315e+08 1.804259e+08
2.540347e+01 1.509188e+08 1.746006e+08
2.573400e+01 1.461093e+08 1.688713e+08
2.606882e+01 1.415424e+08 1.634673e+08
2.640801e+01 1.369688e+08 1.579489e+08
2.675161e+01 1.325823e+08 1.528110e+08
2.709968e+01 1.286035e+08 1.477877e+08
2.745227e+01 1.245899e+08 1.428699e+08
2.780946e+01 1.206860e+08 1.381576e+08
2.817129e+01 1.167804e+08 1.334728e+08
2.853783e+01 1.130140e+08 1.289430e+08
2.890914e+01 1.093439e+08 1.246301e+08
2.928528e+01 1.058649e+08 1.205073e+08
2.966632e+01 1.025530e+08 1.164036e+08
3.005231e+01 9.924967e+07 1.124521e+08
3.044332e+01 9.603693e+07 1.087401e+08
3.083942e+01 9.300757e+07 1.051086e+08
3.124068e+01 9.003732e+07 1.015948e+08
3.164716e+01 8.713999e+07 9.823349e+07
3.205892e+01 8.435280e+07 9.498596e+07
3.247604e+01 8.166052e+07 9.187233e+07
3.289859e+01 7.897323e+07 8.881228e+07
3.332664e+01 7.641309e+07 8.580738e+07
3.376026e+01 7.398674e+07 8.297163e+07
3.419952e+01 7.160635e+07 8.019563e+07
3.464449e+01 6.929315e+07 7.754774e+07
3.509526e+01 6.705869e+07 7.502363e+07
3.555189e+01 6.487759e+07 7.254881e+07
3.601446e+01 6.276282e+07 7.019166e+07
3.648305e+01 6.071110e+07 6.789536e+07
3.695773e+01 5.871679e+07 6.567617e+07
3.743859e+01 5.677623e+07 6.352885e+07
3.792571e+01 5.494219e+07 6.142665e+07
3.841917e+01 5.316284e+07 5.943054e+07
3.891904e+01 5.142347e+07 5.750958e+07
3.942542e+01 4.969111e+07 5.560083e+07
3.993839e+01 4.805754e+07 5.379871e+07
4.045804e+01 4.646301e+07 5.206585e+07
4.098444e+01 4.491284e+07 5.035123e+07
4.151770e+01 4.339055e+07 4.873376e+07
4.205789e+01 4.193798e+07 4.715062e+07
4.260511e+01 4.052736e+07 4.563934e+07
4.315945e+01 3.914340e+07 4.416251e+07
4.372100e+01 3.784078e+07 4.273432e+07
4.428986e+01 3.658393e+07 4.137585e+07
4.486612e+01 3.535179e+07 4.005350e+07
4.544988e+01 3.416008e+07 3.876862e+07
4.604124e+01 3.300485e+07 3.755183e+07
4.664029e+01 3.188662e+07 3.634040e+07
4.724713e+01 3.082569e+07 3.519896e+07
4.786187e+01 2.979079e+07 3.408416e+07
4.848460e+01 2.879653e+07 3.301562e+07
4.911544e+01 2.781891e+07 3.197489e+07
4.975449e+01 2.687186e+07 3.095484e+07
5.040185e+01 2.595788e+07 2.998844e+07
5.105764e+01 2.506880e+07 2.903873e+07
5.172196e+01 2.422153e+07 2.810839e+07
5.239492e+01 2.339230e+07 2.722799e+07
5.307663e+01 2.259777e+07 2.636902e+07
5.376722e+01 2.181423e+07 2.555368e+07
5.446679e+01 2.108748e+07 2.474797e+07
5.517547e+01 2.036922e+07 2.395818e+07
5.589336e+01 1.967660e+07 2.319332e+07
5.662060e+01 1.901346e+07 2.245979e+07
5.735730e+01 1.837432e+07 2.176103e+07
5.810358e+01 1.773808e+07 2.107288e+07
5.885957e+01 1.712820e+07 2.041548e+07
5.962540e+01 1.653791e+07 1.976787e+07
6.040120e+01 1.597675e+07 1.914803e+07
6.118708e+01 1.544237e+07 1.855377e+07
6.198320e+01 1.491844e+07 1.796994e+07
6.278967e+01 1.439937e+07 1.740448e+07
6.360663e+01 1.390565e+07 1.685367e+07
6.443423e+01 1.342449e+07 1.632490e+07
6.527259e+01 1.295985e+07 1.581495e+07
6.612186e+01 1.252274e+07 1.531780e+07
6.698218e+01 1.209342e+07 1.483689e+07
6.785369e+01 1.167869e+07 1.437507e+07
6.873655e+01 1.128103e+07 1.393013e+07
6.963089e+01 1.088848e+07 1.349476e+07
7.053686e+01 1.051383e+07 1.307328e+07
7.145463e+01 1.015605e+07 1.266659e+07
7.238433e+01 9.802482e+06 1.227073e+07
7.332614e+01 9.469846e+06 1.188994e+07
7.428019e+01 9.141855e+06 1.152110e+07
7.524666e+01 8.829397e+06 1.116142e+07
7.622570e+01 8.526598e+06 1.082020e+07
7.721749e+01 8.230506e+06 1.048562e+07
7.822217e+01 7.951118e+06 1.015760e+07
7.923993e+01 7.676420e+06 9.836166e+06
8.027093e+01 7.410328e+06 9.527573e+06
8.131535e+01 7.156057e+06 9.223877e+06
8.237335e+01 6.908630e+06 8.941074e+06
8.344512e+01 6.670146e+06 8.663920e+06
8.453084e+01 6.441467e+06 8.390761e+06
8.563068e+01 6.219957e+06 8.129480e+06
8.674483e+01 6.008184e+06 7.873671e+06
8.787348e+01 5.802862e+06 7.624642e+06
8.901681e+01 5.603874e+06 7.386943e+06
9.017502e+01 5.409451e+06 7.158393e+06
9.134830e+01 5.223331e+06 6.931454e+06
9.253685e+01 5.043575e+06 6.715644e+06
9.374086e+01 4.871180e+06 6.507963e+06
9.496053e+01 4.708442e+06 6.305669e+06
9.619607e+01 4.546957e+06 6.112279e+06
9.744769e+01 4.388950e+06 5.923873e+06
9.871560e+01 4.237269e+06 5.740987e+06
1.000000e+02 4.091888e+06 5.563536e+06
