4.000000e+00 2.446090e+09
4.052045e+00 2.403519e+09
4.104766e+00 2.361690e+09
4.158174e+00 2.320589e+09
4.212276e+00 2.280203e+09
4.267083e+00 2.240519e+09
4.322602e+00 2.201527e+09
4.378844e+00 2.163213e+09
4.435818e+00 2.125566e+09
4.493533e+00 2.088574e+09
4.551999e+00 2.052225e+09
4.611226e+00 2.016510e+09
4.671223e+00 1.981416e+09
4.732001e+00 1.946932e+09
4.793569e+00 1.913049e+09
4.855939e+00 1.879756e+09
4.919121e+00 1.847042e+09
4.983124e+00 1.814897e+09
5.047960e+00 1.783312e+09
5.113640e+00 1.752276e+09
5.180174e+00 1.721780e+09
5.247574e+00 1.691816e+09
5.315851e+00 1.662372e+09
5.385016e+00 1.633442e+09
5.455081e+00 1.605014e+09
5.526058e+00 1.577081e+09
5.597958e+00 1.549635e+09
5.670794e+00 1.522666e+09
5.744577e+00 1.496167e+09
5.819321e+00 1.470128e+09
5.895036e+00 1.444543e+09
5.971738e+00 1.419403e+09
6.049437e+00 1.394701e+09
6.128147e+00 1.370428e+09
6.207881e+00 1.346578e+09
6.288652e+00 1.323143e+09
6.370475e+00 1.300116e+09
6.453362e+00 1.277490e+09
6.537327e+00 1.255257e+09
6.622385e+00 1.233411e+09
6.708550e+00 1.211946e+09
6.795836e+00 1.190854e+09
6.884257e+00 1.170129e+09
6.973829e+00 1.149765e+09
7.064567e+00 1.129755e+09
7.156485e+00 1.110093e+09
7.249599e+00 1.090774e+09
7.343924e+00 1.071791e+09
7.439477e+00 1.053138e+09
7.536273e+00 1.034810e+09
7.634328e+00 1.016801e+09
7.733660e+00 9.991051e+08
7.834283e+00 9.817173e+08
7.936216e+00 9.646321e+08
8.039475e+00 9.478443e+08
8.144078e+00 9.313486e+08
8.250042e+00 9.151400e+08
8.357384e+00 8.992135e+08
8.466123e+00 8.835641e+08
8.576277e+00 8.681871e+08
8.687864e+00 8.530778e+08
8.800903e+00 8.382313e+08
8.915412e+00 8.236433e+08
9.031412e+00 8.093091e+08
9.148921e+00 7.952244e+08
9.267959e+00 7.813848e+08
9.388545e+00 7.677861e+08
9.510701e+00 7.544240e+08
9.634446e+00 7.412945e+08
9.759801e+00 7.283935e+08
9.886787e+00 7.157170e+08
1.001543e+01 7.032611e+08
1.014574e+01 6.910220e+08
1.027774e+01 6.789959e+08
1.041147e+01 6.671791e+08
1.054693e+01 6.555679e+08
1.068416e+01 6.441588e+08
1.082318e+01 6.329483e+08
1.096400e+01 6.219328e+08
1.110665e+01 6.111091e+08
1.125116e+01 6.004738e+08
1.139755e+01 5.900235e+08
1.154585e+01 5.797551e+08
1.169607e+01 5.696654e+08
1.184825e+01 5.597513e+08
1.200241e+01 5.500098e+08
1.215857e+01 5.404377e+08
1.231677e+01 5.310323e+08
1.247703e+01 5.217905e+08
1.263937e+01 5.127096e+08
1.280382e+01 5.037868e+08
1.297041e+01 4.950192e+08
1.313917e+01 4.864042e+08
1.331013e+01 4.779391e+08
1.348331e+01 4.696213e+08
1.365874e+01 4.614484e+08
1.383645e+01 4.534176e+08
1.401648e+01 4.455266e+08
1.419885e+01 4.377729e+08
1.438360e+01 4.301542e+08
1.457074e+01 4.226681e+08
1.476032e+01 4.153122e+08
1.495237e+01 4.080844e+08
1.514692e+01 4.009824e+08
1.534400e+01 3.940039e+08
1.554364e+01 3.871469e+08
1.574588e+01 3.804093e+08
1.595075e+01 3.737889e+08
1.615829e+01 3.672837e+08
1.636853e+01 3.608917e+08
1.658150e+01 3.546110e+08
1.679725e+01 3.484395e+08
1.701580e+01 3.423755e+08
1.723719e+01 3.364170e+08
1.746147e+01 3.305622e+08
1.768866e+01 3.248093e+08
1.791881e+01 3.191566e+08
1.815195e+01 3.136022e+08
1.838813e+01 3.081444e+08
1.862738e+01 3.027817e+08
1.886974e+01 2.975123e+08
1.911526e+01 2.923345e+08
1.936397e+01 2.872469e+08
1.961592e+01 2.822479e+08
1.987114e+01 2.773358e+08
2.012969e+01 2.725092e+08
2.039160e+01 2.677667e+08
2.065692e+01 2.631066e+08
2.092569e+01 2.585277e+08
2.119796e+01 2.540284e+08
2.147376e+01 2.496075e+08
2.175316e+01 2.452635e+08
2.203620e+01 2.372850e+08
2.232291e+01 2.295193e+08
2.261336e+01 2.220077e+08
2.290758e+01 2.147420e+08
2.320564e+01 2.077141e+08
2.350757e+01 2.009162e+08
2.381343e+01 1.943407e+08
2.412327e+01 1.879805e+08
2.443714e+01 1.818284e+08
2.475509e+01 1.758776e+08
2.507719e+01 1.701216e+08
2.540347e+01 1.645540e+08
2.573400e+01 1.591686e+08
2.606882e+01 1.539594e+08
2.640801e+01 1.489207e+08
2.675161e+01 1.440469e+08
2.709968e+01 1.393327e+08
2.745227e+01 1.347727e+08
2.780946e+01 1.303619e+08
2.817129e+01 1.260955e+08
2.853783e+01 1.219688e+08
2.890914e+01 1.179771e+08
2.928528e+01 1.141160e+08
2.966632e+01 1.103813e+08
3.005231e+01 1.067688e+08
3.044332e+01 1.032745e+08
3.083942e+01 9.989463e+07
3.124068e+01 9.662535e+07
3.164716e+01 9.346306e+07
3.205892e+01 9.040426e+07
3.247604e+01 8.744557e+07
3.289859e+01 8.458371e+07
3.332664e+01 8.181551e+07
3.376026e+01 7.913791e+07
3.419952e+01 7.654794e+07
3.464449e+01 7.404273e+07
3.509526e+01 7.161951e+07
3.555189e+01 6.927559e+07
3.601446e+01 6.700839e+07
3.648305e+01 6.481538e+07
3.695773e+01 6.269415e+07
3.743859e+01 6.064234e+07
3.792571e+01 5.865767e+07
3.841917e+01 5.673797e+07
3.891904e+01 5.488108e+07
3.942542e+01 5.308497e+07
3.993839e+01 5.134764e+07
4.045804e+01 4.966717e+07
4.098444e+01 4.804170e+07
4.151770e+01 4.646942e+07
4.205789e+01 4.494860e+07
4.260511e+01 4.347755e+07
4.315945e+01 4.205465e+07
4.372100e+01 4.067831e+07
4.428986e+01 3.934702e+07
4.486612e+01 3.805930e+07
4.544988e+01 3.681372e+07
4.604124e+01 3.560890e+07
4.664029e+01 3.444352e+07
4.724713e+01 3.331628e+07
4.786187e+01 3.222592e+07
4.848460e+01 3.117125e+07
4.911544e+01 3.015110e+07
4.975449e+01 2.916434e+07
5.040185e+01 2.820987e+07
5.105764e+01 2.728663e+07
5.172196e+01 2.639361e+07
5.239492e+01 2.552982e+07
5.307663e+01 2.469430e+07
5.376722e+01 2.388612e+07
5.446679e+01 2.310439e+07
5.517547e+01 2.234825e+07
5.589336e+01 2.161685e+07
5.662060e+01 2.090939e+07
5.735730e+01 2.022508e+07
5.810358e+01 1.956317e+07
5.885957e+01 1.892292e+07
5.962540e+01 1.830362e+07
6.040120e+01 1.770459e+07
6.118708e+01 1.712517e+07
6.198320e+01 1.656471e+07
6.278967e+01 1.602259e+07
6.360663e+01 1.549821e+07
6.443423e+01 1.499100e+07
6.527259e+01 1.450038e+07
6.612186e+01 1.402582e+07
6.698218e+01 1.356679e+07
6.785369e+01 1.312279e+07
6.873655e+01 1.269331e+07
6.963089e+01 1.227790e+07
7.053686e+01 1.187607e+07
7.145463e+01 1.148740e+07
7.238433e+01 1.111145e+07
7.332614e+01 1.074780e+07
7.428019e+01 1.039605e+07
7.524666e+01 1.005582e+07
7.622570e+01 9.726720e+06
7.721749e+01 9.408390e+06
7.822217e+01 9.100479e+06
7.923993e+01 8.802644e+06
8.027093e+01 8.514557e+06
8.131535e+01 8.235899e+06
8.237335e+01 7.966360e+06
8.344512e+01 7.705642e+06
8.453084e+01 7.453457e+06
8.563068e+01 7.209525e+06
8.674483e+01 6.973577e+06
8.787348e+01 6.745350e+06
8.901681e+01 6.524593e+06
9.017502e+01 6.311060e+06
9.134830e+01 6.104516e+06
9.253685e+01 5.904732e+06
9.374086e+01 5.711486e+06
9.496053e+01 5.524564e+06
9.619607e+01 5.343760e+06
9.744769e+01 5.168873e+06
9.871560e+01 4.999709e+06
1.000000e+02 4.836082e+06
