Energy(MeV)	Incoming Spectral Fluence(MeV-1 cm-2)	Residual Spectral Fluence(MeV-1 cm-2)
1.0000e-03	0.0000e+00	5.0089e+04
1.5000e-03	0.0000e+00	5.0099e+04
2.0000e-03	0.0000e+00	5.0105e+04
2.5000e-03	0.0000e+00	5.0111e+04
3.0000e-03	0.0000e+00	5.0115e+04
3.5000e-03	0.0000e+00	5.0118e+04
4.0000e-03	0.0000e+00	5.0121e+04
4.5000e-03	0.0000e+00	5.0124e+04
5.0000e-03	0.0000e+00	5.0126e+04
5.5000e-03	0.0000e+00	5.0129e+04
6.0000e-03	0.0000e+00	5.0131e+04
6.5000e-03	0.0000e+00	5.0133e+04
7.0000e-03	0.0000e+00	5.0134e+04
7.5000e-03	0.0000e+00	5.0136e+04
8.0000e-03	0.0000e+00	5.0137e+04
8.5000e-03	0.0000e+00	5.0139e+04
9.0000e-03	0.0000e+00	5.0140e+04
9.5000e-03	0.0000e+00	5.0141e+04
1.0000e-02	0.0000e+00	5.0142e+04
1.5000e-02	0.0000e+00	5.0152e+04
2.0000e-02	0.0000e+00	5.0158e+04
2.5000e-02	0.0000e+00	5.0164e+04
3.0000e-02	0.0000e+00	5.0168e+04
3.5000e-02	0.0000e+00	5.0171e+04
4.0000e-02	0.0000e+00	5.0174e+04
4.5000e-02	0.0000e+00	5.0177e+04
5.0000e-02	3.1526e+10	5.0180e+04
5.1684e-02	3.0564e+10	5.0180e+04
5.3424e-02	2.9622e+10	5.0181e+04
5.5224e-02	2.8745e+10	5.0182e+04
5.7083e-02	2.7872e+10	5.0183e+04
5.9006e-02	2.7040e+10	5.0183e+04
6.0993e-02	2.6210e+10	5.0184e+04
6.3047e-02	2.5413e+10	5.0185e+04
6.5170e-02	2.4646e+10	5.0186e+04
6.7365e-02	2.3900e+10	5.0186e+04
6.9633e-02	2.3181e+10	5.0187e+04
7.1978e-02	2.2474e+10	5.0188e+04
7.4402e-02	2.1801e+10	5.0189e+04
7.6908e-02	2.1153e+10	5.0190e+04
7.9498e-02	2.0509e+10	5.0191e+04
8.2175e-02	1.9902e+10	5.0196e+04
8.4943e-02	1.9290e+10	5.0201e+04
8.7803e-02	1.8727e+10	5.0205e+04
9.0760e-02	1.8162e+10	5.0210e+04
9.3817e-02	1.7600e+10	5.0215e+04
9.6976e-02	1.7068e+10	5.0220e+04
1.0024e-01	1.6549e+10	5.0225e+04
1.0362e-01	1.6062e+10	5.0229e+04
1.0711e-01	1.5593e+10	5.0234e+04
1.1071e-01	1.5121e+10	5.0239e+04
1.1444e-01	1.4672e+10	5.0244e+04
1.1830e-01	1.4238e+10	5.0249e+04
1.2228e-01	1.3808e+10	5.0254e+04
1.2640e-01	1.3392e+10	5.0258e+04
1.3066e-01	1.2987e+10	5.0263e+04
1.3506e-01	1.2599e+10	5.0268e+04
1.3960e-01	1.2225e+10	5.0273e+04
1.4430e-01	1.1844e+10	5.0278e+04
1.4916e-01	1.1479e+10	5.0283e+04
1.5419e-01	1.1135e+10	5.0287e+04
1.5938e-01	1.0787e+10	5.0292e+04
1.6475e-01	1.0455e+10	5.0300e+04
1.7030e-01	1.0137e+10	5.0310e+04
1.7603e-01	9.8354e+09	5.0320e+04
1.8196e-01	9.5439e+09	5.0329e+04
1.8809e-01	9.2349e+09	5.0339e+04
1.9442e-01	8.9524e+09	5.0348e+04
2.0097e-01	8.6796e+09	5.0358e+04
2.0774e-01	8.4109e+09	5.0368e+04
2.1473e-01	8.1442e+09	5.0377e+04
2.2196e-01	7.8957e+09	5.0387e+04
2.2944e-01	7.6516e+09	5.0396e+04
2.3717e-01	7.4139e+09	5.0406e+04
2.4515e-01	7.1881e+09	5.0416e+04
2.5341e-01	6.9719e+09	5.0428e+04
2.6194e-01	6.7628e+09	5.0440e+04
2.7076e-01	6.5549e+09	5.0452e+04
2.7988e-01	6.3516e+09	5.0463e+04
2.8931e-01	6.1533e+09	5.0475e+04
2.9905e-01	5.9589e+09	5.0487e+04
3.0912e-01	5.7791e+09	5.0499e+04
3.1953e-01	5.5933e+09	5.0511e+04
3.3029e-01	5.4227e+09	5.0524e+04
3.4142e-01	5.2591e+09	5.0540e+04
3.5291e-01	5.0973e+09	5.0555e+04
3.6480e-01	4.9403e+09	5.0570e+04
3.7708e-01	4.7846e+09	5.0585e+04
3.8978e-01	4.6344e+09	5.0600e+04
4.0291e-01	4.4914e+09	5.0616e+04
4.1648e-01	4.3549e+09	5.0633e+04
4.3050e-01	4.2230e+09	5.0652e+04
4.4500e-01	4.0890e+09	5.0671e+04
4.5999e-01	3.9629e+09	5.0689e+04
4.7548e-01	3.8445e+09	5.0708e+04
4.9149e-01	3.7249e+09	5.0727e+04
5.0804e-01	3.6103e+09	5.0749e+04
5.2515e-01	3.4979e+09	5.0771e+04
5.4284e-01	3.3907e+09	5.0793e+04
5.6112e-01	3.2849e+09	5.0815e+04
5.8001e-01	3.1810e+09	5.0839e+04
5.9955e-01	3.0816e+09	5.0864e+04
6.1974e-01	2.9837e+09	5.0890e+04
6.4061e-01	2.8864e+09	5.0915e+04
6.6218e-01	2.7957e+09	5.0942e+04
6.8448e-01	2.7106e+09	5.0971e+04
7.0753e-01	2.6232e+09	5.0999e+04
7.3136e-01	2.5388e+09	5.1028e+04
7.5599e-01	2.4581e+09	5.1060e+04
7.8145e-01	2.3791e+09	5.1092e+04
8.0777e-01	2.3027e+09	5.1124e+04
8.3497e-01	2.2314e+09	5.1159e+04
8.6309e-01	2.1582e+09	5.1194e+04
8.9215e-01	2.0879e+09	5.1230e+04
9.2220e-01	2.0208e+09	5.1268e+04
9.5326e-01	1.9565e+09	5.1307e+04
9.8536e-01	1.8915e+09	5.1346e+04
1.0185e+00	1.8306e+09	5.1389e+04
1.0528e+00	1.7716e+09	5.1431e+04
1.0883e+00	1.7152e+09	5.1475e+04
1.1249e+00	1.6599e+09	5.1521e+04
1.1628e+00	1.6072e+09	5.1568e+04
1.2020e+00	1.5534e+09	5.1617e+04
1.2425e+00	1.5029e+09	5.1667e+04
1.2843e+00	1.4552e+09	5.1720e+04
1.3276e+00	1.4069e+09	5.1773e+04
1.3723e+00	1.3602e+09	5.1829e+04
1.4185e+00	1.3151e+09	5.1886e+04
1.4663e+00	1.2712e+09	5.1945e+04
1.5156e+00	1.2293e+09	5.2007e+04
1.5667e+00	1.1894e+09	5.2070e+04
1.6194e+00	1.1507e+09	5.2135e+04
1.6740e+00	1.1114e+09	5.2203e+04
1.7304e+00	1.0749e+09	5.2272e+04
1.7886e+00	1.0388e+09	5.2344e+04
1.8489e+00	1.0044e+09	5.2419e+04
1.9111e+00	9.7094e+08	5.2495e+04
1.9755e+00	9.3845e+08	5.2574e+04
2.0420e+00	9.0617e+08	5.2656e+04
2.1108e+00	8.7550e+08	5.2741e+04
2.1819e+00	8.4530e+08	5.2828e+04
2.2553e+00	8.1571e+08	5.2918e+04
2.3313e+00	7.8768e+08	5.3011e+04
2.4098e+00	7.6050e+08	5.3107e+04
2.4910e+00	7.3428e+08	5.3205e+04
2.5748e+00	7.0817e+08	5.3308e+04
2.6616e+00	6.8273e+08	5.3413e+04
2.7512e+00	6.5827e+08	5.3522e+04
2.8438e+00	6.3514e+08	5.3638e+04
2.9396e+00	6.1213e+08	5.3761e+04
3.0386e+00	5.8971e+08	5.3898e+04
3.1409e+00	5.6840e+08	5.4040e+04
3.2467e+00	5.4769e+08	5.4177e+04
3.3561e+00	5.2750e+08	5.4316e+04
3.4691e+00	5.0825e+08	5.4456e+04
3.5859e+00	4.8965e+08	5.4596e+04
3.7067e+00	4.7080e+08	5.4740e+04
3.8315e+00	4.5284e+08	5.4891e+04
3.9605e+00	4.3560e+08	5.5046e+04
4.0939e+00	4.1941e+08	5.5311e+04
4.2318e+00	4.0324e+08	5.5525e+04
4.3743e+00	3.8754e+08	5.5701e+04
4.5216e+00	3.7246e+08	5.5877e+04
4.6739e+00	3.5725e+08	5.6057e+04
4.8313e+00	3.4297e+08	5.6241e+04
4.9940e+00	3.2916e+08	5.6430e+04
5.1621e+00	3.1611e+08	5.6625e+04
5.3360e+00	3.0341e+08	5.6828e+04
5.5157e+00	2.9092e+08	5.7040e+04
5.7014e+00	2.7908e+08	5.7262e+04
5.8934e+00	2.6719e+08	5.7488e+04
6.0919e+00	2.5588e+08	5.7716e+04
6.2971e+00	2.4484e+08	5.7947e+04
6.5091e+00	2.3448e+08	5.8182e+04
6.7283e+00	2.2429e+08	5.8423e+04
6.9549e+00	2.1438e+08	5.8669e+04
7.1891e+00	2.0485e+08	5.8922e+04
7.4313e+00	1.9552e+08	5.9181e+04
7.6815e+00	1.8652e+08	5.9446e+04
7.9402e+00	1.7777e+08	5.9717e+04
8.2076e+00	1.6935e+08	5.9995e+04
8.4840e+00	1.6121e+08	6.0224e+04
8.7697e+00	1.5336e+08	6.0516e+04
9.0651e+00	1.4579e+08	6.0816e+04
9.3703e+00	1.3851e+08	6.1124e+04
9.6859e+00	1.3166e+08	6.1439e+04
1.0012e+01	1.2501e+08	6.1760e+04
1.0349e+01	1.1862e+08	6.2085e+04
1.0698e+01	1.1241e+08	6.2416e+04
1.1058e+01	1.0654e+08	6.2760e+04
1.1430e+01	1.0088e+08	6.3107e+04
1.1815e+01	9.5340e+07	6.3450e+04
1.2213e+01	9.0125e+07	6.3797e+04
1.2625e+01	8.5157e+07	6.4149e+04
1.3050e+01	8.0255e+07	6.4505e+04
1.3489e+01	7.5688e+07	6.4861e+04
1.3944e+01	7.1217e+07	6.5205e+04
1.4413e+01	6.7003e+07	6.5596e+04
1.4898e+01	6.2966e+07	6.5962e+04
1.5400e+01	5.9080e+07	6.6330e+04
1.5919e+01	5.5288e+07	6.6623e+04
1.6455e+01	5.1881e+07	6.6992e+04
1.7009e+01	4.8478e+07	6.7362e+04
1.7582e+01	4.5284e+07	6.7765e+04
1.8174e+01	4.2234e+07	6.8151e+04
1.8786e+01	3.9451e+07	6.8533e+04
1.9419e+01	3.6651e+07	6.8923e+04
2.0073e+01	3.4106e+07	6.9288e+04
2.0749e+01	3.1674e+07	6.9614e+04
2.1447e+01	2.9346e+07	6.9925e+04
2.2170e+01	2.7160e+07	7.0319e+04
2.2916e+01	2.5098e+07	7.0826e+04
2.3688e+01	2.3201e+07	7.1136e+04
2.4486e+01	2.1420e+07	7.1371e+04
2.5310e+01	1.9738e+07	7.1583e+04
2.6163e+01	1.8152e+07	7.1786e+04
2.7044e+01	1.6595e+07	7.1968e+04
2.7954e+01	1.5237e+07	7.2089e+04
2.8896e+01	1.3933e+07	7.2163e+04
2.9869e+01	1.2764e+07	7.2234e+04
3.0875e+01	1.1609e+07	7.2242e+04
3.1915e+01	1.0576e+07	7.2277e+04
3.2989e+01	9.5967e+06	7.2237e+04
3.4100e+01	8.6958e+06	7.2046e+04
3.5249e+01	7.8610e+06	7.1910e+04
3.6436e+01	7.0946e+06	7.1652e+04
3.7663e+01	6.3975e+06	7.1269e+04
3.8931e+01	5.7516e+06	7.0851e+04
4.0242e+01	5.1508e+06	7.0380e+04
4.1598e+01	4.6085e+06	6.9879e+04
4.2998e+01	4.1294e+06	6.9373e+04
4.4446e+01	3.6915e+06	6.8791e+04
4.5943e+01	3.2971e+06	6.8108e+04
4.7490e+01	2.9345e+06	6.7334e+04
4.9090e+01	2.6211e+06	6.6484e+04
5.0743e+01	2.3342e+06	6.5533e+04
5.2452e+01	2.0719e+06	6.4591e+04
5.4218e+01	1.8415e+06	6.3518e+04
5.6044e+01	1.6303e+06	6.2354e+04
5.7931e+01	1.4492e+06	6.1097e+04
5.9882e+01	1.2824e+06	5.9734e+04
6.1899e+01	1.1397e+06	5.8356e+04
6.3984e+01	1.0054e+06	5.6850e+04
6.6138e+01	8.9052e+05	5.5264e+04
6.8366e+01	7.9135e+05	5.3699e+04
7.0668e+01	7.0152e+05	5.2091e+04
7.3048e+01	6.1968e+05	5.0407e+04
7.5508e+01	5.4738e+05	4.8764e+04
7.8051e+01	4.8394e+05	4.7072e+04
8.0679e+01	4.2714e+05	4.5385e+04
8.3396e+01	3.7695e+05	4.3748e+04
8.6205e+01	3.3125e+05	4.2030e+04
8.9108e+01	2.9349e+05	4.0331e+04
9.2109e+01	2.6008e+05	3.8533e+04
9.5211e+01	2.2999e+05	3.6722e+04
9.8417e+01	2.0320e+05	3.4860e+04
1.0173e+02	1.7985e+05	3.3015e+04
1.0516e+02	1.5933e+05	3.1224e+04
1.0870e+02	1.4019e+05	2.9470e+04
1.1236e+02	1.2400e+05	2.7756e+04
1.1614e+02	1.0971e+05	2.6142e+04
1.2005e+02	9.6916e+04	2.4539e+04
1.2410e+02	8.5331e+04	2.2976e+04
1.2828e+02	7.5338e+04	2.1506e+04
1.3260e+02	6.6704e+04	2.0102e+04
1.3706e+02	5.9323e+04	1.8772e+04
1.4168e+02	5.2682e+04	1.7460e+04
1.4645e+02	4.6501e+04	1.6205e+04
1.5138e+02	4.0976e+04	1.4999e+04
1.5648e+02	3.6088e+04	1.3860e+04
1.6175e+02	3.1913e+04	1.2804e+04
1.6720e+02	2.8116e+04	1.1843e+04
1.7283e+02	2.4854e+04	1.0913e+04
1.7865e+02	2.2023e+04	1.0022e+04
1.8466e+02	1.9440e+04	9.1800e+03
1.9088e+02	1.7181e+04	8.4219e+03
1.9731e+02	1.5185e+04	7.7033e+03
2.0395e+02	1.3478e+04	7.0102e+03
2.1082e+02	1.1935e+04	6.3676e+03
2.1792e+02	1.0517e+04	5.7789e+03
2.2526e+02	9.3116e+03	5.2330e+03
2.3285e+02	8.2276e+03	4.7484e+03
2.4069e+02	7.2433e+03	4.3052e+03
2.4880e+02	6.3829e+03	3.8971e+03
2.5717e+02	5.6093e+03	3.5203e+03
2.6583e+02	4.9536e+03	3.1808e+03
2.7479e+02	4.3733e+03	2.8829e+03
2.8404e+02	3.8605e+03	2.6087e+03
2.9361e+02	3.4120e+03	2.3523e+03
3.0349e+02	3.0295e+03	2.1212e+03
3.1371e+02	2.6861e+03	1.9125e+03
3.2428e+02	2.3734e+03	1.7239e+03
3.3520e+02	2.1049e+03	1.5538e+03
3.4649e+02	1.8675e+03	1.3983e+03
3.5816e+02	1.6572e+03	1.2580e+03
3.7022e+02	1.4684e+03	1.1264e+03
3.8269e+02	1.3038e+03	1.0074e+03
3.9557e+02	1.1523e+03	9.0083e+02
4.0890e+02	1.0169e+03	8.0666e+02
4.2267e+02	8.9776e+02	7.2251e+02
4.3690e+02	7.9592e+02	6.4718e+02
4.5161e+02	7.0555e+02	5.7878e+02
4.6682e+02	6.2523e+02	5.1663e+02
4.8254e+02	5.5299e+02	4.6167e+02
4.9879e+02	4.8941e+02	4.1367e+02
5.1559e+02	4.3422e+02	3.7098e+02
5.3295e+02	3.8682e+02	3.3188e+02
5.5090e+02	3.4374e+02	2.9611e+02
5.6946e+02	3.0430e+02	2.6428e+02
5.8863e+02	2.6976e+02	2.3682e+02
6.0846e+02	2.4023e+02	2.1211e+02
6.2895e+02	2.1392e+02	1.8906e+02
6.5013e+02	1.8957e+02	1.6821e+02
6.7202e+02	1.6767e+02	1.4934e+02
6.9465e+02	1.4807e+02	1.3259e+02
7.1805e+02	1.3074e+02	1.1761e+02
7.4223e+02	1.1542e+02	1.0430e+02
7.6722e+02	1.0188e+02	9.2448e+01
7.9306e+02	8.9917e+01	8.1933e+01
8.1977e+02	7.9341e+01	7.2621e+01
8.4738e+02	7.0073e+01	6.4471e+01
8.7591e+02	6.2007e+01	5.7160e+01
9.0541e+02	5.4744e+01	5.0677e+01
9.3590e+02	4.8389e+01	4.4953e+01
9.6742e+02	4.2802e+01	3.9932e+01
1.0000e+03	3.7941e+01	3.5492e+01