1.800000e+00 4.745931e+09
1.822942e+00 4.622546e+09
1.846177e+00 4.470757e+09
1.869708e+00 4.331291e+09
1.893539e+00 4.206463e+09
1.917674e+00 4.075649e+09
1.942116e+00 3.962425e+09
1.966870e+00 3.848623e+09
1.991940e+00 3.743821e+09
2.017328e+00 3.641703e+09
2.043041e+00 3.541452e+09
2.069081e+00 3.439089e+09
2.095453e+00 3.345027e+09
2.122162e+00 3.250441e+09
2.149210e+00 3.154449e+09
2.176604e+00 3.061400e+09
2.204346e+00 2.969756e+09
2.232442e+00 2.881794e+09
2.260897e+00 2.804276e+09
2.289714e+00 2.726073e+09
2.318898e+00 2.647481e+09
2.348454e+00 2.568500e+09
2.378387e+00 2.486616e+09
2.408702e+00 2.414995e+09
2.439402e+00 2.339663e+09
2.470495e+00 2.274607e+09
2.501983e+00 2.207057e+09
2.533873e+00 2.138600e+09
2.566169e+00 2.069237e+09
2.598877e+00 2.007845e+09
2.632002e+00 1.945546e+09
2.665549e+00 1.883660e+09
2.699523e+00 1.828444e+09
2.733931e+00 1.767360e+09
2.768777e+00 1.709353e+09
2.804067e+00 1.655606e+09
2.839808e+00 1.606298e+09
2.876003e+00 1.553338e+09
2.912660e+00 1.507669e+09
2.949784e+00 1.460056e+09
2.987382e+00 1.411600e+09
3.025458e+00 1.367987e+09
3.064020e+00 1.322550e+09
3.103074e+00 1.279257e+09
3.142625e+00 1.235002e+09
3.182680e+00 1.193812e+09
3.223246e+00 1.153513e+09
3.264329e+00 1.114354e+09
3.305936e+00 1.076974e+09
3.348072e+00 1.040552e+09
3.390746e+00 1.005609e+09
3.433964e+00 9.713174e+08
3.477733e+00 9.402086e+08
3.522059e+00 9.091887e+08
3.566951e+00 8.781735e+08
3.612415e+00 8.479898e+08
3.658458e+00 8.186225e+08
3.705088e+00 7.909591e+08
3.752312e+00 7.637792e+08
3.800138e+00 7.371884e+08
3.848574e+00 7.116574e+08
3.897627e+00 6.869311e+08
3.947306e+00 6.643630e+08
3.997617e+00 6.412877e+08
4.048570e+00 6.190805e+08
4.100173e+00 5.977114e+08
4.152433e+00 5.768728e+08
4.205359e+00 5.567281e+08
4.258959e+00 5.379344e+08
4.313243e+00 5.194112e+08
4.368219e+00 5.015472e+08
4.423896e+00 4.841455e+08
4.480282e+00 4.674678e+08
4.537387e+00 4.515185e+08
4.595219e+00 4.361177e+08
4.653789e+00 4.212224e+08
4.713105e+00 4.065674e+08
4.773178e+00 3.924433e+08
4.834016e+00 3.790712e+08
4.895629e+00 3.659708e+08
4.958028e+00 3.534725e+08
5.021222e+00 3.412629e+08
5.085222e+00 3.291783e+08
5.150037e+00 3.177208e+08
5.215678e+00 3.066941e+08
5.282156e+00 2.960501e+08
5.349482e+00 2.858497e+08
5.417665e+00 2.759785e+08
5.486718e+00 2.664482e+08
5.556650e+00 2.572326e+08
5.627475e+00 2.483228e+08
5.699201e+00 2.396889e+08
5.771842e+00 2.312967e+08
5.845409e+00 2.232490e+08
5.919913e+00 2.156365e+08
5.995368e+00 2.081947e+08
6.071783e+00 2.009940e+08
6.149173e+00 1.941321e+08
6.227549e+00 1.875044e+08
6.306925e+00 1.811031e+08
6.387311e+00 1.749021e+08
6.468723e+00 1.688334e+08
6.551172e+00 1.629552e+08
6.634672e+00 1.574017e+08
6.719236e+00 1.520376e+08
6.804878e+00 1.467975e+08
6.891612e+00 1.416776e+08
6.979451e+00 1.367363e+08
7.068410e+00 1.320336e+08
7.158503e+00 1.275198e+08
7.249744e+00 1.231415e+08
7.342148e+00 1.188927e+08
7.435729e+00 1.148368e+08
7.530504e+00 1.108137e+08
7.626486e+00 1.069862e+08
7.723692e+00 1.033743e+08
7.822136e+00 9.984794e+07
7.921836e+00 9.646273e+07
8.022806e+00 9.319646e+07
8.125063e+00 8.995562e+07
8.228624e+00 8.687885e+07
8.333504e+00 8.386188e+07
8.439722e+00 8.094968e+07
8.547293e+00 7.813862e+07
8.656235e+00 7.544338e+07
8.766566e+00 7.286441e+07
8.878303e+00 7.039399e+07
8.991464e+00 6.803328e+07
9.106067e+00 6.575173e+07
9.222132e+00 6.354671e+07
9.339675e+00 6.139601e+07
9.458717e+00 5.923614e+07
9.579276e+00 5.721735e+07
9.701372e+00 5.528150e+07
9.825023e+00 5.337313e+07
9.950251e+00 5.153063e+07
1.007708e+01 4.975174e+07
1.020552e+01 4.803168e+07
1.033559e+01 4.636205e+07
1.046733e+01 4.475046e+07
1.060074e+01 4.320869e+07
1.073586e+01 4.173479e+07
1.087270e+01 4.029630e+07
1.101128e+01 3.891030e+07
1.115162e+01 3.758771e+07
1.129376e+01 3.628558e+07
1.143771e+01 3.504877e+07
1.158349e+01 3.382042e+07
1.173113e+01 3.264765e+07
1.188066e+01 3.152454e+07
1.203208e+01 3.044052e+07
1.218544e+01 2.939379e+07
1.234076e+01 2.838305e+07
1.249805e+01 2.740706e+07
1.265735e+01 2.646352e+07
1.281868e+01 2.554677e+07
1.298206e+01 2.466178e+07
1.314753e+01 2.380745e+07
1.331510e+01 2.298551e+07
1.348482e+01 2.218956e+07
1.365669e+01 2.142117e+07
1.383076e+01 2.067939e+07
1.400704e+01 1.996330e+07
1.418557e+01 1.927178e+07
1.436638e+01 1.860507e+07
1.454949e+01 1.795979e+07
1.473493e+01 1.733682e+07
1.492274e+01 1.674089e+07
1.511294e+01 1.617257e+07
1.530557e+01 1.561930e+07
1.550065e+01 1.508497e+07
1.569822e+01 1.456585e+07
1.589831e+01 1.406227e+07
1.610095e+01 1.357610e+07
1.630616e+01 1.310693e+07
1.651400e+01 1.265772e+07
1.672448e+01 1.222391e+07
1.693765e+01 1.180501e+07
1.715354e+01 1.140123e+07
1.737217e+01 1.100989e+07
1.759359e+01 1.062706e+07
1.781784e+01 1.025926e+07
1.804494e+01 9.904197e+06
1.827494e+01 9.562767e+06
1.850787e+01 9.235474e+06
1.874377e+01 8.916342e+06
1.898267e+01 8.607730e+06
1.922462e+01 8.309800e+06
1.946965e+01 8.022182e+06
1.971781e+01 7.744519e+06
1.996913e+01 7.476467e+06
2.022365e+01 7.217692e+06
2.048142e+01 6.967874e+06
2.074247e+01 6.726816e+06
2.100685e+01 6.494710e+06
2.127460e+01 6.270071e+06
2.154576e+01 6.057267e+06
2.182038e+01 5.853789e+06
2.209850e+01 5.655101e+06
2.238016e+01 5.462414e+06
2.266542e+01 5.272537e+06
2.295430e+01 5.089174e+06
2.324688e+01 4.910808e+06
2.354318e+01 4.738977e+06
2.384325e+01 4.573312e+06
2.414715e+01 4.415165e+06
2.445493e+01 4.262558e+06
2.476663e+01 4.115225e+06
2.508230e+01 3.974956e+06
2.540199e+01 3.839639e+06
2.572576e+01 3.708930e+06
2.605366e+01 3.582671e+06
2.638573e+01 3.460692e+06
2.672204e+01 3.341360e+06
2.706263e+01 3.227434e+06
2.740757e+01 3.117394e+06
2.775690e+01 3.011108e+06
2.811069e+01 2.908447e+06
2.846898e+01 2.809287e+06
2.883184e+01 2.712857e+06
2.919932e+01 2.619155e+06
2.957149e+01 2.528980e+06
2.994841e+01 2.441909e+06
3.033012e+01 2.357838e+06
3.071671e+01 2.276662e+06
3.110821e+01 2.197227e+06
3.150471e+01 2.120617e+06
3.190627e+01 2.046736e+06
3.231294e+01 1.976639e+06
3.272479e+01 1.909072e+06
3.314190e+01 1.843814e+06
3.356432e+01 1.780787e+06
3.399212e+01 1.719914e+06
3.442538e+01 1.661122e+06
3.486416e+01 1.604340e+06
3.530853e+01 1.549499e+06
3.575857e+01 1.496533e+06
3.621434e+01 1.445377e+06
3.667592e+01 1.395969e+06
3.714338e+01 1.347699e+06
3.761681e+01 1.301527e+06
3.809626e+01 1.257193e+06
3.858183e+01 1.214369e+06
3.907359e+01 1.173004e+06
3.957161e+01 1.133040e+06
4.007598e+01 1.094309e+06
4.058679e+01 1.056902e+06
4.110410e+01 1.020358e+06
4.162800e+01 9.848552e+05
4.215858e+01 9.509627e+05
4.269593e+01 9.185217e+05
4.324012e+01 8.871512e+05
4.379126e+01 8.569047e+05
4.434941e+01 8.276890e+05
4.491468e+01 7.995338e+05
4.548715e+01 7.721809e+05
4.606692e+01 7.462757e+05
4.665408e+01 7.207995e+05
4.724873e+01 6.963412e+05
4.785095e+01 6.724927e+05
4.846085e+01 6.490481e+05
4.907852e+01 6.264787e+05
4.970407e+01 6.048641e+05
5.033759e+01 5.838006e+05
5.097918e+01 5.637487e+05
5.162895e+01 5.443771e+05
5.228701e+01 5.256722e+05
5.295345e+01 5.075260e+05
5.362838e+01 4.902352e+05
5.431192e+01 4.735545e+05
5.500417e+01 4.577154e+05
5.570524e+01 4.421650e+05
5.641525e+01 4.269534e+05
5.713431e+01 4.124981e+05
5.786253e+01 3.983212e+05
5.860004e+01 3.847998e+05
5.934694e+01 3.718164e+05
6.010337e+01 3.592033e+05
6.086943e+01 3.469986e+05
6.164526e+01 3.350796e+05
6.243098e+01 3.236721e+05
6.322671e+01 3.127060e+05
6.403259e+01 3.020900e+05
6.484874e+01 2.917583e+05
6.567529e+01 2.816981e+05
6.651237e+01 2.718991e+05
6.736013e+01 2.624744e+05
6.821869e+01 2.534600e+05
6.908819e+01 2.447551e+05
6.996877e+01 2.363492e+05
7.086058e+01 2.282717e+05
7.176376e+01 2.205218e+05
7.267845e+01 2.131041e+05
7.360479e+01 2.059971e+05
7.454294e+01 1.990395e+05
7.549305e+01 1.924154e+05
7.645527e+01 1.860397e+05
7.742976e+01 1.797801e+05
7.841666e+01 1.736718e+05
7.941615e+01 1.677521e+05
8.042837e+01 1.620342e+05
8.145350e+01 1.565112e+05
8.249169e+01 1.511764e+05
8.354311e+01 1.460078e+05
8.460794e+01 1.410145e+05
8.568633e+01 1.361458e+05
8.677847e+01 1.314362e+05
8.788454e+01 1.268895e+05
8.900470e+01 1.225001e+05
9.013913e+01 1.181756e+05
9.128803e+01 1.141590e+05
9.245157e+01 1.102766e+05
9.362994e+01 1.065287e+05
9.482333e+01 1.029081e+05
9.603193e+01 9.937971e+04
9.725594e+01 9.600643e+04
9.849554e+01 9.270077e+04
9.975095e+01 8.956933e+04
1.010224e+02 8.652425e+04
1.023100e+02 8.356967e+04
1.036140e+02 8.071599e+04
1.049346e+02 7.795976e+04
1.062721e+02 7.528546e+04
1.076266e+02 7.267761e+04
1.089984e+02 7.020451e+04
1.103877e+02 6.782073e+04
1.117947e+02 6.552155e+04
1.132196e+02 6.329854e+04
1.146627e+02 6.115096e+04
1.161241e+02 5.909441e+04
1.176042e+02 5.710090e+04
1.191032e+02 5.515047e+04
1.206213e+02 5.326221e+04
1.221587e+02 5.143493e+04
1.237157e+02 4.967661e+04
1.252925e+02 4.797840e+04
1.268895e+02 4.633824e+04
1.285068e+02 4.475415e+04
1.301447e+02 4.321065e+04
1.318035e+02 4.173309e+04
1.334835e+02 4.032326e+04
1.351848e+02 3.895070e+04
1.369079e+02 3.761980e+04
1.386529e+02 3.635205e+04
1.404201e+02 3.513168e+04
1.422099e+02 3.395035e+04
1.440225e+02 3.279917e+04
1.458582e+02 3.166212e+04
1.477172e+02 3.057765e+04
1.496000e+02 2.953231e+04
1.515068e+02 2.853251e+04
1.534379e+02 2.756396e+04
1.553935e+02 2.661961e+04
1.573742e+02 2.570376e+04
1.593800e+02 2.481201e+04
1.614115e+02 2.395120e+04
1.634688e+02 2.312324e+04
1.655523e+02 2.233299e+04
1.676624e+02 2.157409e+04
1.697994e+02 2.084098e+04
1.719636e+02 2.013278e+04
1.741555e+02 1.944865e+04
1.763752e+02 1.878492e+04
1.786233e+02 1.814243e+04
1.809000e+02 1.752192e+04
1.832057e+02 1.692084e+04
1.855408e+02 1.634019e+04
1.879056e+02 1.578237e+04
1.903007e+02 1.524409e+04
1.927262e+02 1.472394e+04
1.951826e+02 1.422154e+04
1.976704e+02 1.373570e+04
2.001899e+02 1.326240e+04
2.027415e+02 1.280541e+04
2.053256e+02 1.236417e+04
2.079426e+02 1.193813e+04
2.105930e+02 1.152953e+04
2.132772e+02 1.113859e+04
2.159956e+02 1.076092e+04
2.187486e+02 1.039605e+04
2.215367e+02 1.004123e+04
2.243604e+02 9.690461e+03
2.272201e+02 9.351951e+03
2.301162e+02 9.025269e+03
2.330492e+02 8.717939e+03
2.360196e+02 8.423379e+03
2.390278e+02 8.138774e+03
2.420744e+02 7.859420e+03
2.451599e+02 7.591478e+03
2.482846e+02 7.332679e+03
2.514492e+02 7.082705e+03
2.546542e+02 6.836605e+03
2.578999e+02 6.602690e+03
2.611871e+02 6.378210e+03
2.645161e+02 6.161918e+03
2.678876e+02 5.954492e+03
2.713020e+02 5.753623e+03
2.747600e+02 5.556989e+03
2.782620e+02 5.366872e+03
2.818087e+02 5.184346e+03
2.854006e+02 5.008034e+03
2.890383e+02 4.837724e+03
2.927223e+02 4.674112e+03
2.964533e+02 4.516332e+03
3.002318e+02 4.361035e+03
3.040585e+02 4.212317e+03
3.079340e+02 4.069208e+03
3.118588e+02 3.930963e+03
3.158337e+02 3.797415e+03
3.198593e+02 3.666713e+03
3.239362e+02 3.540893e+03
3.280650e+02 3.419392e+03
3.322464e+02 3.302061e+03
3.364812e+02 3.188756e+03
3.407699e+02 3.079341e+03
3.451133e+02 2.974695e+03
3.495121e+02 2.872409e+03
3.539669e+02 2.773487e+03
3.584785e+02 2.677973e+03
3.630476e+02 2.586887e+03
3.676749e+02 2.498239e+03
3.723612e+02 2.413639e+03
3.771073e+02 2.331947e+03
3.819138e+02 2.253019e+03
3.867816e+02 2.176745e+03
3.917114e+02 2.102546e+03
3.967041e+02 2.030417e+03
4.017604e+02 1.960985e+03
4.068812e+02 1.894613e+03
4.120672e+02 1.829843e+03
4.173194e+02 1.767288e+03
4.226384e+02 1.707572e+03
4.280253e+02 1.650337e+03
4.334808e+02 1.595020e+03
4.390059e+02 1.541547e+03
4.446014e+02 1.489478e+03
4.502682e+02 1.438954e+03
4.560072e+02 1.389747e+03
4.618194e+02 1.342223e+03
4.677057e+02 1.296324e+03
4.736670e+02 1.251994e+03
4.797042e+02 1.208987e+03
4.858185e+02 1.167351e+03
4.920106e+02 1.127669e+03
4.982817e+02 1.089326e+03
5.046327e+02 1.052338e+03
5.110646e+02 1.016147e+03
5.175786e+02 9.811079e+02
5.241755e+02 9.477329e+02
5.308566e+02 9.156065e+02
5.376228e+02 8.845744e+02
5.444752e+02 8.545643e+02
5.514150e+02 8.254851e+02
5.584432e+02 7.976011e+02
5.655610e+02 7.710576e+02
5.727696e+02 7.454413e+02
5.800700e+02 7.200675e+02
5.874635e+02 6.949957e+02
5.949511e+02 6.709909e+02
6.025343e+02 6.483409e+02
6.102141e+02 6.264559e+02
6.179917e+02 6.053099e+02
6.258686e+02 5.848981e+02
6.338458e+02 5.650162e+02
6.419246e+02 5.458985e+02
6.501065e+02 5.274280e+02
6.583926e+02 5.092220e+02
6.667844e+02 4.916909e+02
6.752831e+02 4.749043e+02
6.838901e+02 4.587666e+02
6.926068e+02 4.433233e+02
7.014347e+02 4.283997e+02
7.103750e+02 4.139600e+02
7.194293e+02 3.998083e+02
7.285991e+02 3.861404e+02
7.378856e+02 3.729214e+02
7.472906e+02 3.599466e+02
7.568154e+02 3.474231e+02
7.664616e+02 3.353354e+02
7.762308e+02 3.237956e+02
7.861245e+02 3.124284e+02
7.961443e+02 3.016739e+02
8.062918e+02 2.914468e+02
8.165687e+02 2.816380e+02
8.269765e+02 2.721741e+02
8.375170e+02 2.630282e+02
8.481918e+02 2.541882e+02
8.590027e+02 2.456056e+02
8.699514e+02 2.372085e+02
8.810396e+02 2.290385e+02
8.922692e+02 2.211499e+02
9.036419e+02 2.135330e+02
9.151595e+02 2.062888e+02
9.268240e+02 1.993485e+02
9.386371e+02 1.926377e+02
9.506008e+02 1.860156e+02
9.627170e+02 1.796213e+02
9.749876e+02 1.734516e+02
9.874146e+02 1.675464e+02
1.000000e+03 1.618849e+02
