1.800000e+00 3.966599e+09 7.759293e+09
1.822942e+00 3.845277e+09 7.654994e+09
1.846177e+00 3.727533e+09 7.858202e+09
1.869708e+00 3.609523e+09 7.588060e+09
1.893539e+00 3.505251e+09 7.424653e+09
1.917674e+00 3.404399e+09 7.164584e+09
1.942116e+00 3.301050e+09 6.913517e+09
1.966870e+00 3.200113e+09 6.859673e+09
1.991940e+00 3.109709e+09 6.638446e+09
2.017328e+00 3.027351e+09 6.427831e+09
2.043041e+00 2.931904e+09 6.213170e+09
2.069081e+00 2.842489e+09 6.005677e+09
2.095453e+00 2.763659e+09 5.891043e+09
2.122162e+00 2.678813e+09 5.691509e+09
2.149210e+00 2.600202e+09 5.535534e+09
2.176604e+00 2.516384e+09 5.339198e+09
2.204346e+00 2.433733e+09 5.182339e+09
2.232442e+00 2.355462e+09 5.040035e+09
2.260897e+00 2.287947e+09 4.883529e+09
2.289714e+00 2.219947e+09 4.772942e+09
2.318898e+00 2.151912e+09 4.718780e+09
2.348454e+00 2.092275e+09 4.645615e+09
2.378387e+00 2.022097e+09 4.488859e+09
2.408702e+00 1.960134e+09 4.340237e+09
2.439402e+00 1.900127e+09 4.210722e+09
2.470495e+00 1.838262e+09 4.165328e+09
2.501983e+00 1.778730e+09 4.027280e+09
2.533873e+00 1.720183e+09 3.916651e+09
2.566169e+00 1.663070e+09 3.799513e+09
2.598877e+00 1.606223e+09 3.730833e+09
2.632002e+00 1.554187e+09 3.689050e+09
2.665549e+00 1.500396e+09 3.621718e+09
2.699523e+00 1.450732e+09 3.568704e+09
2.733931e+00 1.402820e+09 3.507836e+09
2.768777e+00 1.355168e+09 3.434993e+09
2.804067e+00 1.308958e+09 3.317563e+09
2.839808e+00 1.269810e+09 3.289080e+09
2.876003e+00 1.226634e+09 3.183316e+09
2.912660e+00 1.185162e+09 3.154075e+09
2.949784e+00 1.146464e+09 3.113234e+09
2.987382e+00 1.108256e+09 3.033085e+09
3.025458e+00 1.071756e+09 2.965043e+09
3.064020e+00 1.035196e+09 2.862102e+09
3.103074e+00 1.001511e+09 2.771624e+09
3.142625e+00 9.691901e+08 2.678145e+09
3.182680e+00 9.359941e+08 2.600899e+09
3.223246e+00 9.051301e+08 2.551524e+09
3.264329e+00 8.742849e+08 2.516942e+09
3.305936e+00 8.442665e+08 2.434557e+09
3.348072e+00 8.152216e+08 2.356238e+09
3.390746e+00 7.872433e+08 2.292523e+09
3.433964e+00 7.604792e+08 2.221631e+09
3.477733e+00 7.348506e+08 2.181427e+09
3.522059e+00 7.102389e+08 2.125378e+09
3.566951e+00 6.861364e+08 2.058240e+09
3.612415e+00 6.623611e+08 1.989640e+09
3.658458e+00 6.391183e+08 1.930133e+09
3.705088e+00 6.167738e+08 1.865610e+09
3.752312e+00 5.955899e+08 1.812595e+09
3.800138e+00 5.756015e+08 1.763456e+09
3.848574e+00 5.562840e+08 1.705125e+09
3.897627e+00 5.376158e+08 1.652297e+09
3.947306e+00 5.201179e+08 1.619678e+09
3.997617e+00 5.024630e+08 1.573700e+09
4.048570e+00 4.854111e+08 1.538522e+09
4.100173e+00 4.691308e+08 1.494951e+09
4.152433e+00 4.534187e+08 1.451378e+09
4.205359e+00 4.380610e+08 1.406422e+09
4.258959e+00 4.232632e+08 1.361518e+09
4.313243e+00 4.089437e+08 1.317617e+09
4.368219e+00 3.949028e+08 1.275147e+09
4.423896e+00 3.813441e+08 1.235666e+09
4.480282e+00 3.682509e+08 1.204596e+09
4.537387e+00 3.556072e+08 1.165588e+09
4.595219e+00 3.434009e+08 1.127520e+09
4.653789e+00 3.315718e+08 1.091544e+09
4.713105e+00 3.202414e+08 1.056061e+09
4.773178e+00 3.093654e+08 1.021731e+09
4.834016e+00 2.987827e+08 9.885173e+08
4.895629e+00 2.884612e+08 9.580215e+08
4.958028e+00 2.786085e+08 9.314966e+08
5.021222e+00 2.691997e+08 9.024900e+08
5.085222e+00 2.599948e+08 8.724050e+08
5.150037e+00 2.512384e+08 8.447838e+08
5.215678e+00 2.425419e+08 8.192418e+08
5.282156e+00 2.342299e+08 7.948662e+08
5.349482e+00 2.262407e+08 7.720968e+08
5.417665e+00 2.185880e+08 7.497664e+08
5.486718e+00 2.111288e+08 7.278722e+08
5.556650e+00 2.040082e+08 7.063088e+08
5.627475e+00 1.970807e+08 6.837617e+08
5.699201e+00 1.903324e+08 6.610552e+08
5.771842e+00 1.838274e+08 6.389866e+08
5.845409e+00 1.775556e+08 6.173052e+08
5.919913e+00 1.715241e+08 5.968419e+08
5.995368e+00 1.657028e+08 5.777452e+08
6.071783e+00 1.600855e+08 5.584835e+08
6.149173e+00 1.546585e+08 5.398640e+08
6.227549e+00 1.494156e+08 5.218653e+08
6.306925e+00 1.443527e+08 5.044761e+08
6.387311e+00 1.394506e+08 4.879593e+08
6.468723e+00 1.347173e+08 4.713954e+08
6.551172e+00 1.301337e+08 4.556747e+08
6.634672e+00 1.257141e+08 4.403133e+08
6.719236e+00 1.214402e+08 4.254575e+08
6.804878e+00 1.172504e+08 4.110548e+08
6.891612e+00 1.132226e+08 3.970994e+08
6.979451e+00 1.093889e+08 3.834078e+08
7.068410e+00 1.056128e+08 3.701060e+08
7.158503e+00 1.019466e+08 3.572658e+08
7.249744e+00 9.842601e+07 3.448712e+08
7.342148e+00 9.502707e+07 3.333394e+08
7.435729e+00 9.175091e+07 3.224573e+08
7.530504e+00 8.860391e+07 3.119306e+08
7.626486e+00 8.552798e+07 3.011753e+08
7.723692e+00 8.261612e+07 2.905703e+08
7.822136e+00 7.977413e+07 2.803389e+08
7.921836e+00 7.704603e+07 2.704678e+08
8.022806e+00 7.441169e+07 2.609424e+08
8.125063e+00 7.182890e+07 2.516909e+08
8.228624e+00 6.935399e+07 2.428511e+08
8.333504e+00 6.698309e+07 2.348983e+08
8.439722e+00 6.469324e+07 2.272063e+08
8.547293e+00 6.248168e+07 2.195099e+08
8.656235e+00 6.034571e+07 2.118598e+08
8.766566e+00 5.828276e+07 2.047432e+08
8.878303e+00 5.630300e+07 1.980086e+08
8.991464e+00 5.437125e+07 1.914351e+08
9.106067e+00 5.251058e+07 1.850760e+08
9.222132e+00 5.071773e+07 1.789184e+08
9.339675e+00 4.898915e+07 1.729656e+08
9.458717e+00 4.730945e+07 1.670082e+08
9.579276e+00 4.569058e+07 1.612026e+08
9.701372e+00 4.413024e+07 1.555988e+08
9.825023e+00 4.262210e+07 1.501898e+08
9.950251e+00 4.116020e+07 1.449688e+08
1.007708e+01 3.975312e+07 1.401524e+08
1.020552e+01 3.839414e+07 1.355150e+08
1.033559e+01 3.708162e+07 1.309293e+08
1.046733e+01 3.581397e+07 1.264375e+08
1.060074e+01 3.459370e+07 1.220873e+08
1.073586e+01 3.340929e+07 1.178754e+08
1.087270e+01 3.227134e+07 1.137966e+08
1.101128e+01 3.117725e+07 1.098122e+08
1.115162e+01 3.010292e+07 1.059672e+08
1.129376e+01 2.907489e+07 1.022570e+08
1.143771e+01 2.808012e+07 9.867659e+07
1.158349e+01 2.712801e+07 9.522159e+07
1.173113e+01 2.621381e+07 9.187363e+07
1.188066e+01 2.532696e+07 8.865522e+07
1.203208e+01 2.444198e+07 8.564201e+07
1.218544e+01 2.361508e+07 8.269609e+07
1.234076e+01 2.280685e+07 7.994664e+07
1.249805e+01 2.201399e+07 7.726562e+07
1.265735e+01 2.125906e+07 7.466945e+07
1.281868e+01 2.053002e+07 7.215606e+07
1.298206e+01 1.981848e+07 6.971756e+07
1.314753e+01 1.913884e+07 6.734726e+07
1.331510e+01 1.848984e+07 6.503807e+07
1.348482e+01 1.785350e+07 6.280186e+07
1.365669e+01 1.724046e+07 6.066549e+07
1.383076e+01 1.665032e+07 5.860795e+07
1.400704e+01 1.607986e+07 5.660614e+07
1.418557e+01 1.553354e+07 5.466652e+07
1.436638e+01 1.500740e+07 5.279167e+07
1.454949e+01 1.449780e+07 5.098113e+07
1.473493e+01 1.400570e+07 4.923268e+07
1.492274e+01 1.352638e+07 4.754420e+07
1.511294e+01 1.306447e+07 4.591363e+07
1.530557e+01 1.261866e+07 4.433899e+07
1.550065e+01 1.218546e+07 4.282023e+07
1.569822e+01 1.176353e+07 4.137788e+07
1.589831e+01 1.136280e+07 3.998411e+07
1.610095e+01 1.096664e+07 3.863729e+07
1.630616e+01 1.058932e+07 3.733584e+07
1.651400e+01 1.021769e+07 3.607823e+07
1.672448e+01 9.862586e+06 3.486298e+07
1.693765e+01 9.526748e+06 3.368866e+07
1.715354e+01 9.201098e+06 3.255390e+07
1.737217e+01 8.882786e+06 3.145736e+07
1.759359e+01 8.576999e+06 3.039775e+07
1.781784e+01 8.285147e+06 2.937384e+07
1.804494e+01 8.002873e+06 2.838442e+07
1.827494e+01 7.727571e+06 2.742832e+07
1.850787e+01 7.464015e+06 2.649990e+07
1.874377e+01 7.211751e+06 2.560126e+07
1.898267e+01 6.967025e+06 2.473310e+07
1.922462e+01 6.727149e+06 2.389491e+07
1.946965e+01 6.495531e+06 2.310060e+07
1.971781e+01 6.271379e+06 2.231918e+07
1.996913e+01 6.055213e+06 2.155606e+07
2.022365e+01 5.845798e+06 2.082974e+07
2.048142e+01 5.644811e+06 2.012158e+07
2.074247e+01 5.449671e+06 1.942085e+07
2.100685e+01 5.262187e+06 1.876686e+07
2.127460e+01 5.082534e+06 1.813489e+07
2.154576e+01 4.908320e+06 1.752365e+07
2.182038e+01 4.737066e+06 1.693198e+07
2.209850e+01 4.573894e+06 1.636330e+07
2.238016e+01 4.418452e+06 1.581279e+07
2.266542e+01 4.266717e+06 1.527239e+07
2.295430e+01 4.118181e+06 1.472419e+07
2.324688e+01 3.975147e+06 1.419385e+07
2.354318e+01 3.837992e+06 1.368102e+07
2.384325e+01 3.705954e+06 1.318672e+07
2.414715e+01 3.578061e+06 1.272170e+07
2.445493e+01 3.454621e+06 1.227414e+07
2.476663e+01 3.333600e+06 1.184233e+07
2.508230e+01 3.218191e+06 1.142571e+07
2.540199e+01 3.106664e+06 1.102507e+07
2.572576e+01 3.000148e+06 1.064713e+07
2.605366e+01 2.895239e+06 1.028214e+07
2.638573e+01 2.794727e+06 9.929667e+06
2.672204e+01 2.697968e+06 9.589278e+06
2.706263e+01 2.604865e+06 9.260559e+06
2.740757e+01 2.514354e+06 8.943109e+06
2.775690e+01 2.426305e+06 8.636544e+06
2.811069e+01 2.342618e+06 8.335292e+06
2.846898e+01 2.261208e+06 8.043703e+06
2.883184e+01 2.182886e+06 7.762315e+06
2.919932e+01 2.107633e+06 7.490772e+06
2.957149e+01 2.037192e+06 7.228729e+06
2.994841e+01 1.966326e+06 6.975855e+06
3.033012e+01 1.899691e+06 6.731827e+06
3.071671e+01 1.834382e+06 6.496337e+06
3.110821e+01 1.770778e+06 6.269085e+06
3.150471e+01 1.710249e+06 6.049784e+06
3.190627e+01 1.651175e+06 5.838156e+06
3.231294e+01 1.593584e+06 5.639398e+06
3.272479e+01 1.538532e+06 5.450643e+06
3.314190e+01 1.484572e+06 5.268205e+06
3.356432e+01 1.432870e+06 5.091875e+06
3.399212e+01 1.384711e+06 4.921447e+06
3.442538e+01 1.337637e+06 4.756723e+06
3.486416e+01 1.291886e+06 4.597514e+06
3.530853e+01 1.247379e+06 4.443633e+06
3.575857e+01 1.204242e+06 4.294904e+06
3.621434e+01 1.162320e+06 4.151152e+06
3.667592e+01 1.121608e+06 4.012213e+06
3.714338e+01 1.083031e+06 3.877924e+06
3.761681e+01 1.045281e+06 3.747425e+06
3.809626e+01 1.009206e+06 3.617521e+06
3.858183e+01 9.746393e+05 3.490118e+06
3.907359e+01 9.415250e+05 3.367009e+06
3.957161e+01 9.094553e+05 3.253436e+06
4.007598e+01 8.775392e+05 3.144890e+06
4.058679e+01 8.473251e+05 3.039966e+06
4.110410e+01 8.181874e+05 2.938543e+06
4.162800e+01 7.902067e+05 2.840503e+06
4.215858e+01 7.630510e+05 2.745735e+06
4.269593e+01 7.367621e+05 2.653576e+06
4.324012e+01 7.116198e+05 2.563432e+06
4.379126e+01 6.873050e+05 2.476350e+06
4.434941e+01 6.636695e+05 2.392227e+06
4.491468e+01 6.408679e+05 2.310962e+06
4.548715e+01 6.187603e+05 2.232458e+06
4.606692e+01 5.976220e+05 2.156621e+06
4.665408e+01 5.770351e+05 2.083360e+06
4.724873e+01 5.571713e+05 2.012588e+06
4.785095e+01 5.380640e+05 1.944221e+06
4.846085e+01 5.197106e+05 1.878176e+06
4.907852e+01 5.017283e+05 1.814375e+06
4.970407e+01 4.843223e+05 1.752741e+06
5.033759e+01 4.673373e+05 1.693201e+06
5.097918e+01 4.511065e+05 1.635425e+06
5.162895e+01 4.354391e+05 1.579584e+06
5.228701e+01 4.204429e+05 1.525649e+06
5.295345e+01 4.063915e+05 1.473557e+06
5.362838e+01 3.924105e+05 1.423243e+06
5.431192e+01 3.788454e+05 1.374647e+06
5.500417e+01 3.657627e+05 1.327710e+06
5.570524e+01 3.530541e+05 1.282376e+06
5.641525e+01 3.409817e+05 1.238590e+06
5.713431e+01 3.292719e+05 1.196299e+06
5.786253e+01 3.179608e+05 1.155452e+06
5.860004e+01 3.070382e+05 1.116000e+06
5.934694e+01 2.964909e+05 1.077857e+06
6.010337e+01 2.862975e+05 1.040975e+06
6.086943e+01 2.764302e+05 1.005356e+06
6.164526e+01 2.669061e+05 9.709546e+05
6.243098e+01 2.576992e+05 9.377309e+05
6.322671e+01 2.487647e+05 9.056440e+05
6.403259e+01 2.401073e+05 8.746551e+05
6.484874e+01 2.318552e+05 8.447266e+05
6.567529e+01 2.238179e+05 8.158223e+05
6.651237e+01 2.160591e+05 7.879070e+05
6.736013e+01 2.085693e+05 7.609469e+05
6.821869e+01 2.013392e+05 7.349094e+05
6.908819e+01 1.943655e+05 7.097629e+05
6.996877e+01 1.876637e+05 6.854411e+05
7.086058e+01 1.811345e+05 6.617376e+05
7.176376e+01 1.749656e+05 6.385152e+05
7.267845e+01 1.690581e+05 6.160713e+05
7.360479e+01 1.631610e+05 5.945268e+05
7.454294e+01 1.574260e+05 5.743368e+05
7.549305e+01 1.519606e+05 5.548326e+05
7.645527e+01 1.467240e+05 5.356580e+05
7.742976e+01 1.417283e+05 5.171212e+05
7.841666e+01 1.369260e+05 4.994891e+05
7.941615e+01 1.322845e+05 4.827111e+05
8.042837e+01 1.277238e+05 4.664968e+05
8.145350e+01 1.233290e+05 4.508270e+05
8.249169e+01 1.190941e+05 4.356304e+05
8.354311e+01 1.150047e+05 4.206918e+05
8.460794e+01 1.110945e+05 4.061492e+05
8.568633e+01 1.072633e+05 3.921093e+05
8.677847e+01 1.035519e+05 3.785342e+05
8.788454e+01 9.996887e+04 3.653948e+05
8.900470e+01 9.650483e+04 3.526712e+05
9.013913e+01 9.316767e+04 3.403907e+05
9.128803e+01 8.995461e+04 3.285378e+05
9.245157e+01 8.686292e+04 3.170976e+05
9.362994e+01 8.386982e+04 3.060558e+05
9.482333e+01 8.097030e+04 2.953985e+05
9.603193e+01 7.818568e+04 2.851124e+05
9.725594e+01 7.549691e+04 2.751844e+05
9.849554e+01 7.292396e+04 2.656021e+05
9.975095e+01 7.044085e+04 2.563535e+05
1.010224e+02 6.801779e+04 2.474269e+05
1.023100e+02 6.566190e+04 2.388112e+05
1.036140e+02 6.339167e+04 2.304445e+05
1.049346e+02 6.123202e+04 2.223628e+05
1.062721e+02 5.911421e+04 2.147733e+05
1.076266e+02 5.709301e+04 2.073636e+05
1.089984e+02 5.513415e+04 2.002674e+05
1.103877e+02 5.325269e+04 1.936182e+05
1.117947e+02 5.142006e+04 1.871899e+05
1.132196e+02 4.963960e+04 1.809749e+05
1.146627e+02 4.792781e+04 1.749664e+05
1.161241e+02 4.627433e+04 1.691573e+05
1.176042e+02 4.467824e+04 1.635410e+05
1.191032e+02 4.314902e+04 1.581113e+05
1.206213e+02 4.168822e+04 1.528618e+05
1.221587e+02 4.025438e+04 1.477866e+05
1.237157e+02 3.886242e+04 1.428799e+05
1.252925e+02 3.750821e+04 1.381275e+05
1.268895e+02 3.620355e+04 1.335059e+05
1.285068e+02 3.495172e+04 1.290189e+05
1.301447e+02 3.374888e+04 1.244713e+05
1.318035e+02 3.259009e+04 1.200740e+05
1.334835e+02 3.147109e+04 1.158180e+05
1.351848e+02 3.039051e+04 1.117128e+05
1.369079e+02 2.934703e+04 1.077532e+05
1.386529e+02 2.833938e+04 1.039339e+05
1.404201e+02 2.736549e+04 1.002500e+05
1.422099e+02 2.640538e+04 9.669678e+04
1.440225e+02 2.551936e+04 9.326949e+04
1.458582e+02 2.464461e+04 8.996369e+04
1.477172e+02 2.379985e+04 8.677509e+04
1.496000e+02 2.298401e+04 8.369952e+04
1.515068e+02 2.219219e+04 8.073299e+04
1.534379e+02 2.142987e+04 7.787161e+04
1.553935e+02 2.069313e+04 7.511167e+04
1.573742e+02 1.998329e+04 7.248576e+04
1.593800e+02 1.928696e+04 7.001168e+04
1.614115e+02 1.862508e+04 6.762205e+04
1.634688e+02 1.799236e+04 6.531399e+04
1.655523e+02 1.737455e+04 6.308470e+04
1.676624e+02 1.676932e+04 6.093150e+04
1.697994e+02 1.618517e+04 5.885179e+04
1.719636e+02 1.562138e+04 5.684307e+04
1.741555e+02 1.507722e+04 5.490291e+04
1.763752e+02 1.455204e+04 5.302898e+04
1.786233e+02 1.405069e+04 5.121900e+04
1.809000e+02 1.357014e+04 4.946337e+04
1.832057e+02 1.309957e+04 4.776595e+04
1.855408e+02 1.264552e+04 4.612679e+04
1.879056e+02 1.220379e+04 4.454390e+04
1.903007e+02 1.177953e+04 4.301533e+04
1.927262e+02 1.137001e+04 4.153923e+04
1.951826e+02 1.097796e+04 4.011379e+04
1.976704e+02 1.059999e+04 3.873728e+04
2.001899e+02 1.023298e+04 3.740801e+04
2.027415e+02 9.877131e+03 3.612437e+04
2.053256e+02 9.533660e+03 3.488478e+04
2.079426e+02 9.203007e+03 3.368774e+04
2.105930e+02 8.885539e+03 3.253178e+04
2.132772e+02 8.579022e+03 3.141550e+04
2.159956e+02 8.283165e+03 3.033752e+04
2.187486e+02 7.998913e+03 2.929060e+04
2.215367e+02 7.725420e+03 2.825884e+04
2.243604e+02 7.462185e+03 2.726343e+04
2.272201e+02 7.208034e+03 2.630309e+04
2.301162e+02 6.962082e+03 2.538534e+04
2.330492e+02 6.721074e+03 2.454341e+04
2.360196e+02 6.488548e+03 2.372941e+04
2.390278e+02 6.262872e+03 2.294242e+04
2.420744e+02 6.044527e+03 2.218152e+04
2.451599e+02 5.834483e+03 2.144145e+04
2.482846e+02 5.631495e+03 2.071415e+04
2.514492e+02 5.435746e+03 2.001151e+04
2.546542e+02 5.249984e+03 1.933084e+04
2.578999e+02 5.068813e+03 1.866574e+04
2.611871e+02 4.893904e+03 1.801333e+04
2.645161e+02 4.725168e+03 1.737006e+04
2.678876e+02 4.562509e+03 1.678180e+04
2.713020e+02 4.405984e+03 1.622034e+04
2.747600e+02 4.255560e+03 1.567767e+04
2.782620e+02 4.110287e+03 1.515315e+04
2.818087e+02 3.966922e+03 1.463992e+04
2.854006e+02 3.831841e+03 1.414251e+04
2.890383e+02 3.701419e+03 1.366201e+04
2.927223e+02 3.575437e+03 1.319783e+04
2.964533e+02 3.453742e+03 1.274681e+04
3.002318e+02 3.336190e+03 1.231107e+04
3.040585e+02 3.222638e+03 1.189023e+04
3.079340e+02 3.112653e+03 1.148377e+04
3.118588e+02 3.005219e+03 1.109121e+04
3.158337e+02 2.901493e+03 1.071019e+04
3.198593e+02 2.801348e+03 1.034017e+04
3.239362e+02 2.704769e+03 9.982930e+03
3.280650e+02 2.611827e+03 9.638034e+03
3.322464e+02 2.522079e+03 9.305054e+03
3.364812e+02 2.435350e+03 8.983578e+03
3.407699e+02 2.351424e+03 8.673209e+03
3.451133e+02 2.269767e+03 8.373563e+03
3.495121e+02 2.190993e+03 8.084270e+03
3.539669e+02 2.114611e+03 7.804972e+03
3.584785e+02 2.041163e+03 7.535323e+03
3.630476e+02 1.971113e+03 7.274991e+03
3.676749e+02 1.903108e+03 7.023652e+03
3.723612e+02 1.837349e+03 6.782627e+03
3.771073e+02 1.774327e+03 6.552156e+03
3.819138e+02 1.713471e+03 6.331293e+03
3.867816e+02 1.654702e+03 6.120626e+03
3.917114e+02 1.597470e+03 5.916586e+03
3.967041e+02 1.541974e+03 5.719350e+03
4.017604e+02 1.488406e+03 5.526843e+03
4.068812e+02 1.436699e+03 5.335837e+03
4.120672e+02 1.386788e+03 5.150816e+03
4.173194e+02 1.338611e+03 4.970763e+03
4.226384e+02 1.291771e+03 4.799187e+03
4.280253e+02 1.247077e+03 4.635426e+03
4.334808e+02 1.203933e+03 4.477294e+03
4.390059e+02 1.162232e+03 4.325898e+03
4.446014e+02 1.121981e+03 4.179623e+03
4.502682e+02 1.082992e+03 4.038244e+03
4.560072e+02 1.045117e+03 3.901027e+03
4.618194e+02 1.009211e+03 3.768471e+03
4.677057e+02 9.739905e+02 3.640420e+03
4.736670e+02 9.399837e+02 3.516721e+03
4.797042e+02 9.071642e+02 3.397224e+03
4.858185e+02 8.755850e+02 3.281788e+03
4.920106e+02 8.453395e+02 3.170274e+03
4.982817e+02 8.162282e+02 3.062423e+03
5.046327e+02 7.883095e+02 2.957968e+03
5.110646e+02 7.608489e+02 2.857077e+03
5.175786e+02 7.344733e+02 2.759628e+03
5.241755e+02 7.091918e+02 2.664793e+03
5.308566e+02 6.846648e+02 2.571285e+03
5.376228e+02 6.609861e+02 2.480723e+03
5.444752e+02 6.381263e+02 2.393350e+03
5.514150e+02 6.160651e+02 2.309055e+03
5.584432e+02 5.947843e+02 2.227729e+03
5.655610e+02 5.742181e+02 2.149268e+03
5.727696e+02 5.543298e+02 2.073570e+03
5.800700e+02 5.351303e+02 2.000538e+03
5.874635e+02 5.165958e+02 1.930078e+03
5.949511e+02 4.987033e+02 1.862100e+03
6.025343e+02 4.814305e+02 1.796516e+03
6.102141e+02 4.647559e+02 1.733242e+03
6.179917e+02 4.486589e+02 1.672197e+03
6.258686e+02 4.331194e+02 1.613301e+03
6.338458e+02 4.181181e+02 1.556480e+03
6.419246e+02 4.036364e+02 1.501661e+03
6.501065e+02 3.896188e+02 1.448772e+03
6.583926e+02 3.760521e+02 1.397746e+03
6.667844e+02 3.630583e+02 1.348517e+03
6.752831e+02 3.504919e+02 1.301022e+03
6.838901e+02 3.383516e+02 1.255200e+03
6.926068e+02 3.266319e+02 1.210991e+03
7.014347e+02 3.153181e+02 1.169355e+03
7.103750e+02 3.043962e+02 1.129317e+03
7.194293e+02 2.938722e+02 1.090649e+03
7.285991e+02 2.837328e+02 1.053306e+03
7.378856e+02 2.739106e+02 1.017242e+03
7.472906e+02 2.644104e+02 9.824120e+02
7.568154e+02 2.552397e+02 9.487750e+02
7.664616e+02 2.463871e+02 9.162898e+02
7.762308e+02 2.377591e+02 8.849169e+02
7.861245e+02 2.294544e+02 8.546183e+02
7.961443e+02 2.214400e+02 8.251691e+02
8.062918e+02 2.137706e+02 7.964740e+02
8.165687e+02 2.062932e+02 7.687767e+02
8.269765e+02 1.990749e+02 7.420427e+02
8.375170e+02 1.921091e+02 7.162786e+02
8.481918e+02 1.853872e+02 6.920874e+02
8.590027e+02 1.790069e+02 6.687133e+02
8.699514e+02 1.728725e+02 6.461287e+02
8.810396e+02 1.669524e+02 6.243068e+02
8.922692e+02 1.610584e+02 6.032219e+02
9.036419e+02 1.552845e+02 5.828491e+02
9.151595e+02 1.497277e+02 5.631644e+02
9.268240e+02 1.444309e+02 5.441446e+02
9.386371e+02 1.394274e+02 5.256848e+02
9.506008e+02 1.346066e+02 5.077863e+02
9.627170e+02 1.299401e+02 4.904972e+02
9.749876e+02 1.253180e+02 4.737968e+02
9.874146e+02 1.208635e+02 4.576650e+02
1.000000e+03 1.165713e+02 4.420825e+02
