# PLANAR PI - Energy(MeV) Median_Fluence Phi_16 Phi_84
5.000000e-02 1.452251e+11 1.271719e+11 1.657888e+11
5.083354e-02 1.421114e+11 1.245312e+11 1.621884e+11
5.168098e-02 1.390386e+11 1.220363e+11 1.586621e+11
5.254254e-02 1.360459e+11 1.195485e+11 1.551593e+11
5.341847e-02 1.331194e+11 1.171092e+11 1.517322e+11
5.430899e-02 1.302138e+11 1.145720e+11 1.484198e+11
5.521437e-02 1.274146e+11 1.121922e+11 1.451044e+11
5.613484e-02 1.246852e+11 1.099104e+11 1.418614e+11
5.707065e-02 1.219872e+11 1.076473e+11 1.386884e+11
5.802206e-02 1.194067e+11 1.053903e+11 1.355966e+11
5.898934e-02 1.168979e+11 1.031311e+11 1.326210e+11
5.997274e-02 1.144043e+11 1.009291e+11 1.296705e+11
6.097253e-02 1.119505e+11 9.880723e+10 1.268296e+11
6.198899e-02 1.095633e+11 9.674122e+10 1.240650e+11
6.302240e-02 1.072087e+11 9.470798e+10 1.213908e+11
6.407303e-02 1.049257e+11 9.273055e+10 1.187369e+11
6.514118e-02 1.026857e+11 9.078200e+10 1.161153e+11
6.622713e-02 1.004934e+11 8.886374e+10 1.135580e+11
6.733119e-02 9.837080e+10 8.698669e+10 1.110201e+11
6.845366e-02 9.627438e+10 8.517131e+10 1.085692e+11
6.959484e-02 9.421791e+10 8.339374e+10 1.061633e+11
7.075504e-02 9.226090e+10 8.165835e+10 1.038122e+11
7.193458e-02 9.030562e+10 7.994012e+10 1.015324e+11
7.313379e-02 8.835215e+10 7.827960e+10 9.928539e+10
7.435299e-02 8.641146e+10 7.664886e+10 9.710975e+10
7.559251e-02 8.451333e+10 7.504749e+10 9.501701e+10
7.685270e-02 8.268222e+10 7.346939e+10 9.289005e+10
7.813389e-02 8.090078e+10 7.194288e+10 9.091378e+10
7.943645e-02 7.915348e+10 7.040288e+10 8.891841e+10
8.076072e-02 7.740365e+10 6.890245e+10 8.695822e+10
8.210706e-02 7.574972e+10 6.745519e+10 8.503310e+10
8.347585e-02 7.412277e+10 6.607110e+10 8.314589e+10
8.486746e-02 7.251999e+10 6.471220e+10 8.131908e+10
8.628227e-02 7.096217e+10 6.335008e+10 7.953493e+10
8.772067e-02 6.942149e+10 6.197823e+10 7.778074e+10
8.918304e-02 6.790570e+10 6.065280e+10 7.605816e+10
9.066979e-02 6.642504e+10 5.937064e+10 7.436805e+10
9.218133e-02 6.498893e+10 5.813094e+10 7.270882e+10
9.371807e-02 6.360403e+10 5.691706e+10 7.107204e+10
9.528042e-02 6.224586e+10 5.571726e+10 6.952968e+10
9.686882e-02 6.091255e+10 5.453232e+10 6.800266e+10
9.848370e-02 5.961006e+10 5.339116e+10 6.649641e+10
1.001255e-01 5.835698e+10 5.229516e+10 6.501260e+10
1.017947e-01 5.707445e+10 5.122170e+10 6.356158e+10
1.034917e-01 5.585077e+10 5.013104e+10 6.216585e+10
1.052170e-01 5.465124e+10 4.909620e+10 6.080708e+10
1.069710e-01 5.348658e+10 4.808525e+10 5.947541e+10
1.087543e-01 5.233218e+10 4.709618e+10 5.817579e+10
1.105673e-01 5.119203e+10 4.612814e+10 5.692367e+10
1.124106e-01 5.009951e+10 4.516326e+10 5.569098e+10
1.142846e-01 4.902826e+10 4.420923e+10 5.447524e+10
1.161898e-01 4.799673e+10 4.326977e+10 5.328595e+10
1.181267e-01 4.697693e+10 4.237379e+10 5.212255e+10
1.200960e-01 4.596355e+10 4.148022e+10 5.099254e+10
1.220981e-01 4.496914e+10 4.060675e+10 4.991314e+10
1.241336e-01 4.398887e+10 3.975490e+10 4.883930e+10
1.262030e-01 4.303587e+10 3.894551e+10 4.777675e+10
1.283069e-01 4.210460e+10 3.815250e+10 4.673083e+10
1.304459e-01 4.121428e+10 3.736091e+10 4.568600e+10
1.326205e-01 4.033165e+10 3.657240e+10 4.467414e+10
1.348314e-01 3.946053e+10 3.579983e+10 4.369887e+10
1.370791e-01 3.862267e+10 3.503813e+10 4.269934e+10
1.393644e-01 3.779476e+10 3.429566e+10 4.178361e+10
1.416877e-01 3.698710e+10 3.359092e+10 4.088561e+10
1.440497e-01 3.619241e+10 3.289019e+10 3.998661e+10
1.464512e-01 3.542042e+10 3.220392e+10 3.908624e+10
1.488926e-01 3.464907e+10 3.155203e+10 3.821677e+10
1.513748e-01 3.390144e+10 3.089529e+10 3.737568e+10
1.538983e-01 3.315916e+10 3.021255e+10 3.655755e+10
1.564639e-01 3.243344e+10 2.957680e+10 3.576018e+10
1.590723e-01 3.175003e+10 2.895479e+10 3.497705e+10
1.617242e-01 3.106648e+10 2.834888e+10 3.420333e+10
1.644202e-01 3.040524e+10 2.774579e+10 3.343894e+10
1.671612e-01 2.975284e+10 2.715945e+10 3.268699e+10
1.699480e-01 2.911770e+10 2.658545e+10 3.194751e+10
1.727811e-01 2.850083e+10 2.602777e+10 3.124760e+10
1.756615e-01 2.789215e+10 2.548680e+10 3.057069e+10
1.785899e-01 2.729153e+10 2.495956e+10 2.991734e+10
1.815672e-01 2.670307e+10 2.444359e+10 2.925689e+10
1.845941e-01 2.612975e+10 2.393280e+10 2.862490e+10
1.876714e-01 2.557398e+10 2.342604e+10 2.797634e+10
1.908000e-01 2.502562e+10 2.293810e+10 2.734237e+10
1.939808e-01 2.448477e+10 2.246342e+10 2.674778e+10
1.972146e-01 2.395231e+10 2.200110e+10 2.616050e+10
2.005023e-01 2.344229e+10 2.153878e+10 2.558126e+10
2.038449e-01 2.292445e+10 2.107680e+10 2.501547e+10
2.072431e-01 2.242703e+10 2.063702e+10 2.445890e+10
2.106980e-01 2.193899e+10 2.020671e+10 2.392670e+10
2.142105e-01 2.145038e+10 1.977459e+10 2.340217e+10
2.177816e-01 2.098364e+10 1.935225e+10 2.288335e+10
2.214122e-01 2.052756e+10 1.893841e+10 2.237345e+10
2.251033e-01 2.007758e+10 1.854647e+10 2.188244e+10
2.288560e-01 1.964720e+10 1.814545e+10 2.139794e+10
2.326712e-01 1.922427e+10 1.775267e+10 2.093290e+10
2.365500e-01 1.881420e+10 1.738035e+10 2.047555e+10
2.404935e-01 1.841283e+10 1.701351e+10 2.003681e+10
2.445027e-01 1.801746e+10 1.665259e+10 1.959813e+10
2.485788e-01 1.763079e+10 1.630110e+10 1.917427e+10
2.527228e-01 1.725419e+10 1.595422e+10 1.875468e+10
2.569359e-01 1.688153e+10 1.560961e+10 1.833573e+10
2.612192e-01 1.651975e+10 1.527970e+10 1.792838e+10
2.655739e-01 1.616592e+10 1.495336e+10 1.753238e+10
2.700012e-01 1.581546e+10 1.463870e+10 1.714162e+10
2.745024e-01 1.547441e+10 1.432216e+10 1.675969e+10
2.790786e-01 1.514316e+10 1.401945e+10 1.638520e+10
2.837310e-01 1.482001e+10 1.371883e+10 1.601914e+10
2.884610e-01 1.450330e+10 1.343040e+10 1.566530e+10
2.932699e-01 1.419658e+10 1.315002e+10 1.532228e+10
2.981590e-01 1.389060e+10 1.287155e+10 1.497430e+10
3.031295e-01 1.358972e+10 1.259896e+10 1.464811e+10
3.081829e-01 1.329405e+10 1.233546e+10 1.431857e+10
3.133206e-01 1.300587e+10 1.206920e+10 1.401059e+10
3.185439e-01 1.272642e+10 1.181486e+10 1.370247e+10
3.238543e-01 1.245235e+10 1.156180e+10 1.339734e+10
3.292532e-01 1.218540e+10 1.131135e+10 1.310081e+10
3.347421e-01 1.192232e+10 1.106827e+10 1.281529e+10
3.403225e-01 1.166283e+10 1.082362e+10 1.253655e+10
3.459960e-01 1.140873e+10 1.058968e+10 1.226382e+10
3.517640e-01 1.115986e+10 1.035463e+10 1.200121e+10
3.576282e-01 1.091807e+10 1.011895e+10 1.173584e+10
3.635901e-01 1.068116e+10 9.904233e+09 1.148210e+10
3.696515e-01 1.044765e+10 9.693942e+09 1.123037e+10
3.758138e-01 1.021723e+10 9.490417e+09 1.098546e+10
3.820790e-01 9.993892e+09 9.284670e+09 1.074643e+10
3.884485e-01 9.776255e+09 9.085823e+09 1.051640e+10
3.949243e-01 9.565434e+09 8.893851e+09 1.029027e+10
4.015080e-01 9.359593e+09 8.700998e+09 1.006610e+10
4.082014e-01 9.155958e+09 8.504877e+09 9.845646e+09
4.150065e-01 8.958399e+09 8.320077e+09 9.627940e+09
4.219250e-01 8.764822e+09 8.139204e+09 9.413389e+09
4.289588e-01 8.577072e+09 7.962114e+09 9.205535e+09
4.361099e-01 8.393296e+09 7.787931e+09 9.000963e+09
4.433802e-01 8.211611e+09 7.615264e+09 8.801853e+09
4.507717e-01 8.030423e+09 7.447968e+09 8.608454e+09
4.582864e-01 7.858838e+09 7.285182e+09 8.420909e+09
4.659264e-01 7.686700e+09 7.133489e+09 8.232820e+09
4.736938e-01 7.518261e+09 6.977802e+09 8.051565e+09
4.815906e-01 7.355751e+09 6.824942e+09 7.876211e+09
4.896191e-01 7.195655e+09 6.676795e+09 7.702793e+09
4.977815e-01 7.036297e+09 6.531006e+09 7.537146e+09
5.060799e-01 6.880730e+09 6.386443e+09 7.370180e+09
5.145167e-01 6.731805e+09 6.248431e+09 7.210796e+09
5.230941e-01 6.584194e+09 6.112868e+09 7.051895e+09
5.318145e-01 6.440909e+09 5.985461e+09 6.896212e+09
5.406802e-01 6.299243e+09 5.858366e+09 6.742302e+09
5.496938e-01 6.164003e+09 5.731727e+09 6.592878e+09
5.588576e-01 6.032815e+09 5.602528e+09 6.451373e+09
5.681742e-01 5.901428e+09 5.478384e+09 6.307955e+09
5.776462e-01 5.773791e+09 5.357854e+09 6.173444e+09
5.872760e-01 5.648819e+09 5.242548e+09 6.036515e+09
5.970663e-01 5.525708e+09 5.129448e+09 5.903027e+09
6.070199e-01 5.406927e+09 5.019169e+09 5.772817e+09
6.171394e-01 5.288994e+09 4.909916e+09 5.648662e+09
6.274276e-01 5.171715e+09 4.803834e+09 5.526259e+09
6.378874e-01 5.057341e+09 4.701592e+09 5.406674e+09
6.485214e-01 4.945984e+09 4.602448e+09 5.288921e+09
6.593328e-01 4.837697e+09 4.502348e+09 5.172946e+09
6.703244e-01 4.730842e+09 4.404098e+09 5.058982e+09
6.814993e-01 4.626068e+09 4.308084e+09 4.951783e+09
6.928604e-01 4.523628e+09 4.213888e+09 4.845894e+09
7.044109e-01 4.423740e+09 4.120939e+09 4.739582e+09
7.161540e-01 4.326976e+09 4.030594e+09 4.634172e+09
7.280929e-01 4.231589e+09 3.942590e+09 4.531041e+09
7.402308e-01 4.137957e+09 3.854892e+09 4.430606e+09
7.525710e-01 4.046305e+09 3.771880e+09 4.332690e+09
7.651170e-01 3.958675e+09 3.687888e+09 4.235924e+09
7.778721e-01 3.872930e+09 3.605313e+09 4.144438e+09
7.908399e-01 3.787673e+09 3.525743e+09 4.055351e+09
8.040238e-01 3.704578e+09 3.447893e+09 3.966349e+09
8.174275e-01 3.623786e+09 3.371306e+09 3.877856e+09
8.310547e-01 3.543703e+09 3.297065e+09 3.790190e+09
8.449090e-01 3.466309e+09 3.224331e+09 3.706558e+09
8.589943e-01 3.390378e+09 3.155522e+09 3.626524e+09
8.733145e-01 3.316920e+09 3.086874e+09 3.546017e+09
8.878733e-01 3.242047e+09 3.017368e+09 3.469099e+09
9.026749e-01 3.171381e+09 2.948763e+09 3.394030e+09
9.177232e-01 3.100901e+09 2.882645e+09 3.319346e+09
9.330224e-01 3.032811e+09 2.816627e+09 3.246085e+09
9.485766e-01 2.966131e+09 2.754305e+09 3.174354e+09
9.643901e-01 2.899767e+09 2.691315e+09 3.104797e+09
9.804673e-01 2.835325e+09 2.631374e+09 3.037445e+09
9.968125e-01 2.772276e+09 2.572987e+09 2.970392e+09
1.013430e+00 2.710202e+09 2.516163e+09 2.904360e+09
1.030325e+00 2.649873e+09 2.459604e+09 2.840026e+09
1.047501e+00 2.590649e+09 2.404551e+09 2.778430e+09
1.064964e+00 2.532705e+09 2.352212e+09 2.718386e+09
1.082718e+00 2.475229e+09 2.299845e+09 2.659498e+09
1.100767e+00 2.419749e+09 2.248254e+09 2.601453e+09
1.119118e+00 2.364276e+09 2.197318e+09 2.543780e+09
1.137775e+00 2.311244e+09 2.147507e+09 2.487523e+09
1.156742e+00 2.259472e+09 2.098610e+09 2.432873e+09
1.176026e+00 2.209068e+09 2.050828e+09 2.378570e+09
1.195631e+00 2.159725e+09 2.004391e+09 2.325299e+09
1.215564e+00 2.110830e+09 1.958314e+09 2.273741e+09
1.235828e+00 2.063294e+09 1.912821e+09 2.222839e+09
1.256430e+00 2.017130e+09 1.868960e+09 2.173164e+09
1.277376e+00 1.972040e+09 1.827341e+09 2.124597e+09
1.298671e+00 1.927419e+09 1.786101e+09 2.076250e+09
1.320321e+00 1.884087e+09 1.745258e+09 2.029936e+09
1.342331e+00 1.841505e+09 1.705555e+09 1.984577e+09
1.364709e+00 1.800560e+09 1.666786e+09 1.940344e+09
1.387460e+00 1.760442e+09 1.628786e+09 1.897126e+09
1.410590e+00 1.720848e+09 1.592237e+09 1.854840e+09
1.434106e+00 1.681869e+09 1.556407e+09 1.813822e+09
1.458013e+00 1.643696e+09 1.521514e+09 1.773560e+09
1.482320e+00 1.606196e+09 1.487057e+09 1.734191e+09
1.507031e+00 1.570074e+09 1.453619e+09 1.695324e+09
1.532155e+00 1.534358e+09 1.419989e+09 1.656952e+09
1.557697e+00 1.499837e+09 1.387368e+09 1.620048e+09
1.583665e+00 1.465746e+09 1.355416e+09 1.583874e+09
1.610066e+00 1.432942e+09 1.324258e+09 1.548484e+09
1.636907e+00 1.400756e+09 1.293844e+09 1.513685e+09
1.664195e+00 1.368669e+09 1.264220e+09 1.480128e+09
1.691939e+00 1.337674e+09 1.235051e+09 1.446625e+09
1.720145e+00 1.306881e+09 1.207055e+09 1.414120e+09
1.748821e+00 1.277387e+09 1.179233e+09 1.382338e+09
1.777975e+00 1.248279e+09 1.151878e+09 1.351302e+09
1.807616e+00 1.220489e+09 1.125314e+09 1.320950e+09
1.837750e+00 1.193278e+09 1.099573e+09 1.291175e+09
1.868387e+00 1.166010e+09 1.074050e+09 1.261874e+09
1.899534e+00 1.139432e+09 1.048939e+09 1.233183e+09
1.931201e+00 1.113153e+09 1.025151e+09 1.205058e+09
1.963396e+00 1.087553e+09 1.000494e+09 1.177036e+09
1.996127e+00 1.062349e+09 9.773025e+08 1.149858e+09
2.029404e+00 1.038222e+09 9.542056e+08 1.122811e+09
2.063236e+00 1.014326e+09 9.327388e+08 1.096792e+09
2.097632e+00 9.911877e+08 9.109980e+08 1.071453e+09
2.132601e+00 9.682541e+08 8.894537e+08 1.047520e+09
2.168153e+00 9.456327e+08 8.684493e+08 1.024037e+09
2.204298e+00 9.234262e+08 8.479306e+08 1.000409e+09
2.241045e+00 9.021283e+08 8.277827e+08 9.771003e+08
2.278405e+00 8.808942e+08 8.082286e+08 9.550491e+08
2.316388e+00 8.602322e+08 7.892644e+08 9.333664e+08
2.355004e+00 8.401103e+08 7.711958e+08 9.117860e+08
2.394264e+00 8.205757e+08 7.534742e+08 8.906932e+08
2.434178e+00 8.013889e+08 7.361546e+08 8.703683e+08
2.474758e+00 7.824932e+08 7.190394e+08 8.505068e+08
2.516014e+00 7.642776e+08 7.021805e+08 8.310068e+08
2.557958e+00 7.464312e+08 6.855857e+08 8.117120e+08
2.600601e+00 7.290914e+08 6.690617e+08 7.927415e+08
2.643956e+00 7.121037e+08 6.533969e+08 7.742342e+08
2.688032e+00 6.954448e+08 6.379268e+08 7.561620e+08
2.732844e+00 6.791652e+08 6.227840e+08 7.383802e+08
2.778403e+00 6.629481e+08 6.080541e+08 7.211180e+08
2.824721e+00 6.471586e+08 5.937627e+08 7.043782e+08
2.871811e+00 6.316198e+08 5.799150e+08 6.879037e+08
2.919687e+00 6.165969e+08 5.661346e+08 6.715970e+08
2.968360e+00 6.019766e+08 5.525908e+08 6.555907e+08
3.017845e+00 5.878692e+08 5.393124e+08 6.401086e+08
3.068155e+00 5.738199e+08 5.263990e+08 6.249851e+08
3.119304e+00 5.600854e+08 5.137408e+08 6.099500e+08
3.171305e+00 5.466464e+08 5.013391e+08 5.953502e+08
3.224173e+00 5.335993e+08 4.890618e+08 5.810660e+08
3.277923e+00 5.208590e+08 4.773337e+08 5.671520e+08
3.332568e+00 5.082283e+08 4.657081e+08 5.535698e+08
3.388125e+00 4.958028e+08 4.545192e+08 5.402566e+08
3.444608e+00 4.840104e+08 4.433851e+08 5.272651e+08
3.502032e+00 4.724522e+08 4.324929e+08 5.143155e+08
3.560414e+00 4.609719e+08 4.221111e+08 5.020744e+08
3.619769e+00 4.496864e+08 4.117827e+08 4.900776e+08
3.680113e+00 4.386073e+08 4.016950e+08 4.780746e+08
3.741463e+00 4.279041e+08 3.918703e+08 4.663755e+08
3.803837e+00 4.174236e+08 3.820813e+08 4.550902e+08
3.867250e+00 4.071818e+08 3.725449e+08 4.439967e+08
3.931720e+00 3.971418e+08 3.633189e+08 4.330256e+08
3.997265e+00 3.872629e+08 3.543011e+08 4.224575e+08
4.063902e+00 3.777514e+08 3.455597e+08 4.120784e+08
4.131651e+00 3.684231e+08 3.368934e+08 4.020473e+08
4.200529e+00 3.592179e+08 3.284321e+08 3.920762e+08
4.270555e+00 3.501876e+08 3.202147e+08 3.824194e+08
4.341748e+00 3.414840e+08 3.121781e+08 3.728872e+08
4.414129e+00 3.330526e+08 3.045661e+08 3.636155e+08
4.487716e+00 3.245631e+08 2.969733e+08 3.546634e+08
4.562530e+00 3.164027e+08 2.895666e+08 3.459787e+08
4.638591e+00 3.084583e+08 2.822563e+08 3.371805e+08
4.715920e+00 3.007003e+08 2.752283e+08 3.286054e+08
4.794538e+00 2.931020e+08 2.682846e+08 3.201845e+08
4.874467e+00 2.857072e+08 2.614758e+08 3.120612e+08
4.955728e+00 2.784297e+08 2.548239e+08 3.041684e+08
5.038344e+00 2.713992e+08 2.484688e+08 2.963755e+08
5.122337e+00 2.644349e+08 2.420443e+08 2.887498e+08
5.207731e+00 2.575968e+08 2.357977e+08 2.812626e+08
5.294548e+00 2.508381e+08 2.297087e+08 2.739418e+08
5.382812e+00 2.442836e+08 2.237633e+08 2.668945e+08
5.472548e+00 2.380353e+08 2.179119e+08 2.598577e+08
5.563780e+00 2.318915e+08 2.122806e+08 2.532529e+08
5.656532e+00 2.258573e+08 2.067237e+08 2.467370e+08
5.750831e+00 2.198873e+08 2.012574e+08 2.403062e+08
5.846702e+00 2.140870e+08 1.959213e+08 2.341200e+08
5.944171e+00 2.084517e+08 1.907124e+08 2.280074e+08
6.043265e+00 2.029730e+08 1.856723e+08 2.220094e+08
6.144012e+00 1.976376e+08 1.807814e+08 2.162113e+08
6.246437e+00 1.924011e+08 1.760238e+08 2.105440e+08
6.350570e+00 1.872676e+08 1.713158e+08 2.051194e+08
6.456439e+00 1.822205e+08 1.667535e+08 1.996771e+08
6.564073e+00 1.773820e+08 1.622190e+08 1.943066e+08
6.673502e+00 1.726534e+08 1.577945e+08 1.890155e+08
6.784754e+00 1.679046e+08 1.534965e+08 1.840180e+08
6.897862e+00 1.633285e+08 1.493030e+08 1.791458e+08
7.012854e+00 1.588747e+08 1.452454e+08 1.742868e+08
7.129764e+00 1.544960e+08 1.411883e+08 1.695867e+08
7.248623e+00 1.502008e+08 1.372573e+08 1.649687e+08
7.369464e+00 1.461237e+08 1.334446e+08 1.604280e+08
7.492318e+00 1.420671e+08 1.297326e+08 1.559491e+08
7.617221e+00 1.381642e+08 1.261825e+08 1.515177e+08
7.744207e+00 1.343024e+08 1.227292e+08 1.474006e+08
7.873309e+00 1.304923e+08 1.192899e+08 1.432433e+08
8.004563e+00 1.268531e+08 1.159003e+08 1.392436e+08
8.138006e+00 1.232781e+08 1.125941e+08 1.353487e+08
8.273673e+00 1.198082e+08 1.094303e+08 1.315171e+08
8.411601e+00 1.164035e+08 1.063984e+08 1.277560e+08
8.551830e+00 1.130761e+08 1.034401e+08 1.241187e+08
8.694395e+00 1.098213e+08 1.005127e+08 1.205725e+08
8.839338e+00 1.067010e+08 9.769750e+07 1.170578e+08
8.986697e+00 1.036311e+08 9.491976e+07 1.136387e+08
9.136512e+00 1.006920e+08 9.221896e+07 1.103135e+08
9.288825e+00 9.781887e+07 8.950685e+07 1.070886e+08
9.443677e+00 9.497036e+07 8.685729e+07 1.039656e+08
9.601111e+00 9.218187e+07 8.426973e+07 1.008636e+08
9.761169e+00 8.948728e+07 8.173747e+07 9.789549e+07
9.923896e+00 8.690238e+07 7.935156e+07 9.498625e+07
1.008933e+01 8.434706e+07 7.699747e+07 9.212787e+07
1.025753e+01 8.188493e+07 7.475495e+07 8.935008e+07
1.042853e+01 7.941691e+07 7.248065e+07 8.664028e+07
1.060239e+01 7.703344e+07 7.031798e+07 8.401292e+07
1.077914e+01 7.471463e+07 6.820354e+07 8.141158e+07
1.095883e+01 7.247493e+07 6.611573e+07 7.893659e+07
1.114153e+01 7.025677e+07 6.411392e+07 7.645707e+07
1.132726e+01 6.808597e+07 6.208921e+07 7.411620e+07
1.151610e+01 6.598761e+07 6.019017e+07 7.180403e+07
1.170808e+01 6.393183e+07 5.831119e+07 6.956207e+07
1.190326e+01 6.192896e+07 5.650952e+07 6.737564e+07
1.210170e+01 5.997738e+07 5.462617e+07 6.526576e+07
1.230345e+01 5.809776e+07 5.286833e+07 6.323068e+07
1.250855e+01 5.627153e+07 5.120036e+07 6.125742e+07
1.271708e+01 5.442722e+07 4.957462e+07 5.930595e+07
1.292909e+01 5.271119e+07 4.795830e+07 5.737485e+07
1.314462e+01 5.104599e+07 4.640732e+07 5.552781e+07
1.336375e+01 4.938828e+07 4.489792e+07 5.371927e+07
1.358654e+01 4.777509e+07 4.343685e+07 5.199398e+07
1.381304e+01 4.622216e+07 4.202748e+07 5.028556e+07
1.404331e+01 4.469953e+07 4.063464e+07 4.863830e+07
1.427743e+01 4.319961e+07 3.931246e+07 4.703383e+07
1.451544e+01 4.176133e+07 3.803066e+07 4.545344e+07
1.475743e+01 4.034077e+07 3.673065e+07 4.393015e+07
1.500344e+01 3.898795e+07 3.548663e+07 4.245940e+07
1.525356e+01 3.768042e+07 3.432390e+07 4.106436e+07
1.550785e+01 3.633553e+07 3.316832e+07 3.964493e+07
1.576638e+01 3.509496e+07 3.203712e+07 3.829491e+07
1.602922e+01 3.386207e+07 3.085343e+07 3.695438e+07
1.629644e+01 3.266369e+07 2.979925e+07 3.566629e+07
1.656811e+01 3.152943e+07 2.877722e+07 3.444527e+07
1.684432e+01 3.042115e+07 2.775351e+07 3.322922e+07
1.712513e+01 2.934533e+07 2.675756e+07 3.206754e+07
1.741061e+01 2.831083e+07 2.578280e+07 3.093682e+07
1.770086e+01 2.729325e+07 2.486564e+07 2.982819e+07
1.799595e+01 2.630745e+07 2.397718e+07 2.875802e+07
1.829596e+01 2.536063e+07 2.310902e+07 2.770976e+07
1.860097e+01 2.443371e+07 2.225574e+07 2.668947e+07
1.891106e+01 2.352912e+07 2.142865e+07 2.569576e+07
1.922632e+01 2.264926e+07 2.060603e+07 2.475098e+07
1.954684e+01 2.180116e+07 1.985917e+07 2.383991e+07
1.987270e+01 2.099948e+07 1.910233e+07 2.298680e+07
2.020400e+01 2.020170e+07 1.834743e+07 2.213149e+07
2.054081e+01 1.944010e+07 1.764669e+07 2.127717e+07
2.088324e+01 1.869151e+07 1.696399e+07 2.046627e+07
2.123138e+01 1.796822e+07 1.630088e+07 1.969128e+07
2.158533e+01 1.726635e+07 1.566676e+07 1.892451e+07
2.194517e+01 1.659510e+07 1.505206e+07 1.818338e+07
2.231102e+01 1.594161e+07 1.444639e+07 1.748153e+07
2.268296e+01 1.530860e+07 1.387020e+07 1.677686e+07
2.306110e+01 1.469028e+07 1.328907e+07 1.612103e+07
2.344555e+01 1.411164e+07 1.274883e+07 1.547362e+07
2.383641e+01 1.352565e+07 1.224553e+07 1.485101e+07
2.423378e+01 1.296294e+07 1.174115e+07 1.426174e+07
2.463777e+01 1.241147e+07 1.125940e+07 1.368746e+07
2.504851e+01 1.189485e+07 1.075953e+07 1.314224e+07
2.546608e+01 1.138709e+07 1.031284e+07 1.260498e+07
2.589062e+01 1.090095e+07 9.863755e+06 1.207682e+07
2.632224e+01 1.043032e+07 9.430350e+06 1.156814e+07
2.676105e+01 9.979205e+06 8.998130e+06 1.107409e+07
2.720718e+01 9.550320e+06 8.602253e+06 1.059039e+07
2.766075e+01 9.137403e+06 8.218914e+06 1.012902e+07
2.812188e+01 8.740293e+06 7.845344e+06 9.680454e+06
2.859069e+01 8.356152e+06 7.484321e+06 9.259719e+06
2.906732e+01 7.980167e+06 7.159306e+06 8.849402e+06
2.955189e+01 7.615821e+06 6.831241e+06 8.446711e+06
3.004455e+01 7.272266e+06 6.513373e+06 8.069159e+06
3.054541e+01 6.939071e+06 6.199269e+06 7.718736e+06
3.105463e+01 6.617459e+06 5.920590e+06 7.377055e+06
3.157234e+01 6.308903e+06 5.632540e+06 7.049384e+06
3.209867e+01 6.006222e+06 5.347015e+06 6.726009e+06
3.263378e+01 5.715946e+06 5.084840e+06 6.407821e+06
3.317781e+01 5.442777e+06 4.831479e+06 6.108406e+06
3.373092e+01 5.180201e+06 4.584773e+06 5.833995e+06
3.429324e+01 4.932257e+06 4.349926e+06 5.556261e+06
3.486493e+01 4.688091e+06 4.128119e+06 5.299974e+06
3.544616e+01 4.462736e+06 3.914644e+06 5.049666e+06
3.603708e+01 4.240248e+06 3.715459e+06 4.808136e+06
3.663784e+01 4.028853e+06 3.525509e+06 4.578384e+06
3.724862e+01 3.821169e+06 3.343900e+06 4.346250e+06
3.786959e+01 3.624372e+06 3.165378e+06 4.127557e+06
3.850090e+01 3.439758e+06 2.998141e+06 3.919328e+06
3.914275e+01 3.258199e+06 2.838419e+06 3.721955e+06
3.979529e+01 3.086867e+06 2.687242e+06 3.538205e+06
4.045871e+01 2.924195e+06 2.544246e+06 3.360325e+06
4.113318e+01 2.767189e+06 2.408943e+06 3.187121e+06
4.181891e+01 2.619404e+06 2.281253e+06 3.022162e+06
4.251606e+01 2.478255e+06 2.160814e+06 2.868484e+06
4.322484e+01 2.346306e+06 2.047116e+06 2.720256e+06
4.394543e+01 2.221607e+06 1.937443e+06 2.573832e+06
4.467804e+01 2.100846e+06 1.834658e+06 2.435187e+06
4.542286e+01 1.987155e+06 1.738426e+06 2.303072e+06
4.618009e+01 1.881204e+06 1.647120e+06 2.178035e+06
4.694995e+01 1.781247e+06 1.558728e+06 2.059787e+06
4.773264e+01 1.685065e+06 1.474913e+06 1.949274e+06
4.852839e+01 1.594560e+06 1.396293e+06 1.844658e+06
4.933739e+01 1.509469e+06 1.321946e+06 1.744390e+06
5.015989e+01 1.428360e+06 1.250376e+06 1.649080e+06
5.099609e+01 1.350946e+06 1.183461e+06 1.557763e+06
5.184624e+01 1.278323e+06 1.121088e+06 1.471362e+06
5.271056e+01 1.209370e+06 1.062662e+06 1.389789e+06
5.358928e+01 1.144074e+06 1.006384e+06 1.313278e+06
5.448266e+01 1.081789e+06 9.535855e+05 1.241531e+06
5.539093e+01 1.023256e+06 9.033200e+05 1.174277e+06
5.631434e+01 9.676937e+05 8.547471e+05 1.109634e+06
5.725315e+01 9.163439e+05 8.095929e+05 1.047766e+06
5.820760e+01 8.671402e+05 7.660515e+05 9.899166e+05
5.917797e+01 8.203628e+05 7.249918e+05 9.351630e+05
6.016451e+01 7.761998e+05 6.861158e+05 8.837681e+05
6.116750e+01 7.343857e+05 6.492646e+05 8.349113e+05
6.218721e+01 6.945726e+05 6.145164e+05 7.884079e+05
6.322392e+01 6.575986e+05 5.818099e+05 7.446588e+05
6.427792e+01 6.220870e+05 5.513305e+05 7.033919e+05
6.534948e+01 5.884480e+05 5.222658e+05 6.647023e+05
6.643891e+01 5.572113e+05 4.940998e+05 6.279705e+05
6.754650e+01 5.273512e+05 4.678410e+05 5.935330e+05
6.867256e+01 4.990963e+05 4.426333e+05 5.605639e+05
6.981738e+01 4.723783e+05 4.187655e+05 5.298001e+05
7.098129e+01 4.466808e+05 3.962696e+05 5.000996e+05
7.216461e+01 4.227793e+05 3.750516e+05 4.722329e+05
7.336765e+01 4.000150e+05 3.548862e+05 4.466727e+05
7.459075e+01 3.781774e+05 3.358828e+05 4.222063e+05
7.583423e+01 3.578517e+05 3.178752e+05 3.987137e+05
7.709845e+01 3.384891e+05 3.009138e+05 3.769066e+05
7.838375e+01 3.203002e+05 2.850324e+05 3.562160e+05
7.969047e+01 3.032550e+05 2.697990e+05 3.369344e+05
8.101897e+01 2.868166e+05 2.554753e+05 3.183639e+05
8.236962e+01 2.711633e+05 2.420096e+05 3.009267e+05
8.374279e+01 2.565598e+05 2.292203e+05 2.843140e+05
8.513885e+01 2.428690e+05 2.166862e+05 2.686416e+05
8.655818e+01 2.297232e+05 2.047603e+05 2.535052e+05
8.800117e+01 2.173494e+05 1.940419e+05 2.394187e+05
8.946822e+01 2.056289e+05 1.834926e+05 2.262165e+05
9.095973e+01 1.944971e+05 1.737626e+05 2.137808e+05
9.247610e+01 1.839918e+05 1.641175e+05 2.022509e+05
9.401775e+01 1.739354e+05 1.552164e+05 1.907434e+05
9.558510e+01 1.645316e+05 1.468961e+05 1.802164e+05
9.717858e+01 1.556286e+05 1.389944e+05 1.704039e+05
9.879863e+01 1.472125e+05 1.314598e+05 1.610524e+05
1.004457e+02 1.392315e+05 1.243927e+05 1.521870e+05
1.021202e+02 1.317392e+05 1.177151e+05 1.439065e+05
1.038226e+02 1.245992e+05 1.115196e+05 1.361260e+05
1.055534e+02 1.178527e+05 1.055454e+05 1.286907e+05
1.073131e+02 1.114800e+05 9.983714e+04 1.217097e+05
1.091021e+02 1.056112e+05 9.448100e+04 1.151758e+05
1.109209e+02 9.988601e+04 8.932513e+04 1.088278e+05
1.127700e+02 9.449505e+04 8.461384e+04 1.029053e+05
1.146500e+02 8.937612e+04 8.012498e+04 9.724031e+04
1.165613e+02 8.457800e+04 7.580175e+04 9.190774e+04
1.185045e+02 8.003019e+04 7.171080e+04 8.695126e+04
1.204800e+02 7.569941e+04 6.781921e+04 8.222010e+04
1.224885e+02 7.169475e+04 6.416551e+04 7.785531e+04
1.245305e+02 6.780161e+04 6.071101e+04 7.365588e+04
1.266066e+02 6.415651e+04 5.744540e+04 6.959653e+04
1.287172e+02 6.069374e+04 5.432635e+04 6.575109e+04
1.308630e+02 5.740657e+04 5.140155e+04 6.220103e+04
1.330446e+02 5.432303e+04 4.863315e+04 5.886107e+04
1.352626e+02 5.134774e+04 4.605024e+04 5.565906e+04
1.375175e+02 4.855148e+04 4.358555e+04 5.260132e+04
1.398100e+02 4.591165e+04 4.125235e+04 4.974808e+04
1.421408e+02 4.341067e+04 3.907449e+04 4.700556e+04
1.445104e+02 4.107201e+04 3.699709e+04 4.448022e+04
1.469195e+02 3.882347e+04 3.501973e+04 4.203666e+04
1.493687e+02 3.672781e+04 3.315637e+04 3.979883e+04
1.518588e+02 3.472470e+04 3.136680e+04 3.761160e+04
1.543904e+02 3.285040e+04 2.967828e+04 3.557038e+04
1.569642e+02 3.105955e+04 2.807441e+04 3.368758e+04
1.595810e+02 2.935398e+04 2.654405e+04 3.183084e+04
1.622413e+02 2.777127e+04 2.512267e+04 3.007993e+04
1.649460e+02 2.627002e+04 2.375714e+04 2.848595e+04
1.676958e+02 2.482981e+04 2.246204e+04 2.693145e+04
1.704914e+02 2.347510e+04 2.122515e+04 2.549308e+04
1.733336e+02 2.221504e+04 2.009294e+04 2.413960e+04
1.762232e+02 2.102035e+04 1.900466e+04 2.284362e+04
1.791610e+02 1.988914e+04 1.795598e+04 2.158040e+04
1.821478e+02 1.880460e+04 1.698026e+04 2.041579e+04
1.851843e+02 1.779132e+04 1.607402e+04 1.933115e+04
1.882715e+02 1.683044e+04 1.520832e+04 1.831598e+04
1.914101e+02 1.592203e+04 1.438645e+04 1.733955e+04
1.946011e+02 1.505393e+04 1.359272e+04 1.640794e+04
1.978453e+02 1.425110e+04 1.284901e+04 1.551252e+04
2.011435e+02 1.346301e+04 1.215657e+04 1.468061e+04
2.044967e+02 1.273533e+04 1.149771e+04 1.389590e+04
2.079058e+02 1.203678e+04 1.088367e+04 1.314555e+04
2.113718e+02 1.138535e+04 1.028720e+04 1.244324e+04
2.148955e+02 1.076559e+04 9.712786e+03 1.177599e+04
2.184780e+02 1.017828e+04 9.182073e+03 1.114269e+04
2.221202e+02 9.629043e+03 8.689174e+03 1.054663e+04
2.258231e+02 9.105051e+03 8.219526e+03 9.975670e+03
2.295878e+02 8.617707e+03 7.782217e+03 9.434346e+03
2.334152e+02 8.145309e+03 7.365999e+03 8.932533e+03
2.373064e+02 7.701511e+03 6.966191e+03 8.441722e+03
2.412625e+02 7.282299e+03 6.590723e+03 7.990030e+03
2.452846e+02 6.882993e+03 6.233662e+03 7.557507e+03
2.493736e+02 6.510090e+03 5.888200e+03 7.152948e+03
2.535309e+02 6.160523e+03 5.563546e+03 6.775158e+03
2.577575e+02 5.823569e+03 5.257125e+03 6.412280e+03
2.620545e+02 5.511442e+03 4.967486e+03 6.071341e+03
2.664231e+02 5.213979e+03 4.695142e+03 5.747690e+03
2.708646e+02 4.927222e+03 4.436166e+03 5.440812e+03
2.753802e+02 4.658793e+03 4.190891e+03 5.143606e+03
2.799710e+02 4.406391e+03 3.962160e+03 4.865528e+03
2.846383e+02 4.165796e+03 3.746806e+03 4.604339e+03
2.893835e+02 3.940674e+03 3.541577e+03 4.359412e+03
2.942077e+02 3.725019e+03 3.350133e+03 4.125573e+03
2.991124e+02 3.519560e+03 3.165716e+03 3.906400e+03
3.040988e+02 3.327658e+03 2.992305e+03 3.700180e+03
3.091684e+02 3.148119e+03 2.831325e+03 3.500178e+03
3.143225e+02 2.977554e+03 2.674496e+03 3.312457e+03
3.195625e+02 2.816251e+03 2.528241e+03 3.131052e+03
3.248899e+02 2.662780e+03 2.390158e+03 2.963653e+03
3.303060e+02 2.519803e+03 2.258249e+03 2.805335e+03
3.358125e+02 2.383769e+03 2.135811e+03 2.654583e+03
3.414108e+02 2.253168e+03 2.018233e+03 2.510235e+03
3.471024e+02 2.129185e+03 1.906347e+03 2.375928e+03
3.528888e+02 2.013417e+03 1.801726e+03 2.250469e+03
3.587718e+02 1.903781e+03 1.702306e+03 2.131643e+03
3.647528e+02 1.800644e+03 1.607490e+03 2.018558e+03
3.708335e+02 1.704159e+03 1.521007e+03 1.911753e+03
3.770156e+02 1.612139e+03 1.439254e+03 1.810344e+03
3.833007e+02 1.525429e+03 1.359602e+03 1.712600e+03
3.896907e+02 1.442886e+03 1.285480e+03 1.621640e+03
3.961871e+02 1.364213e+03 1.216964e+03 1.535004e+03
4.027919e+02 1.289584e+03 1.150125e+03 1.454246e+03
4.095068e+02 1.219191e+03 1.087782e+03 1.376761e+03
4.163336e+02 1.152920e+03 1.028158e+03 1.304685e+03
4.232742e+02 1.090691e+03 9.710872e+02 1.235536e+03
4.303305e+02 1.031526e+03 9.176304e+02 1.170926e+03
4.375044e+02 9.760373e+02 8.683698e+02 1.108811e+03
4.447980e+02 9.232868e+02 8.209290e+02 1.050757e+03
4.522131e+02 8.729918e+02 7.748592e+02 9.940905e+02
4.597519e+02 8.249857e+02 7.313010e+02 9.407222e+02
4.674163e+02 7.800327e+02 6.903331e+02 8.904483e+02
4.752085e+02 7.379529e+02 6.530035e+02 8.437656e+02
4.831306e+02 6.983026e+02 6.163498e+02 7.992212e+02
4.911848e+02 6.611282e+02 5.823214e+02 7.569211e+02
4.993733e+02 6.253234e+02 5.503056e+02 7.163797e+02
5.076982e+02 5.913446e+02 5.202240e+02 6.782927e+02
5.161619e+02 5.595506e+02 4.916268e+02 6.420133e+02
5.247668e+02 5.292588e+02 4.647026e+02 6.076357e+02
5.335151e+02 5.006070e+02 4.392808e+02 5.754417e+02
5.424092e+02 4.736205e+02 4.151356e+02 5.446961e+02
5.514516e+02 4.479322e+02 3.923950e+02 5.158344e+02
5.606447e+02 4.237694e+02 3.708095e+02 4.885304e+02
5.699911e+02 4.007574e+02 3.502206e+02 4.628008e+02
5.794933e+02 3.789599e+02 3.307867e+02 4.383270e+02
5.891539e+02 3.586455e+02 3.125309e+02 4.151273e+02
5.989756e+02 3.392395e+02 2.952869e+02 3.931556e+02
6.089610e+02 3.208148e+02 2.789433e+02 3.723468e+02
6.191129e+02 3.036131e+02 2.635044e+02 3.526161e+02
6.294340e+02 2.871721e+02 2.488709e+02 3.338801e+02
6.399271e+02 2.717099e+02 2.350635e+02 3.162348e+02
6.505952e+02 2.570516e+02 2.221991e+02 2.997480e+02
6.614412e+02 2.432581e+02 2.100387e+02 2.837861e+02
6.724679e+02 2.301003e+02 1.984611e+02 2.688511e+02
6.836785e+02 2.177067e+02 1.873507e+02 2.547810e+02
6.950760e+02 2.059282e+02 1.770052e+02 2.414444e+02
7.066635e+02 1.947275e+02 1.674168e+02 2.287269e+02
7.184441e+02 1.841815e+02 1.583960e+02 2.164633e+02
7.304211e+02 1.742447e+02 1.496126e+02 2.048323e+02
7.425979e+02 1.648123e+02 1.412618e+02 1.939013e+02
7.549776e+02 1.559172e+02 1.333762e+02 1.834879e+02
7.675636e+02 1.474967e+02 1.259385e+02 1.736338e+02
7.803595e+02 1.395564e+02 1.190383e+02 1.643964e+02
7.933688e+02 1.319903e+02 1.124503e+02 1.556272e+02
8.065948e+02 1.248369e+02 1.062437e+02 1.472810e+02
8.200414e+02 1.180569e+02 1.004095e+02 1.394112e+02
8.337122e+02 1.117580e+02 9.493993e+01 1.320149e+02
8.476108e+02 1.056904e+02 8.966799e+01 1.249044e+02
8.617412e+02 9.996221e+01 8.473328e+01 1.182774e+02
8.761071e+02 9.459011e+01 8.006581e+01 1.120508e+02
8.907125e+02 8.947298e+01 7.564893e+01 1.060220e+02
9.055614e+02 8.460890e+01 7.147464e+01 1.005371e+02
9.206578e+02 8.006374e+01 6.756183e+01 9.512840e+01
9.360059e+02 7.569688e+01 6.387155e+01 9.010213e+01
9.516099e+02 7.154915e+01 6.034377e+01 8.537656e+01
9.674740e+02 6.768294e+01 5.700581e+01 8.086283e+01
9.836026e+02 6.398445e+01 5.388578e+01 7.658563e+01
1.000000e+03 6.050941e+01 5.096407e+01 7.262509e+01
