# SPHERICAL 4PI - Energy(MeV) Median_Fluence Phi_16 Phi_84
5.000000e-02 5.809002e+11 5.086876e+11 6.631551e+11
5.083354e-02 5.684457e+11 4.981247e+11 6.487536e+11
5.168098e-02 5.561543e+11 4.881454e+11 6.346484e+11
5.254254e-02 5.441836e+11 4.781941e+11 6.206370e+11
5.341847e-02 5.324776e+11 4.684368e+11 6.069289e+11
5.430899e-02 5.208550e+11 4.582882e+11 5.936791e+11
5.521437e-02 5.096586e+11 4.487689e+11 5.804176e+11
5.613484e-02 4.987407e+11 4.396416e+11 5.674456e+11
5.707065e-02 4.879490e+11 4.305892e+11 5.547536e+11
5.802206e-02 4.776268e+11 4.215613e+11 5.423863e+11
5.898934e-02 4.675917e+11 4.125244e+11 5.304842e+11
5.997274e-02 4.576171e+11 4.037164e+11 5.186819e+11
6.097253e-02 4.478020e+11 3.952289e+11 5.073182e+11
6.198899e-02 4.382534e+11 3.869649e+11 4.962598e+11
6.302240e-02 4.288346e+11 3.788319e+11 4.855631e+11
6.407303e-02 4.197028e+11 3.709222e+11 4.749474e+11
6.514118e-02 4.107428e+11 3.631280e+11 4.644611e+11
6.622713e-02 4.019737e+11 3.554550e+11 4.542319e+11
6.733119e-02 3.934832e+11 3.479468e+11 4.440802e+11
6.845366e-02 3.850975e+11 3.406853e+11 4.342768e+11
6.959484e-02 3.768716e+11 3.335749e+11 4.246532e+11
7.075504e-02 3.690436e+11 3.266334e+11 4.152488e+11
7.193458e-02 3.612225e+11 3.197605e+11 4.061296e+11
7.313379e-02 3.534086e+11 3.131184e+11 3.971416e+11
7.435299e-02 3.456458e+11 3.065955e+11 3.884390e+11
7.559251e-02 3.380533e+11 3.001900e+11 3.800680e+11
7.685270e-02 3.307289e+11 2.938776e+11 3.715602e+11
7.813389e-02 3.236031e+11 2.877715e+11 3.636551e+11
7.943645e-02 3.166139e+11 2.816115e+11 3.556736e+11
8.076072e-02 3.096146e+11 2.756098e+11 3.478329e+11
8.210706e-02 3.029989e+11 2.698208e+11 3.401324e+11
8.347585e-02 2.964911e+11 2.642844e+11 3.325836e+11
8.486746e-02 2.900800e+11 2.588488e+11 3.252763e+11
8.628227e-02 2.838487e+11 2.534003e+11 3.181397e+11
8.772067e-02 2.776859e+11 2.479129e+11 3.111230e+11
8.918304e-02 2.716228e+11 2.426112e+11 3.042326e+11
9.066979e-02 2.657001e+11 2.374825e+11 2.974722e+11
9.218133e-02 2.599557e+11 2.325238e+11 2.908353e+11
9.371807e-02 2.544161e+11 2.276682e+11 2.842882e+11
9.528042e-02 2.489834e+11 2.228691e+11 2.781187e+11
9.686882e-02 2.436502e+11 2.181293e+11 2.720107e+11
9.848370e-02 2.384402e+11 2.135646e+11 2.659857e+11
1.001255e-01 2.334279e+11 2.091806e+11 2.600504e+11
1.017947e-01 2.282978e+11 2.048868e+11 2.542463e+11
1.034917e-01 2.234031e+11 2.005242e+11 2.486634e+11
1.052170e-01 2.186050e+11 1.963848e+11 2.432283e+11
1.069710e-01 2.139463e+11 1.923410e+11 2.379016e+11
1.087543e-01 2.093287e+11 1.883847e+11 2.327032e+11
1.105673e-01 2.047681e+11 1.845126e+11 2.276947e+11
1.124106e-01 2.003980e+11 1.806530e+11 2.227639e+11
1.142846e-01 1.961131e+11 1.768369e+11 2.179009e+11
1.161898e-01 1.919869e+11 1.730791e+11 2.131438e+11
1.181267e-01 1.879077e+11 1.694951e+11 2.084902e+11
1.200960e-01 1.838542e+11 1.659209e+11 2.039702e+11
1.220981e-01 1.798765e+11 1.624270e+11 1.996525e+11
1.241336e-01 1.759555e+11 1.590196e+11 1.953572e+11
1.262030e-01 1.721435e+11 1.557820e+11 1.911070e+11
1.283069e-01 1.684184e+11 1.526100e+11 1.869233e+11
1.304459e-01 1.648571e+11 1.494436e+11 1.827440e+11
1.326205e-01 1.613266e+11 1.462896e+11 1.786965e+11
1.348314e-01 1.578421e+11 1.431993e+11 1.747955e+11
1.370791e-01 1.544907e+11 1.401525e+11 1.707973e+11
1.393644e-01 1.511790e+11 1.371826e+11 1.671344e+11
1.416877e-01 1.479484e+11 1.343637e+11 1.635424e+11
1.440497e-01 1.447696e+11 1.315608e+11 1.599464e+11
1.464512e-01 1.416817e+11 1.288157e+11 1.563450e+11
1.488926e-01 1.385963e+11 1.262081e+11 1.528671e+11
1.513748e-01 1.356058e+11 1.235812e+11 1.495027e+11
1.538983e-01 1.326367e+11 1.208502e+11 1.462302e+11
1.564639e-01 1.297338e+11 1.183072e+11 1.430407e+11
1.590723e-01 1.270001e+11 1.158192e+11 1.399082e+11
1.617242e-01 1.242659e+11 1.133955e+11 1.368133e+11
1.644202e-01 1.216210e+11 1.109831e+11 1.337558e+11
1.671612e-01 1.190113e+11 1.086378e+11 1.307479e+11
1.699480e-01 1.164708e+11 1.063418e+11 1.277900e+11
1.727811e-01 1.140033e+11 1.041111e+11 1.249904e+11
1.756615e-01 1.115686e+11 1.019472e+11 1.222828e+11
1.785899e-01 1.091661e+11 9.983822e+10 1.196694e+11
1.815672e-01 1.068123e+11 9.777437e+10 1.170276e+11
1.845941e-01 1.045190e+11 9.573119e+10 1.144996e+11
1.876714e-01 1.022959e+11 9.370414e+10 1.119054e+11
1.908000e-01 1.001025e+11 9.175239e+10 1.093695e+11
1.939808e-01 9.793906e+10 8.985369e+10 1.069911e+11
1.972146e-01 9.580926e+10 8.800439e+10 1.046420e+11
2.005023e-01 9.376916e+10 8.615513e+10 1.023250e+11
2.038449e-01 9.169779e+10 8.430719e+10 1.000619e+11
2.072431e-01 8.970812e+10 8.254807e+10 9.783561e+10
2.106980e-01 8.775597e+10 8.082684e+10 9.570679e+10
2.142105e-01 8.580151e+10 7.909834e+10 9.360869e+10
2.177816e-01 8.393456e+10 7.740900e+10 9.153342e+10
2.214122e-01 8.211023e+10 7.575362e+10 8.949379e+10
2.251033e-01 8.031032e+10 7.418586e+10 8.752975e+10
2.288560e-01 7.858881e+10 7.258181e+10 8.559175e+10
2.326712e-01 7.689706e+10 7.101068e+10 8.373159e+10
2.365500e-01 7.525680e+10 6.952141e+10 8.190221e+10
2.404935e-01 7.365130e+10 6.805406e+10 8.014723e+10
2.445027e-01 7.206983e+10 6.661038e+10 7.839251e+10
2.485788e-01 7.052317e+10 6.520439e+10 7.669710e+10
2.527228e-01 6.901675e+10 6.381687e+10 7.501871e+10
2.569359e-01 6.752614e+10 6.243843e+10 7.334293e+10
2.612192e-01 6.607899e+10 6.111882e+10 7.171353e+10
2.655739e-01 6.466367e+10 5.981344e+10 7.012950e+10
2.700012e-01 6.326183e+10 5.855479e+10 6.856649e+10
2.745024e-01 6.189763e+10 5.728865e+10 6.703875e+10
2.790786e-01 6.057263e+10 5.607780e+10 6.554080e+10
2.837310e-01 5.928005e+10 5.487531e+10 6.407658e+10
2.884610e-01 5.801319e+10 5.372162e+10 6.266120e+10
2.932699e-01 5.678632e+10 5.260006e+10 6.128910e+10
2.981590e-01 5.556238e+10 5.148620e+10 5.989721e+10
3.031295e-01 5.435887e+10 5.039585e+10 5.859246e+10
3.081829e-01 5.317618e+10 4.934183e+10 5.727430e+10
3.133206e-01 5.202349e+10 4.827678e+10 5.604234e+10
3.185439e-01 5.090566e+10 4.725943e+10 5.480989e+10
3.238543e-01 4.980938e+10 4.624719e+10 5.358937e+10
3.292532e-01 4.874161e+10 4.524540e+10 5.240326e+10
3.347421e-01 4.768926e+10 4.427308e+10 5.126114e+10
3.403225e-01 4.665132e+10 4.329450e+10 5.014620e+10
3.459960e-01 4.563492e+10 4.235874e+10 4.905527e+10
3.517640e-01 4.463944e+10 4.141854e+10 4.800483e+10
3.576282e-01 4.367227e+10 4.047581e+10 4.694338e+10
3.635901e-01 4.272463e+10 3.961693e+10 4.592838e+10
3.696515e-01 4.179059e+10 3.877577e+10 4.492147e+10
3.758138e-01 4.086891e+10 3.796167e+10 4.394183e+10
3.820790e-01 3.997557e+10 3.713868e+10 4.298571e+10
3.884485e-01 3.910502e+10 3.634329e+10 4.206560e+10
3.949243e-01 3.826174e+10 3.557541e+10 4.116107e+10
4.015080e-01 3.743837e+10 3.480399e+10 4.026440e+10
4.082014e-01 3.662383e+10 3.401951e+10 3.938258e+10
4.150065e-01 3.583360e+10 3.328031e+10 3.851176e+10
4.219250e-01 3.505929e+10 3.255682e+10 3.765356e+10
4.289588e-01 3.430829e+10 3.184846e+10 3.682214e+10
4.361099e-01 3.357318e+10 3.115173e+10 3.600385e+10
4.433802e-01 3.284644e+10 3.046106e+10 3.520741e+10
4.507717e-01 3.212169e+10 2.979187e+10 3.443381e+10
4.582864e-01 3.143535e+10 2.914073e+10 3.368364e+10
4.659264e-01 3.074680e+10 2.853395e+10 3.293128e+10
4.736938e-01 3.007304e+10 2.791121e+10 3.220626e+10
4.815906e-01 2.942300e+10 2.729977e+10 3.150485e+10
4.896191e-01 2.878262e+10 2.670718e+10 3.081117e+10
4.977815e-01 2.814519e+10 2.612403e+10 3.014858e+10
5.060799e-01 2.752292e+10 2.554577e+10 2.948072e+10
5.145167e-01 2.692722e+10 2.499373e+10 2.884318e+10
5.230941e-01 2.633677e+10 2.445147e+10 2.820758e+10
5.318145e-01 2.576363e+10 2.394185e+10 2.758485e+10
5.406802e-01 2.519697e+10 2.343346e+10 2.696921e+10
5.496938e-01 2.465601e+10 2.292691e+10 2.637151e+10
5.588576e-01 2.413126e+10 2.241011e+10 2.580549e+10
5.681742e-01 2.360571e+10 2.191354e+10 2.523182e+10
5.776462e-01 2.309516e+10 2.143142e+10 2.469378e+10
5.872760e-01 2.259528e+10 2.097019e+10 2.414606e+10
5.970663e-01 2.210283e+10 2.051779e+10 2.361211e+10
6.070199e-01 2.162771e+10 2.007668e+10 2.309127e+10
6.171394e-01 2.115598e+10 1.963967e+10 2.259465e+10
6.274276e-01 2.068686e+10 1.921534e+10 2.210504e+10
6.378874e-01 2.022936e+10 1.880637e+10 2.162669e+10
6.485214e-01 1.978394e+10 1.840979e+10 2.115568e+10
6.593328e-01 1.935079e+10 1.800939e+10 2.069178e+10
6.703244e-01 1.892337e+10 1.761639e+10 2.023593e+10
6.814993e-01 1.850427e+10 1.723234e+10 1.980713e+10
6.928604e-01 1.809451e+10 1.685555e+10 1.938358e+10
7.044109e-01 1.769496e+10 1.648375e+10 1.895833e+10
7.161540e-01 1.730791e+10 1.612238e+10 1.853669e+10
7.280929e-01 1.692636e+10 1.577036e+10 1.812416e+10
7.402308e-01 1.655183e+10 1.541957e+10 1.772242e+10
7.525710e-01 1.618522e+10 1.508752e+10 1.733076e+10
7.651170e-01 1.583470e+10 1.475155e+10 1.694370e+10
7.778721e-01 1.549172e+10 1.442125e+10 1.657775e+10
7.908399e-01 1.515069e+10 1.410297e+10 1.622140e+10
8.040238e-01 1.481831e+10 1.379157e+10 1.586540e+10
8.174275e-01 1.449514e+10 1.348523e+10 1.551142e+10
8.310547e-01 1.417481e+10 1.318826e+10 1.516076e+10
8.449090e-01 1.386523e+10 1.289732e+10 1.482623e+10
8.589943e-01 1.356151e+10 1.262209e+10 1.450610e+10
8.733145e-01 1.326768e+10 1.234750e+10 1.418407e+10
8.878733e-01 1.296819e+10 1.206947e+10 1.387640e+10
9.026749e-01 1.268552e+10 1.179505e+10 1.357612e+10
9.177232e-01 1.240361e+10 1.153058e+10 1.327738e+10
9.330224e-01 1.213124e+10 1.126651e+10 1.298434e+10
9.485766e-01 1.186453e+10 1.101722e+10 1.269742e+10
9.643901e-01 1.159907e+10 1.076526e+10 1.241919e+10
9.804673e-01 1.134130e+10 1.052549e+10 1.214978e+10
9.968125e-01 1.108911e+10 1.029195e+10 1.188157e+10
1.013430e+00 1.084081e+10 1.006465e+10 1.161744e+10
1.030325e+00 1.059949e+10 9.838415e+09 1.136011e+10
1.047501e+00 1.036260e+10 9.618206e+09 1.111372e+10
1.064964e+00 1.013082e+10 9.408848e+09 1.087355e+10
1.082718e+00 9.900917e+09 9.199379e+09 1.063799e+10
1.100767e+00 9.678996e+09 8.993017e+09 1.040581e+10
1.119118e+00 9.457103e+09 8.789273e+09 1.017512e+10
1.137775e+00 9.244976e+09 8.590027e+09 9.950092e+09
1.156742e+00 9.037888e+09 8.394440e+09 9.731493e+09
1.176026e+00 8.836273e+09 8.203312e+09 9.514281e+09
1.195631e+00 8.638900e+09 8.017564e+09 9.301196e+09
1.215564e+00 8.443318e+09 7.833257e+09 9.094964e+09
1.235828e+00 8.253178e+09 7.651283e+09 8.891355e+09
1.256430e+00 8.068518e+09 7.475839e+09 8.692658e+09
1.277376e+00 7.888160e+09 7.309366e+09 8.498390e+09
1.298671e+00 7.709677e+09 7.144405e+09 8.304999e+09
1.320321e+00 7.536350e+09 6.981033e+09 8.119742e+09
1.342331e+00 7.366019e+09 6.822222e+09 7.938308e+09
1.364709e+00 7.202241e+09 6.667142e+09 7.761376e+09
1.387460e+00 7.041768e+09 6.515146e+09 7.588504e+09
1.410590e+00 6.883390e+09 6.368950e+09 7.419358e+09
1.434106e+00 6.727476e+09 6.225629e+09 7.255289e+09
1.458013e+00 6.574784e+09 6.086057e+09 7.094240e+09
1.482320e+00 6.424783e+09 5.948227e+09 6.936763e+09
1.507031e+00 6.280298e+09 5.814475e+09 6.781295e+09
1.532155e+00 6.137431e+09 5.679957e+09 6.627809e+09
1.557697e+00 5.999348e+09 5.549471e+09 6.480190e+09
1.583665e+00 5.862985e+09 5.421662e+09 6.335495e+09
1.610066e+00 5.731767e+09 5.297033e+09 6.193934e+09
1.636907e+00 5.603024e+09 5.175375e+09 6.054740e+09
1.664195e+00 5.474675e+09 5.056880e+09 5.920512e+09
1.691939e+00 5.350695e+09 4.940205e+09 5.786498e+09
1.720145e+00 5.227522e+09 4.828221e+09 5.656480e+09
1.748821e+00 5.109547e+09 4.716930e+09 5.529352e+09
1.777975e+00 4.993117e+09 4.607511e+09 5.405209e+09
1.807616e+00 4.881956e+09 4.501257e+09 5.283801e+09
1.837750e+00 4.773113e+09 4.398292e+09 5.164699e+09
1.868387e+00 4.664038e+09 4.296202e+09 5.047494e+09
1.899534e+00 4.557729e+09 4.195754e+09 4.932732e+09
1.931201e+00 4.452611e+09 4.100603e+09 4.820232e+09
1.963396e+00 4.350213e+09 4.001977e+09 4.708145e+09
1.996127e+00 4.249394e+09 3.909210e+09 4.599431e+09
2.029404e+00 4.152890e+09 3.816823e+09 4.491246e+09
2.063236e+00 4.057305e+09 3.730955e+09 4.387170e+09
2.097632e+00 3.964751e+09 3.643992e+09 4.285814e+09
2.132601e+00 3.873016e+09 3.557815e+09 4.190078e+09
2.168153e+00 3.782531e+09 3.473797e+09 4.096150e+09
2.204298e+00 3.693705e+09 3.391722e+09 4.001634e+09
2.241045e+00 3.608513e+09 3.311131e+09 3.908401e+09
2.278405e+00 3.523577e+09 3.232914e+09 3.820196e+09
2.316388e+00 3.440929e+09 3.157058e+09 3.733465e+09
2.355004e+00 3.360441e+09 3.084783e+09 3.647144e+09
2.394264e+00 3.282303e+09 3.013897e+09 3.562773e+09
2.434178e+00 3.205556e+09 2.944618e+09 3.481473e+09
2.474758e+00 3.129973e+09 2.876158e+09 3.402027e+09
2.516014e+00 3.057110e+09 2.808722e+09 3.324027e+09
2.557958e+00 2.985725e+09 2.742343e+09 3.246848e+09
2.600601e+00 2.916366e+09 2.676247e+09 3.170966e+09
2.643956e+00 2.848415e+09 2.613588e+09 3.096937e+09
2.688032e+00 2.781779e+09 2.551707e+09 3.024648e+09
2.732844e+00 2.716661e+09 2.491136e+09 2.953521e+09
2.778403e+00 2.651793e+09 2.432216e+09 2.884472e+09
2.824721e+00 2.588634e+09 2.375051e+09 2.817513e+09
2.871811e+00 2.526479e+09 2.319660e+09 2.751615e+09
2.919687e+00 2.466388e+09 2.264538e+09 2.686388e+09
2.968360e+00 2.407906e+09 2.210363e+09 2.622363e+09
3.017845e+00 2.351477e+09 2.157249e+09 2.560434e+09
3.068155e+00 2.295280e+09 2.105596e+09 2.499940e+09
3.119304e+00 2.240342e+09 2.054963e+09 2.439800e+09
3.171305e+00 2.186586e+09 2.005356e+09 2.381401e+09
3.224173e+00 2.134397e+09 1.956247e+09 2.324264e+09
3.277923e+00 2.083436e+09 1.909335e+09 2.268608e+09
3.332568e+00 2.032913e+09 1.862833e+09 2.214279e+09
3.388125e+00 1.983211e+09 1.818077e+09 2.161026e+09
3.444608e+00 1.936042e+09 1.773540e+09 2.109060e+09
3.502032e+00 1.889809e+09 1.729972e+09 2.057262e+09
3.560414e+00 1.843888e+09 1.688444e+09 2.008298e+09
3.619769e+00 1.798746e+09 1.647131e+09 1.960311e+09
3.680113e+00 1.754429e+09 1.606780e+09 1.912298e+09
3.741463e+00 1.711616e+09 1.567481e+09 1.865502e+09
3.803837e+00 1.669694e+09 1.528325e+09 1.820361e+09
3.867250e+00 1.628727e+09 1.490180e+09 1.775987e+09
3.931720e+00 1.588567e+09 1.453276e+09 1.732102e+09
3.997265e+00 1.549051e+09 1.417204e+09 1.689830e+09
4.063902e+00 1.511006e+09 1.382239e+09 1.648314e+09
4.131651e+00 1.473693e+09 1.347574e+09 1.608189e+09
4.200529e+00 1.436872e+09 1.313728e+09 1.568305e+09
4.270555e+00 1.400750e+09 1.280859e+09 1.529678e+09
4.341748e+00 1.365936e+09 1.248713e+09 1.491549e+09
4.414129e+00 1.332210e+09 1.218264e+09 1.454462e+09
4.487716e+00 1.298252e+09 1.187893e+09 1.418654e+09
4.562530e+00 1.265611e+09 1.158266e+09 1.383915e+09
4.638591e+00 1.233833e+09 1.129025e+09 1.348722e+09
4.715920e+00 1.202801e+09 1.100913e+09 1.314422e+09
4.794538e+00 1.172408e+09 1.073138e+09 1.280738e+09
4.874467e+00 1.142829e+09 1.045903e+09 1.248245e+09
4.955728e+00 1.113719e+09 1.019296e+09 1.216673e+09
5.038344e+00 1.085597e+09 9.938754e+08 1.185502e+09
5.122337e+00 1.057740e+09 9.681771e+08 1.154999e+09
5.207731e+00 1.030387e+09 9.431907e+08 1.125050e+09
5.294548e+00 1.003352e+09 9.188347e+08 1.095767e+09
5.382812e+00 9.771342e+08 8.950534e+08 1.067578e+09
5.472548e+00 9.521413e+08 8.716478e+08 1.039431e+09
5.563780e+00 9.275662e+08 8.491225e+08 1.013012e+09
5.656532e+00 9.034290e+08 8.268947e+08 9.869482e+08
5.750831e+00 8.795492e+08 8.050296e+08 9.612249e+08
5.846702e+00 8.563481e+08 7.836851e+08 9.364802e+08
5.944171e+00 8.338067e+08 7.628495e+08 9.120295e+08
6.043265e+00 8.118920e+08 7.426893e+08 8.880376e+08
6.144012e+00 7.905505e+08 7.231255e+08 8.648450e+08
6.246437e+00 7.696045e+08 7.040951e+08 8.421760e+08
6.350570e+00 7.490703e+08 6.852631e+08 8.204775e+08
6.456439e+00 7.288820e+08 6.670138e+08 7.987084e+08
6.564073e+00 7.095278e+08 6.488761e+08 7.772263e+08
6.673502e+00 6.906137e+08 6.311782e+08 7.560619e+08
6.784754e+00 6.716182e+08 6.139862e+08 7.360722e+08
6.897862e+00 6.533142e+08 5.972120e+08 7.165834e+08
7.012854e+00 6.354988e+08 5.809817e+08 6.971474e+08
7.129764e+00 6.179842e+08 5.647534e+08 6.783469e+08
7.248623e+00 6.008031e+08 5.490293e+08 6.598750e+08
7.369464e+00 5.844949e+08 5.337782e+08 6.417120e+08
7.492318e+00 5.682684e+08 5.189306e+08 6.237966e+08
7.617221e+00 5.526570e+08 5.047298e+08 6.060710e+08
7.744207e+00 5.372096e+08 4.909169e+08 5.896023e+08
7.873309e+00 5.219692e+08 4.771597e+08 5.729733e+08
8.004563e+00 5.074123e+08 4.636014e+08 5.569745e+08
8.138006e+00 4.931126e+08 4.503765e+08 5.413950e+08
8.273673e+00 4.792329e+08 4.377213e+08 5.260682e+08
8.411601e+00 4.656140e+08 4.255937e+08 5.110238e+08
8.551830e+00 4.523046e+08 4.137605e+08 4.964748e+08
8.694395e+00 4.392854e+08 4.020508e+08 4.822898e+08
8.839338e+00 4.268040e+08 3.907900e+08 4.682312e+08
8.986697e+00 4.145242e+08 3.796791e+08 4.545549e+08
9.136512e+00 4.027680e+08 3.688759e+08 4.412538e+08
9.288825e+00 3.912755e+08 3.580274e+08 4.283543e+08
9.443677e+00 3.798814e+08 3.474291e+08 4.158623e+08
9.601111e+00 3.687275e+08 3.370789e+08 4.034544e+08
9.761169e+00 3.579491e+08 3.269499e+08 3.915819e+08
9.923896e+00 3.476095e+08 3.174063e+08 3.799450e+08
1.008933e+01 3.373882e+08 3.079899e+08 3.685115e+08
1.025753e+01 3.275397e+08 2.990198e+08 3.574003e+08
1.042853e+01 3.176676e+08 2.899226e+08 3.465611e+08
1.060239e+01 3.081338e+08 2.812719e+08 3.360517e+08
1.077914e+01 2.988585e+08 2.728142e+08 3.256463e+08
1.095883e+01 2.898997e+08 2.644629e+08 3.157463e+08
1.114153e+01 2.810271e+08 2.564557e+08 3.058283e+08
1.132726e+01 2.723439e+08 2.483568e+08 2.964648e+08
1.151610e+01 2.639504e+08 2.407607e+08 2.872161e+08
1.170808e+01 2.557273e+08 2.332448e+08 2.782483e+08
1.190326e+01 2.477158e+08 2.260381e+08 2.695026e+08
1.210170e+01 2.399095e+08 2.185047e+08 2.610630e+08
1.230345e+01 2.323911e+08 2.114733e+08 2.529227e+08
1.250855e+01 2.250861e+08 2.048014e+08 2.450297e+08
1.271708e+01 2.177089e+08 1.982985e+08 2.372238e+08
1.292909e+01 2.108448e+08 1.918332e+08 2.294994e+08
1.314462e+01 2.041840e+08 1.856293e+08 2.221112e+08
1.336375e+01 1.975531e+08 1.795917e+08 2.148771e+08
1.358654e+01 1.911004e+08 1.737474e+08 2.079759e+08
1.381304e+01 1.848887e+08 1.681099e+08 2.011422e+08
1.404331e+01 1.787981e+08 1.625386e+08 1.945532e+08
1.427743e+01 1.727984e+08 1.572499e+08 1.881353e+08
1.451544e+01 1.670453e+08 1.521227e+08 1.818138e+08
1.475743e+01 1.613631e+08 1.469226e+08 1.757206e+08
1.500344e+01 1.559518e+08 1.419465e+08 1.698376e+08
1.525356e+01 1.507217e+08 1.372956e+08 1.642575e+08
1.550785e+01 1.453421e+08 1.326733e+08 1.585797e+08
1.576638e+01 1.403799e+08 1.281485e+08 1.531796e+08
1.602922e+01 1.354483e+08 1.234137e+08 1.478175e+08
1.629644e+01 1.306548e+08 1.191970e+08 1.426651e+08
1.656811e+01 1.261177e+08 1.151089e+08 1.377811e+08
1.684432e+01 1.216846e+08 1.110140e+08 1.329169e+08
1.712513e+01 1.173813e+08 1.070303e+08 1.282702e+08
1.741061e+01 1.132433e+08 1.031312e+08 1.237473e+08
1.770086e+01 1.091730e+08 9.946256e+07 1.193128e+08
1.799595e+01 1.052298e+08 9.590870e+07 1.150321e+08
1.829596e+01 1.014425e+08 9.243609e+07 1.108390e+08
1.860097e+01 9.773483e+07 8.902297e+07 1.067579e+08
1.891106e+01 9.411649e+07 8.571459e+07 1.027831e+08
1.922632e+01 9.059705e+07 8.242413e+07 9.900393e+07
1.954684e+01 8.720463e+07 7.943669e+07 9.535966e+07
1.987270e+01 8.399791e+07 7.640932e+07 9.194720e+07
2.020400e+01 8.080682e+07 7.338973e+07 8.852594e+07
2.054081e+01 7.776042e+07 7.058677e+07 8.510869e+07
2.088324e+01 7.476603e+07 6.785598e+07 8.186509e+07
2.123138e+01 7.187289e+07 6.520353e+07 7.876512e+07
2.158533e+01 6.906540e+07 6.266705e+07 7.569803e+07
2.194517e+01 6.638039e+07 6.020823e+07 7.273351e+07
2.231102e+01 6.376642e+07 5.778556e+07 6.992611e+07
2.268296e+01 6.123441e+07 5.548078e+07 6.710743e+07
2.306110e+01 5.876112e+07 5.315628e+07 6.448411e+07
2.344555e+01 5.644655e+07 5.099533e+07 6.189448e+07
2.383641e+01 5.410259e+07 4.898213e+07 5.940402e+07
2.423378e+01 5.185176e+07 4.696459e+07 5.704697e+07
2.463777e+01 4.964586e+07 4.503762e+07 5.474986e+07
2.504851e+01 4.757939e+07 4.303812e+07 5.256896e+07
2.546608e+01 4.554836e+07 4.125136e+07 5.041992e+07
2.589062e+01 4.360379e+07 3.945502e+07 4.830728e+07
2.632224e+01 4.172126e+07 3.772140e+07 4.627257e+07
2.676105e+01 3.991682e+07 3.599252e+07 4.429638e+07
2.720718e+01 3.820128e+07 3.440901e+07 4.236155e+07
2.766075e+01 3.654961e+07 3.287565e+07 4.051607e+07
2.812188e+01 3.496117e+07 3.138138e+07 3.872182e+07
2.859069e+01 3.342461e+07 2.993728e+07 3.703888e+07
2.906732e+01 3.192067e+07 2.863722e+07 3.539761e+07
2.955189e+01 3.046328e+07 2.732497e+07 3.378684e+07
3.004455e+01 2.908907e+07 2.605349e+07 3.227664e+07
3.054541e+01 2.775628e+07 2.479707e+07 3.087494e+07
3.105463e+01 2.646984e+07 2.368236e+07 2.950822e+07
3.157234e+01 2.523561e+07 2.253016e+07 2.819754e+07
3.209867e+01 2.402489e+07 2.138806e+07 2.690404e+07
3.263378e+01 2.286379e+07 2.033936e+07 2.563128e+07
3.317781e+01 2.177111e+07 1.932591e+07 2.443362e+07
3.373092e+01 2.072080e+07 1.833909e+07 2.333598e+07
3.429324e+01 1.972903e+07 1.739970e+07 2.222504e+07
3.486493e+01 1.875237e+07 1.651248e+07 2.119990e+07
3.544616e+01 1.785094e+07 1.565857e+07 2.019866e+07
3.603708e+01 1.696099e+07 1.486183e+07 1.923255e+07
3.663784e+01 1.611541e+07 1.410204e+07 1.831354e+07
3.724862e+01 1.528468e+07 1.337560e+07 1.738500e+07
3.786959e+01 1.449749e+07 1.266151e+07 1.651023e+07
3.850090e+01 1.375903e+07 1.199257e+07 1.567731e+07
3.914275e+01 1.303280e+07 1.135367e+07 1.488782e+07
3.979529e+01 1.234747e+07 1.074897e+07 1.415282e+07
4.045871e+01 1.169678e+07 1.017699e+07 1.344130e+07
4.113318e+01 1.106875e+07 9.635772e+06 1.274848e+07
4.181891e+01 1.047761e+07 9.125011e+06 1.208865e+07
4.251606e+01 9.913020e+06 8.643257e+06 1.147394e+07
4.322484e+01 9.385223e+06 8.188465e+06 1.088102e+07
4.394543e+01 8.886426e+06 7.749771e+06 1.029533e+07
4.467804e+01 8.403383e+06 7.338634e+06 9.740750e+06
4.542286e+01 7.948622e+06 6.953704e+06 9.212287e+06
4.618009e+01 7.524817e+06 6.588480e+06 8.712141e+06
4.694995e+01 7.124988e+06 6.234912e+06 8.239148e+06
4.773264e+01 6.740260e+06 5.899653e+06 7.797096e+06
4.852839e+01 6.378241e+06 5.585170e+06 7.378634e+06
4.933739e+01 6.037875e+06 5.287783e+06 6.977560e+06
5.015989e+01 5.713441e+06 5.001503e+06 6.596319e+06
5.099609e+01 5.403786e+06 4.733843e+06 6.231050e+06
5.184624e+01 5.113293e+06 4.484351e+06 5.885447e+06
5.271056e+01 4.837479e+06 4.250649e+06 5.559155e+06
5.358928e+01 4.576296e+06 4.025535e+06 5.253111e+06
5.448266e+01 4.327157e+06 3.814342e+06 4.966125e+06
5.539093e+01 4.093023e+06 3.613280e+06 4.697110e+06
5.631434e+01 3.870775e+06 3.418988e+06 4.438535e+06
5.725315e+01 3.665376e+06 3.238372e+06 4.191064e+06
5.820760e+01 3.468561e+06 3.064206e+06 3.959667e+06
5.917797e+01 3.281451e+06 2.899967e+06 3.740652e+06
6.016451e+01 3.104799e+06 2.744463e+06 3.535073e+06
6.116750e+01 2.937543e+06 2.597058e+06 3.339645e+06
6.218721e+01 2.778290e+06 2.458066e+06 3.153632e+06
6.322392e+01 2.630395e+06 2.327240e+06 2.978635e+06
6.427792e+01 2.488348e+06 2.205322e+06 2.813568e+06
6.534948e+01 2.353792e+06 2.089063e+06 2.658809e+06
6.643891e+01 2.228845e+06 1.976399e+06 2.511882e+06
6.754650e+01 2.109405e+06 1.871364e+06 2.374132e+06
6.867256e+01 1.996385e+06 1.770533e+06 2.242256e+06
6.981738e+01 1.889513e+06 1.675062e+06 2.119200e+06
7.098129e+01 1.786723e+06 1.585079e+06 2.000398e+06
7.216461e+01 1.691117e+06 1.500206e+06 1.888932e+06
7.336765e+01 1.600060e+06 1.419545e+06 1.786691e+06
7.459075e+01 1.512710e+06 1.343531e+06 1.688825e+06
7.583423e+01 1.431407e+06 1.271501e+06 1.594855e+06
7.709845e+01 1.353956e+06 1.203655e+06 1.507626e+06
7.838375e+01 1.281201e+06 1.140130e+06 1.424864e+06
7.969047e+01 1.213020e+06 1.079196e+06 1.347738e+06
8.101897e+01 1.147267e+06 1.021901e+06 1.273456e+06
8.236962e+01 1.084653e+06 9.680386e+05 1.203707e+06
8.374279e+01 1.026239e+06 9.168810e+05 1.137256e+06
8.513885e+01 9.714761e+05 8.667450e+05 1.074566e+06
8.655818e+01 9.188927e+05 8.190410e+05 1.014021e+06
8.800117e+01 8.693975e+05 7.761675e+05 9.576747e+05
8.946822e+01 8.225157e+05 7.339702e+05 9.048661e+05
9.095973e+01 7.779883e+05 6.950504e+05 8.551232e+05
9.247610e+01 7.359674e+05 6.564702e+05 8.090037e+05
9.401775e+01 6.957414e+05 6.208654e+05 7.629734e+05
9.558510e+01 6.581266e+05 5.875842e+05 7.208655e+05
9.717858e+01 6.225145e+05 5.559777e+05 6.816156e+05
9.879863e+01 5.888500e+05 5.258394e+05 6.442097e+05
1.004457e+02 5.569262e+05 4.975710e+05 6.087479e+05
1.021202e+02 5.269568e+05 4.708603e+05 5.756258e+05
1.038226e+02 4.983967e+05 4.460782e+05 5.445040e+05
1.055534e+02 4.714108e+05 4.221817e+05 5.147627e+05
1.073131e+02 4.459200e+05 3.993486e+05 4.868387e+05
1.091021e+02 4.224447e+05 3.779240e+05 4.607033e+05
1.109209e+02 3.995440e+05 3.573005e+05 4.353113e+05
1.127700e+02 3.779802e+05 3.384554e+05 4.116213e+05
1.146500e+02 3.575045e+05 3.204999e+05 3.889613e+05
1.165613e+02 3.383120e+05 3.032070e+05 3.676310e+05
1.185045e+02 3.201208e+05 2.868432e+05 3.478050e+05
1.204800e+02 3.027976e+05 2.712768e+05 3.288804e+05
1.224885e+02 2.867790e+05 2.566620e+05 3.114212e+05
1.245305e+02 2.712064e+05 2.428440e+05 2.946235e+05
1.266066e+02 2.566260e+05 2.297816e+05 2.783861e+05
1.287172e+02 2.427749e+05 2.173054e+05 2.630044e+05
1.308630e+02 2.296263e+05 2.056062e+05 2.488041e+05
1.330446e+02 2.172921e+05 1.945326e+05 2.354443e+05
1.352626e+02 2.053909e+05 1.842010e+05 2.226362e+05
1.375175e+02 1.942059e+05 1.743422e+05 2.104053e+05
1.398100e+02 1.836466e+05 1.650094e+05 1.989923e+05
1.421408e+02 1.736427e+05 1.562980e+05 1.880222e+05
1.445104e+02 1.642880e+05 1.479884e+05 1.779209e+05
1.469195e+02 1.552939e+05 1.400789e+05 1.681466e+05
1.493687e+02 1.469112e+05 1.326255e+05 1.591953e+05
1.518588e+02 1.388988e+05 1.254672e+05 1.504464e+05
1.543904e+02 1.314016e+05 1.187131e+05 1.422815e+05
1.569642e+02 1.242382e+05 1.122976e+05 1.347503e+05
1.595810e+02 1.174159e+05 1.061762e+05 1.273233e+05
1.622413e+02 1.110851e+05 1.004907e+05 1.203197e+05
1.649460e+02 1.050801e+05 9.502857e+04 1.139438e+05
1.676958e+02 9.931924e+04 8.984814e+04 1.077258e+05
1.704914e+02 9.390042e+04 8.490061e+04 1.019723e+05
1.733336e+02 8.886018e+04 8.037178e+04 9.655839e+04
1.762232e+02 8.408138e+04 7.601865e+04 9.137450e+04
1.791610e+02 7.955655e+04 7.182392e+04 8.632160e+04
1.821478e+02 7.521842e+04 6.792103e+04 8.166316e+04
1.851843e+02 7.116529e+04 6.429609e+04 7.732461e+04
1.882715e+02 6.732177e+04 6.083327e+04 7.326391e+04
1.914101e+02 6.368811e+04 5.754581e+04 6.935818e+04
1.946011e+02 6.021571e+04 5.437088e+04 6.563178e+04
1.978453e+02 5.700441e+04 5.139605e+04 6.205006e+04
2.011435e+02 5.385202e+04 4.862626e+04 5.872246e+04
2.044967e+02 5.094131e+04 4.599082e+04 5.558362e+04
2.079058e+02 4.814713e+04 4.353467e+04 5.258219e+04
2.113718e+02 4.554140e+04 4.114880e+04 4.977296e+04
2.148955e+02 4.306234e+04 3.885114e+04 4.710394e+04
2.184780e+02 4.071311e+04 3.672829e+04 4.457077e+04
2.221202e+02 3.851617e+04 3.475670e+04 4.218651e+04
2.258231e+02 3.642020e+04 3.287811e+04 3.990268e+04
2.295878e+02 3.447083e+04 3.112887e+04 3.773738e+04
2.334152e+02 3.258124e+04 2.946400e+04 3.573013e+04
2.373064e+02 3.080604e+04 2.786476e+04 3.376689e+04
2.412625e+02 2.912919e+04 2.636289e+04 3.196012e+04
2.452846e+02 2.753197e+04 2.493465e+04 3.023003e+04
2.493736e+02 2.604036e+04 2.355280e+04 2.861179e+04
2.535309e+02 2.464209e+04 2.225418e+04 2.710063e+04
2.577575e+02 2.329428e+04 2.102850e+04 2.564912e+04
2.620545e+02 2.204577e+04 1.986994e+04 2.428537e+04
2.664231e+02 2.085592e+04 1.878057e+04 2.299076e+04
2.708646e+02 1.970889e+04 1.774466e+04 2.176325e+04
2.753802e+02 1.863517e+04 1.676357e+04 2.057442e+04
2.799710e+02 1.762556e+04 1.584864e+04 1.946211e+04
2.846383e+02 1.666319e+04 1.498722e+04 1.841736e+04
2.893835e+02 1.576270e+04 1.416631e+04 1.743765e+04
2.942077e+02 1.490008e+04 1.340053e+04 1.650229e+04
2.991124e+02 1.407824e+04 1.266287e+04 1.562560e+04
3.040988e+02 1.331063e+04 1.196922e+04 1.480072e+04
3.091684e+02 1.259248e+04 1.132530e+04 1.400071e+04
3.143225e+02 1.191022e+04 1.069799e+04 1.324983e+04
3.195625e+02 1.126500e+04 1.011296e+04 1.252421e+04
3.248899e+02 1.065112e+04 9.560634e+03 1.185461e+04
3.303060e+02 1.007921e+04 9.032995e+03 1.122134e+04
3.358125e+02 9.535077e+03 8.543243e+03 1.061833e+04
3.414108e+02 9.012672e+03 8.072930e+03 1.004094e+04
3.471024e+02 8.516738e+03 7.625389e+03 9.503713e+03
3.528888e+02 8.053670e+03 7.206904e+03 9.001877e+03
3.587718e+02 7.615124e+03 6.809223e+03 8.526571e+03
3.647528e+02 7.202576e+03 6.429959e+03 8.074232e+03
3.708335e+02 6.816638e+03 6.084027e+03 7.647012e+03
3.770156e+02 6.448557e+03 5.757016e+03 7.241376e+03
3.833007e+02 6.101716e+03 5.438410e+03 6.850402e+03
3.896907e+02 5.771545e+03 5.141920e+03 6.486561e+03
3.961871e+02 5.456854e+03 4.867857e+03 6.140016e+03
4.027919e+02 5.158335e+03 4.600501e+03 5.816983e+03
4.095068e+02 4.876766e+03 4.351126e+03 5.507044e+03
4.163336e+02 4.611682e+03 4.112633e+03 5.218741e+03
4.232742e+02 4.362765e+03 3.884349e+03 4.942145e+03
4.303305e+02 4.126105e+03 3.670522e+03 4.683702e+03
4.375044e+02 3.904149e+03 3.473479e+03 4.435244e+03
4.447980e+02 3.693147e+03 3.283716e+03 4.203029e+03
4.522131e+02 3.491967e+03 3.099437e+03 3.976362e+03
4.597519e+02 3.299943e+03 2.925204e+03 3.762889e+03
4.674163e+02 3.120131e+03 2.761332e+03 3.561793e+03
4.752085e+02 2.951812e+03 2.612014e+03 3.375062e+03
4.831306e+02 2.793210e+03 2.465399e+03 3.196885e+03
4.911848e+02 2.644513e+03 2.329286e+03 3.027685e+03
4.993733e+02 2.501293e+03 2.201222e+03 2.865519e+03
5.076982e+02 2.365379e+03 2.080896e+03 2.713171e+03
5.161619e+02 2.238202e+03 1.966507e+03 2.568053e+03
5.247668e+02 2.117035e+03 1.858810e+03 2.430543e+03
5.335151e+02 2.002428e+03 1.757123e+03 2.301767e+03
5.424092e+02 1.894482e+03 1.660542e+03 2.178785e+03
5.514516e+02 1.791729e+03 1.569580e+03 2.063338e+03
5.606447e+02 1.695078e+03 1.483238e+03 1.954122e+03
5.699911e+02 1.603029e+03 1.400882e+03 1.851203e+03
5.794933e+02 1.515840e+03 1.323147e+03 1.753308e+03
5.891539e+02 1.434582e+03 1.250123e+03 1.660509e+03
5.989756e+02 1.356958e+03 1.181148e+03 1.572622e+03
6.089610e+02 1.283259e+03 1.115773e+03 1.489387e+03
6.191129e+02 1.214453e+03 1.054018e+03 1.410464e+03
6.294340e+02 1.148688e+03 9.954837e+02 1.335521e+03
6.399271e+02 1.086840e+03 9.402541e+02 1.264939e+03
6.505952e+02 1.028207e+03 8.887963e+02 1.198992e+03
6.614412e+02 9.730322e+02 8.401548e+02 1.135144e+03
6.724679e+02 9.204013e+02 7.938444e+02 1.075405e+03
6.836785e+02 8.708266e+02 7.494029e+02 1.019124e+03
6.950760e+02 8.237128e+02 7.080209e+02 9.657775e+02
7.066635e+02 7.789101e+02 6.696674e+02 9.149076e+02
7.184441e+02 7.367258e+02 6.335840e+02 8.658530e+02
7.304211e+02 6.969787e+02 5.984502e+02 8.193293e+02
7.425979e+02 6.592492e+02 5.650471e+02 7.756050e+02
7.549776e+02 6.236688e+02 5.335049e+02 7.339515e+02
7.675636e+02 5.899868e+02 5.037538e+02 6.945350e+02
7.803595e+02 5.582256e+02 4.761533e+02 6.575856e+02
7.933688e+02 5.279610e+02 4.498011e+02 6.225088e+02
8.065948e+02 4.993476e+02 4.249750e+02 5.891240e+02
8.200414e+02 4.722274e+02 4.016380e+02 5.576447e+02
8.337122e+02 4.470321e+02 3.797597e+02 5.280594e+02
8.476108e+02 4.227615e+02 3.586720e+02 4.996175e+02
8.617412e+02 3.998489e+02 3.389331e+02 4.731096e+02
8.761071e+02 3.783604e+02 3.202633e+02 4.482031e+02
8.907125e+02 3.578919e+02 3.025957e+02 4.240879e+02
9.055614e+02 3.384356e+02 2.858986e+02 4.021485e+02
9.206578e+02 3.202550e+02 2.702473e+02 3.805136e+02
9.360059e+02 3.027875e+02 2.554862e+02 3.604085e+02
9.516099e+02 2.861966e+02 2.413751e+02 3.415063e+02
9.674740e+02 2.707318e+02 2.280232e+02 3.234513e+02
9.836026e+02 2.559378e+02 2.155431e+02 3.063425e+02
1.000000e+03 2.420376e+02 2.038563e+02 2.905003e+02
