Energy(MeV)	Incoming Spectral Fluence(MeV-1 cm-2)	Residual Spectral Fluence(MeV-1 cm-2)
1.0000e-03	0.0000e+00	5.7196e+06
1.5000e-03	0.0000e+00	5.7213e+06
2.0000e-03	0.0000e+00	5.7225e+06
2.5000e-03	0.0000e+00	5.7234e+06
3.0000e-03	0.0000e+00	5.7242e+06
3.5000e-03	0.0000e+00	5.7248e+06
4.0000e-03	0.0000e+00	5.7254e+06
4.5000e-03	0.0000e+00	5.7259e+06
5.0000e-03	0.0000e+00	5.7263e+06
5.5000e-03	0.0000e+00	5.7267e+06
6.0000e-03	0.0000e+00	5.7270e+06
6.5000e-03	0.0000e+00	5.7274e+06
7.0000e-03	0.0000e+00	5.7277e+06
7.5000e-03	0.0000e+00	5.7280e+06
8.0000e-03	0.0000e+00	5.7282e+06
8.5000e-03	0.0000e+00	5.7285e+06
9.0000e-03	0.0000e+00	5.7287e+06
9.5000e-03	0.0000e+00	5.7289e+06
1.0000e-02	0.0000e+00	5.7295e+06
1.5000e-02	0.0000e+00	5.7350e+06
2.0000e-02	0.0000e+00	5.7389e+06
2.5000e-02	0.0000e+00	5.7419e+06
3.0000e-02	0.0000e+00	5.7460e+06
3.5000e-02	0.0000e+00	5.7503e+06
4.0000e-02	0.0000e+00	5.7541e+06
4.5000e-02	0.0000e+00	5.7576e+06
5.0000e-02	9.9944e+10	5.7621e+06
5.1684e-02	9.6912e+10	5.7635e+06
5.3424e-02	9.3972e+10	5.7649e+06
5.5224e-02	9.1121e+10	5.7663e+06
5.7083e-02	8.8357e+10	5.7677e+06
5.9006e-02	8.5675e+10	5.7691e+06
6.0993e-02	8.3075e+10	5.7704e+06
6.3047e-02	8.0553e+10	5.7722e+06
6.5170e-02	7.8108e+10	5.7741e+06
6.7365e-02	7.5736e+10	5.7759e+06
6.9633e-02	7.3437e+10	5.7778e+06
7.1978e-02	7.1206e+10	5.7797e+06
7.4402e-02	6.9043e+10	5.7815e+06
7.6908e-02	6.6946e+10	5.7834e+06
7.9498e-02	6.4911e+10	5.7854e+06
8.2175e-02	6.2939e+10	5.7877e+06
8.4943e-02	6.1026e+10	5.7900e+06
8.7803e-02	5.9170e+10	5.7924e+06
9.0760e-02	5.7371e+10	5.7947e+06
9.3817e-02	5.5626e+10	5.7970e+06
9.6976e-02	5.3934e+10	5.7995e+06
1.0024e-01	5.2293e+10	5.8023e+06
1.0362e-01	5.0701e+10	5.8051e+06
1.0711e-01	4.9158e+10	5.8078e+06
1.1071e-01	4.7661e+10	5.8106e+06
1.1444e-01	4.6210e+10	5.8136e+06
1.1830e-01	4.4802e+10	5.8168e+06
1.2228e-01	4.3437e+10	5.8201e+06
1.2640e-01	4.2113e+10	5.8233e+06
1.3066e-01	4.0829e+10	5.8266e+06
1.3506e-01	3.9584e+10	5.8303e+06
1.3960e-01	3.8377e+10	5.8340e+06
1.4430e-01	3.7206e+10	5.8378e+06
1.4916e-01	3.6070e+10	5.8416e+06
1.5419e-01	3.4969e+10	5.8458e+06
1.5938e-01	3.3901e+10	5.8500e+06
1.6475e-01	3.2865e+10	5.8541e+06
1.7030e-01	3.1860e+10	5.8587e+06
1.7603e-01	3.0886e+10	5.8634e+06
1.8196e-01	2.9942e+10	5.8681e+06
1.8809e-01	2.9025e+10	5.8731e+06
1.9442e-01	2.8137e+10	5.8782e+06
2.0097e-01	2.7275e+10	5.8834e+06
2.0774e-01	2.6440e+10	5.8890e+06
2.1473e-01	2.5629e+10	5.8946e+06
2.2196e-01	2.4843e+10	5.9005e+06
2.2944e-01	2.4081e+10	5.9065e+06
2.3717e-01	2.3342e+10	5.9127e+06
2.4515e-01	2.2625e+10	5.9192e+06
2.5341e-01	2.1930e+10	5.9258e+06
2.6194e-01	2.1255e+10	5.9328e+06
2.7076e-01	2.0602e+10	5.9398e+06
2.7988e-01	1.9968e+10	5.9473e+06
2.8931e-01	1.9353e+10	5.9528e+06
2.9905e-01	1.8756e+10	5.9519e+06
3.0912e-01	1.8178e+10	5.9541e+06
3.1953e-01	1.7617e+10	5.9600e+06
3.3029e-01	1.7073e+10	5.9682e+06
3.4142e-01	1.6545e+10	5.9771e+06
3.5291e-01	1.6034e+10	5.9864e+06
3.6480e-01	1.5538e+10	5.9961e+06
3.7708e-01	1.5056e+10	6.0060e+06
3.8978e-01	1.4590e+10	6.0162e+06
4.0291e-01	1.4137e+10	6.0269e+06
4.1648e-01	1.3698e+10	6.0379e+06
4.3050e-01	1.3272e+10	6.0492e+06
4.4500e-01	1.2860e+10	6.0609e+06
4.5999e-01	1.2459e+10	6.0731e+06
4.7548e-01	1.2071e+10	6.0856e+06
4.9149e-01	1.1694e+10	6.0986e+06
5.0804e-01	1.1329e+10	6.1117e+06
5.2515e-01	1.0975e+10	6.1249e+06
5.4284e-01	1.0632e+10	6.1386e+06
5.6112e-01	1.0299e+10	6.1531e+06
5.8001e-01	9.9755e+09	6.1684e+06
5.9955e-01	9.6622e+09	6.1842e+06
6.1974e-01	9.3583e+09	6.2005e+06
6.4061e-01	9.0636e+09	6.2174e+06
6.6218e-01	8.7779e+09	6.2349e+06
6.8448e-01	8.5007e+09	6.2530e+06
7.0753e-01	8.2319e+09	6.2717e+06
7.3136e-01	7.9713e+09	6.2910e+06
7.5599e-01	7.7185e+09	6.3110e+06
7.8145e-01	7.4733e+09	6.3316e+06
8.0777e-01	7.2355e+09	6.3529e+06
8.3497e-01	7.0049e+09	6.3750e+06
8.6309e-01	6.7813e+09	6.3978e+06
8.9215e-01	6.5644e+09	6.4213e+06
9.2220e-01	6.3541e+09	6.4444e+06
9.5326e-01	6.1501e+09	6.4665e+06
9.8536e-01	5.9523e+09	6.4891e+06
1.0185e+00	5.7605e+09	6.5158e+06
1.0528e+00	5.5745e+09	6.5435e+06
1.0883e+00	5.3940e+09	6.5721e+06
1.1249e+00	5.2191e+09	6.5850e+06
1.1628e+00	5.0494e+09	6.6156e+06
1.2020e+00	4.8848e+09	6.6472e+06
1.2425e+00	4.7253e+09	6.6798e+06
1.2843e+00	4.5705e+09	6.7135e+06
1.3276e+00	4.4204e+09	6.7484e+06
1.3723e+00	4.2749e+09	6.7844e+06
1.4185e+00	4.1338e+09	6.8215e+06
1.4663e+00	3.9969e+09	6.8599e+06
1.5156e+00	3.8642e+09	6.8986e+06
1.5667e+00	3.7355e+09	6.9314e+06
1.6194e+00	3.6107e+09	6.9731e+06
1.6740e+00	3.4897e+09	7.0167e+06
1.7304e+00	3.3724e+09	7.0616e+06
1.7886e+00	3.2586e+09	7.1080e+06
1.8489e+00	3.1483e+09	7.1559e+06
1.9111e+00	3.0413e+09	7.1984e+06
1.9755e+00	2.9376e+09	7.2494e+06
2.0420e+00	2.8370e+09	7.3019e+06
2.1108e+00	2.7395e+09	7.3560e+06
2.1819e+00	2.6450e+09	7.4118e+06
2.2553e+00	2.5534e+09	7.4692e+06
2.3313e+00	2.4645e+09	7.5283e+06
2.4098e+00	2.3784e+09	7.5892e+06
2.4910e+00	2.2949e+09	7.6512e+06
2.5748e+00	2.2139e+09	7.7155e+06
2.6616e+00	2.1354e+09	7.7594e+06
2.7512e+00	2.0594e+09	7.8276e+06
2.8438e+00	1.9856e+09	7.8977e+06
2.9396e+00	1.9142e+09	7.9697e+06
3.0386e+00	1.8449e+09	8.0437e+06
3.1409e+00	1.7778e+09	8.1197e+06
3.2467e+00	1.7128e+09	8.1977e+06
3.3561e+00	1.6497e+09	8.2718e+06
3.4691e+00	1.5887e+09	8.3537e+06
3.5859e+00	1.5295e+09	8.4378e+06
3.7067e+00	1.4721e+09	8.5239e+06
3.8315e+00	1.4166e+09	8.6119e+06
3.9605e+00	1.3628e+09	8.7001e+06
4.0939e+00	1.3107e+09	8.7723e+06
4.2318e+00	1.2602e+09	8.8628e+06
4.3743e+00	1.2113e+09	8.9587e+06
4.5216e+00	1.1640e+09	9.0564e+06
4.6739e+00	1.1182e+09	9.1530e+06
4.8313e+00	1.0738e+09	9.2542e+06
4.9940e+00	1.0309e+09	9.3457e+06
5.1621e+00	9.8931e+08	9.4500e+06
5.3360e+00	9.4909e+08	9.5427e+06
5.5157e+00	9.1017e+08	9.6499e+06
5.7014e+00	8.7252e+08	9.7580e+06
5.8934e+00	8.3610e+08	9.8662e+06
6.0919e+00	8.0088e+08	9.9750e+06
6.2971e+00	7.6683e+08	1.0085e+07
6.5091e+00	7.3390e+08	1.0191e+07
6.7283e+00	7.0208e+08	1.0299e+07
6.9549e+00	6.7133e+08	1.0408e+07
7.1891e+00	6.4163e+08	1.0502e+07
7.4313e+00	6.1293e+08	1.0610e+07
7.6815e+00	5.8523e+08	1.0714e+07
7.9402e+00	5.5848e+08	1.0808e+07
8.2076e+00	5.3267e+08	1.0911e+07
8.4840e+00	5.0776e+08	1.1011e+07
8.7697e+00	4.8374e+08	1.1107e+07
9.0651e+00	4.6058e+08	1.1202e+07
9.3703e+00	4.3826e+08	1.1291e+07
9.6859e+00	4.1675e+08	1.1365e+07
1.0012e+01	3.9604e+08	1.1444e+07
1.0349e+01	3.7610e+08	1.1517e+07
1.0698e+01	3.5691e+08	1.1582e+07
1.1058e+01	3.3845e+08	1.1641e+07
1.1430e+01	3.2071e+08	1.1693e+07
1.1815e+01	3.0366e+08	1.1728e+07
1.2213e+01	2.8728e+08	1.1764e+07
1.2625e+01	2.7156e+08	1.1787e+07
1.3050e+01	2.5648e+08	1.1798e+07
1.3489e+01	2.4202e+08	1.1790e+07
1.3944e+01	2.2817e+08	1.1782e+07
1.4413e+01	2.1490e+08	1.1761e+07
1.4898e+01	2.0221e+08	1.1725e+07
1.5400e+01	1.9008e+08	1.1676e+07
1.5919e+01	1.7848e+08	1.1611e+07
1.6455e+01	1.6741e+08	1.1532e+07
1.7009e+01	1.5685e+08	1.1441e+07
1.7582e+01	1.4679e+08	1.1327e+07
1.8174e+01	1.3720e+08	1.1200e+07
1.8786e+01	1.2809e+08	1.1058e+07
1.9419e+01	1.1942e+08	1.0899e+07
2.0073e+01	1.1120e+08	1.0720e+07
2.0749e+01	1.0340e+08	1.0527e+07
2.1447e+01	9.6009e+07	1.0318e+07
2.2170e+01	8.9018e+07	1.0092e+07
2.2916e+01	8.2411e+07	9.8481e+06
2.3688e+01	7.6175e+07	9.5951e+06
2.4486e+01	7.0297e+07	9.3226e+06
2.5310e+01	6.4765e+07	9.0389e+06
2.6163e+01	5.9565e+07	8.7428e+06
2.7044e+01	5.4684e+07	8.4349e+06
2.7954e+01	5.0112e+07	8.1210e+06
2.8896e+01	4.5834e+07	7.7995e+06
2.9869e+01	4.1838e+07	7.4746e+06
3.0875e+01	3.8114e+07	7.1486e+06
3.1915e+01	3.4647e+07	6.8223e+06
3.2989e+01	3.1428e+07	6.4968e+06
3.4100e+01	2.8443e+07	6.1746e+06
3.5249e+01	2.5682e+07	5.8540e+06
3.6436e+01	2.3134e+07	5.5378e+06
3.7663e+01	2.0787e+07	5.2278e+06
3.8931e+01	1.8629e+07	4.9248e+06
4.0242e+01	1.6652e+07	4.6298e+06
4.1598e+01	1.4843e+07	4.3438e+06
4.2998e+01	1.3194e+07	4.0674e+06
4.4446e+01	1.1693e+07	3.8007e+06
4.5943e+01	1.0350e+07	3.5438e+06
4.7490e+01	9.1605e+06	3.2978e+06
4.9090e+01	8.1078e+06	3.0632e+06
5.0743e+01	7.1760e+06	2.8399e+06
5.2452e+01	6.3513e+06	2.6279e+06
5.4218e+01	5.6212e+06	2.4274e+06
5.6044e+01	4.9750e+06	2.2382e+06
5.7931e+01	4.4030e+06	2.0601e+06
5.9882e+01	3.8968e+06	1.8931e+06
6.1899e+01	3.4487e+06	1.7367e+06
6.3984e+01	3.0521e+06	1.5907e+06
6.6138e+01	2.7011e+06	1.4548e+06
6.8366e+01	2.3904e+06	1.3285e+06
7.0668e+01	2.1154e+06	1.2113e+06
7.3048e+01	1.8720e+06	1.1029e+06
7.5508e+01	1.6566e+06	1.0029e+06
7.8051e+01	1.4659e+06	9.1071e+05
8.0679e+01	1.2972e+06	8.2599e+05
8.3396e+01	1.1479e+06	7.4833e+05
8.6205e+01	1.0157e+06	6.7714e+05
8.9108e+01	8.9876e+05	6.1201e+05
9.2109e+01	7.9526e+05	5.5250e+05
9.5211e+01	7.0366e+05	4.9859e+05
9.8417e+01	6.2260e+05	4.4947e+05
1.0173e+02	5.5086e+05	4.0458e+05
1.0516e+02	4.8738e+05	3.6372e+05
1.0870e+02	4.3120e+05	3.2672e+05
1.1236e+02	3.8149e+05	2.9327e+05
1.1614e+02	3.3751e+05	2.6304e+05
1.2005e+02	2.9858e+05	2.3576e+05
1.2410e+02	2.6414e+05	2.1117e+05
1.2828e+02	2.3367e+05	1.8901e+05
1.3260e+02	2.0670e+05	1.6908e+05
1.3706e+02	1.8284e+05	1.5116e+05
1.4168e+02	1.6173e+05	1.3506e+05
1.4645e+02	1.4306e+05	1.2071e+05
1.5138e+02	1.2653e+05	1.0782e+05
1.5648e+02	1.1191e+05	9.6155e+04
1.6175e+02	9.8981e+04	8.5714e+04
1.6720e+02	8.7539e+04	7.6373e+04
1.7283e+02	7.7417e+04	6.8022e+04
1.7865e+02	6.8463e+04	6.0560e+04
1.8466e+02	6.0542e+04	5.3896e+04
1.9088e+02	5.3535e+04	4.7948e+04
1.9731e+02	4.7337e+04	4.2663e+04
2.0395e+02	4.1855e+04	3.7942e+04
2.1082e+02	3.7006e+04	3.3714e+04
2.1792e+02	3.2718e+04	2.9949e+04
2.2526e+02	2.8925e+04	2.6596e+04
2.3285e+02	2.5570e+04	2.3612e+04
2.4069e+02	2.2603e+04	2.0958e+04
2.4880e+02	1.9980e+04	1.8607e+04
2.5717e+02	1.7660e+04	1.6507e+04
2.6583e+02	1.5608e+04	1.4639e+04
2.7479e+02	1.3794e+04	1.2979e+04
2.8404e+02	1.2191e+04	1.1504e+04
2.9361e+02	1.0772e+04	1.0196e+04
3.0349e+02	9.5188e+03	9.0376e+03
3.1371e+02	8.4104e+03	8.0054e+03
3.2428e+02	7.4306e+03	7.0897e+03
3.3520e+02	6.5644e+03	6.2776e+03
3.4649e+02	5.7988e+03	5.5578e+03
3.5816e+02	5.1221e+03	4.9206e+03
3.7022e+02	4.5240e+03	4.3543e+03
3.8269e+02	3.9954e+03	3.8525e+03
3.9557e+02	3.5283e+03	3.4081e+03
4.0890e+02	3.1155e+03	3.0150e+03
4.2267e+02	2.7508e+03	2.6660e+03
4.3690e+02	2.4286e+03	2.3571e+03
4.5161e+02	2.1438e+03	2.0841e+03
4.6682e+02	1.8923e+03	1.8419e+03
4.8254e+02	1.6701e+03	1.6277e+03
4.9879e+02	1.4739e+03	1.4382e+03
5.1559e+02	1.3006e+03	1.2705e+03
5.3295e+02	1.1475e+03	1.1221e+03
5.5090e+02	1.0123e+03	9.9108e+02
5.6946e+02	8.9293e+02	8.7502e+02
5.8863e+02	7.8755e+02	7.7243e+02
6.0846e+02	6.9451e+02	6.8182e+02
6.2895e+02	6.1238e+02	6.0166e+02
6.5013e+02	5.3989e+02	5.3088e+02
6.7202e+02	4.7591e+02	4.6830e+02
6.9465e+02	4.1945e+02	4.1302e+02
7.1805e+02	3.6964e+02	3.6423e+02
7.4223e+02	3.2569e+02	3.2112e+02
7.6722e+02	2.8691e+02	2.8307e+02
7.9306e+02	2.5271e+02	2.4946e+02
8.1977e+02	2.2255e+02	2.1981e+02
8.4738e+02	1.9596e+02	1.9364e+02
8.7591e+02	1.7250e+02	1.7055e+02
9.0541e+02	1.5183e+02	1.5019e+02
9.3590e+02	1.3361e+02	1.3222e+02
9.6742e+02	1.1755e+02	1.1638e+02
1.0000e+03	1.0340e+02	1.0241e+02