Energy(MeV)	Incoming Spectral Fluence(MeV-1 cm-2)	Residual Spectral Fluence(MeV-1 cm-2)
1.0000e-03	0.0000e+00	2.2864e+03
1.5000e-03	0.0000e+00	2.2869e+03
2.0000e-03	0.0000e+00	2.2872e+03
2.5000e-03	0.0000e+00	2.2875e+03
3.0000e-03	0.0000e+00	2.2877e+03
3.5000e-03	0.0000e+00	2.2879e+03
4.0000e-03	0.0000e+00	2.2881e+03
4.5000e-03	0.0000e+00	2.2882e+03
5.0000e-03	0.0000e+00	2.2884e+03
5.5000e-03	0.0000e+00	2.2885e+03
6.0000e-03	0.0000e+00	2.2886e+03
6.5000e-03	0.0000e+00	2.2887e+03
7.0000e-03	0.0000e+00	2.2888e+03
7.5000e-03	0.0000e+00	2.2889e+03
8.0000e-03	0.0000e+00	2.2890e+03
8.5000e-03	0.0000e+00	2.2890e+03
9.0000e-03	0.0000e+00	2.2891e+03
9.5000e-03	0.0000e+00	2.2892e+03
1.0000e-02	0.0000e+00	2.2892e+03
1.5000e-02	0.0000e+00	2.2897e+03
2.0000e-02	0.0000e+00	2.2901e+03
2.5000e-02	0.0000e+00	2.2904e+03
3.0000e-02	0.0000e+00	2.2906e+03
3.5000e-02	0.0000e+00	2.2909e+03
4.0000e-02	0.0000e+00	2.2917e+03
4.5000e-02	0.0000e+00	2.2925e+03
5.0000e-02	0.0000e+00	2.2931e+03
5.5000e-02	0.0000e+00	2.2937e+03
6.0000e-02	0.0000e+00	2.2943e+03
6.5000e-02	0.0000e+00	2.2947e+03
7.0000e-02	0.0000e+00	2.2952e+03
7.5000e-02	0.0000e+00	2.2956e+03
8.0000e-02	0.0000e+00	2.2960e+03
8.5000e-02	0.0000e+00	2.2964e+03
9.0000e-02	0.0000e+00	2.2968e+03
9.5000e-02	0.0000e+00	2.2975e+03
1.0000e-01	0.0000e+00	2.2981e+03
1.5000e-01	0.0000e+00	2.3034e+03
2.0000e-01	0.0000e+00	2.3087e+03
2.5000e-01	0.0000e+00	2.3142e+03
3.0000e-01	0.0000e+00	2.3196e+03
3.5000e-01	0.0000e+00	2.3250e+03
4.0000e-01	0.0000e+00	2.3305e+03
4.5000e-01	0.0000e+00	2.3359e+03
5.0000e-01	7.5616e+08	2.3412e+03
5.0767e-01	7.3358e+08	2.3421e+03
5.1547e-01	7.1160e+08	2.3429e+03
5.2338e-01	6.9027e+08	2.3437e+03
5.3141e-01	6.6958e+08	2.3445e+03
5.3957e-01	6.4964e+08	2.3454e+03
5.4785e-01	6.3039e+08	2.3463e+03
5.5626e-01	6.1170e+08	2.3472e+03
5.6480e-01	5.9364e+08	2.3481e+03
5.7347e-01	5.7603e+08	2.3490e+03
5.8227e-01	5.5916e+08	2.3499e+03
5.9121e-01	5.4285e+08	2.3508e+03
6.0028e-01	5.2674e+08	2.3518e+03
6.0949e-01	5.1102e+08	2.3527e+03
6.1885e-01	4.9578e+08	2.3537e+03
6.2835e-01	4.8104e+08	2.3547e+03
6.3799e-01	4.6681e+08	2.3556e+03
6.4778e-01	4.5299e+08	2.3566e+03
6.5773e-01	4.3958e+08	2.3577e+03
6.6782e-01	4.2647e+08	2.3587e+03
6.7807e-01	4.1367e+08	2.3597e+03
6.8848e-01	4.0133e+08	2.3608e+03
6.9905e-01	3.8945e+08	2.3618e+03
7.0978e-01	3.7775e+08	2.3629e+03
7.2067e-01	3.6638e+08	2.3641e+03
7.3173e-01	3.5544e+08	2.3652e+03
7.4296e-01	3.4493e+08	2.3663e+03
7.5437e-01	3.3481e+08	2.3675e+03
7.6595e-01	3.2502e+08	2.3687e+03
7.7770e-01	3.1534e+08	2.3700e+03
7.8964e-01	3.0600e+08	2.3713e+03
8.0176e-01	2.9700e+08	2.3725e+03
8.1407e-01	2.8826e+08	2.3738e+03
8.2656e-01	2.7968e+08	2.3752e+03
8.3925e-01	2.7143e+08	2.3765e+03
8.5213e-01	2.6327e+08	2.3779e+03
8.6521e-01	2.5535e+08	2.3793e+03
8.7849e-01	2.4779e+08	2.3807e+03
8.9197e-01	2.4039e+08	2.3822e+03
9.0566e-01	2.3326e+08	2.3837e+03
9.1956e-01	2.2630e+08	2.3851e+03
9.3368e-01	2.1965e+08	2.3867e+03
9.4801e-01	2.1322e+08	2.3882e+03
9.6256e-01	2.0696e+08	2.3898e+03
9.7733e-01	2.0087e+08	2.3913e+03
9.9233e-01	1.9489e+08	2.3930e+03
1.0076e+00	1.8905e+08	2.3947e+03
1.0230e+00	1.8344e+08	2.3963e+03
1.0387e+00	1.7798e+08	2.3980e+03
1.0547e+00	1.7269e+08	2.3998e+03
1.0709e+00	1.6758e+08	2.4015e+03
1.0873e+00	1.6263e+08	2.4033e+03
1.1040e+00	1.5781e+08	2.4051e+03
1.1209e+00	1.5312e+08	2.4069e+03
1.1381e+00	1.4860e+08	2.4088e+03
1.1556e+00	1.4423e+08	2.4107e+03
1.1733e+00	1.4001e+08	2.4126e+03
1.1914e+00	1.3589e+08	2.4146e+03
1.2096e+00	1.3187e+08	2.4166e+03
1.2282e+00	1.2794e+08	2.4186e+03
1.2471e+00	1.2413e+08	2.4206e+03
1.2662e+00	1.2043e+08	2.4227e+03
1.2856e+00	1.1689e+08	2.4248e+03
1.3054e+00	1.1343e+08	2.4269e+03
1.3254e+00	1.1006e+08	2.4291e+03
1.3457e+00	1.0675e+08	2.4313e+03
1.3664e+00	1.0357e+08	2.4336e+03
1.3874e+00	1.0049e+08	2.4359e+03
1.4087e+00	9.7503e+07	2.4382e+03
1.4303e+00	9.4591e+07	2.4405e+03
1.4522e+00	9.1781e+07	2.4429e+03
1.4745e+00	8.8985e+07	2.4453e+03
1.4972e+00	8.6313e+07	2.4478e+03
1.5201e+00	8.3685e+07	2.4503e+03
1.5435e+00	8.1214e+07	2.4528e+03
1.5672e+00	7.8806e+07	2.4554e+03
1.5912e+00	7.6460e+07	2.4580e+03
1.6157e+00	7.4179e+07	2.4607e+03
1.6404e+00	7.1942e+07	2.4633e+03
1.6656e+00	6.9782e+07	2.4661e+03
1.6912e+00	6.7663e+07	2.4689e+03
1.7172e+00	6.5638e+07	2.4717e+03
1.7435e+00	6.3669e+07	2.4745e+03
1.7703e+00	6.1731e+07	2.4775e+03
1.7974e+00	5.9904e+07	2.4804e+03
1.8250e+00	5.8154e+07	2.4834e+03
1.8530e+00	5.6421e+07	2.4865e+03
1.8815e+00	5.4746e+07	2.4896e+03
1.9104e+00	5.3094e+07	2.4927e+03
1.9397e+00	5.1482e+07	2.4959e+03
1.9695e+00	4.9939e+07	2.4991e+03
1.9997e+00	4.8439e+07	2.5024e+03
2.0304e+00	4.7002e+07	2.5058e+03
2.0615e+00	4.5623e+07	2.5092e+03
2.0932e+00	4.4267e+07	2.5126e+03
2.1253e+00	4.2901e+07	2.5161e+03
2.1579e+00	4.1637e+07	2.5196e+03
2.1911e+00	4.0408e+07	2.5233e+03
2.2247e+00	3.9197e+07	2.5269e+03
2.2588e+00	3.8019e+07	2.5306e+03
2.2935e+00	3.6890e+07	2.5344e+03
2.3287e+00	3.5807e+07	2.5382e+03
2.3644e+00	3.4738e+07	2.5421e+03
2.4007e+00	3.3706e+07	2.5461e+03
2.4376e+00	3.2689e+07	2.5501e+03
2.4750e+00	3.1706e+07	2.5542e+03
2.5130e+00	3.0759e+07	2.5583e+03
2.5516e+00	2.9851e+07	2.5618e+03
2.5907e+00	2.8961e+07	2.5583e+03
2.6305e+00	2.8105e+07	2.5594e+03
2.6709e+00	2.7262e+07	2.5632e+03
2.7119e+00	2.6443e+07	2.5676e+03
2.7535e+00	2.5668e+07	2.5722e+03
2.7957e+00	2.4920e+07	2.5768e+03
2.8387e+00	2.4163e+07	2.5815e+03
2.8822e+00	2.3449e+07	2.5862e+03
2.9265e+00	2.2754e+07	2.5910e+03
2.9714e+00	2.2073e+07	2.5959e+03
3.0170e+00	2.1417e+07	2.6009e+03
3.0633e+00	2.0780e+07	2.6060e+03
3.1103e+00	2.0163e+07	2.6111e+03
3.1581e+00	1.9558e+07	2.6163e+03
3.2065e+00	1.8975e+07	2.6216e+03
3.2557e+00	1.8396e+07	2.6270e+03
3.3057e+00	1.7844e+07	2.6324e+03
3.3565e+00	1.7309e+07	2.6380e+03
3.4080e+00	1.6784e+07	2.6436e+03
3.4603e+00	1.6277e+07	2.6493e+03
3.5134e+00	1.5796e+07	2.6551e+03
3.5673e+00	1.5328e+07	2.6610e+03
3.6221e+00	1.4883e+07	2.6670e+03
3.6777e+00	1.4447e+07	2.6731e+03
3.7341e+00	1.4014e+07	2.6792e+03
3.7914e+00	1.3600e+07	2.6855e+03
3.8496e+00	1.3192e+07	2.6919e+03
3.9087e+00	1.2798e+07	2.6983e+03
3.9687e+00	1.2416e+07	2.7049e+03
4.0296e+00	1.2044e+07	2.7116e+03
4.0915e+00	1.1679e+07	2.7183e+03
4.1543e+00	1.1321e+07	2.7252e+03
4.2180e+00	1.0973e+07	2.7322e+03
4.2828e+00	1.0644e+07	2.7393e+03
4.3485e+00	1.0324e+07	2.7465e+03
4.4153e+00	1.0021e+07	2.7538e+03
4.4830e+00	9.7165e+06	2.7612e+03
4.5518e+00	9.4273e+06	2.7688e+03
4.6217e+00	9.1464e+06	2.7764e+03
4.6926e+00	8.8721e+06	2.7842e+03
4.7647e+00	8.6042e+06	2.7921e+03
4.8378e+00	8.3495e+06	2.8001e+03
4.9121e+00	8.1008e+06	2.8082e+03
4.9875e+00	7.8594e+06	2.8164e+03
5.0640e+00	7.6226e+06	2.8248e+03
5.1417e+00	7.3954e+06	2.8332e+03
5.2207e+00	7.1767e+06	2.8417e+03
5.3008e+00	6.9588e+06	2.8495e+03
5.3821e+00	6.7470e+06	2.8579e+03
5.4648e+00	6.5424e+06	2.8669e+03
5.5486e+00	6.3461e+06	2.8760e+03
5.6338e+00	6.1578e+06	2.8852e+03
5.7203e+00	5.9711e+06	2.8946e+03
5.8081e+00	5.7879e+06	2.9042e+03
5.8972e+00	5.6129e+06	2.9138e+03
5.9877e+00	5.4460e+06	2.9237e+03
6.0796e+00	5.2883e+06	2.9336e+03
6.1730e+00	5.1292e+06	2.9437e+03
6.2677e+00	4.9740e+06	2.9540e+03
6.3639e+00	4.8226e+06	2.9644e+03
6.4616e+00	4.6778e+06	2.9750e+03
6.5608e+00	4.5360e+06	2.9857e+03
6.6615e+00	4.4001e+06	2.9966e+03
6.7637e+00	4.2666e+06	3.0076e+03
6.8675e+00	4.1384e+06	3.0188e+03
6.9729e+00	4.0148e+06	3.0302e+03
7.0800e+00	3.8937e+06	3.0417e+03
7.1886e+00	3.7770e+06	3.0534e+03
7.2990e+00	3.6643e+06	3.0653e+03
7.4110e+00	3.5532e+06	3.0773e+03
7.5247e+00	3.4455e+06	3.0895e+03
7.6402e+00	3.3436e+06	3.1019e+03
7.7575e+00	3.2446e+06	3.1145e+03
7.8766e+00	3.1452e+06	3.1272e+03
7.9975e+00	3.0524e+06	3.1401e+03
8.1202e+00	2.9586e+06	3.1532e+03
8.2449e+00	2.8684e+06	3.1665e+03
8.3714e+00	2.7832e+06	3.1800e+03
8.4999e+00	2.6985e+06	3.1937e+03
8.6304e+00	2.6172e+06	3.2076e+03
8.7628e+00	2.5387e+06	3.2217e+03
8.8973e+00	2.4619e+06	3.2360e+03
9.0339e+00	2.3883e+06	3.2505e+03
9.1726e+00	2.3149e+06	3.2652e+03
9.3133e+00	2.2458e+06	3.2800e+03
9.4563e+00	2.1782e+06	3.2951e+03
9.6014e+00	2.1114e+06	3.3106e+03
9.7488e+00	2.0478e+06	3.3267e+03
9.8984e+00	1.9868e+06	3.3430e+03
1.0050e+01	1.9271e+06	3.3593e+03
1.0205e+01	1.8686e+06	3.3760e+03
1.0361e+01	1.8114e+06	3.3919e+03
1.0520e+01	1.7563e+06	3.4081e+03
1.0682e+01	1.7031e+06	3.4246e+03
1.0846e+01	1.6515e+06	3.4413e+03
1.1012e+01	1.6005e+06	3.4582e+03
1.1181e+01	1.5523e+06	3.4753e+03
1.1353e+01	1.5053e+06	3.4928e+03
1.1527e+01	1.4605e+06	3.5106e+03
1.1704e+01	1.4160e+06	3.5320e+03
1.1884e+01	1.3729e+06	3.5520e+03
1.2066e+01	1.3311e+06	3.5702e+03
1.2251e+01	1.2902e+06	3.5885e+03
1.2439e+01	1.2512e+06	3.6070e+03
1.2630e+01	1.2130e+06	3.6258e+03
1.2824e+01	1.1761e+06	3.6448e+03
1.3021e+01	1.1400e+06	3.6640e+03
1.3221e+01	1.1053e+06	3.6837e+03
1.3424e+01	1.0720e+06	3.7039e+03
1.3630e+01	1.0396e+06	3.7244e+03
1.3839e+01	1.0081e+06	3.7441e+03
1.4051e+01	9.7658e+05	3.7632e+03
1.4267e+01	9.4666e+05	3.7839e+03
1.4486e+01	9.1827e+05	3.8047e+03
1.4708e+01	8.9018e+05	3.8256e+03
1.4934e+01	8.6297e+05	3.8466e+03
1.5163e+01	8.3679e+05	3.8677e+03
1.5396e+01	8.1157e+05	3.8890e+03
1.5632e+01	7.8652e+05	3.9105e+03
1.5872e+01	7.6282e+05	3.9322e+03
1.6116e+01	7.3995e+05	3.9541e+03
1.6363e+01	7.1709e+05	3.9761e+03
1.6614e+01	6.9471e+05	3.9982e+03
1.6869e+01	6.7375e+05	4.0182e+03
1.7128e+01	6.5331e+05	4.0405e+03
1.7391e+01	6.3366e+05	4.0630e+03
1.7658e+01	6.1420e+05	4.0856e+03
1.7929e+01	5.9538e+05	4.1084e+03
1.8204e+01	5.7689e+05	4.1314e+03
1.8484e+01	5.5906e+05	4.1545e+03
1.8768e+01	5.4182e+05	4.1778e+03
1.9056e+01	5.2512e+05	4.2014e+03
1.9348e+01	5.0884e+05	4.2253e+03
1.9645e+01	4.9316e+05	4.2495e+03
1.9947e+01	4.7806e+05	4.2755e+03
2.0253e+01	4.6340e+05	4.2989e+03
2.0564e+01	4.4920e+05	4.3224e+03
2.0879e+01	4.3527e+05	4.3461e+03
2.1200e+01	4.2199e+05	4.3764e+03
2.1525e+01	4.0902e+05	4.4008e+03
2.1856e+01	3.9624e+05	4.4244e+03
2.2191e+01	3.8395e+05	4.4482e+03
2.2532e+01	3.7201e+05	4.4734e+03
2.2877e+01	3.6060e+05	4.4957e+03
2.3229e+01	3.4936e+05	4.5200e+03
2.3585e+01	3.3855e+05	4.5440e+03
2.3947e+01	3.2777e+05	4.5676e+03
2.4315e+01	3.1763e+05	4.5910e+03
2.4688e+01	3.0783e+05	4.6147e+03
2.5067e+01	2.9815e+05	4.6379e+03
2.5452e+01	2.8883e+05	4.6609e+03
2.5842e+01	2.7966e+05	4.6838e+03
2.6239e+01	2.7096e+05	4.7068e+03
2.6642e+01	2.6242e+05	4.7298e+03
2.7051e+01	2.5407e+05	4.7532e+03
2.7466e+01	2.4608e+05	4.7781e+03
2.7887e+01	2.3835e+05	4.8014e+03
2.8315e+01	2.3086e+05	4.8233e+03
2.8750e+01	2.2359e+05	4.8534e+03
2.9191e+01	2.1659e+05	4.8747e+03
2.9639e+01	2.0977e+05	4.8969e+03
3.0094e+01	2.0315e+05	4.9207e+03
3.0556e+01	1.9667e+05	4.9422e+03
3.1025e+01	1.9040e+05	4.9625e+03
3.1501e+01	1.8432e+05	4.9824e+03
3.1985e+01	1.7845e+05	5.0017e+03
3.2476e+01	1.7279e+05	5.0200e+03
3.2974e+01	1.6720e+05	5.0381e+03
3.3480e+01	1.6190e+05	5.0561e+03
3.3994e+01	1.5675e+05	5.0763e+03
3.4516e+01	1.5177e+05	5.0932e+03
3.5046e+01	1.4691e+05	5.1097e+03
3.5584e+01	1.4219e+05	5.1248e+03
3.6130e+01	1.3766e+05	5.1427e+03
3.6684e+01	1.3325e+05	5.1588e+03
3.7248e+01	1.2899e+05	5.1726e+03
3.7819e+01	1.2481e+05	5.1860e+03
3.8400e+01	1.2078e+05	5.1977e+03
3.8989e+01	1.1686e+05	5.2093e+03
3.9588e+01	1.1299e+05	5.2214e+03
4.0195e+01	1.0930e+05	5.2359e+03
4.0812e+01	1.0571e+05	5.2455e+03
4.1439e+01	1.0222e+05	5.2544e+03
4.2075e+01	9.8886e+04	5.2656e+03
4.2720e+01	9.5645e+04	5.2721e+03
4.3376e+01	9.2507e+04	5.2773e+03
4.4042e+01	8.9488e+04	5.2810e+03
4.4718e+01	8.6537e+04	5.2852e+03
4.5404e+01	8.3713e+04	5.2886e+03
4.6101e+01	8.0959e+04	5.2904e+03
4.6809e+01	7.8303e+04	5.2947e+03
4.7527e+01	7.5716e+04	5.2959e+03
4.8257e+01	7.3243e+04	5.2947e+03
4.8997e+01	7.0877e+04	5.2916e+03
4.9749e+01	6.8550e+04	5.2890e+03
5.0513e+01	6.6227e+04	5.2833e+03
5.1288e+01	6.4014e+04	5.2770e+03
5.2076e+01	6.1871e+04	5.2718e+03
5.2875e+01	5.9825e+04	5.2615e+03
5.3686e+01	5.7837e+04	5.2493e+03
5.4510e+01	5.5899e+04	5.2380e+03
5.5347e+01	5.3991e+04	5.2230e+03
5.6197e+01	5.2201e+04	5.2129e+03
5.7059e+01	5.0415e+04	5.1967e+03
5.7935e+01	4.8708e+04	5.1775e+03
5.8824e+01	4.7064e+04	5.1593e+03
5.9727e+01	4.5480e+04	5.1382e+03
6.0644e+01	4.3905e+04	5.1208e+03
6.1575e+01	4.2428e+04	5.0983e+03
6.2520e+01	4.1006e+04	5.0762e+03
6.3479e+01	3.9601e+04	5.0509e+03
6.4454e+01	3.8271e+04	5.0291e+03
6.5443e+01	3.6966e+04	5.0016e+03
6.6447e+01	3.5703e+04	4.9758e+03
6.7467e+01	3.4480e+04	4.9466e+03
6.8503e+01	3.3307e+04	4.9207e+03
6.9554e+01	3.2156e+04	4.8883e+03
7.0622e+01	3.1058e+04	4.8553e+03
7.1706e+01	2.9977e+04	4.8238e+03
7.2806e+01	2.8928e+04	4.7875e+03
7.3924e+01	2.7927e+04	4.7505e+03
7.5059e+01	2.6956e+04	4.7140e+03
7.6211e+01	2.6002e+04	4.6764e+03
7.7380e+01	2.5098e+04	4.6366e+03
7.8568e+01	2.4237e+04	4.5958e+03
7.9774e+01	2.3380e+04	4.5521e+03
8.0999e+01	2.2555e+04	4.5070e+03
8.2242e+01	2.1739e+04	4.4639e+03
8.3504e+01	2.0967e+04	4.4151e+03
8.4786e+01	2.0217e+04	4.3661e+03
8.6087e+01	1.9488e+04	4.3177e+03
8.7408e+01	1.8787e+04	4.2673e+03
8.8750e+01	1.8117e+04	4.2181e+03
9.0112e+01	1.7464e+04	4.1637e+03
9.1495e+01	1.6838e+04	4.1113e+03
9.2900e+01	1.6235e+04	4.0549e+03
9.4326e+01	1.5642e+04	4.0006e+03
9.5773e+01	1.5064e+04	3.9437e+03
9.7243e+01	1.4521e+04	3.8890e+03
9.8736e+01	1.3998e+04	3.8315e+03
1.0025e+02	1.3486e+04	3.7735e+03
1.0179e+02	1.2995e+04	3.7140e+03
1.0335e+02	1.2512e+04	3.6534e+03
1.0494e+02	1.2055e+04	3.5954e+03
1.0655e+02	1.1615e+04	3.5371e+03
1.0819e+02	1.1181e+04	3.4786e+03
1.0985e+02	1.0771e+04	3.4189e+03
1.1153e+02	1.0370e+04	3.3588e+03
1.1324e+02	9.9815e+03	3.2997e+03
1.1498e+02	9.6135e+03	3.2407e+03
1.1675e+02	9.2430e+03	3.1817e+03
1.1854e+02	8.8882e+03	3.1235e+03
1.2036e+02	8.5434e+03	3.0662e+03
1.2221e+02	8.2183e+03	3.0083e+03
1.2408e+02	7.9085e+03	2.9496e+03
1.2599e+02	7.6155e+03	2.8912e+03
1.2792e+02	7.3305e+03	2.8329e+03
1.2988e+02	7.0525e+03	2.7734e+03
1.3188e+02	6.7903e+03	2.7141e+03
1.3390e+02	6.5306e+03	2.6556e+03
1.3596e+02	6.2800e+03	2.5974e+03
1.3804e+02	6.0345e+03	2.5396e+03
1.4016e+02	5.8017e+03	2.4819e+03
1.4231e+02	5.5723e+03	2.4244e+03
1.4450e+02	5.3510e+03	2.3673e+03
1.4671e+02	5.1400e+03	2.3110e+03
1.4897e+02	4.9392e+03	2.2559e+03
1.5125e+02	4.7366e+03	2.2003e+03
1.5357e+02	4.5512e+03	2.1452e+03
1.5593e+02	4.3696e+03	2.0892e+03
1.5833e+02	4.1943e+03	2.0330e+03
1.6076e+02	4.0288e+03	1.9778e+03
1.6322e+02	3.8695e+03	1.9250e+03
1.6573e+02	3.7201e+03	1.8734e+03
1.6827e+02	3.5719e+03	1.8225e+03
1.7085e+02	3.4298e+03	1.7723e+03
1.7348e+02	3.2905e+03	1.7225e+03
1.7614e+02	3.1577e+03	1.6731e+03
1.7884e+02	3.0296e+03	1.6237e+03
1.8159e+02	2.9058e+03	1.5747e+03
1.8438e+02	2.7861e+03	1.5272e+03
1.8721e+02	2.6719e+03	1.4808e+03
1.9008e+02	2.5641e+03	1.4347e+03
1.9300e+02	2.4603e+03	1.3895e+03
1.9596e+02	2.3560e+03	1.3460e+03
1.9897e+02	2.2558e+03	1.3033e+03
2.0202e+02	2.1617e+03	1.2591e+03
2.0512e+02	2.0711e+03	1.2179e+03
2.0827e+02	1.9840e+03	1.1788e+03
2.1147e+02	1.8993e+03	1.1404e+03
2.1471e+02	1.8166e+03	1.1022e+03
2.1801e+02	1.7362e+03	1.0643e+03
2.2135e+02	1.6607e+03	1.0275e+03
2.2475e+02	1.5871e+03	9.9094e+02
2.2820e+02	1.5161e+03	9.5503e+02
2.3170e+02	1.4508e+03	9.2055e+02
2.3526e+02	1.3837e+03	8.8806e+02
2.3887e+02	1.3231e+03	8.5625e+02
2.4254e+02	1.2668e+03	8.2541e+02
2.4626e+02	1.2113e+03	7.9584e+02
2.5004e+02	1.1565e+03	7.6615e+02
2.5388e+02	1.1037e+03	7.3629e+02
2.5777e+02	1.0521e+03	7.0835e+02
2.6173e+02	1.0023e+03	6.8159e+02
2.6575e+02	9.5699e+02	6.5566e+02
2.6983e+02	9.1312e+02	6.3076e+02
2.7397e+02	8.7136e+02	6.0633e+02
2.7817e+02	8.3222e+02	5.8228e+02
2.8244e+02	7.9185e+02	5.5903e+02
2.8678e+02	7.5515e+02	5.3620e+02
2.9118e+02	7.2049e+02	5.1417e+02
2.9565e+02	6.8723e+02	4.9275e+02
3.0019e+02	6.5583e+02	4.7185e+02
3.0479e+02	6.2432e+02	4.5191e+02
3.0947e+02	5.9448e+02	4.3254e+02
3.1422e+02	5.6543e+02	4.1345e+02
3.1905e+02	5.3776e+02	3.9504e+02
3.2394e+02	5.1114e+02	3.7749e+02
3.2892e+02	4.8557e+02	3.6063e+02
3.3396e+02	4.6202e+02	3.4437e+02
3.3909e+02	4.3859e+02	3.2927e+02
3.4429e+02	4.1612e+02	3.1447e+02
3.4958e+02	3.9493e+02	3.0008e+02
3.5494e+02	3.7459e+02	2.8629e+02
3.6039e+02	3.5507e+02	2.7282e+02
3.6592e+02	3.3746e+02	2.5951e+02
3.7154e+02	3.1986e+02	2.4688e+02
3.7724e+02	3.0326e+02	2.3500e+02
3.8303e+02	2.8773e+02	2.2352e+02
3.8891e+02	2.7204e+02	2.1255e+02
3.9488e+02	2.5723e+02	2.0237e+02
4.0094e+02	2.4351e+02	1.9267e+02
4.0710e+02	2.3021e+02	1.8303e+02
4.1335e+02	2.1757e+02	1.7373e+02
4.1969e+02	2.0607e+02	1.6486e+02
4.2613e+02	1.9516e+02	1.5635e+02
4.3267e+02	1.8431e+02	1.4817e+02
4.3931e+02	1.7408e+02	1.4029e+02
4.4606e+02	1.6436e+02	1.3300e+02
4.5290e+02	1.5506e+02	1.2639e+02
4.5985e+02	1.4604e+02	1.1958e+02
4.6691e+02	1.3758e+02	1.1288e+02
4.7408e+02	1.3030e+02	1.0662e+02
4.8136e+02	1.2278e+02	1.0072e+02
4.8874e+02	1.1539e+02	9.5034e+01
4.9625e+02	1.0852e+02	8.9601e+01
5.0386e+02	1.0207e+02	8.4464e+01
5.1160e+02	9.5845e+01	7.9616e+01
5.1945e+02	8.9950e+01	7.4984e+01
5.2742e+02	8.4454e+01	7.0565e+01
5.3552e+02	7.9301e+01	6.6299e+01
5.4374e+02	7.4370e+01	6.2189e+01
5.5208e+02	6.9702e+01	5.8325e+01
5.6056e+02	6.5121e+01	5.4722e+01
5.6916e+02	6.0811e+01	5.1291e+01
5.7790e+02	5.6832e+01	4.7978e+01
5.8677e+02	5.3162e+01	4.4931e+01
5.9577e+02	4.9522e+01	4.2090e+01
6.0492e+02	4.6200e+01	3.9412e+01
6.1420e+02	4.3123e+01	3.6884e+01
6.2363e+02	4.0244e+01	3.4466e+01
6.3320e+02	3.7556e+01	3.2179e+01
6.4292e+02	3.4984e+01	3.0040e+01
6.5279e+02	3.2551e+01	2.8009e+01
6.6281e+02	3.0293e+01	2.6092e+01
6.7298e+02	2.8150e+01	2.4288e+01
6.8331e+02	2.6144e+01	2.2616e+01
6.9380e+02	2.4259e+01	2.1048e+01
7.0445e+02	2.2526e+01	1.9584e+01
7.1526e+02	2.0888e+01	1.8203e+01
7.2624e+02	1.9382e+01	1.6903e+01
7.3738e+02	1.7961e+01	1.5676e+01
7.4870e+02	1.6629e+01	1.4533e+01
7.6019e+02	1.5368e+01	1.3476e+01
7.7186e+02	1.4210e+01	1.2480e+01
7.8371e+02	1.3146e+01	1.1538e+01
7.9574e+02	1.2129e+01	1.0655e+01
8.0795e+02	1.1180e+01	9.8300e+00
8.2035e+02	1.0287e+01	9.0618e+00
8.3295e+02	9.4661e+00	8.3463e+00
8.4573e+02	8.6983e+00	7.6842e+00
8.5871e+02	7.9902e+00	7.0648e+00
8.7189e+02	7.3335e+00	6.4895e+00
8.8527e+02	6.7190e+00	5.9585e+00
8.9886e+02	6.1600e+00	5.4627e+00
9.1266e+02	5.6341e+00	5.0048e+00
9.2667e+02	5.1507e+00	4.5830e+00
9.4089e+02	4.7075e+00	4.1937e+00
9.5533e+02	4.2986e+00	3.8330e+00
9.6999e+02	3.9215e+00	3.4983e+00
9.8488e+02	3.5714e+00	3.1921e+00
1.0000e+03	3.2521e+00	2.9126e+00