# Energy(MeV) Fluence_Spherical_Median(cm^-2*MeV^-1)
1.000000e-01 5.611663e+12
1.015495e-01 5.399516e+12
1.031230e-01 5.192298e+12
1.047209e-01 4.993032e+12
1.063436e-01 4.803486e+12
1.079914e-01 4.622262e+12
1.096647e-01 4.447875e+12
1.113639e-01 4.280066e+12
1.130895e-01 4.118587e+12
1.148418e-01 3.963200e+12
1.166213e-01 3.813674e+12
1.184284e-01 3.669788e+12
1.202634e-01 3.532392e+12
1.221269e-01 3.400433e+12
1.240193e-01 3.272664e+12
1.259409e-01 3.149342e+12
1.278924e-01 3.030666e+12
1.298741e-01 2.916372e+12
1.318865e-01 2.805227e+12
1.339301e-01 2.699283e+12
1.360053e-01 2.598266e+12
1.381127e-01 2.501625e+12
1.402528e-01 2.408067e+12
1.424260e-01 2.318387e+12
1.446329e-01 2.230563e+12
1.468740e-01 2.145218e+12
1.491498e-01 2.063215e+12
1.514609e-01 1.985086e+12
1.538078e-01 1.909915e+12
1.561910e-01 1.837590e+12
1.586112e-01 1.768004e+12
1.610689e-01 1.701052e+12
1.635647e-01 1.636636e+12
1.660991e-01 1.574659e+12
1.686728e-01 1.515028e+12
1.712864e-01 1.458215e+12
1.739405e-01 1.403588e+12
1.766357e-01 1.350579e+12
1.793727e-01 1.299571e+12
1.821520e-01 1.250489e+12
1.849745e-01 1.203261e+12
1.878407e-01 1.157816e+12
1.907513e-01 1.113854e+12
1.937070e-01 1.071595e+12
1.967085e-01 1.031278e+12
1.997565e-01 9.928322e+11
2.028517e-01 9.552518e+11
2.059949e-01 9.190938e+11
2.091868e-01 8.843045e+11
2.124281e-01 8.508419e+11
2.157197e-01 8.187663e+11
2.190623e-01 7.878455e+11
2.224567e-01 7.580921e+11
2.259036e-01 7.294620e+11
2.294040e-01 7.019128e+11
2.329586e-01 6.754037e+11
2.365683e-01 6.498763e+11
2.402340e-01 6.254657e+11
2.439564e-01 6.019077e+11
2.477365e-01 5.788942e+11
2.515752e-01 5.566979e+11
2.554733e-01 5.356876e+11
2.594319e-01 5.153180e+11
2.634518e-01 4.958696e+11
2.675340e-01 4.773048e+11
2.716794e-01 4.590908e+11
2.758891e-01 4.417461e+11
2.801640e-01 4.252230e+11
2.845052e-01 4.093176e+11
2.889136e-01 3.939411e+11
2.933903e-01 3.788907e+11
2.979364e-01 3.644407e+11
3.025529e-01 3.508016e+11
3.072410e-01 3.376363e+11
3.120017e-01 3.247778e+11
3.168361e-01 3.124088e+11
3.217455e-01 3.005108e+11
3.267310e-01 2.891532e+11
3.317937e-01 2.782346e+11
3.369348e-01 2.676923e+11
3.421556e-01 2.575803e+11
3.474573e-01 2.479181e+11
3.528412e-01 2.385627e+11
3.583085e-01 2.295361e+11
3.638605e-01 2.208907e+11
3.694985e-01 2.125331e+11
3.752239e-01 2.044711e+11
3.810380e-01 1.966584e+11
3.869422e-01 1.891511e+11
3.929379e-01 1.819707e+11
3.990264e-01 1.750833e+11
4.052094e-01 1.684308e+11
4.114881e-01 1.620378e+11
4.178641e-01 1.559594e+11
4.243389e-01 1.501050e+11
4.309140e-01 1.444721e+11
4.375911e-01 1.389482e+11
4.443715e-01 1.336617e+11
4.512571e-01 1.286491e+11
4.582493e-01 1.236685e+11
4.653499e-01 1.188807e+11
4.725605e-01 1.143318e+11
4.798828e-01 1.100031e+11
4.873186e-01 1.058367e+11
4.948696e-01 1.018280e+11
5.025377e-01 9.797101e+10
5.103245e-01 9.425237e+10
5.182320e-01 9.067597e+10
5.262620e-01 8.720599e+10
5.344164e-01 8.386873e+10
5.426972e-01 8.066786e+10
5.511063e-01 7.764050e+10
5.596457e-01 7.469229e+10
5.683174e-01 7.183554e+10
5.771235e-01 6.911168e+10
5.860661e-01 6.650061e+10
5.951472e-01 6.397747e+10
6.043690e-01 6.157298e+10
6.137337e-01 5.925862e+10
6.232435e-01 5.699486e+10
6.329007e-01 5.481530e+10
6.427075e-01 5.274448e+10
6.526662e-01 5.070627e+10
6.627793e-01 4.879650e+10
6.730491e-01 4.692669e+10
6.834780e-01 4.512975e+10
6.940685e-01 4.340922e+10
7.048231e-01 4.178518e+10
7.157444e-01 4.018606e+10
7.268348e-01 3.867960e+10
7.380971e-01 3.721919e+10
7.495340e-01 3.579429e+10
7.611480e-01 3.443419e+10
7.729420e-01 3.314571e+10
7.849188e-01 3.191994e+10
7.970811e-01 3.073425e+10
8.094319e-01 2.958597e+10
8.219740e-01 2.847251e+10
8.347105e-01 2.739344e+10
8.476444e-01 2.636220e+10
8.607786e-01 2.536116e+10
8.741164e-01 2.439686e+10
8.876609e-01 2.348484e+10
9.014152e-01 2.260788e+10
9.153826e-01 2.175363e+10
9.295665e-01 2.091520e+10
9.439702e-01 2.012168e+10
9.585970e-01 1.935597e+10
9.734505e-01 1.860116e+10
9.885341e-01 1.787910e+10
1.003851e+00 1.719749e+10
1.019406e+00 1.654183e+10
1.035202e+00 1.590066e+10
1.051242e+00 1.529810e+10
1.067531e+00 1.470855e+10
1.084073e+00 1.413921e+10
1.100870e+00 1.360426e+10
1.117928e+00 1.309135e+10
1.135251e+00 1.258776e+10
1.152842e+00 1.210067e+10
1.170705e+00 1.163747e+10
1.188845e+00 1.118030e+10
1.207266e+00 1.074443e+10
1.225973e+00 1.033126e+10
1.244969e+00 9.932047e+09
1.264260e+00 9.540678e+09
1.283850e+00 9.168337e+09
1.303743e+00 8.818424e+09
1.323945e+00 8.482970e+09
1.344459e+00 8.152900e+09
1.365291e+00 7.847338e+09
1.386447e+00 7.550539e+09
1.407930e+00 7.263403e+09
1.429746e+00 6.970580e+09
1.451900e+00 6.702450e+09
1.474397e+00 6.448354e+09
1.497243e+00 6.207553e+09
1.520442e+00 5.968906e+09
1.544002e+00 5.737726e+09
1.567926e+00 5.515038e+09
1.592221e+00 5.298693e+09
1.616892e+00 5.091379e+09
1.641946e+00 4.893852e+09
1.667388e+00 4.706599e+09
1.693224e+00 4.527919e+09
1.719461e+00 4.353410e+09
1.746104e+00 4.187338e+09
1.773160e+00 4.028430e+09
1.800635e+00 3.871852e+09
1.828536e+00 3.720010e+09
1.856869e+00 3.575534e+09
1.885641e+00 3.436112e+09
1.914859e+00 3.305544e+09
1.944530e+00 3.179401e+09
1.974661e+00 3.055525e+09
2.005258e+00 2.937428e+09
2.036330e+00 2.825682e+09
2.067883e+00 2.716137e+09
2.099924e+00 2.611177e+09
2.132463e+00 2.511023e+09
2.165505e+00 2.416666e+09
2.199060e+00 2.324936e+09
2.233134e+00 2.235495e+09
2.267737e+00 2.147356e+09
2.302875e+00 2.061557e+09
2.338559e+00 1.982837e+09
2.374795e+00 1.905676e+09
2.411592e+00 1.829439e+09
2.448960e+00 1.759359e+09
2.486906e+00 1.691577e+09
2.525441e+00 1.625856e+09
2.564573e+00 1.562090e+09
2.604311e+00 1.502153e+09
2.644665e+00 1.444929e+09
2.685644e+00 1.389011e+09
2.727258e+00 1.335757e+09
2.769517e+00 1.284097e+09
2.812431e+00 1.234334e+09
2.856009e+00 1.185980e+09
2.900263e+00 1.140629e+09
2.945203e+00 1.095796e+09
2.990839e+00 1.052927e+09
3.037182e+00 1.012606e+09
3.084243e+00 9.741742e+08
3.132033e+00 9.347384e+08
3.180564e+00 8.985947e+08
3.229847e+00 8.638497e+08
3.279894e+00 8.302269e+08
3.330716e+00 7.970939e+08
3.382325e+00 7.654960e+08
3.434734e+00 7.356678e+08
3.487956e+00 7.068683e+08
3.542002e+00 6.796564e+08
3.596885e+00 6.536482e+08
3.652619e+00 6.277752e+08
3.709216e+00 6.033600e+08
3.766690e+00 5.791072e+08
3.825055e+00 5.562293e+08
3.884325e+00 5.344204e+08
3.944512e+00 5.139425e+08
4.005633e+00 4.938699e+08
4.067700e+00 4.749042e+08
4.130729e+00 4.567720e+08
4.194735e+00 4.391493e+08
4.259732e+00 4.218331e+08
4.325737e+00 4.049999e+08
4.392764e+00 3.886294e+08
4.460830e+00 3.734535e+08
4.529951e+00 3.589010e+08
4.600143e+00 3.443560e+08
4.671422e+00 3.304487e+08
4.743806e+00 3.176070e+08
4.817311e+00 3.053645e+08
4.891955e+00 2.934287e+08
4.967756e+00 2.816016e+08
5.044732e+00 2.704555e+08
5.122900e+00 2.598287e+08
5.202279e+00 2.495458e+08
5.282889e+00 2.398592e+08
5.364747e+00 2.304994e+08
5.447874e+00 2.215239e+08
5.532289e+00 2.128963e+08
5.618012e+00 2.044253e+08
5.705063e+00 1.962078e+08
5.793463e+00 1.884690e+08
5.883233e+00 1.812687e+08
5.974393e+00 1.741866e+08
6.066967e+00 1.671338e+08
6.160975e+00 1.606068e+08
6.256439e+00 1.543681e+08
6.353383e+00 1.482355e+08
6.451828e+00 1.423918e+08
6.551800e+00 1.366469e+08
6.653320e+00 1.313822e+08
6.756413e+00 1.261733e+08
6.861104e+00 1.211568e+08
6.967417e+00 1.164101e+08
7.075377e+00 1.117252e+08
7.185010e+00 1.073352e+08
7.296342e+00 1.029777e+08
7.409399e+00 9.887968e+07
7.524208e+00 9.492942e+07
7.640795e+00 9.119274e+07
7.759190e+00 8.758338e+07
7.879418e+00 8.412715e+07
8.001510e+00 8.076597e+07
8.125494e+00 7.758278e+07
8.251398e+00 7.442705e+07
8.379254e+00 7.148350e+07
8.509090e+00 6.860604e+07
8.640939e+00 6.584939e+07
8.774830e+00 6.321253e+07
8.910797e+00 6.069636e+07
9.048869e+00 5.826559e+07
9.189082e+00 5.600250e+07
9.331467e+00 5.375418e+07
9.476058e+00 5.161281e+07
9.622890e+00 4.955761e+07
9.771997e+00 4.753124e+07
9.923414e+00 4.559195e+07
1.007718e+01 4.373909e+07
1.023332e+01 4.197138e+07
1.039189e+01 4.028751e+07
1.055291e+01 3.866897e+07
1.071643e+01 3.711026e+07
1.088248e+01 3.562998e+07
1.105110e+01 3.420013e+07
1.122234e+01 3.280791e+07
1.139623e+01 3.146914e+07
1.157282e+01 3.020561e+07
1.175214e+01 2.900054e+07
1.193424e+01 2.783939e+07
1.211916e+01 2.669309e+07
1.230694e+01 2.560415e+07
1.249764e+01 2.455702e+07
1.269129e+01 2.355363e+07
1.288794e+01 2.259947e+07
1.308764e+01 2.167141e+07
1.329044e+01 2.077473e+07
1.349637e+01 1.991560e+07
1.370550e+01 1.910012e+07
1.391787e+01 1.831581e+07
1.413352e+01 1.756380e+07
1.435252e+01 1.683067e+07
1.457491e+01 1.614277e+07
1.480075e+01 1.548640e+07
1.503009e+01 1.484321e+07
1.526298e+01 1.423584e+07
1.549948e+01 1.365025e+07
1.573965e+01 1.308735e+07
1.598353e+01 1.254154e+07
1.623120e+01 1.202669e+07
1.648270e+01 1.152357e+07
1.673810e+01 1.104689e+07
1.699746e+01 1.058878e+07
1.726083e+01 1.015415e+07
1.752829e+01 9.745095e+06
1.779989e+01 9.338547e+06
1.807570e+01 8.955397e+06
1.835578e+01 8.573766e+06
1.864021e+01 8.214942e+06
1.892904e+01 7.872596e+06
1.922234e+01 7.540257e+06
1.952019e+01 7.225956e+06
1.982266e+01 6.923894e+06
2.012981e+01 6.634790e+06
2.044172e+01 6.358309e+06
2.075847e+01 6.091575e+06
2.108012e+01 5.838600e+06
2.140676e+01 5.595257e+06
2.173846e+01 5.356871e+06
2.207529e+01 5.132413e+06
2.241735e+01 4.918320e+06
2.276471e+01 4.711614e+06
2.311745e+01 4.515219e+06
2.347565e+01 4.326181e+06
2.383941e+01 4.142865e+06
2.420880e+01 3.968388e+06
2.458392e+01 3.796526e+06
2.496485e+01 3.631139e+06
2.535168e+01 3.476400e+06
2.574450e+01 3.328441e+06
2.614341e+01 3.186910e+06
2.654850e+01 3.051103e+06
2.695987e+01 2.915991e+06
2.737762e+01 2.789717e+06
2.780183e+01 2.668850e+06
2.823262e+01 2.554084e+06
2.867009e+01 2.444602e+06
2.911433e+01 2.339393e+06
2.956546e+01 2.237869e+06
3.002358e+01 2.140604e+06
3.048879e+01 2.047806e+06
3.096122e+01 1.959244e+06
3.144096e+01 1.874893e+06
3.192814e+01 1.796020e+06
3.242287e+01 1.720947e+06
3.292526e+01 1.647505e+06
3.343544e+01 1.576186e+06
3.395352e+01 1.508545e+06
3.447963e+01 1.444023e+06
3.501389e+01 1.382776e+06
3.555643e+01 1.322900e+06
3.610738e+01 1.264537e+06
3.666687e+01 1.207783e+06
3.723502e+01 1.155197e+06
3.781198e+01 1.103685e+06
3.839787e+01 1.056775e+06
3.899285e+01 1.011297e+06
3.959704e+01 9.672946e+05
4.021060e+01 9.251680e+05
4.083367e+01 8.854584e+05
4.146638e+01 8.471333e+05
4.210891e+01 8.104031e+05
4.276138e+01 7.750516e+05
4.342397e+01 7.415936e+05
4.409683e+01 7.091960e+05
4.478011e+01 6.782002e+05
4.547398e+01 6.485977e+05
4.617860e+01 6.200161e+05
4.689414e+01 5.929074e+05
4.762076e+01 5.671398e+05
4.835865e+01 5.420076e+05
4.910796e+01 5.180333e+05
4.986889e+01 4.954347e+05
5.064161e+01 4.733300e+05
5.142630e+01 4.526726e+05
5.222315e+01 4.323522e+05
5.303235e+01 4.131535e+05
5.385409e+01 3.948852e+05
5.468856e+01 3.774246e+05
5.553596e+01 3.607361e+05
5.639649e+01 3.449660e+05
5.727036e+01 3.296888e+05
5.815776e+01 3.149957e+05
5.905892e+01 3.009427e+05
5.997404e+01 2.875415e+05
6.090333e+01 2.750035e+05
6.184703e+01 2.628181e+05
6.280535e+01 2.510970e+05
6.377852e+01 2.401178e+05
6.476677e+01 2.295536e+05
6.577033e+01 2.194559e+05
6.678945e+01 2.097953e+05
6.782435e+01 2.005770e+05
6.887529e+01 1.917436e+05
6.994251e+01 1.830912e+05
7.102627e+01 1.748854e+05
7.212683e+01 1.670526e+05
7.324443e+01 1.594720e+05
7.437936e+01 1.522145e+05
7.553187e+01 1.453900e+05
7.670223e+01 1.389311e+05
7.789074e+01 1.327010e+05
7.909765e+01 1.267354e+05
8.032327e+01 1.211352e+05
8.156788e+01 1.157620e+05
8.283178e+01 1.106079e+05
8.411526e+01 1.055995e+05
8.541863e+01 1.008783e+05
8.674219e+01 9.654402e+04
8.808626e+01 9.229328e+04
8.945116e+01 8.815330e+04
9.083721e+01 8.410684e+04
9.224473e+01 8.034342e+04
9.367406e+01 7.669756e+04
9.512555e+01 7.328270e+04
9.659952e+01 6.998601e+04
9.809633e+01 6.687476e+04
9.961633e+01 6.384247e+04
1.011599e+02 6.095072e+04
1.027274e+02 5.817922e+04
1.043191e+02 5.551586e+04
1.059356e+02 5.291260e+04
1.075770e+02 5.042530e+04
1.092439e+02 4.806049e+04
1.109367e+02 4.583981e+04
1.126556e+02 4.375498e+04
1.144012e+02 4.177414e+04
1.161739e+02 3.985150e+04
1.179740e+02 3.806239e+04
1.198020e+02 3.631230e+04
1.216583e+02 3.467225e+04
1.235434e+02 3.310990e+04
1.254578e+02 3.159354e+04
1.274017e+02 3.015531e+04
1.293758e+02 2.877864e+04
1.313805e+02 2.747199e+04
1.334162e+02 2.622464e+04
1.354835e+02 2.503347e+04
1.375828e+02 2.390794e+04
1.397147e+02 2.281630e+04
1.418796e+02 2.176264e+04
1.440780e+02 2.075601e+04
1.463105e+02 1.979471e+04
1.485776e+02 1.886352e+04
1.508798e+02 1.800699e+04
1.532177e+02 1.718912e+04
1.555918e+02 1.639675e+04
1.580027e+02 1.564271e+04
1.604509e+02 1.491782e+04
1.629371e+02 1.421949e+04
1.654618e+02 1.356424e+04
1.680257e+02 1.294410e+04
1.706292e+02 1.234860e+04
1.732731e+02 1.177461e+04
1.759580e+02 1.124287e+04
1.786845e+02 1.072665e+04
1.814532e+02 1.022958e+04
1.842648e+02 9.750963e+03
1.871200e+02 9.310599e+03
1.900194e+02 8.882549e+03
1.929638e+02 8.479073e+03
1.959538e+02 8.096181e+03
1.989901e+02 7.732728e+03
2.020734e+02 7.379369e+03
2.052045e+02 7.046254e+03
2.083842e+02 6.731000e+03
2.116131e+02 6.423255e+03
2.148921e+02 6.134352e+03
2.182218e+02 5.850788e+03
2.216032e+02 5.585335e+03
2.250369e+02 5.331128e+03
2.285239e+02 5.087785e+03
2.320648e+02 4.851239e+03
2.356607e+02 4.632179e+03
2.393123e+02 4.417209e+03
2.430204e+02 4.211940e+03
2.467860e+02 4.016506e+03
2.506100e+02 3.830140e+03
2.544932e+02 3.656391e+03
2.584365e+02 3.489549e+03
2.624410e+02 3.326340e+03
2.665075e+02 3.175590e+03
2.706371e+02 3.031820e+03
2.748306e+02 2.892807e+03
2.790891e+02 2.759771e+03
2.834136e+02 2.633840e+03
2.878051e+02 2.513656e+03
2.922647e+02 2.397861e+03
2.967933e+02 2.286706e+03
3.013921e+02 2.179219e+03
3.060622e+02 2.077662e+03
3.108046e+02 1.980619e+03
3.156206e+02 1.891204e+03
3.205111e+02 1.805127e+03
3.254774e+02 1.723184e+03
3.305207e+02 1.641988e+03
3.356421e+02 1.564888e+03
3.408429e+02 1.492991e+03
3.461243e+02 1.424448e+03
3.514875e+02 1.358391e+03
3.569338e+02 1.295398e+03
3.624645e+02 1.235443e+03
3.680809e+02 1.179560e+03
3.737843e+02 1.125046e+03
3.795761e+02 1.072039e+03
3.854576e+02 1.022174e+03
3.914303e+02 9.741272e+02
3.974955e+02 9.302535e+02
4.036547e+02 8.886215e+02
4.099093e+02 8.470477e+02
4.162609e+02 8.064431e+02
4.227109e+02 7.692759e+02
4.292608e+02 7.330669e+02
4.359122e+02 6.986138e+02
4.426666e+02 6.663152e+02
4.495258e+02 6.360992e+02
4.564912e+02 6.074622e+02
4.635645e+02 5.791210e+02
4.707475e+02 5.524512e+02
4.780417e+02 5.270430e+02
4.854490e+02 5.031777e+02
4.929710e+02 4.794350e+02
5.006096e+02 4.576211e+02
5.083665e+02 4.367712e+02
5.162437e+02 4.167123e+02
5.242429e+02 3.978451e+02
5.323660e+02 3.794006e+02
5.406151e+02 3.619783e+02
5.489919e+02 3.452753e+02
5.574985e+02 3.291164e+02
5.661370e+02 3.139587e+02
5.749093e+02 2.996485e+02
5.838175e+02 2.859905e+02
5.928638e+02 2.729551e+02
6.020502e+02 2.603569e+02
6.113790e+02 2.487194e+02
6.208523e+02 2.370873e+02
6.304724e+02 2.260943e+02
6.402416e+02 2.154560e+02
6.501622e+02 2.054229e+02
6.602365e+02 1.959570e+02
6.704668e+02 1.869223e+02
6.808557e+02 1.782516e+02
6.914056e+02 1.700643e+02
7.021189e+02 1.621924e+02
7.129983e+02 1.547129e+02
7.240462e+02 1.475532e+02
7.352653e+02 1.407727e+02
7.466583e+02 1.343038e+02
7.582277e+02 1.282950e+02
7.699765e+02 1.224467e+02
7.819073e+02 1.168644e+02
7.940229e+02 1.115444e+02
8.063263e+02 1.063564e+02
8.188204e+02 1.014343e+02
8.315080e+02 9.673099e+01
8.443923e+02 9.231368e+01
8.574761e+02 8.803349e+01
8.707627e+02 8.401737e+01
8.842552e+02 8.020956e+01
8.979568e+02 7.648078e+01
9.118706e+02 7.288613e+01
9.260001e+02 6.952589e+01
9.403485e+02 6.626170e+01
9.549192e+02 6.324442e+01
9.697157e+02 6.032855e+01
9.847414e+02 5.750393e+01
1.000000e+03 5.485276e+01
