1.000000e+00 1.256637e-11 1.912923e+10
1.012079e+00 1.256637e-11 1.854089e+10
1.024305e+00 1.256637e-11 1.797064e+10
1.036677e+00 1.256637e-11 1.741791e+10
1.049200e+00 1.256637e-11 1.688218e+10
1.061873e+00 1.256637e-11 1.636293e+10
1.074700e+00 1.256637e-11 1.585963e+10
1.087682e+00 1.256637e-11 1.537181e+10
1.100820e+00 1.256637e-11 1.489899e+10
1.114117e+00 1.256637e-11 1.444071e+10
1.127575e+00 1.256637e-11 1.399652e+10
1.141195e+00 1.256637e-11 1.356598e+10
1.154980e+00 1.256637e-11 1.314868e+10
1.168932e+00 1.256637e-11 1.274422e+10
1.183052e+00 1.256637e-11 1.235219e+10
1.197342e+00 1.256637e-11 1.197221e+10
1.211805e+00 1.256637e-11 1.160392e+10
1.226443e+00 1.256637e-11 1.124695e+10
1.241257e+00 1.256637e-11 1.090095e+10
1.256251e+00 1.256637e-11 1.056560e+10
1.271426e+00 1.256637e-11 1.024056e+10
1.286784e+00 1.256637e-11 9.925511e+09
1.302327e+00 1.256637e-11 9.620152e+09
1.318058e+00 1.256637e-11 9.324182e+09
1.333980e+00 1.256637e-11 9.037313e+09
1.350093e+00 1.256637e-11 8.759265e+09
1.366401e+00 1.256637e-11 8.489768e+09
1.382907e+00 1.256637e-11 8.228558e+09
1.399611e+00 1.256637e-11 7.975381e+09
1.416517e+00 1.256637e-11 7.729989e+09
1.433628e+00 1.256637e-11 7.492143e+09
1.450945e+00 1.256637e-11 7.261612e+09
1.468472e+00 1.256637e-11 7.038171e+09
1.486210e+00 1.256637e-11 6.821600e+09
1.504162e+00 1.256637e-11 6.611691e+09
1.522331e+00 1.256637e-11 6.408236e+09
1.540720e+00 1.256637e-11 6.211039e+09
1.559331e+00 1.256637e-11 6.019906e+09
1.578167e+00 1.256637e-11 5.834652e+09
1.597230e+00 1.256637e-11 5.655095e+09
1.616523e+00 1.256637e-11 5.481060e+09
1.636050e+00 1.256637e-11 5.312379e+09
1.655812e+00 1.256637e-11 5.148885e+09
1.675813e+00 1.256637e-11 4.990419e+09
1.696056e+00 1.256637e-11 4.836828e+09
1.716543e+00 1.256637e-11 4.687960e+09
1.737278e+00 1.256637e-11 4.543672e+09
1.758263e+00 1.256637e-11 4.403821e+09
1.779501e+00 1.256637e-11 4.268272e+09
1.800997e+00 1.256637e-11 4.136893e+09
1.822751e+00 1.256637e-11 4.009555e+09
1.844769e+00 1.256637e-11 3.886133e+09
1.867053e+00 1.256637e-11 3.766508e+09
1.889605e+00 1.256637e-11 3.650563e+09
1.912430e+00 1.256637e-11 3.538184e+09
1.935531e+00 1.256637e-11 3.429262e+09
1.958911e+00 1.256637e-11 3.323691e+09
1.982574e+00 1.256637e-11 3.221368e+09
2.006522e+00 1.256637e-11 3.122192e+09
2.030759e+00 1.256637e-11 3.026067e+09
2.055289e+00 1.256637e-11 2.932900e+09
2.080116e+00 1.256637e-11 2.842599e+09
2.105242e+00 1.256637e-11 2.755075e+09
2.130672e+00 1.256637e-11 2.670245e+09
2.156409e+00 1.256637e-11 2.588024e+09
2.182457e+00 1.256637e-11 2.508333e+09
2.208820e+00 1.256637e-11 2.431094e+09
2.235501e+00 1.256637e-11 2.356231e+09
2.262504e+00 1.256637e-11 2.283672e+09
2.289833e+00 1.256637e-11 2.213345e+09
2.317493e+00 1.256637e-11 2.145182e+09
2.345487e+00 1.256637e-11 2.079116e+09
2.373819e+00 1.256637e-11 2.015083e+09
2.402493e+00 1.256637e-11 1.953020e+09
2.431513e+00 1.256637e-11 1.892868e+09
2.460884e+00 1.256637e-11 1.834566e+09
2.490610e+00 1.256637e-11 1.778058e+09
2.520695e+00 1.256637e-11 1.723289e+09
2.551143e+00 1.256637e-11 1.670205e+09
2.581959e+00 1.256637e-11 1.618756e+09
2.613148e+00 1.256637e-11 1.568889e+09
2.644713e+00 1.256637e-11 1.520557e+09
2.676659e+00 1.256637e-11 1.473713e+09
2.708991e+00 1.256637e-11 1.428310e+09
2.741714e+00 1.256637e-11 1.384304e+09
2.774832e+00 1.256637e-11 1.341653e+09
2.808350e+00 1.256637e-11 1.300315e+09
2.842273e+00 1.256637e-11 1.260249e+09
2.876606e+00 1.256637e-11 1.221416e+09
2.911353e+00 1.256637e-11 1.183778e+09
2.946520e+00 1.256637e-11 1.147299e+09
2.982112e+00 1.256637e-11 1.111943e+09
3.018134e+00 1.256637e-11 1.077675e+09
3.054591e+00 1.256637e-11 1.044462e+09
3.091488e+00 1.256637e-11 1.012272e+09
3.128831e+00 1.256637e-11 9.810722e+08
3.166626e+00 1.256637e-11 9.508330e+08
3.204876e+00 1.256637e-11 9.215248e+08
3.243589e+00 1.256637e-11 8.931189e+08
3.282769e+00 1.256637e-11 8.655875e+08
3.322423e+00 1.256637e-11 8.389037e+08
3.362555e+00 1.256637e-11 8.130415e+08
3.403173e+00 1.256637e-11 7.879756e+08
3.444281e+00 1.256637e-11 7.636814e+08
3.485885e+00 1.256637e-11 7.401353e+08
3.527993e+00 1.256637e-11 7.173142e+08
3.570608e+00 1.256637e-11 6.951958e+08
3.613739e+00 1.256637e-11 6.737586e+08
3.657390e+00 1.256637e-11 6.529814e+08
3.701569e+00 1.256637e-11 6.328441e+08
3.746281e+00 1.256637e-11 6.133270e+08
3.791534e+00 1.256637e-11 5.944109e+08
3.837333e+00 1.256637e-11 5.760773e+08
3.883685e+00 1.256637e-11 5.583084e+08
3.930598e+00 1.256637e-11 5.410868e+08
3.978077e+00 1.256637e-11 5.243956e+08
4.026129e+00 1.256637e-11 5.082185e+08
4.074762e+00 1.256637e-11 4.925397e+08
4.123982e+00 1.256637e-11 4.773439e+08
4.173797e+00 1.256637e-11 4.626161e+08
4.224214e+00 1.256637e-11 4.483420e+08
4.275239e+00 1.256637e-11 4.345077e+08
4.326881e+00 1.256637e-11 4.210995e+08
4.379147e+00 1.256637e-11 4.081045e+08
4.432044e+00 1.256637e-11 3.955097e+08
4.485580e+00 1.256637e-11 3.833030e+08
4.539763e+00 1.256637e-11 3.714725e+08
4.594600e+00 1.256637e-11 3.600064e+08
4.650100e+00 1.256637e-11 3.488936e+08
4.706270e+00 1.256637e-11 3.381233e+08
4.763118e+00 1.256637e-11 3.276849e+08
4.820654e+00 1.256637e-11 3.175681e+08
4.878884e+00 1.256637e-11 3.077631e+08
4.937817e+00 1.256637e-11 2.982603e+08
4.997463e+00 1.256637e-11 2.890503e+08
5.057829e+00 1.256637e-11 2.801242e+08
5.118924e+00 1.256637e-11 2.714732e+08
5.180757e+00 1.256637e-11 2.630889e+08
5.243337e+00 1.256637e-11 2.549630e+08
5.306673e+00 1.256637e-11 2.470876e+08
5.370774e+00 1.256637e-11 2.394550e+08
5.435649e+00 1.256637e-11 2.320576e+08
5.501308e+00 1.256637e-11 2.248883e+08
5.567760e+00 1.256637e-11 2.179401e+08
5.635015e+00 1.256637e-11 2.112060e+08
5.703082e+00 1.256637e-11 2.046796e+08
5.771971e+00 1.256637e-11 1.983545e+08
5.841693e+00 1.256637e-11 1.922243e+08
5.912256e+00 1.256637e-11 1.862832e+08
5.983672e+00 1.256637e-11 1.805254e+08
6.055951e+00 1.256637e-11 1.749450e+08
6.129103e+00 1.256637e-11 1.695368e+08
6.203138e+00 1.256637e-11 1.642954e+08
6.278068e+00 1.256637e-11 1.592157e+08
6.353903e+00 1.256637e-11 1.542926e+08
6.430653e+00 1.256637e-11 1.495214e+08
6.508331e+00 1.256637e-11 1.448974e+08
6.586948e+00 1.256637e-11 1.404160e+08
6.666513e+00 1.256637e-11 1.360729e+08
6.747040e+00 1.256637e-11 1.318638e+08
6.828540e+00 1.256637e-11 1.277846e+08
6.911024e+00 1.256637e-11 1.238312e+08
6.994504e+00 1.256637e-11 1.199998e+08
7.078993e+00 1.256637e-11 1.162866e+08
7.164503e+00 1.256637e-11 1.126881e+08
7.251045e+00 1.256637e-11 1.092006e+08
7.338633e+00 1.256637e-11 1.058207e+08
7.427278e+00 1.256637e-11 1.025452e+08
7.516995e+00 1.256637e-11 9.937072e+07
7.607795e+00 1.256637e-11 9.629427e+07
7.699692e+00 1.256637e-11 9.331280e+07
7.792699e+00 1.256637e-11 9.042337e+07
7.886829e+00 1.256637e-11 8.762315e+07
7.982097e+00 1.256637e-11 8.490939e+07
8.078515e+00 1.256637e-11 8.227942e+07
8.176098e+00 1.256637e-11 7.973067e+07
8.274860e+00 1.256637e-11 7.726063e+07
8.374814e+00 1.256637e-11 7.486687e+07
8.475976e+00 1.256637e-11 7.254704e+07
8.578360e+00 1.256637e-11 7.029887e+07
8.681981e+00 1.256637e-11 6.812014e+07
8.786853e+00 1.256637e-11 6.600872e+07
8.892993e+00 1.256637e-11 6.396252e+07
9.000414e+00 1.256637e-11 6.197954e+07
9.109133e+00 1.256637e-11 6.005784e+07
9.219165e+00 1.256637e-11 5.819551e+07
9.330526e+00 1.256637e-11 5.639073e+07
9.443232e+00 1.256637e-11 5.464173e+07
9.557300e+00 1.256637e-11 5.294678e+07
9.672746e+00 1.256637e-11 5.130422e+07
9.789586e+00 1.256637e-11 4.971243e+07
9.907837e+00 1.256637e-11 4.816985e+07
1.002752e+01 1.256637e-11 4.667495e+07
1.014864e+01 1.256637e-11 4.522628e+07
1.027123e+01 1.256637e-11 4.382240e+07
1.039530e+01 1.256637e-11 4.246193e+07
1.052087e+01 1.256637e-11 4.114353e+07
1.064795e+01 1.256637e-11 3.986590e+07
1.077657e+01 1.256637e-11 3.862779e+07
1.090675e+01 1.256637e-11 3.742798e+07
1.103849e+01 1.256637e-11 3.626528e+07
1.117183e+01 1.256637e-11 3.513856e+07
1.130678e+01 1.256637e-11 3.404669e+07
1.144336e+01 1.256637e-11 3.298861e+07
1.158159e+01 1.256637e-11 3.196327e+07
1.172148e+01 1.256637e-11 3.096966e+07
1.186307e+01 1.256637e-11 3.000680e+07
1.200637e+01 1.256637e-11 2.907375e+07
1.215140e+01 1.256637e-11 2.816958e+07
1.229818e+01 1.256637e-11 2.729340e+07
1.244673e+01 1.256637e-11 2.644435e+07
1.259708e+01 1.256637e-11 2.562159e+07
1.274924e+01 1.256637e-11 2.482431e+07
1.290325e+01 1.256637e-11 2.405172e+07
1.305911e+01 1.256637e-11 2.330306e+07
1.321685e+01 1.256637e-11 2.257759e+07
1.337650e+01 1.256637e-11 2.187459e+07
1.353808e+01 1.256637e-11 2.119338e+07
1.370161e+01 1.256637e-11 2.053327e+07
1.386712e+01 1.256637e-11 1.989362e+07
1.403462e+01 1.256637e-11 1.927379e+07
1.420415e+01 1.256637e-11 1.867317e+07
1.437573e+01 1.256637e-11 1.809117e+07
1.454938e+01 1.256637e-11 1.752722e+07
1.472513e+01 1.256637e-11 1.698075e+07
1.490299e+01 1.256637e-11 1.645122e+07
1.508301e+01 1.256637e-11 1.593812e+07
1.526521e+01 1.256637e-11 1.544093e+07
1.544960e+01 1.256637e-11 1.495916e+07
1.563622e+01 1.256637e-11 1.449234e+07
1.582509e+01 1.256637e-11 1.404000e+07
1.601625e+01 1.256637e-11 1.360170e+07
1.620972e+01 1.256637e-11 1.317700e+07
1.640552e+01 1.256637e-11 1.276548e+07
1.660368e+01 1.256637e-11 1.236673e+07
1.680425e+01 1.256637e-11 1.198037e+07
1.700723e+01 1.256637e-11 1.160600e+07
1.721267e+01 1.256637e-11 1.124325e+07
1.742058e+01 1.256637e-11 1.089177e+07
1.763101e+01 1.256637e-11 1.055121e+07
1.784398e+01 1.256637e-11 1.022123e+07
1.805953e+01 1.256637e-11 9.901496e+06
1.827767e+01 1.256637e-11 9.591700e+06
1.849845e+01 1.256637e-11 9.291532e+06
1.872190e+01 1.256637e-11 9.000694e+06
1.894805e+01 1.256637e-11 8.718897e+06
1.917693e+01 1.256637e-11 8.445861e+06
1.940857e+01 1.256637e-11 8.181315e+06
1.964302e+01 1.256637e-11 7.924997e+06
1.988029e+01 1.256637e-11 7.676650e+06
2.012043e+01 1.256637e-11 7.436030e+06
2.036347e+01 1.256637e-11 7.202896e+06
2.060945e+01 1.256637e-11 6.977017e+06
2.085840e+01 1.256637e-11 6.758167e+06
2.111035e+01 1.256637e-11 6.546130e+06
2.136535e+01 1.256637e-11 6.340695e+06
2.162343e+01 1.256637e-11 6.141656e+06
2.188463e+01 1.256637e-11 5.948815e+06
2.214898e+01 1.256637e-11 5.761982e+06
2.241652e+01 1.256637e-11 5.580968e+06
2.268730e+01 1.256637e-11 5.405595e+06
2.296134e+01 1.256637e-11 5.235687e+06
2.323870e+01 1.256637e-11 5.071075e+06
2.351941e+01 1.256637e-11 4.911594e+06
2.380351e+01 1.256637e-11 4.757086e+06
2.409104e+01 1.256637e-11 4.607397e+06
2.438204e+01 1.256637e-11 4.462376e+06
2.467656e+01 1.256637e-11 4.321880e+06
2.497464e+01 1.256637e-11 4.185767e+06
2.527631e+01 1.256637e-11 4.053902e+06
2.558163e+01 1.256637e-11 3.926154e+06
2.589064e+01 1.256637e-11 3.802393e+06
2.620338e+01 1.256637e-11 3.682498e+06
2.651990e+01 1.256637e-11 3.566347e+06
2.684024e+01 1.256637e-11 3.453824e+06
2.716446e+01 1.256637e-11 3.344817e+06
2.749258e+01 1.256637e-11 3.239217e+06
2.782467e+01 1.256637e-11 3.136917e+06
2.816078e+01 1.256637e-11 3.037816e+06
2.850094e+01 1.256637e-11 2.941814e+06
2.884521e+01 1.256637e-11 2.848815e+06
2.919364e+01 1.256637e-11 2.758725e+06
2.954628e+01 1.256637e-11 2.671454e+06
2.990318e+01 1.256637e-11 2.586914e+06
3.026439e+01 1.256637e-11 2.505022e+06
3.062996e+01 1.256637e-11 2.425693e+06
3.099995e+01 1.256637e-11 2.348849e+06
3.137441e+01 1.256637e-11 2.274412e+06
3.175339e+01 1.256637e-11 2.202308e+06
3.213695e+01 1.256637e-11 2.132463e+06
3.252514e+01 1.256637e-11 2.064808e+06
3.291803e+01 1.256637e-11 1.999275e+06
3.331565e+01 1.256637e-11 1.935797e+06
3.371808e+01 1.256637e-11 1.874311e+06
3.412537e+01 1.256637e-11 1.814754e+06
3.453759e+01 1.256637e-11 1.757066e+06
3.495478e+01 1.256637e-11 1.701190e+06
3.537701e+01 1.256637e-11 1.647069e+06
3.580434e+01 1.256637e-11 1.594647e+06
3.623683e+01 1.256637e-11 1.543873e+06
3.667454e+01 1.256637e-11 1.494695e+06
3.711755e+01 1.256637e-11 1.447063e+06
3.756590e+01 1.256637e-11 1.400929e+06
3.801967e+01 1.256637e-11 1.356246e+06
3.847892e+01 1.256637e-11 1.312969e+06
3.894372e+01 1.256637e-11 1.271054e+06
3.941414e+01 1.256637e-11 1.230459e+06
3.989023e+01 1.256637e-11 1.191143e+06
4.037208e+01 1.256637e-11 1.153065e+06
4.085975e+01 1.256637e-11 1.116187e+06
4.135330e+01 1.256637e-11 1.080472e+06
4.185282e+01 1.256637e-11 1.045882e+06
4.235838e+01 1.256637e-11 1.012384e+06
4.287004e+01 1.256637e-11 9.799430e+05
4.338788e+01 1.256637e-11 9.485258e+05
4.391197e+01 1.256637e-11 9.181005e+05
4.444240e+01 1.256637e-11 8.886362e+05
4.497923e+01 1.256637e-11 8.601028e+05
4.552255e+01 1.256637e-11 8.324712e+05
4.607243e+01 1.256637e-11 8.057132e+05
4.662896e+01 1.256637e-11 7.798015e+05
4.719220e+01 1.256637e-11 7.547096e+05
4.776225e+01 1.256637e-11 7.304119e+05
4.833919e+01 1.256637e-11 7.068835e+05
4.892309e+01 1.256637e-11 6.841003e+05
4.951405e+01 1.256637e-11 6.620390e+05
5.011215e+01 1.256637e-11 6.406770e+05
5.071747e+01 1.256637e-11 6.199923e+05
5.133010e+01 1.256637e-11 5.999638e+05
5.195013e+01 1.256637e-11 5.805708e+05
5.257765e+01 1.256637e-11 5.617935e+05
5.321276e+01 1.256637e-11 5.436125e+05
5.385553e+01 1.256637e-11 5.260092e+05
5.450607e+01 1.256637e-11 5.089654e+05
5.516446e+01 1.256637e-11 4.924635e+05
5.583081e+01 1.256637e-11 4.764866e+05
5.650521e+01 1.256637e-11 4.610181e+05
5.718775e+01 1.256637e-11 4.460421e+05
5.787854e+01 1.256637e-11 4.315432e+05
5.857768e+01 1.256637e-11 4.175062e+05
5.928525e+01 1.256637e-11 4.039168e+05
6.000138e+01 1.256637e-11 3.907608e+05
6.072616e+01 1.256637e-11 3.780246e+05
6.145969e+01 1.256637e-11 3.656950e+05
6.220208e+01 1.256637e-11 3.537592e+05
6.295344e+01 1.256637e-11 3.422048e+05
6.371387e+01 1.256637e-11 3.310198e+05
6.448349e+01 1.256637e-11 3.201925e+05
6.526241e+01 1.256637e-11 3.097117e+05
6.605073e+01 1.256637e-11 2.996011e+05
6.684858e+01 1.256637e-11 2.898841e+05
6.765606e+01 1.256637e-11 2.804294e+05
6.847330e+01 1.256637e-11 2.712264e+05
6.930041e+01 1.256637e-11 2.623169e+05
7.013752e+01 1.256637e-11 2.536934e+05
7.098473e+01 1.256637e-11 2.453468e+05
7.184218e+01 1.256637e-11 2.372684e+05
7.270998e+01 1.256637e-11 2.294497e+05
7.358827e+01 1.256637e-11 2.218824e+05
7.447716e+01 1.256637e-11 2.145587e+05
7.537680e+01 1.256637e-11 2.074708e+05
7.628730e+01 1.256637e-11 2.006113e+05
7.720879e+01 1.256637e-11 1.939729e+05
7.814142e+01 1.256637e-11 1.875487e+05
7.908532e+01 1.256637e-11 1.813318e+05
8.004061e+01 1.256637e-11 1.753158e+05
8.100745e+01 1.256637e-11 1.694946e+05
8.198596e+01 1.256637e-11 1.638619e+05
8.297630e+01 1.256637e-11 1.584118e+05
8.397860e+01 1.256637e-11 1.531385e+05
8.499300e+01 1.256637e-11 1.480362e+05
8.601966e+01 1.256637e-11 1.430996e+05
8.705872e+01 1.256637e-11 1.383234e+05
8.811033e+01 1.256637e-11 1.337027e+05
8.917464e+01 1.256637e-11 1.293135e+05
9.025181e+01 1.256637e-11 1.250048e+05
9.134199e+01 1.256637e-11 1.208183e+05
9.244534e+01 1.256637e-11 1.167975e+05
9.356201e+01 1.256637e-11 1.129172e+05
9.469218e+01 1.256637e-11 1.091496e+05
9.583599e+01 1.256637e-11 1.054963e+05
9.699363e+01 1.256637e-11 1.019502e+05
9.816524e+01 1.256637e-11 9.851730e+04
9.935101e+01 1.256637e-11 9.522393e+04
1.005511e+02 1.256637e-11 9.206047e+04
1.017657e+02 1.256637e-11 8.901287e+04
1.029950e+02 1.256637e-11 8.606018e+04
1.042391e+02 1.256637e-11 8.319848e+04
1.054982e+02 1.256637e-11 8.043077e+04
1.067725e+02 1.256637e-11 7.775397e+04
1.080623e+02 1.256637e-11 7.516513e+04
1.093676e+02 1.256637e-11 7.267436e+04
1.106887e+02 1.256637e-11 7.026017e+04
1.120257e+02 1.256637e-11 6.789817e+04
1.133789e+02 1.256637e-11 6.561781e+04
1.147485e+02 1.256637e-11 6.338562e+04
1.161345e+02 1.256637e-11 6.122697e+04
1.175374e+02 1.256637e-11 5.917373e+04
1.189571e+02 1.256637e-11 5.720803e+04
1.203941e+02 1.256637e-11 5.530674e+04
1.218483e+02 1.256637e-11 5.346775e+04
1.233202e+02 1.256637e-11 5.167749e+04
1.248098e+02 1.256637e-11 4.992318e+04
1.263174e+02 1.256637e-11 4.822258e+04
1.278433e+02 1.256637e-11 4.658688e+04
1.293875e+02 1.256637e-11 4.498905e+04
1.309504e+02 1.256637e-11 4.345058e+04
1.325322e+02 1.256637e-11 4.196736e+04
1.341331e+02 1.256637e-11 4.053782e+04
1.357534e+02 1.256637e-11 3.916878e+04
1.373932e+02 1.256637e-11 3.785096e+04
1.390528e+02 1.256637e-11 3.656157e+04
1.407324e+02 1.256637e-11 3.534292e+04
1.424324e+02 1.256637e-11 3.415721e+04
1.441529e+02 1.256637e-11 3.298708e+04
1.458941e+02 1.256637e-11 3.185647e+04
1.476564e+02 1.256637e-11 3.076183e+04
1.494400e+02 1.256637e-11 2.970338e+04
1.512452e+02 1.256637e-11 2.868079e+04
1.530721e+02 1.256637e-11 2.769286e+04
1.549211e+02 1.256637e-11 2.677036e+04
1.567925e+02 1.256637e-11 2.588113e+04
1.586864e+02 1.256637e-11 2.500826e+04
1.606032e+02 1.256637e-11 2.412957e+04
1.625432e+02 1.256637e-11 2.328049e+04
1.645066e+02 1.256637e-11 2.246009e+04
1.664937e+02 1.256637e-11 2.169173e+04
1.685049e+02 1.256637e-11 2.094137e+04
1.705403e+02 1.256637e-11 2.021089e+04
1.726003e+02 1.256637e-11 1.950330e+04
1.746852e+02 1.256637e-11 1.882954e+04
1.767953e+02 1.256637e-11 1.818849e+04
1.789308e+02 1.256637e-11 1.759024e+04
1.810922e+02 1.256637e-11 1.697468e+04
1.832797e+02 1.256637e-11 1.639149e+04
1.854936e+02 1.256637e-11 1.581044e+04
1.877342e+02 1.256637e-11 1.526852e+04
1.900019e+02 1.256637e-11 1.475292e+04
1.922970e+02 1.256637e-11 1.425444e+04
1.946198e+02 1.256637e-11 1.377216e+04
1.969707e+02 1.256637e-11 1.330078e+04
1.993500e+02 1.256637e-11 1.283224e+04
2.017580e+02 1.256637e-11 1.239516e+04
2.041951e+02 1.256637e-11 1.197425e+04
2.066616e+02 1.256637e-11 1.155745e+04
2.091579e+02 1.256637e-11 1.115396e+04
2.116844e+02 1.256637e-11 1.076387e+04
2.142414e+02 1.256637e-11 1.039785e+04
2.168293e+02 1.256637e-11 1.003507e+04
2.194485e+02 1.256637e-11 9.688843e+03
2.220992e+02 1.256637e-11 9.352143e+03
2.247821e+02 1.256637e-11 9.027027e+03
2.274973e+02 1.256637e-11 8.716398e+03
2.302453e+02 1.256637e-11 8.416255e+03
2.330265e+02 1.256637e-11 8.118319e+03
2.358413e+02 1.256637e-11 7.832496e+03
2.386901e+02 1.256637e-11 7.560513e+03
2.415733e+02 1.256637e-11 7.296648e+03
2.444913e+02 1.256637e-11 7.042851e+03
2.474446e+02 1.256637e-11 6.794311e+03
2.504336e+02 1.256637e-11 6.557023e+03
2.534587e+02 1.256637e-11 6.324684e+03
2.565203e+02 1.256637e-11 6.098155e+03
2.596189e+02 1.256637e-11 5.880324e+03
2.627549e+02 1.256637e-11 5.670618e+03
2.659288e+02 1.256637e-11 5.468902e+03
2.691410e+02 1.256637e-11 5.275039e+03
2.723920e+02 1.256637e-11 5.088235e+03
2.756824e+02 1.256637e-11 4.907959e+03
2.790124e+02 1.256637e-11 4.731079e+03
2.823827e+02 1.256637e-11 4.566461e+03
2.857937e+02 1.256637e-11 4.402764e+03
2.892459e+02 1.256637e-11 4.243248e+03
2.927398e+02 1.256637e-11 4.091434e+03
2.962759e+02 1.256637e-11 3.946274e+03
2.998547e+02 1.256637e-11 3.807618e+03
3.034767e+02 1.256637e-11 3.673700e+03
3.071425e+02 1.256637e-11 3.544328e+03
3.108526e+02 1.256637e-11 3.417887e+03
3.146075e+02 1.256637e-11 3.295254e+03
3.184077e+02 1.256637e-11 3.176933e+03
3.222538e+02 1.256637e-11 3.062777e+03
3.261465e+02 1.256637e-11 2.954388e+03
3.300861e+02 1.256637e-11 2.848456e+03
3.340733e+02 1.256637e-11 2.743460e+03
3.381087e+02 1.256637e-11 2.642542e+03
3.421928e+02 1.256637e-11 2.544085e+03
3.463262e+02 1.256637e-11 2.448603e+03
3.505096e+02 1.256637e-11 2.356203e+03
3.547435e+02 1.256637e-11 2.267346e+03
3.590286e+02 1.256637e-11 2.186162e+03
3.633654e+02 1.256637e-11 2.108139e+03
3.677546e+02 1.256637e-11 2.032838e+03
3.721969e+02 1.256637e-11 1.960169e+03
3.766927e+02 1.256637e-11 1.889911e+03
3.812429e+02 1.256637e-11 1.821896e+03
3.858481e+02 1.256637e-11 1.756177e+03
3.905089e+02 1.256637e-11 1.693171e+03
3.952259e+02 1.256637e-11 1.632020e+03
4.000000e+02 1.256637e-11 1.573093e+03
