1.000000e-01 2.407114e+10
1.037682e-01 2.320078e+10
1.076784e-01 2.236154e+10
1.117359e-01 2.155231e+10
1.159463e-01 2.077201e+10
1.203154e-01 2.001961e+10
1.248491e-01 1.929412e+10
1.295537e-01 1.859456e+10
1.344355e-01 1.792001e+10
1.395013e-01 1.726959e+10
1.447580e-01 1.664242e+10
1.502128e-01 1.603767e+10
1.558731e-01 1.545455e+10
1.617467e-01 1.489228e+10
1.678416e-01 1.435012e+10
1.741662e-01 1.382734e+10
1.807291e-01 1.332326e+10
1.875393e-01 1.283720e+10
1.946062e-01 1.236852e+10
2.019393e-01 1.191660e+10
2.095488e-01 1.148084e+10
2.174450e-01 1.106067e+10
2.256387e-01 1.065552e+10
2.341412e-01 1.026487e+10
2.429641e-01 9.888182e+09
2.521195e-01 9.524970e+09
2.616198e-01 9.174749e+09
2.714782e-01 8.837056e+09
2.817080e-01 8.511442e+09
2.923233e-01 8.197476e+09
3.033386e-01 7.894742e+09
3.147690e-01 7.602840e+09
3.266301e-01 7.321381e+09
3.389382e-01 7.049993e+09
3.517100e-01 6.788317e+09
3.649631e-01 6.536005e+09
3.787157e-01 6.292724e+09
3.929864e-01 6.058151e+09
4.077949e-01 5.831975e+09
4.231614e-01 5.613897e+09
4.391069e-01 5.403627e+09
4.556533e-01 5.200888e+09
4.728232e-01 5.005409e+09
4.906401e-01 4.816933e+09
5.091284e-01 4.635210e+09
5.283133e-01 4.459999e+09
5.482212e-01 4.291067e+09
5.688792e-01 4.128192e+09
5.903157e-01 3.971156e+09
6.125599e-01 3.819753e+09
6.356424e-01 3.673782e+09
6.595946e-01 3.533049e+09
6.844494e-01 3.397368e+09
7.102408e-01 3.266559e+09
7.370041e-01 3.140449e+09
7.647758e-01 3.018871e+09
7.935940e-01 2.901664e+09
8.234982e-01 2.788672e+09
8.545292e-01 2.679746e+09
8.867295e-01 2.574741e+09
9.201432e-01 2.473520e+09
9.548160e-01 2.375946e+09
9.907953e-01 2.281892e+09
1.028130e+00 2.191232e+09
1.066872e+00 2.103847e+09
1.107074e+00 2.019620e+09
1.148791e+00 1.938441e+09
1.192080e+00 1.860201e+09
1.236999e+00 1.784797e+09
1.283612e+00 1.712129e+09
1.331981e+00 1.642100e+09
1.382173e+00 1.574619e+09
1.434255e+00 1.509594e+09
1.488301e+00 1.446941e+09
1.544383e+00 1.386575e+09
1.602578e+00 1.328418e+09
1.662967e+00 1.272390e+09
1.725630e+00 1.218420e+09
1.790656e+00 1.166433e+09
1.858131e+00 1.116363e+09
1.928149e+00 1.068141e+09
2.000805e+00 1.021703e+09
2.076199e+00 9.769891e+08
2.154435e+00 9.339382e+08
2.235618e+00 8.924932e+08
2.319860e+00 8.525987e+08
2.407277e+00 8.142017e+08
2.497988e+00 7.772505e+08
2.592117e+00 7.416958e+08
2.689793e+00 7.074899e+08
2.791150e+00 6.745868e+08
2.896326e+00 6.429422e+08
3.005465e+00 6.125135e+08
3.118717e+00 5.832594e+08
3.236236e+00 5.551404e+08
3.358183e+00 5.281183e+08
3.484726e+00 5.021561e+08
3.616038e+00 4.772185e+08
3.752297e+00 4.532711e+08
3.893691e+00 4.302810e+08
4.040412e+00 4.082163e+08
4.192663e+00 3.870462e+08
4.350651e+00 3.667412e+08
4.514592e+00 3.472727e+08
4.684710e+00 3.286130e+08
4.861239e+00 3.107355e+08
5.044420e+00 2.936144e+08
5.234504e+00 2.772249e+08
5.431750e+00 2.615430e+08
5.636429e+00 2.465454e+08
5.848820e+00 2.322095e+08
6.069215e+00 2.185137e+08
6.297915e+00 2.054369e+08
6.535233e+00 1.929586e+08
6.781493e+00 1.810591e+08
7.037033e+00 1.697190e+08
7.302202e+00 1.589198e+08
7.577363e+00 1.486434e+08
7.862892e+00 1.388722e+08
8.159181e+00 1.295889e+08
8.466635e+00 1.207769e+08
8.785674e+00 1.124200e+08
9.116736e+00 1.045022e+08
9.460272e+00 9.700816e+07
9.816753e+00 8.992264e+07
1.018667e+01 8.323088e+07
1.057052e+01 7.691840e+07
1.096884e+01 7.097103e+07
1.138217e+01 6.537488e+07
1.181107e+01 6.011632e+07
1.225613e+01 5.518200e+07
1.271797e+01 5.055880e+07
1.319720e+01 4.623385e+07
1.369450e+01 4.219449e+07
1.421054e+01 3.842830e+07
1.474602e+01 3.492307e+07
1.530167e+01 3.166680e+07
1.587827e+01 2.864773e+07
1.647660e+01 2.585427e+07
1.709747e+01 2.327508e+07
1.774173e+01 2.089903e+07
1.841027e+01 1.871521e+07
1.910401e+01 1.671294e+07
1.982388e+01 1.488180e+07
2.057089e+01 1.321157e+07
2.134604e+01 1.169234e+07
2.215040e+01 1.031443e+07
2.298507e+01 9.068439e+06
2.385119e+01 7.945275e+06
2.474995e+01 6.936660e+06
2.568257e+01 6.048990e+06
2.665034e+01 5.274913e+06
2.765458e+01 4.599893e+06
2.869666e+01 4.011254e+06
2.977800e+01 3.497942e+06
3.090010e+01 3.050317e+06
3.206447e+01 2.659974e+06
3.327272e+01 2.319583e+06
3.452650e+01 2.022751e+06
3.582753e+01 1.763903e+06
3.717758e+01 1.538180e+06
3.857850e+01 1.341342e+06
4.003222e+01 1.169693e+06
4.154071e+01 1.020010e+06
4.310604e+01 8.894815e+05
4.473036e+01 7.756564e+05
4.641589e+01 6.763972e+05
4.816493e+01 5.898400e+05
4.997988e+01 5.143594e+05
5.186322e+01 4.485379e+05
5.381752e+01 3.911394e+05
5.584547e+01 3.410861e+05
5.794984e+01 2.974380e+05
6.013350e+01 2.593754e+05
6.239944e+01 2.261837e+05
6.475078e+01 1.972394e+05
6.719071e+01 1.719991e+05
6.972259e+01 1.499887e+05
7.234987e+01 1.307950e+05
7.507615e+01 1.140574e+05
7.790517e+01 9.946170e+04
8.084079e+01 8.673379e+04
8.388702e+01 7.563464e+04
8.704805e+01 6.595583e+04
9.032819e+01 5.751559e+04
9.373193e+01 5.015544e+04
9.726393e+01 4.373715e+04
1.009290e+02 3.814019e+04
1.047322e+02 3.325947e+04
1.086787e+02 2.900332e+04
1.127740e+02 2.529183e+04
1.170235e+02 2.205528e+04
1.214332e+02 1.923291e+04
1.260090e+02 1.677172e+04
1.307573e+02 1.462547e+04
1.356845e+02 1.275388e+04
1.407973e+02 1.112179e+04
1.461028e+02 9.698560e+03
1.516083e+02 8.457455e+03
1.573212e+02 7.375171e+03
1.632493e+02 6.431386e+03
1.694009e+02 5.608374e+03
1.757842e+02 4.890682e+03
1.824081e+02 4.264831e+03
1.892816e+02 3.719069e+03
1.964141e+02 3.243148e+03
2.038154e+02 2.828129e+03
2.114955e+02 2.466219e+03
2.194651e+02 2.150622e+03
2.277350e+02 1.875411e+03
2.363165e+02 1.635418e+03
2.452213e+02 1.426137e+03
2.544617e+02 1.243637e+03
2.640503e+02 1.084492e+03
2.740003e+02 9.457114e+02
2.843251e+02 8.246906e+02
2.950391e+02 7.191566e+02
3.061567e+02 6.271276e+02
3.176933e+02 5.468754e+02
3.296646e+02 4.768928e+02
3.420870e+02 4.158658e+02
3.549775e+02 3.626483e+02
3.683537e+02 3.162409e+02
3.822340e+02 2.757722e+02
3.966373e+02 2.404822e+02
4.115834e+02 2.097082e+02
4.270926e+02 1.828723e+02
4.431863e+02 1.594705e+02
4.598864e+02 1.390634e+02
4.772158e+02 1.212677e+02
4.951983e+02 1.057493e+02
5.138583e+02 9.221679e+01
5.332215e+02 8.041599e+01
5.533143e+02 7.012532e+01
5.741642e+02 6.115153e+01
5.957999e+02 5.332609e+01
6.182508e+02 4.650206e+01
6.415476e+02 4.055128e+01
6.657224e+02 3.536202e+01
6.908081e+02 3.083681e+01
7.168391e+02 2.689069e+01
7.438510e+02 2.344954e+01
7.718807e+02 2.044875e+01
8.009667e+02 1.783196e+01
8.311487e+02 1.555004e+01
8.624680e+02 1.356014e+01
8.949674e+02 1.182487e+01
9.286915e+02 1.031167e+01
9.636864e+02 8.992105e+00
1.000000e+03 7.841404e+00
