1.000000e-01 7.769141e+10
1.037682e-01 7.514480e+10
1.076784e-01 7.268104e+10
1.117359e-01 7.029743e+10
1.159463e-01 6.799137e+10
1.203154e-01 6.576033e+10
1.248491e-01 6.360186e+10
1.295537e-01 6.151361e+10
1.344355e-01 5.949329e+10
1.395013e-01 5.753868e+10
1.447580e-01 5.564765e+10
1.502128e-01 5.381813e+10
1.558731e-01 5.204811e+10
1.617467e-01 5.033566e+10
1.678416e-01 4.867890e+10
1.741662e-01 4.707602e+10
1.807291e-01 4.552526e+10
1.875393e-01 4.402494e+10
1.946062e-01 4.257339e+10
2.019393e-01 4.116905e+10
2.095488e-01 3.981037e+10
2.174450e-01 3.849586e+10
2.256387e-01 3.722409e+10
2.341412e-01 3.599366e+10
2.429641e-01 3.480323e+10
2.521195e-01 3.365150e+10
2.616198e-01 3.253720e+10
2.714782e-01 3.145913e+10
2.817080e-01 3.041609e+10
2.923233e-01 2.940695e+10
3.033386e-01 2.843061e+10
3.147690e-01 2.748600e+10
3.266301e-01 2.657208e+10
3.389382e-01 2.568785e+10
3.517100e-01 2.483236e+10
3.649631e-01 2.400466e+10
3.787157e-01 2.320385e+10
3.929864e-01 2.242905e+10
4.077949e-01 2.167943e+10
4.231614e-01 2.095415e+10
4.391069e-01 2.025243e+10
4.556533e-01 1.957350e+10
4.728232e-01 1.891661e+10
4.906401e-01 1.828106e+10
5.091284e-01 1.766615e+10
5.283133e-01 1.707121e+10
5.482212e-01 1.649558e+10
5.688792e-01 1.593864e+10
5.903157e-01 1.539978e+10
6.125599e-01 1.487841e+10
6.356424e-01 1.437397e+10
6.595946e-01 1.388591e+10
6.844494e-01 1.341368e+10
7.102408e-01 1.295679e+10
7.370041e-01 1.251472e+10
7.647758e-01 1.208700e+10
7.935940e-01 1.167316e+10
8.234982e-01 1.127276e+10
8.545292e-01 1.088534e+10
8.867295e-01 1.051051e+10
9.201432e-01 1.014783e+10
9.548160e-01 9.796930e+09
9.907953e-01 9.457417e+09
1.028130e+00 9.128923e+09
1.066872e+00 8.811091e+09
1.107074e+00 8.503577e+09
1.148791e+00 8.206045e+09
1.192080e+00 7.918174e+09
1.236999e+00 7.639650e+09
1.283612e+00 7.370170e+09
1.331981e+00 7.109444e+09
1.382173e+00 6.857187e+09
1.434255e+00 6.613127e+09
1.488301e+00 6.376998e+09
1.544383e+00 6.148546e+09
1.602578e+00 5.927523e+09
1.662967e+00 5.713690e+09
1.725630e+00 5.506814e+09
1.790656e+00 5.306674e+09
1.858131e+00 5.113052e+09
1.928149e+00 4.925740e+09
2.000805e+00 4.744535e+09
2.076199e+00 4.569242e+09
2.154435e+00 4.399671e+09
2.235618e+00 4.235641e+09
2.319860e+00 4.076974e+09
2.407277e+00 3.923499e+09
2.497988e+00 3.775052e+09
2.592117e+00 3.631474e+09
2.689793e+00 3.492609e+09
2.791150e+00 3.358309e+09
2.896326e+00 3.228430e+09
3.005465e+00 3.102832e+09
3.118717e+00 2.981381e+09
3.236236e+00 2.863947e+09
3.358183e+00 2.750404e+09
3.484726e+00 2.640631e+09
3.616038e+00 2.534510e+09
3.752297e+00 2.431929e+09
3.893691e+00 2.332777e+09
4.040412e+00 2.236949e+09
4.192663e+00 2.144342e+09
4.350651e+00 2.054859e+09
4.514592e+00 1.968403e+09
4.684710e+00 1.884882e+09
4.861239e+00 1.804208e+09
5.044420e+00 1.726294e+09
5.234504e+00 1.651058e+09
5.431750e+00 1.578419e+09
5.636429e+00 1.508299e+09
5.848820e+00 1.440625e+09
6.069215e+00 1.375323e+09
6.297915e+00 1.312324e+09
6.535233e+00 1.251560e+09
6.781493e+00 1.192967e+09
7.037033e+00 1.136480e+09
7.302202e+00 1.082040e+09
7.577363e+00 1.029587e+09
7.862892e+00 9.790649e+08
8.159181e+00 9.304180e+08
8.466635e+00 8.835932e+08
8.785674e+00 8.385391e+08
9.116736e+00 7.952056e+08
9.460272e+00 7.535446e+08
9.816753e+00 7.135091e+08
1.018667e+01 6.750537e+08
1.057052e+01 6.381344e+08
1.096884e+01 6.027085e+08
1.138217e+01 5.687343e+08
1.181107e+01 5.361715e+08
1.225613e+01 5.049808e+08
1.271797e+01 4.751238e+08
1.319720e+01 4.465634e+08
1.369450e+01 4.192631e+08
1.421054e+01 3.931873e+08
1.474602e+01 3.683012e+08
1.530167e+01 3.445708e+08
1.587827e+01 3.219627e+08
1.647660e+01 3.004442e+08
1.709747e+01 2.799830e+08
1.774173e+01 2.605475e+08
1.841027e+01 2.421065e+08
1.910401e+01 2.246293e+08
1.982388e+01 2.080856e+08
2.057089e+01 1.924453e+08
2.134604e+01 1.776787e+08
2.215040e+01 1.637566e+08
2.298507e+01 1.506498e+08
2.385119e+01 1.383295e+08
2.474995e+01 1.267671e+08
2.568257e+01 1.159342e+08
2.665034e+01 1.058025e+08
2.765458e+01 9.634429e+07
2.869666e+01 8.753163e+07
2.977800e+01 7.933702e+07
3.090010e+01 7.173314e+07
3.206447e+01 6.469291e+07
3.327272e+01 5.818951e+07
3.452650e+01 5.219640e+07
3.582753e+01 4.668736e+07
3.717758e+01 4.163653e+07
3.857850e+01 3.701840e+07
4.003222e+01 3.280790e+07
4.154071e+01 2.898045e+07
4.310604e+01 2.551193e+07
4.473036e+01 2.237881e+07
4.641589e+01 1.955817e+07
4.816493e+01 1.704191e+07
4.997988e+01 1.484593e+07
5.186322e+01 1.293291e+07
5.381752e+01 1.126641e+07
5.584547e+01 9.814644e+06
5.794984e+01 8.549951e+06
6.013350e+01 7.448224e+06
6.239944e+01 6.488462e+06
6.475078e+01 5.652374e+06
6.719071e+01 4.924021e+06
6.972259e+01 4.289523e+06
7.234987e+01 3.736785e+06
7.507615e+01 3.255271e+06
7.790517e+01 2.835804e+06
8.084079e+01 2.470389e+06
8.388702e+01 2.152060e+06
8.704805e+01 1.874750e+06
9.032819e+01 1.633174e+06
9.373193e+01 1.422727e+06
9.726393e+01 1.239398e+06
1.009290e+02 1.079692e+06
1.047322e+02 9.405651e+05
1.086787e+02 8.193660e+05
1.127740e+02 7.137843e+05
1.170235e+02 6.218077e+05
1.214332e+02 5.416830e+05
1.260090e+02 4.718829e+05
1.307573e+02 4.110771e+05
1.356845e+02 3.581067e+05
1.407973e+02 3.119618e+05
1.461028e+02 2.717631e+05
1.516083e+02 2.367444e+05
1.573212e+02 2.062380e+05
1.632493e+02 1.796626e+05
1.694009e+02 1.565117e+05
1.757842e+02 1.363440e+05
1.824081e+02 1.187750e+05
1.892816e+02 1.034699e+05
1.964141e+02 9.013702e+04
2.038154e+02 7.852216e+04
2.114955e+02 6.840397e+04
2.194651e+02 5.958959e+04
2.277350e+02 5.191101e+04
2.363165e+02 4.522188e+04
2.452213e+02 3.939469e+04
2.544617e+02 3.431838e+04
2.640503e+02 2.989619e+04
2.740003e+02 2.604383e+04
2.843251e+02 2.268788e+04
2.950391e+02 1.976437e+04
3.061567e+02 1.721758e+04
3.176933e+02 1.499896e+04
3.296646e+02 1.306623e+04
3.420870e+02 1.138254e+04
3.549775e+02 9.915815e+03
3.683537e+02 8.638086e+03
3.822340e+02 7.525001e+03
3.966373e+02 6.555347e+03
4.115834e+02 5.710639e+03
4.270926e+02 4.974779e+03
4.431863e+02 4.333740e+03
4.598864e+02 3.775304e+03
4.772158e+02 3.288827e+03
4.951983e+02 2.865036e+03
5.138583e+02 2.495854e+03
5.332215e+02 2.174244e+03
5.533143e+02 1.894076e+03
5.741642e+02 1.650009e+03
5.957999e+02 1.437393e+03
6.182508e+02 1.252174e+03
6.415476e+02 1.090821e+03
6.657224e+02 9.502606e+02
6.908081e+02 8.278122e+02
7.168391e+02 7.211422e+02
7.438510e+02 6.282174e+02
7.718807e+02 5.472667e+02
8.009667e+02 4.767472e+02
8.311487e+02 4.153146e+02
8.624680e+02 3.617981e+02
8.949674e+02 3.151776e+02
9.286915e+02 2.745645e+02
9.636864e+02 2.391848e+02
1.000000e+03 2.083640e+02
