Energy(MeV)	Elec. Stopping Power(MeV cm2 g-1)	Ionizing Dose*(MeV g-1)	Ionizing Dose*(Gy)
1.0000e-03	1.0600e+02	1.0600e+02	1.6987e-08
1.0000e-03	1.0600e+02	1.0600e+02	1.6987e-08
1.5000e-03	1.2980e+02	1.2980e+02	2.0801e-08
1.5000e-03	1.2980e+02	1.2980e+02	2.0801e-08
2.0000e-03	1.4990e+02	1.4990e+02	2.4022e-08
2.0000e-03	1.4990e+02	1.4990e+02	2.4022e-08
2.5000e-03	1.6620e+02	1.6620e+02	2.6635e-08
2.5000e-03	1.6620e+02	1.6620e+02	2.6635e-08
3.0000e-03	1.8160e+02	1.8160e+02	2.9103e-08
3.0000e-03	1.8160e+02	1.8160e+02	2.9103e-08
3.5000e-03	1.9580e+02	1.9580e+02	3.1378e-08
3.5000e-03	1.9580e+02	1.9580e+02	3.1378e-08
4.0000e-03	2.0880e+02	2.0880e+02	3.3462e-08
4.0000e-03	2.0880e+02	2.0880e+02	3.3462e-08
4.5000e-03	2.2060e+02	2.2060e+02	3.5353e-08
4.5000e-03	2.2060e+02	2.2060e+02	3.5353e-08
5.0000e-03	2.3140e+02	2.3140e+02	3.7083e-08
5.0000e-03	2.3140e+02	2.3140e+02	3.7083e-08
5.5000e-03	2.4120e+02	2.4120e+02	3.8654e-08
5.5000e-03	2.4120e+02	2.4120e+02	3.8654e-08
6.0000e-03	2.5030e+02	2.5030e+02	4.0112e-08
6.0000e-03	2.5030e+02	2.5030e+02	4.0112e-08
6.5000e-03	2.5890e+02	2.5890e+02	4.1490e-08
6.5000e-03	2.5890e+02	2.5890e+02	4.1490e-08
7.0000e-03	2.6710e+02	2.6710e+02	4.2804e-08
7.0000e-03	2.6710e+02	2.6710e+02	4.2804e-08
7.5000e-03	2.7510e+02	2.7510e+02	4.4087e-08
7.5000e-03	2.7510e+02	2.7510e+02	4.4087e-08
8.0000e-03	2.8290e+02	2.8290e+02	4.5337e-08
8.0000e-03	2.8290e+02	2.8290e+02	4.5337e-08
8.5000e-03	2.9050e+02	2.9050e+02	4.6554e-08
8.5000e-03	2.9050e+02	2.9050e+02	4.6554e-08
9.0000e-03	2.9810e+02	2.9810e+02	4.7772e-08
9.0000e-03	2.9810e+02	2.9810e+02	4.7772e-08
9.5000e-03	3.0560e+02	3.0560e+02	4.8974e-08
9.5000e-03	3.0560e+02	3.0560e+02	4.8974e-08
1.0000e-02	3.1310e+02	3.1310e+02	5.0176e-08
1.0000e-02	3.1310e+02	3.1310e+02	5.0176e-08
1.5000e-02	3.8130e+02	3.8130e+02	6.1106e-08
1.5000e-02	3.8130e+02	3.8130e+02	6.1106e-08
2.0000e-02	4.3460e+02	4.3460e+02	6.9647e-08
2.0000e-02	4.3460e+02	4.3460e+02	6.9647e-08
2.5000e-02	4.7320e+02	4.7320e+02	7.5833e-08
2.5000e-02	4.7320e+02	4.7320e+02	7.5833e-08
3.0000e-02	4.9990e+02	4.9990e+02	8.0112e-08
3.0000e-02	4.9990e+02	4.9990e+02	8.0112e-08
3.5000e-02	5.1770e+02	5.1770e+02	8.2965e-08
3.5000e-02	5.1770e+02	5.1770e+02	8.2965e-08
4.0000e-02	5.2890e+02	5.2890e+02	8.4760e-08
4.0000e-02	5.2890e+02	5.2890e+02	8.4760e-08
4.5000e-02	5.3520e+02	5.3520e+02	8.5769e-08
4.5000e-02	5.3520e+02	5.3520e+02	8.5769e-08
5.0000e-02	5.3800e+02	5.3800e+02	8.6218e-08
5.0000e-02	5.3800e+02	5.3800e+02	8.6218e-08
5.5000e-02	5.3820e+02	5.3820e+02	8.6250e-08
5.5000e-02	5.3820e+02	5.3820e+02	8.6250e-08
6.0000e-02	5.3650e+02	5.3650e+02	8.5978e-08
6.0000e-02	5.3650e+02	5.3650e+02	8.5978e-08
6.5000e-02	5.3340e+02	5.3340e+02	8.5481e-08
6.5000e-02	5.3340e+02	5.3340e+02	8.5481e-08
7.0000e-02	5.2930e+02	5.2930e+02	8.4824e-08
7.0000e-02	5.2930e+02	5.2930e+02	8.4824e-08
7.5000e-02	5.2450e+02	5.2450e+02	8.4054e-08
7.5000e-02	5.2450e+02	5.2450e+02	8.4054e-08
8.0000e-02	5.1920e+02	5.1920e+02	8.3205e-08
8.0000e-02	5.1920e+02	5.1920e+02	8.3205e-08
8.5000e-02	5.1360e+02	5.1360e+02	8.2308e-08
8.5000e-02	5.1360e+02	5.1360e+02	8.2308e-08
9.0000e-02	5.0770e+02	5.0770e+02	8.1362e-08
9.0000e-02	5.0770e+02	5.0770e+02	8.1362e-08
9.5000e-02	5.0170e+02	5.0170e+02	8.0401e-08
9.5000e-02	5.0170e+02	5.0170e+02	8.0401e-08
1.0000e-01	4.9570e+02	4.9570e+02	7.9439e-08
1.0000e-01	4.9570e+02	4.9570e+02	7.9439e-08
1.0380e-01	4.9110e+02	4.9110e+02	7.8702e-08
1.0770e-01	4.8640e+02	4.8640e+02	7.7949e-08
1.1170e-01	4.8150e+02	4.8150e+02	7.7163e-08
1.1600e-01	4.7650e+02	4.7650e+02	7.6362e-08
1.2030e-01	4.7140e+02	4.7140e+02	7.5545e-08
1.2480e-01	4.6610e+02	4.6610e+02	7.4696e-08
1.2960e-01	4.6080e+02	4.6080e+02	7.3846e-08
1.3440e-01	4.5530e+02	4.5530e+02	7.2965e-08
1.3950e-01	4.4980e+02	4.4980e+02	7.2083e-08
1.4480e-01	4.4410e+02	4.4410e+02	7.1170e-08
1.5000e-01	4.3870e+02	4.3870e+02	7.0304e-08
1.5020e-01	4.3840e+02	4.3840e+02	7.0256e-08
1.5590e-01	4.3270e+02	4.3270e+02	6.9343e-08
1.6180e-01	4.2690e+02	4.2690e+02	6.8413e-08
1.6780e-01	4.2110e+02	4.2110e+02	6.7484e-08
1.7420e-01	4.1520e+02	4.1520e+02	6.6538e-08
1.8070e-01	4.0930e+02	4.0930e+02	6.5593e-08
1.8750e-01	4.0340e+02	4.0340e+02	6.4647e-08
1.9460e-01	3.9740e+02	3.9740e+02	6.3686e-08
2.0000e-01	3.9300e+02	3.9300e+02	6.2981e-08
2.0190e-01	3.9150e+02	3.9150e+02	6.2740e-08
2.0960e-01	3.8550e+02	3.8550e+02	6.1779e-08
2.1740e-01	3.7960e+02	3.7960e+02	6.0833e-08
2.2560e-01	3.7360e+02	3.7360e+02	5.9872e-08
2.3410e-01	3.6770e+02	3.6770e+02	5.8926e-08
2.4300e-01	3.6180e+02	3.6180e+02	5.7981e-08
2.5000e-01	3.5730e+02	3.5730e+02	5.7260e-08
2.5210e-01	3.5600e+02	3.5600e+02	5.7051e-08
2.6160e-01	3.5010e+02	3.5010e+02	5.6106e-08
2.7150e-01	3.4430e+02	3.4430e+02	5.5176e-08
2.8170e-01	3.3850e+02	3.3850e+02	5.4247e-08
2.9230e-01	3.3280e+02	3.3280e+02	5.3333e-08
3.0000e-01	3.2880e+02	3.2880e+02	5.2692e-08
3.0330e-01	3.2710e+02	3.2710e+02	5.2420e-08
3.1480e-01	3.2140e+02	3.2140e+02	5.1506e-08
3.2660e-01	3.1580e+02	3.1580e+02	5.0609e-08
3.3890e-01	3.1030e+02	3.1030e+02	4.9728e-08
3.5000e-01	3.0550e+02	3.0550e+02	4.8958e-08
3.5170e-01	3.0480e+02	3.0480e+02	4.8846e-08
3.6500e-01	2.9930e+02	2.9930e+02	4.7965e-08
3.7870e-01	2.9390e+02	2.9390e+02	4.7099e-08
3.9300e-01	2.8860e+02	2.8860e+02	4.6250e-08
4.0000e-01	2.8610e+02	2.8610e+02	4.5849e-08
4.0780e-01	2.8330e+02	2.8330e+02	4.5401e-08
4.2320e-01	2.7810e+02	2.7810e+02	4.4567e-08
4.3910e-01	2.7300e+02	2.7300e+02	4.3750e-08
4.5000e-01	2.6960e+02	2.6960e+02	4.3205e-08
4.5560e-01	2.6790e+02	2.6790e+02	4.2933e-08
4.7280e-01	2.6280e+02	2.6280e+02	4.2115e-08
4.9060e-01	2.5790e+02	2.5790e+02	4.1330e-08
5.0000e-01	2.5540e+02	2.5540e+02	4.0929e-08
5.0910e-01	2.5300e+02	2.5300e+02	4.0545e-08
5.2830e-01	2.4820e+02	2.4820e+02	3.9776e-08
5.4820e-01	2.4340e+02	2.4340e+02	3.9006e-08
5.5000e-01	2.4300e+02	2.4300e+02	3.8942e-08
5.6890e-01	2.3870e+02	2.3870e+02	3.8253e-08
5.9030e-01	2.3410e+02	2.3410e+02	3.7516e-08
6.0000e-01	2.3210e+02	2.3210e+02	3.7196e-08
6.1260e-01	2.2950e+02	2.2950e+02	3.6779e-08
6.3560e-01	2.2500e+02	2.2500e+02	3.6058e-08
6.5000e-01	2.2240e+02	2.2240e+02	3.5641e-08
6.5960e-01	2.2060e+02	2.2060e+02	3.5353e-08
6.8450e-01	2.1630e+02	2.1630e+02	3.4663e-08
7.0000e-01	2.1370e+02	2.1370e+02	3.4247e-08
7.1020e-01	2.1200e+02	2.1200e+02	3.3974e-08
7.3700e-01	2.0780e+02	2.0780e+02	3.3301e-08
7.5000e-01	2.0580e+02	2.0580e+02	3.2981e-08
7.6480e-01	2.0360e+02	2.0360e+02	3.2628e-08
7.9360e-01	1.9950e+02	1.9950e+02	3.1971e-08
8.0000e-01	1.9860e+02	1.9860e+02	3.1827e-08
8.2350e-01	1.9550e+02	1.9550e+02	3.1330e-08
8.5000e-01	1.9210e+02	1.9210e+02	3.0785e-08
8.5450e-01	1.9160e+02	1.9160e+02	3.0705e-08
8.8670e-01	1.8770e+02	1.8770e+02	3.0080e-08
9.0000e-01	1.8610e+02	1.8610e+02	2.9824e-08
9.2010e-01	1.8390e+02	1.8390e+02	2.9471e-08
9.5000e-01	1.8060e+02	1.8060e+02	2.8942e-08
9.5480e-01	1.8010e+02	1.8010e+02	2.8862e-08
9.9080e-01	1.7640e+02	1.7640e+02	2.8269e-08
1.0000e+00	1.7550e+02	1.7550e+02	2.8125e-08
1.0280e+00	1.7290e+02	1.7290e+02	2.7708e-08
1.0670e+00	1.6930e+02	1.6930e+02	2.7131e-08
1.1070e+00	1.6560e+02	1.6560e+02	2.6538e-08
1.1490e+00	1.6180e+02	1.6180e+02	2.5929e-08
1.1920e+00	1.5780e+02	1.5780e+02	2.5288e-08
1.2370e+00	1.5400e+02	1.5400e+02	2.4679e-08
1.2840e+00	1.5040e+02	1.5040e+02	2.4103e-08
1.3320e+00	1.4690e+02	1.4690e+02	2.3542e-08
1.3820e+00	1.4350e+02	1.4350e+02	2.2997e-08
1.4340e+00	1.4010e+02	1.4010e+02	2.2452e-08
1.4880e+00	1.3680e+02	1.3680e+02	2.1923e-08
1.5000e+00	1.3610e+02	1.3610e+02	2.1811e-08
1.5440e+00	1.3350e+02	1.3350e+02	2.1394e-08
1.6030e+00	1.3030e+02	1.3030e+02	2.0881e-08
1.6630e+00	1.2720e+02	1.2720e+02	2.0385e-08
1.7260e+00	1.2410e+02	1.2410e+02	1.9888e-08
1.7910e+00	1.2110e+02	1.2110e+02	1.9407e-08
1.8580e+00	1.1810e+02	1.1810e+02	1.8926e-08
1.9280e+00	1.1520e+02	1.1520e+02	1.8462e-08
2.0000e+00	1.1240e+02	1.1240e+02	1.8013e-08
2.0010e+00	1.1240e+02	1.1240e+02	1.8013e-08
2.0760e+00	1.0960e+02	1.0960e+02	1.7564e-08
2.1540e+00	1.0690e+02	1.0690e+02	1.7131e-08
2.2360e+00	1.0420e+02	1.0420e+02	1.6699e-08
2.3200e+00	1.0160e+02	1.0160e+02	1.6282e-08
2.4070e+00	9.9000e+01	9.9000e+01	1.5865e-08
2.4980e+00	9.6490e+01	9.6490e+01	1.5463e-08
2.5000e+00	9.6440e+01	9.6440e+01	1.5455e-08
2.5920e+00	9.4040e+01	9.4040e+01	1.5071e-08
2.6900e+00	9.1640e+01	9.1640e+01	1.4686e-08
2.7910e+00	8.9290e+01	8.9290e+01	1.4309e-08
2.8960e+00	8.7000e+01	8.7000e+01	1.3942e-08
3.0000e+00	8.4860e+01	8.4860e+01	1.3599e-08
3.0060e+00	8.4760e+01	8.4760e+01	1.3583e-08
3.1190e+00	8.2560e+01	8.2560e+01	1.3231e-08
3.2360e+00	8.0420e+01	8.0420e+01	1.2888e-08
3.3580e+00	7.8320e+01	7.8320e+01	1.2551e-08
3.4850e+00	7.6280e+01	7.6280e+01	1.2224e-08
3.5000e+00	7.6040e+01	7.6040e+01	1.2186e-08
3.6160e+00	7.4280e+01	7.4280e+01	1.1904e-08
3.7520e+00	7.2330e+01	7.2330e+01	1.1591e-08
3.8940e+00	7.0420e+01	7.0420e+01	1.1285e-08
4.0000e+00	6.9060e+01	6.9060e+01	1.1067e-08
4.0400e+00	6.8560e+01	6.8560e+01	1.0987e-08
4.1930e+00	6.6740e+01	6.6740e+01	1.0696e-08
4.3510e+00	6.4960e+01	6.4960e+01	1.0410e-08
4.5000e+00	6.3380e+01	6.3380e+01	1.0157e-08
4.5150e+00	6.3230e+01	6.3230e+01	1.0133e-08
4.6850e+00	6.1540e+01	6.1540e+01	9.8622e-09
4.8610e+00	5.9890e+01	5.9890e+01	9.5978e-09
5.0000e+00	5.8660e+01	5.8660e+01	9.4006e-09
5.0440e+00	5.8280e+01	5.8280e+01	9.3397e-09
5.2350e+00	5.6710e+01	5.6710e+01	9.0881e-09
5.4320e+00	5.5170e+01	5.5170e+01	8.8413e-09
5.5000e+00	5.4660e+01	5.4660e+01	8.7596e-09
5.6360e+00	5.3680e+01	5.3680e+01	8.6026e-09
5.8490e+00	5.2220e+01	5.2220e+01	8.3686e-09
6.0000e+00	5.1240e+01	5.1240e+01	8.2115e-09
6.0690e+00	5.0800e+01	5.0800e+01	8.1410e-09
6.2980e+00	4.9410e+01	4.9410e+01	7.9183e-09
6.5000e+00	4.8260e+01	4.8260e+01	7.7340e-09
6.5350e+00	4.8060e+01	4.8060e+01	7.7019e-09
6.7820e+00	4.6740e+01	4.6740e+01	7.4904e-09
7.0000e+00	4.5640e+01	4.5640e+01	7.3141e-09
7.0370e+00	4.5460e+01	4.5460e+01	7.2853e-09
7.3020e+00	4.4210e+01	4.4210e+01	7.0849e-09
7.5000e+00	4.3320e+01	4.3320e+01	6.9423e-09
7.5770e+00	4.2990e+01	4.2990e+01	6.8894e-09
7.8630e+00	4.1800e+01	4.1800e+01	6.6987e-09
8.0000e+00	4.1250e+01	4.1250e+01	6.6106e-09
8.1590e+00	4.0640e+01	4.0640e+01	6.5128e-09
8.4670e+00	3.9510e+01	3.9510e+01	6.3317e-09
8.5000e+00	3.9400e+01	3.9400e+01	6.3141e-09
8.7860e+00	3.8420e+01	3.8420e+01	6.1571e-09
9.0000e+00	3.7710e+01	3.7710e+01	6.0433e-09
9.1170e+00	3.7350e+01	3.7350e+01	5.9856e-09
9.4600e+00	3.6300e+01	3.6300e+01	5.8173e-09
9.5000e+00	3.6190e+01	3.6190e+01	5.7997e-09
9.8170e+00	3.5290e+01	3.5290e+01	5.6554e-09
1.0000e+01	3.4790e+01	3.4790e+01	5.5753e-09
1.0190e+01	3.4300e+01	3.4300e+01	5.4968e-09
1.0570e+01	3.3340e+01	3.3340e+01	5.3429e-09
1.0970e+01	3.2400e+01	3.2400e+01	5.1923e-09
1.1380e+01	3.1490e+01	3.1490e+01	5.0465e-09
1.1810e+01	3.0600e+01	3.0600e+01	4.9038e-09
1.2260e+01	2.9740e+01	2.9740e+01	4.7660e-09
1.2720e+01	2.8900e+01	2.8900e+01	4.6314e-09
1.3200e+01	2.8080e+01	2.8080e+01	4.5000e-09
1.3690e+01	2.7290e+01	2.7290e+01	4.3734e-09
1.4210e+01	2.6510e+01	2.6510e+01	4.2484e-09
1.4750e+01	2.5760e+01	2.5760e+01	4.1282e-09
1.5000e+01	2.5420e+01	2.5420e+01	4.0737e-09
1.5300e+01	2.5030e+01	2.5030e+01	4.0112e-09
1.5880e+01	2.4310e+01	2.4310e+01	3.8958e-09
1.6480e+01	2.3620e+01	2.3620e+01	3.7853e-09
1.7100e+01	2.2950e+01	2.2950e+01	3.6779e-09
1.7740e+01	2.2290e+01	2.2290e+01	3.5721e-09
1.8410e+01	2.1660e+01	2.1660e+01	3.4712e-09
1.9100e+01	2.1040e+01	2.1040e+01	3.3718e-09
1.9820e+01	2.0440e+01	2.0440e+01	3.2756e-09
2.0000e+01	2.0290e+01	2.0290e+01	3.2516e-09
2.0570e+01	1.9850e+01	1.9850e+01	3.1811e-09
2.1350e+01	1.9280e+01	1.9280e+01	3.0897e-09
2.2150e+01	1.8730e+01	1.8730e+01	3.0016e-09
2.2990e+01	1.8190e+01	1.8190e+01	2.9151e-09
2.3850e+01	1.7670e+01	1.7670e+01	2.8317e-09
2.4750e+01	1.7170e+01	1.7170e+01	2.7516e-09
2.5000e+01	1.7030e+01	1.7030e+01	2.7292e-09
2.5680e+01	1.6670e+01	1.6670e+01	2.6715e-09
2.6650e+01	1.6200e+01	1.6200e+01	2.5962e-09
2.7660e+01	1.5730e+01	1.5730e+01	2.5208e-09
2.8700e+01	1.5280e+01	1.5280e+01	2.4487e-09
2.9780e+01	1.4840e+01	1.4840e+01	2.3782e-09
3.0000e+01	1.4760e+01	1.4760e+01	2.3654e-09
3.0900e+01	1.4420e+01	1.4420e+01	2.3109e-09
3.2060e+01	1.4000e+01	1.4000e+01	2.2436e-09
3.3270e+01	1.3600e+01	1.3600e+01	2.1795e-09
3.4530e+01	1.3210e+01	1.3210e+01	2.1170e-09
3.5000e+01	1.3070e+01	1.3070e+01	2.0946e-09
3.5830e+01	1.2830e+01	1.2830e+01	2.0561e-09
3.7180e+01	1.2470e+01	1.2470e+01	1.9984e-09
3.8580e+01	1.2110e+01	1.2110e+01	1.9407e-09
4.0000e+01	1.1770e+01	1.1770e+01	1.8862e-09
4.0030e+01	1.1770e+01	1.1770e+01	1.8862e-09
4.1540e+01	1.1430e+01	1.1430e+01	1.8317e-09
4.3110e+01	1.1110e+01	1.1110e+01	1.7804e-09
4.4730e+01	1.0790e+01	1.0790e+01	1.7292e-09
4.5000e+01	1.0740e+01	1.0740e+01	1.7212e-09
4.6420e+01	1.0480e+01	1.0480e+01	1.6795e-09
4.8170e+01	1.0190e+01	1.0190e+01	1.6330e-09
4.9980e+01	9.8980e+00	9.8980e+00	1.5862e-09
5.0000e+01	9.8950e+00	9.8950e+00	1.5857e-09
5.1860e+01	9.6180e+00	9.6180e+00	1.5413e-09
5.3820e+01	9.3470e+00	9.3470e+00	1.4979e-09
5.5000e+01	9.1910e+00	9.1910e+00	1.4729e-09
5.5850e+01	9.0840e+00	9.0840e+00	1.4558e-09
5.7950e+01	8.8280e+00	8.8280e+00	1.4147e-09
6.0000e+01	8.5960e+00	8.5960e+00	1.3776e-09
6.0130e+01	8.5810e+00	8.5810e+00	1.3752e-09
6.2400e+01	8.3410e+00	8.3410e+00	1.3367e-09
6.4750e+01	8.1080e+00	8.1080e+00	1.2994e-09
6.5000e+01	8.0850e+00	8.0850e+00	1.2957e-09
6.7190e+01	7.8830e+00	7.8830e+00	1.2633e-09
6.9720e+01	7.6640e+00	7.6640e+00	1.2282e-09
7.0000e+01	7.6410e+00	7.6410e+00	1.2245e-09
7.2350e+01	7.4520e+00	7.4520e+00	1.1942e-09
7.5000e+01	7.2530e+00	7.2530e+00	1.1623e-09
7.5080e+01	7.2470e+00	7.2470e+00	1.1614e-09
7.7910e+01	7.0480e+00	7.0480e+00	1.1295e-09
8.0000e+01	6.9090e+00	6.9090e+00	1.1072e-09
8.0840e+01	6.8550e+00	6.8550e+00	1.0986e-09
8.3890e+01	6.6680e+00	6.6680e+00	1.0686e-09
8.5000e+01	6.6030e+00	6.6030e+00	1.0582e-09
8.7050e+01	6.4870e+00	6.4870e+00	1.0396e-09
9.0000e+01	6.3280e+00	6.3280e+00	1.0141e-09
9.0330e+01	6.3110e+00	6.3110e+00	1.0114e-09
9.3730e+01	6.1410e+00	6.1410e+00	9.8413e-10
9.5000e+01	6.0810e+00	6.0810e+00	9.7452e-10
9.7260e+01	5.9770e+00	5.9770e+00	9.5785e-10
1.0000e+02	5.8570e+00	5.8570e+00	9.3862e-10
1.0090e+02	5.8170e+00	5.8170e+00	9.3221e-10
1.0470e+02	5.6630e+00	5.6630e+00	9.0753e-10
1.0870e+02	5.5130e+00	5.5130e+00	8.8349e-10
1.1280e+02	5.3680e+00	5.3680e+00	8.6026e-10
1.1700e+02	5.2280e+00	5.2280e+00	8.3782e-10
1.2140e+02	5.0920e+00	5.0920e+00	8.1603e-10
1.2600e+02	4.9610e+00	4.9610e+00	7.9503e-10
1.3080e+02	4.8330e+00	4.8330e+00	7.7452e-10
1.3570e+02	4.7100e+00	4.7100e+00	7.5481e-10
1.4080e+02	4.5910e+00	4.5910e+00	7.3574e-10
1.4610e+02	4.4760e+00	4.4760e+00	7.1731e-10
1.5000e+02	4.3960e+00	4.3960e+00	7.0449e-10
1.5160e+02	4.3640e+00	4.3640e+00	6.9936e-10
1.5730e+02	4.2560e+00	4.2560e+00	6.8205e-10
1.6330e+02	4.1520e+00	4.1520e+00	6.6538e-10
1.6940e+02	4.0510e+00	4.0510e+00	6.4920e-10
1.7580e+02	3.9530e+00	3.9530e+00	6.3349e-10
1.8240e+02	3.8590e+00	3.8590e+00	6.1843e-10
1.8930e+02	3.7680e+00	3.7680e+00	6.0385e-10
1.9640e+02	3.6790e+00	3.6790e+00	5.8958e-10
2.0000e+02	3.6370e+00	3.6370e+00	5.8285e-10
2.0380e+02	3.5940e+00	3.5940e+00	5.7596e-10
2.1150e+02	3.5120e+00	3.5120e+00	5.6282e-10
2.1950e+02	3.4320e+00	3.4320e+00	5.5000e-10
2.2770e+02	3.3550e+00	3.3550e+00	5.3766e-10
2.3630e+02	3.2810e+00	3.2810e+00	5.2580e-10
2.4520e+02	3.2090e+00	3.2090e+00	5.1426e-10
2.5000e+02	3.1730e+00	3.1730e+00	5.0849e-10
2.5450e+02	3.1400e+00	3.1400e+00	5.0321e-10
2.6410e+02	3.0730e+00	3.0730e+00	4.9247e-10
2.7400e+02	3.0090e+00	3.0090e+00	4.8221e-10
2.8430e+02	2.9460e+00	2.9460e+00	4.7212e-10
2.9500e+02	2.8860e+00	2.8860e+00	4.6250e-10
3.0000e+02	2.8600e+00	2.8600e+00	4.5833e-10
3.0620e+02	2.8280e+00	2.8280e+00	4.5321e-10
3.1770e+02	2.7730e+00	2.7730e+00	4.4439e-10
3.2970e+02	2.7190e+00	2.7190e+00	4.3574e-10
3.4210e+02	2.6670e+00	2.6670e+00	4.2740e-10
3.5000e+02	2.6360e+00	2.6360e+00	4.2244e-10
3.5500e+02	2.6170e+00	2.6170e+00	4.1939e-10
3.6840e+02	2.5690e+00	2.5690e+00	4.1170e-10
3.8220e+02	2.5220e+00	2.5220e+00	4.0417e-10
3.9660e+02	2.4780e+00	2.4780e+00	3.9712e-10
4.0000e+02	2.4680e+00	2.4680e+00	3.9551e-10
4.1160e+02	2.4350e+00	2.4350e+00	3.9022e-10
4.2710e+02	2.3940e+00	2.3940e+00	3.8365e-10
4.4320e+02	2.3540e+00	2.3540e+00	3.7724e-10
4.5000e+02	2.3380e+00	2.3380e+00	3.7468e-10
4.5990e+02	2.3160e+00	2.3160e+00	3.7115e-10
4.7720e+02	2.2790e+00	2.2790e+00	3.6522e-10
4.9520e+02	2.2440e+00	2.2440e+00	3.5962e-10
5.0000e+02	2.2350e+00	2.2350e+00	3.5817e-10
5.1390e+02	2.2100e+00	2.2100e+00	3.5417e-10
5.3320e+02	2.1780e+00	2.1780e+00	3.4904e-10
5.5000e+02	2.1520e+00	2.1520e+00	3.4487e-10
5.5330e+02	2.1470e+00	2.1470e+00	3.4407e-10
5.7420e+02	2.1170e+00	2.1170e+00	3.3926e-10
5.9580e+02	2.0890e+00	2.0890e+00	3.3478e-10
6.0000e+02	2.0840e+00	2.0840e+00	3.3397e-10
6.1830e+02	2.0620e+00	2.0620e+00	3.3045e-10
6.4160e+02	2.0360e+00	2.0360e+00	3.2628e-10
6.5000e+02	2.0270e+00	2.0270e+00	3.2484e-10
6.6570e+02	2.0110e+00	2.0110e+00	3.2228e-10
6.9080e+02	1.9870e+00	1.9870e+00	3.1843e-10
7.0000e+02	1.9790e+00	1.9790e+00	3.1715e-10
7.1680e+02	1.9650e+00	1.9650e+00	3.1490e-10
7.4390e+02	1.9430e+00	1.9430e+00	3.1138e-10
7.5000e+02	1.9380e+00	1.9380e+00	3.1058e-10
7.7190e+02	1.9230e+00	1.9230e+00	3.0817e-10
8.0000e+02	1.9040e+00	1.9040e+00	3.0513e-10
8.0100e+02	1.9030e+00	1.9030e+00	3.0497e-10
8.3120e+02	1.8840e+00	1.8840e+00	3.0192e-10
8.5000e+02	1.8740e+00	1.8740e+00	3.0032e-10
8.6250e+02	1.8670e+00	1.8670e+00	2.9920e-10
8.9500e+02	1.8500e+00	1.8500e+00	2.9647e-10
9.0000e+02	1.8480e+00	1.8480e+00	2.9615e-10
9.2870e+02	1.8340e+00	1.8340e+00	2.9391e-10
9.5000e+02	1.8250e+00	1.8250e+00	2.9247e-10
9.6370e+02	1.8190e+00	1.8190e+00	2.9151e-10
1.0000e+03	1.8050e+00	1.8050e+00	2.8926e-10
1.0000e+03	1.8050e+00	1.8050e+00	2.8926e-10