Energy_MeV Fluence_res_p_cm2_MeV
1.000000e-03 1.130800e+07
1.500000e-03 1.131200e+07
2.000000e-03 1.131400e+07
2.500000e-03 1.131600e+07
3.000000e-03 1.131700e+07
3.500000e-03 1.131900e+07
4.000000e-03 1.132000e+07
4.500000e-03 1.132100e+07
5.000000e-03 1.132200e+07
5.500000e-03 1.132200e+07
6.000000e-03 1.132300e+07
6.500000e-03 1.132400e+07
7.000000e-03 1.132400e+07
7.500000e-03 1.132500e+07
8.000000e-03 1.132500e+07
8.500000e-03 1.132600e+07
9.000000e-03 1.132600e+07
9.500000e-03 1.132700e+07
1.000000e-02 1.132800e+07
1.500000e-02 1.133900e+07
2.000000e-02 1.134600e+07
2.500000e-02 1.135200e+07
3.000000e-02 1.136100e+07
3.500000e-02 1.136900e+07
4.000000e-02 1.137600e+07
4.500000e-02 1.138400e+07
5.000000e-02 1.139200e+07
5.500000e-02 1.140000e+07
6.000000e-02 1.140800e+07
6.500000e-02 1.141600e+07
7.000000e-02 1.142400e+07
7.500000e-02 1.143200e+07
8.000000e-02 1.143900e+07
8.500000e-02 1.144800e+07
9.000000e-02 1.145600e+07
9.500000e-02 1.146300e+07
1.000000e-01 1.147200e+07
1.037700e-01 1.147800e+07
1.076800e-01 1.148400e+07
1.117400e-01 1.149000e+07
1.159500e-01 1.149700e+07
1.203200e-01 1.150400e+07
1.248500e-01 1.151100e+07
1.295500e-01 1.151900e+07
1.344400e-01 1.152700e+07
1.395000e-01 1.153500e+07
1.447600e-01 1.154300e+07
1.502100e-01 1.155200e+07
1.558700e-01 1.156100e+07
1.617500e-01 1.157000e+07
1.678400e-01 1.158000e+07
1.741700e-01 1.159000e+07
1.807300e-01 1.160000e+07
1.875400e-01 1.161100e+07
1.946100e-01 1.162300e+07
2.019400e-01 1.163400e+07
2.095500e-01 1.164700e+07
2.174400e-01 1.165900e+07
2.256400e-01 1.167200e+07
2.341400e-01 1.168600e+07
2.429600e-01 1.170000e+07
2.521200e-01 1.171500e+07
2.616200e-01 1.173000e+07
2.714800e-01 1.174600e+07
2.817100e-01 1.176200e+07
2.923200e-01 1.177000e+07
3.033400e-01 1.176800e+07
3.147700e-01 1.177900e+07
3.266300e-01 1.179500e+07
3.389400e-01 1.181400e+07
3.517100e-01 1.183500e+07
3.649600e-01 1.185600e+07
3.787200e-01 1.187800e+07
3.929900e-01 1.190100e+07
4.077900e-01 1.192500e+07
4.231600e-01 1.194900e+07
4.391100e-01 1.197500e+07
4.556500e-01 1.200200e+07
4.728200e-01 1.202900e+07
4.906400e-01 1.205800e+07
5.091300e-01 1.208700e+07
5.283100e-01 1.211600e+07
5.482200e-01 1.214700e+07
5.688800e-01 1.217900e+07
5.903200e-01 1.221400e+07
6.125600e-01 1.225000e+07
6.356400e-01 1.228700e+07
6.595900e-01 1.232500e+07
6.844500e-01 1.236500e+07
7.102400e-01 1.240600e+07
7.370000e-01 1.244900e+07
7.647800e-01 1.249400e+07
7.935900e-01 1.254000e+07
8.235000e-01 1.258800e+07
8.545300e-01 1.263800e+07
8.867300e-01 1.269000e+07
9.201400e-01 1.274100e+07
9.548200e-01 1.279000e+07
9.908000e-01 1.284100e+07
1.028100e+00 1.290100e+07
1.066900e+00 1.296300e+07
1.107100e+00 1.302300e+07
1.148800e+00 1.306100e+07
1.192100e+00 1.313000e+07
1.237000e+00 1.320200e+07
1.283600e+00 1.327700e+07
1.332000e+00 1.335400e+07
1.382200e+00 1.343400e+07
1.434300e+00 1.351700e+07
1.488300e+00 1.360300e+07
1.544400e+00 1.367900e+07
1.602600e+00 1.376600e+07
1.663000e+00 1.386100e+07
1.725600e+00 1.396100e+07
1.790700e+00 1.406300e+07
1.858100e+00 1.417000e+07
1.928100e+00 1.426600e+07
2.000800e+00 1.438000e+07
2.076200e+00 1.449800e+07
2.154400e+00 1.462000e+07
2.235600e+00 1.474600e+07
2.319900e+00 1.487700e+07
2.407300e+00 1.501100e+07
2.498000e+00 1.514900e+07
2.592100e+00 1.529200e+07
2.689800e+00 1.539700e+07
2.791200e+00 1.555000e+07
2.896300e+00 1.570800e+07
3.005500e+00 1.587100e+07
3.118700e+00 1.603900e+07
3.236200e+00 1.621200e+07
3.358200e+00 1.637800e+07
3.484700e+00 1.656000e+07
3.616000e+00 1.674800e+07
3.752300e+00 1.694100e+07
3.893700e+00 1.713800e+07
4.040400e+00 1.730200e+07
4.192700e+00 1.749800e+07
4.350700e+00 1.771000e+07
4.514600e+00 1.792700e+07
4.684700e+00 1.814300e+07
4.861200e+00 1.836800e+07
5.044400e+00 1.857500e+07
5.234500e+00 1.880900e+07
5.431800e+00 1.902000e+07
5.636400e+00 1.926000e+07
5.848800e+00 1.950200e+07
6.069200e+00 1.974400e+07
6.297900e+00 1.998900e+07
6.535200e+00 2.022500e+07
6.781500e+00 2.047200e+07
7.037000e+00 2.070400e+07
7.302200e+00 2.093500e+07
7.577400e+00 2.117600e+07
7.862900e+00 2.138800e+07
8.159200e+00 2.162000e+07
8.466600e+00 2.184600e+07
8.785700e+00 2.206300e+07
9.116700e+00 2.227400e+07
9.460300e+00 2.245500e+07
9.816800e+00 2.264600e+07
1.018700e+01 2.282500e+07
1.057100e+01 2.298900e+07
1.096900e+01 2.312900e+07
1.138200e+01 2.325400e+07
1.181100e+01 2.334000e+07
1.225600e+01 2.342600e+07
1.271800e+01 2.348500e+07
1.319700e+01 2.352200e+07
1.369400e+01 2.351100e+07
1.421100e+01 2.348500e+07
1.474600e+01 2.342500e+07
1.530200e+01 2.334300e+07
1.587800e+01 2.322300e+07
1.647700e+01 2.306000e+07
1.709700e+01 2.286200e+07
1.774200e+01 2.262100e+07
1.841000e+01 2.235300e+07
1.910400e+01 2.203000e+07
1.982400e+01 2.167100e+07
2.057100e+01 2.127000e+07
2.134600e+01 2.083400e+07
2.215000e+01 2.034900e+07
2.298500e+01 1.982800e+07
2.385100e+01 1.927300e+07
2.475000e+01 1.868000e+07
2.568300e+01 1.806100e+07
2.665000e+01 1.740300e+07
2.765500e+01 1.672200e+07
2.869700e+01 1.601800e+07
2.977800e+01 1.529100e+07
3.090000e+01 1.455400e+07
3.206400e+01 1.380200e+07
3.327300e+01 1.305600e+07
3.452600e+01 1.231300e+07
3.582800e+01 1.157900e+07
3.717800e+01 1.086000e+07
3.857800e+01 1.015800e+07
4.003200e+01 9.477600e+06
4.154100e+01 8.820100e+06
4.310600e+01 8.187500e+06
4.473000e+01 7.580900e+06
4.641600e+01 7.000200e+06
4.816500e+01 6.448800e+06
4.998000e+01 5.926800e+06
5.186300e+01 5.434000e+06
5.381800e+01 4.971000e+06
5.584500e+01 4.537100e+06
5.795000e+01 4.132100e+06
6.013300e+01 3.755400e+06
6.239900e+01 3.406000e+06
6.475100e+01 3.083000e+06
6.719100e+01 2.785400e+06
6.972300e+01 2.512000e+06
7.235000e+01 2.261100e+06
7.507600e+01 2.031900e+06
7.790500e+01 1.822900e+06
8.084100e+01 1.632900e+06
8.388700e+01 1.460700e+06
8.704800e+01 1.304700e+06
9.032800e+01 1.163600e+06
9.373200e+01 1.036800e+06
9.726400e+01 9.229200e+05
1.009300e+02 8.202800e+05
1.047300e+02 7.277700e+05
1.086800e+02 6.450400e+05
1.127700e+02 5.711800e+05
1.170200e+02 5.053200e+05
1.214300e+02 4.466800e+05
1.260100e+02 3.945200e+05
1.307600e+02 3.481800e+05
1.356800e+02 3.070700e+05
1.408000e+02 2.706200e+05
1.461000e+02 2.385000e+05
1.516100e+02 2.101100e+05
1.573200e+02 1.847600e+05
1.632500e+02 1.623800e+05
1.694000e+02 1.426400e+05
1.757800e+02 1.252500e+05
1.824100e+02 1.099300e+05
1.892800e+02 9.643700e+04
1.964100e+02 8.459800e+04
2.038200e+02 7.420200e+04
2.115000e+02 6.501100e+04
2.194700e+02 5.694000e+04
2.277400e+02 4.985700e+04
2.363200e+02 4.364300e+04
2.452200e+02 3.819500e+04
2.544600e+02 3.343600e+04
2.640500e+02 2.924200e+04
2.740000e+02 2.557000e+04
2.843300e+02 2.235400e+04
2.950400e+02 1.953900e+04
3.061600e+02 1.708200e+04
3.176900e+02 1.492400e+04
3.296600e+02 1.303700e+04
3.420900e+02 1.138700e+04
3.549800e+02 9.947300e+03
3.683500e+02 8.685300e+03
3.822300e+02 7.582600e+03
3.966400e+02 6.619500e+03
4.115800e+02 5.778800e+03
4.270900e+02 5.043300e+03
4.431900e+02 4.401100e+03
4.598900e+02 3.841000e+03
4.772200e+02 3.351100e+03
4.952000e+02 2.923600e+03
5.138600e+02 2.550800e+03
5.332200e+02 2.225000e+03
5.533100e+02 1.941000e+03
5.741600e+02 1.692800e+03
5.958000e+02 1.476300e+03
6.182500e+02 1.287600e+03
6.415500e+02 1.122800e+03
6.657200e+02 9.791000e+02
6.908100e+02 8.537100e+02
7.168400e+02 7.444200e+02
7.438500e+02 6.490300e+02
7.718800e+02 5.658700e+02
8.009700e+02 4.933600e+02
8.311500e+02 4.300900e+02
8.624700e+02 3.749500e+02
8.949700e+02 3.268500e+02
9.286900e+02 2.849200e+02
9.636900e+02 2.483700e+02
1.000000e+03 2.164900e+02
