Energy(MeV)
1.000000e-03
1.500000e-03
2.000000e-03
2.500000e-03
3.000000e-03
3.500000e-03
4.000000e-03
4.500000e-03
5.000000e-03
5.500000e-03
6.000000e-03
6.500000e-03
7.000000e-03
7.500000e-03
8.000000e-03
8.500000e-03
9.000000e-03
9.500000e-03
1.000000e-02
1.500000e-02
2.000000e-02
2.500000e-02
3.000000e-02
3.500000e-02
4.000000e-02
4.500000e-02
5.000000e-02
5.500000e-02
6.000000e-02
6.500000e-02
7.000000e-02
7.500000e-02
8.000000e-02
8.500000e-02
9.000000e-02
9.500000e-02
1.000000e-01
1.037700e-01
1.076800e-01
1.117400e-01
1.159500e-01
1.203200e-01
1.248500e-01
1.295500e-01
1.344400e-01
1.395000e-01
1.447600e-01
1.502100e-01
1.558700e-01
1.617500e-01
1.678400e-01
1.741700e-01
1.807300e-01
1.875400e-01
1.946100e-01
2.019400e-01
2.095500e-01
2.174400e-01
2.256400e-01
2.341400e-01
2.429600e-01
2.521200e-01
2.616200e-01
2.714800e-01
2.817100e-01
2.923200e-01
3.033400e-01
3.147700e-01
3.266300e-01
3.389400e-01
3.517100e-01
3.649600e-01
3.787200e-01
3.929900e-01
4.077900e-01
4.231600e-01
4.391100e-01
4.556500e-01
4.728200e-01
4.906400e-01
5.091300e-01
5.283100e-01
5.482200e-01
5.688800e-01
5.903200e-01
6.125600e-01
6.356400e-01
6.595900e-01
6.844500e-01
7.102400e-01
7.370000e-01
7.647800e-01
7.935900e-01
8.235000e-01
8.545300e-01
8.867300e-01
9.201400e-01
9.548200e-01
9.908000e-01
1.028100e+00
1.066900e+00
1.107100e+00
1.148800e+00
1.192100e+00
1.237000e+00
1.283600e+00
1.332000e+00
1.382200e+00
1.434300e+00
1.488300e+00
1.544400e+00
1.602600e+00
1.663000e+00
1.725600e+00
1.790700e+00
1.858100e+00
1.928100e+00
2.000800e+00
2.076200e+00
2.154400e+00
2.235600e+00
2.319900e+00
2.407300e+00
2.498000e+00
2.592100e+00
2.689800e+00
2.791200e+00
2.896300e+00
3.005500e+00
3.118700e+00
3.236200e+00
3.358200e+00
3.484700e+00
3.616000e+00
3.752300e+00
3.893700e+00
4.040400e+00
4.192700e+00
4.350700e+00
4.514600e+00
4.684700e+00
4.861200e+00
5.044400e+00
5.234500e+00
5.431800e+00
5.636400e+00
5.848800e+00
6.069200e+00
6.297900e+00
6.535200e+00
6.781500e+00
7.037000e+00
7.302200e+00
7.577400e+00
7.862900e+00
8.159200e+00
8.466600e+00
8.785700e+00
9.116700e+00
9.460300e+00
9.816800e+00
1.018700e+01
1.057100e+01
1.096900e+01
1.138200e+01
1.181100e+01
1.225600e+01
1.271800e+01
1.319700e+01
1.369400e+01
1.421100e+01
1.474600e+01
1.530200e+01
1.587800e+01
1.647700e+01
1.709700e+01
1.774200e+01
1.841000e+01
1.910400e+01
1.982400e+01
2.057100e+01
2.134600e+01
2.215000e+01
2.298500e+01
2.385100e+01
2.475000e+01
2.568300e+01
2.665000e+01
2.765500e+01
2.869700e+01
2.977800e+01
3.090000e+01
3.206400e+01
3.327300e+01
3.452600e+01
3.582800e+01
3.717800e+01
3.857800e+01
4.003200e+01
4.154100e+01
4.310600e+01
4.473000e+01
4.641600e+01
4.816500e+01
4.998000e+01
5.186300e+01
5.381800e+01
5.584500e+01
5.795000e+01
6.013300e+01
6.239900e+01
6.475100e+01
6.719100e+01
6.972300e+01
7.235000e+01
7.507600e+01
7.790500e+01
8.084100e+01
8.388700e+01
8.704800e+01
9.032800e+01
9.373200e+01
9.726400e+01
1.009300e+02
1.047300e+02
1.086800e+02
1.127700e+02
1.170200e+02
1.214300e+02
1.260100e+02
1.307600e+02
1.356800e+02
1.408000e+02
1.461000e+02
1.516100e+02
1.573200e+02
1.632500e+02
1.694000e+02
1.757800e+02
1.824100e+02
1.892800e+02
1.964100e+02
2.038200e+02
2.115000e+02
2.194700e+02
2.277400e+02
2.363200e+02
2.452200e+02
2.544600e+02
2.640500e+02
2.740000e+02
2.843300e+02
2.950400e+02
3.061600e+02
3.176900e+02
3.296600e+02
3.420900e+02
3.549800e+02
3.683500e+02
3.822300e+02
3.966400e+02
4.115800e+02
4.270900e+02
4.431900e+02
4.598900e+02
4.772200e+02
4.952000e+02
5.138600e+02
5.332200e+02
5.533100e+02
5.741600e+02
5.958000e+02
6.182500e+02
6.415500e+02
6.657200e+02
6.908100e+02
7.168400e+02
7.438500e+02
7.718800e+02
8.009700e+02
8.311500e+02
8.624700e+02
8.949700e+02
9.286900e+02
9.636900e+02
1.000000e+03
