# E(MeV) Fluence_pi_Phi16
5.000000e-02 nan
5.049814e-02 nan
5.100123e-02 nan
5.150934e-02 nan
5.202252e-02 nan
5.254080e-02 nan
5.306425e-02 nan
5.359291e-02 nan
5.412684e-02 nan
5.466609e-02 nan
5.521071e-02 nan
5.576076e-02 nan
5.631629e-02 nan
5.687735e-02 nan
5.744400e-02 nan
5.801630e-02 nan
5.859430e-02 nan
5.917806e-02 nan
5.976763e-02 nan
6.036308e-02 nan
6.096446e-02 nan
6.157183e-02 nan
6.218525e-02 nan
6.280478e-02 nan
6.343049e-02 nan
6.406243e-02 nan
6.470066e-02 nan
6.534526e-02 nan
6.599627e-02 nan
6.665377e-02 nan
6.731782e-02 nan
6.798849e-02 nan
6.866584e-02 nan
6.934994e-02 nan
7.004085e-02 nan
7.073865e-02 nan
7.144339e-02 nan
7.215516e-02 nan
7.287402e-02 nan
7.360005e-02 nan
7.433330e-02 nan
7.507386e-02 nan
7.582180e-02 nan
7.657719e-02 nan
7.734011e-02 nan
7.811062e-02 nan
7.888881e-02 nan
7.967476e-02 nan
8.046854e-02 nan
8.127022e-02 nan
8.207989e-02 nan
8.289763e-02 nan
8.372351e-02 nan
8.455763e-02 nan
8.540005e-02 nan
8.625086e-02 nan
8.711015e-02 nan
8.797801e-02 nan
8.885451e-02 nan
8.973974e-02 nan
9.063379e-02 nan
9.153674e-02 nan
9.244870e-02 nan
9.336974e-02 nan
9.429995e-02 nan
9.523943e-02 nan
9.618827e-02 nan
9.714657e-02 nan
9.811441e-02 nan
9.909190e-02 nan
1.000791e-01 nan
1.010762e-01 nan
1.020832e-01 nan
1.031002e-01 nan
1.041274e-01 nan
1.051647e-01 nan
1.062125e-01 nan
1.072706e-01 nan
1.083393e-01 nan
1.094187e-01 nan
1.105088e-01 nan
1.116098e-01 nan
1.127217e-01 nan
1.138447e-01 nan
1.149789e-01 nan
1.161244e-01 nan
1.172813e-01 nan
1.184498e-01 nan
1.196298e-01 nan
1.208217e-01 nan
1.220254e-01 nan
1.232411e-01 nan
1.244689e-01 nan
1.257089e-01 nan
1.269613e-01 nan
1.282262e-01 nan
1.295037e-01 nan
1.307939e-01 nan
1.320970e-01 nan
1.334130e-01 nan
1.347422e-01 nan
1.360846e-01 nan
1.374403e-01 nan
1.388096e-01 nan
1.401925e-01 nan
1.415892e-01 nan
1.429998e-01 nan
1.444245e-01 nan
1.458634e-01 nan
1.473166e-01 nan
1.487842e-01 nan
1.502665e-01 nan
1.517636e-01 nan
1.532756e-01 nan
1.548026e-01 nan
1.563448e-01 nan
1.579025e-01 nan
1.594756e-01 nan
1.610644e-01 nan
1.626690e-01 nan
1.642897e-01 nan
1.659264e-01 nan
1.675795e-01 nan
1.692491e-01 nan
1.709352e-01 nan
1.726382e-01 nan
1.743582e-01 nan
1.760952e-01 nan
1.778496e-01 nan
1.796215e-01 nan
1.814110e-01 nan
1.832183e-01 nan
1.850437e-01 nan
1.868872e-01 nan
1.887491e-01 nan
1.906296e-01 nan
1.925288e-01 nan
1.944469e-01 nan
1.963841e-01 nan
1.983406e-01 nan
2.003166e-01 nan
2.023123e-01 nan
2.043279e-01 nan
2.063635e-01 nan
2.084195e-01 nan
2.104959e-01 nan
2.125930e-01 nan
2.147110e-01 nan
2.168501e-01 nan
2.190105e-01 nan
2.211925e-01 nan
2.233961e-01 nan
2.256218e-01 nan
2.278696e-01 nan
2.301398e-01 nan
2.324326e-01 nan
2.347482e-01 nan
2.370870e-01 nan
2.394490e-01 nan
2.418345e-01 nan
2.442439e-01 nan
2.466772e-01 nan
2.491348e-01 nan
2.516168e-01 nan
2.541236e-01 nan
2.566554e-01 nan
2.592123e-01 nan
2.617948e-01 nan
2.644030e-01 nan
2.670371e-01 nan
2.696976e-01 nan
2.723845e-01 nan
2.750982e-01 nan
2.778389e-01 nan
2.806069e-01 nan
2.834025e-01 nan
2.862260e-01 nan
2.890775e-01 nan
2.919575e-01 nan
2.948662e-01 nan
2.978039e-01 nan
3.007708e-01 nan
3.037673e-01 nan
3.067937e-01 nan
3.098501e-01 nan
3.129371e-01 nan
3.160548e-01 nan
3.192035e-01 nan
3.223837e-01 nan
3.255955e-01 nan
3.288393e-01 nan
3.321154e-01 nan
3.354242e-01 nan
3.387659e-01 nan
3.421410e-01 nan
3.455496e-01 nan
3.489922e-01 nan
3.524691e-01 nan
3.559807e-01 nan
3.595272e-01 nan
3.631090e-01 nan
3.667266e-01 nan
3.703802e-01 nan
3.740702e-01 nan
3.777969e-01 nan
3.815608e-01 nan
3.853622e-01 nan
3.892014e-01 nan
3.930789e-01 nan
3.969950e-01 nan
4.009502e-01 nan
4.049447e-01 nan
4.089791e-01 nan
4.130536e-01 nan
4.171687e-01 nan
4.213249e-01 nan
4.255224e-01 nan
4.297618e-01 nan
4.340433e-01 nan
4.383676e-01 nan
4.427349e-01 nan
4.471458e-01 nan
4.516005e-01 nan
4.560997e-01 nan
4.606437e-01 nan
4.652329e-01 nan
4.698679e-01 nan
4.745491e-01 nan
4.792769e-01 nan
4.840518e-01 nan
4.888742e-01 nan
4.937447e-01 nan
4.986638e-01 nan
5.036318e-01 nan
5.086493e-01 nan
5.137168e-01 nan
5.188349e-01 nan
5.240038e-01 nan
5.292243e-01 nan
5.344968e-01 nan
5.398219e-01 nan
5.452000e-01 nan
5.506316e-01 nan
5.561174e-01 nan
5.616578e-01 nan
5.672535e-01 nan
5.729048e-01 nan
5.786125e-01 nan
5.843771e-01 nan
5.901990e-01 nan
5.960790e-01 nan
6.020176e-01 nan
6.080153e-01 nan
6.140728e-01 nan
6.201906e-01 nan
6.263694e-01 nan
6.326097e-01 nan
6.389122e-01 nan
6.452775e-01 nan
6.517062e-01 nan
6.581990e-01 nan
6.647564e-01 nan
6.713792e-01 nan
6.780679e-01 nan
6.848233e-01 nan
6.916460e-01 nan
6.985367e-01 nan
7.054960e-01 nan
7.125246e-01 nan
7.196233e-01 nan
7.267927e-01 nan
7.340335e-01 nan
7.413465e-01 nan
7.487323e-01 nan
7.561917e-01 nan
7.637254e-01 nan
7.713341e-01 nan
7.790187e-01 nan
7.867798e-01 nan
7.946183e-01 nan
8.025348e-01 nan
8.105303e-01 nan
8.186053e-01 nan
8.267608e-01 nan
8.349976e-01 nan
8.433165e-01 nan
8.517182e-01 nan
8.602036e-01 nan
8.687735e-01 nan
8.774289e-01 nan
8.861704e-01 nan
8.949991e-01 nan
9.039157e-01 nan
9.129211e-01 nan
9.220163e-01 nan
9.312021e-01 nan
9.404793e-01 nan
9.498491e-01 nan
9.593121e-01 nan
9.688695e-01 nan
9.785220e-01 nan
9.882707e-01 nan
9.981166e-01 nan
1.008061e+00 nan
1.018104e+00 nan
1.028247e+00 nan
1.038491e+00 nan
1.048837e+00 nan
1.059286e+00 nan
1.069839e+00 nan
1.080498e+00 nan
1.091263e+00 nan
1.102135e+00 nan
1.113115e+00 nan
1.124204e+00 nan
1.135405e+00 nan
1.146716e+00 nan
1.158141e+00 nan
1.169679e+00 nan
1.181332e+00 nan
1.193101e+00 nan
1.204988e+00 nan
1.216993e+00 nan
1.229117e+00 nan
1.241363e+00 nan
1.253730e+00 nan
1.266220e+00 nan
1.278835e+00 nan
1.291576e+00 nan
1.304444e+00 nan
1.317439e+00 nan
1.330565e+00 nan
1.343821e+00 nan
1.357209e+00 nan
1.370730e+00 nan
1.384386e+00 nan
1.398179e+00 nan
1.412108e+00 nan
1.426177e+00 nan
1.440385e+00 nan
1.454735e+00 nan
1.469229e+00 nan
1.483866e+00 nan
1.498649e+00 nan
1.513580e+00 nan
1.528659e+00 nan
1.543889e+00 nan
1.559270e+00 nan
1.574805e+00 nan
1.590494e+00 nan
1.606340e+00 nan
1.622343e+00 nan
1.638506e+00 nan
1.654830e+00 nan
1.671317e+00 nan
1.687967e+00 nan
1.704784e+00 nan
1.721768e+00 nan
1.738922e+00 nan
1.756246e+00 nan
1.773743e+00 nan
1.791414e+00 nan
1.809262e+00 nan
1.827287e+00 nan
1.845492e+00 nan
1.863878e+00 nan
1.882447e+00 nan
1.901201e+00 nan
1.920142e+00 nan
1.939272e+00 nan
1.958592e+00 nan
1.978105e+00 nan
1.997813e+00 nan
2.017716e+00 nan
2.037818e+00 nan
2.058120e+00 nan
2.078625e+00 nan
2.099333e+00 nan
2.120248e+00 nan
2.141372e+00 nan
2.162706e+00 nan
2.184252e+00 nan
2.206013e+00 nan
2.227991e+00 nan
2.250188e+00 nan
2.272606e+00 nan
2.295247e+00 nan
2.318114e+00 nan
2.341209e+00 nan
2.364533e+00 nan
2.388091e+00 nan
2.411882e+00 nan
2.435911e+00 nan
2.460179e+00 nan
2.484690e+00 nan
2.509444e+00 nan
2.534445e+00 nan
2.559694e+00 nan
2.585196e+00 nan
2.610951e+00 nan
2.636964e+00 nan
2.663235e+00 nan
2.689768e+00 nan
2.716565e+00 nan
2.743630e+00 nan
2.770964e+00 nan
2.798570e+00 nan
2.826451e+00 nan
2.854610e+00 nan
2.883050e+00 nan
2.911773e+00 nan
2.940782e+00 nan
2.970080e+00 nan
2.999670e+00 nan
3.029555e+00 nan
3.059737e+00 nan
3.090221e+00 nan
3.121008e+00 nan
3.152101e+00 nan
3.183505e+00 nan
3.215221e+00 nan
3.247253e+00 nan
3.279605e+00 nan
3.312279e+00 nan
3.345278e+00 nan
3.378606e+00 nan
3.412266e+00 nan
3.446261e+00 nan
3.480595e+00 nan
3.515271e+00 nan
3.550293e+00 nan
3.585664e+00 nan
3.621386e+00 nan
3.657465e+00 nan
3.693903e+00 nan
3.730705e+00 nan
3.767873e+00 nan
3.805411e+00 nan
3.843323e+00 nan
3.881613e+00 nan
3.920284e+00 nan
3.959341e+00 nan
3.998787e+00 nan
4.038625e+00 nan
4.078861e+00 nan
4.119497e+00 nan
4.160539e+00 nan
4.201989e+00 nan
4.243852e+00 nan
4.286132e+00 nan
4.328834e+00 nan
4.371961e+00 nan
4.415517e+00 nan
4.459508e+00 nan
4.503936e+00 nan
4.548808e+00 nan
4.594126e+00 nan
4.639896e+00 nan
4.686122e+00 nan
4.732808e+00 nan
4.779960e+00 nan
4.827581e+00 nan
4.875677e+00 nan
4.924252e+00 nan
4.973311e+00 nan
5.022858e+00 nan
5.072900e+00 nan
5.123439e+00 nan
5.174483e+00 nan
5.226035e+00 nan
5.278100e+00 nan
5.330684e+00 nan
5.383792e+00 nan
5.437429e+00 nan
5.491601e+00 nan
5.546312e+00 nan
5.601568e+00 nan
5.657375e+00 nan
5.713738e+00 nan
5.770662e+00 nan
5.828153e+00 nan
5.886217e+00 nan
5.944860e+00 nan
6.004087e+00 nan
6.063904e+00 nan
6.124317e+00 nan
6.185331e+00 nan
6.246954e+00 nan
6.309191e+00 nan
6.372047e+00 nan
6.435530e+00 nan
6.499645e+00 nan
6.564399e+00 nan
6.629798e+00 nan
6.695849e+00 nan
6.762558e+00 nan
6.829931e+00 nan
6.897976e+00 nan
6.966698e+00 nan
7.036105e+00 nan
7.106204e+00 nan
7.177001e+00 nan
7.248503e+00 nan
7.320718e+00 nan
7.393652e+00 nan
7.467313e+00 nan
7.541707e+00 nan
7.616843e+00 nan
7.692728e+00 nan
7.769368e+00 nan
7.846772e+00 nan
7.924947e+00 nan
8.003901e+00 nan
8.083641e+00 nan
8.164176e+00 nan
8.245513e+00 nan
8.327661e+00 nan
8.410627e+00 nan
8.494420e+00 nan
8.579047e+00 nan
8.664517e+00 nan
8.750839e+00 nan
8.838021e+00 nan
8.926072e+00 nan
9.015000e+00 nan
9.104813e+00 nan
9.195522e+00 nan
9.287134e+00 nan
9.379659e+00 nan
9.473106e+00 nan
9.567484e+00 nan
9.662802e+00 nan
9.759069e+00 nan
9.856296e+00 nan
9.954491e+00 nan
1.005366e+01 nan
1.015383e+01 nan
1.025499e+01 nan
1.035715e+01 nan
1.046034e+01 nan
1.056455e+01 nan
1.066980e+01 nan
1.077610e+01 nan
1.088346e+01 nan
1.099189e+01 nan
1.110140e+01 nan
1.121200e+01 nan
1.132370e+01 nan
1.143652e+01 nan
1.155046e+01 nan
1.166553e+01 nan
1.178175e+01 nan
1.189913e+01 nan
1.201767e+01 nan
1.213740e+01 nan
1.225832e+01 nan
1.238045e+01 nan
1.250379e+01 nan
1.262836e+01 nan
1.275418e+01 nan
1.288124e+01 nan
1.300958e+01 nan
1.313919e+01 nan
1.327009e+01 nan
1.340229e+01 nan
1.353582e+01 nan
1.367067e+01 nan
1.380687e+01 nan
1.394442e+01 nan
1.408334e+01 nan
1.422365e+01 nan
1.436536e+01 nan
1.450848e+01 nan
1.465302e+01 nan
1.479900e+01 nan
1.494644e+01 nan
1.509535e+01 nan
1.524574e+01 nan
1.539763e+01 nan
1.555103e+01 nan
1.570596e+01 nan
1.586243e+01 nan
1.602047e+01 nan
1.618007e+01 nan
1.634127e+01 nan
1.650407e+01 nan
1.666850e+01 nan
1.683456e+01 nan
1.700228e+01 nan
1.717167e+01 nan
1.734275e+01 nan
1.751553e+01 nan
1.769003e+01 nan
1.786627e+01 nan
1.804426e+01 nan
1.822403e+01 nan
1.840560e+01 nan
1.858896e+01 nan
1.877416e+01 nan
1.896120e+01 nan
1.915011e+01 nan
1.934089e+01 nan
1.953358e+01 nan
1.972819e+01 nan
1.992473e+01 nan
2.012324e+01 nan
2.032372e+01 nan
2.052620e+01 nan
2.073070e+01 nan
2.093723e+01 nan
2.114582e+01 nan
2.135649e+01 nan
2.156926e+01 nan
2.178415e+01 nan
2.200118e+01 nan
2.222037e+01 nan
2.244174e+01 nan
2.266532e+01 nan
2.289113e+01 nan
2.311919e+01 nan
2.334952e+01 nan
2.358214e+01 nan
2.381708e+01 nan
2.405437e+01 nan
2.429401e+01 nan
2.453605e+01 nan
2.478049e+01 nan
2.502737e+01 nan
2.527671e+01 nan
2.552854e+01 nan
2.578287e+01 nan
2.603974e+01 nan
2.629916e+01 nan
2.656117e+01 nan
2.682580e+01 nan
2.709305e+01 nan
2.736297e+01 nan
2.763558e+01 nan
2.791091e+01 nan
2.818897e+01 nan
2.846981e+01 nan
2.875345e+01 nan
2.903991e+01 nan
2.932923e+01 nan
2.962143e+01 nan
2.991654e+01 nan
3.021458e+01 nan
3.051560e+01 nan
3.081962e+01 nan
3.112667e+01 nan
3.143677e+01 nan
3.174997e+01 nan
3.206628e+01 nan
3.238575e+01 nan
3.270840e+01 nan
3.303426e+01 nan
3.336338e+01 nan
3.369576e+01 nan
3.403147e+01 nan
3.437051e+01 nan
3.471293e+01 nan
3.505877e+01 nan
3.540805e+01 nan
3.576081e+01 nan
3.611708e+01 nan
3.647691e+01 nan
3.684031e+01 nan
3.720734e+01 nan
3.757803e+01 nan
3.795241e+01 nan
3.833052e+01 nan
3.871239e+01 nan
3.909807e+01 nan
3.948759e+01 nan
3.988100e+01 nan
4.027832e+01 nan
4.067960e+01 nan
4.108488e+01 nan
4.149420e+01 nan
4.190759e+01 nan
4.232510e+01 nan
4.274678e+01 nan
4.317265e+01 nan
4.360277e+01 nan
4.403717e+01 nan
4.447590e+01 nan
4.491900e+01 nan
4.536651e+01 nan
4.581848e+01 nan
4.627496e+01 nan
4.673598e+01 nan
4.720160e+01 nan
4.767186e+01 nan
4.814680e+01 nan
4.862647e+01 nan
4.911092e+01 nan
4.960020e+01 nan
5.009435e+01 nan
5.059342e+01 nan
5.109747e+01 nan
5.160654e+01 nan
5.212068e+01 nan
5.263994e+01 nan
5.316438e+01 nan
5.369404e+01 nan
5.422898e+01 nan
5.476924e+01 nan
5.531489e+01 nan
5.586598e+01 nan
5.642256e+01 nan
5.698468e+01 nan
5.755240e+01 nan
5.812578e+01 nan
5.870487e+01 nan
5.928972e+01 nan
5.988041e+01 nan
6.047698e+01 nan
6.107949e+01 nan
6.168801e+01 nan
6.230259e+01 nan
6.292329e+01 nan
6.355018e+01 nan
6.418331e+01 nan
6.482275e+01 nan
6.546856e+01 nan
6.612080e+01 nan
6.677954e+01 nan
6.744485e+01 nan
6.811678e+01 nan
6.879541e+01 nan
6.948080e+01 nan
7.017301e+01 nan
7.087213e+01 nan
7.157820e+01 nan
7.229132e+01 nan
7.301153e+01 nan
7.373893e+01 nan
7.447356e+01 nan
7.521552e+01 nan
7.596487e+01 nan
7.672169e+01 nan
7.748604e+01 nan
7.825801e+01 nan
7.903767e+01 nan
7.982510e+01 nan
8.062038e+01 nan
8.142357e+01 nan
8.223477e+01 nan
8.305405e+01 nan
8.388150e+01 nan
8.471718e+01 nan
8.556119e+01 nan
8.641361e+01 nan
8.727453e+01 nan
8.814402e+01 nan
8.902217e+01 nan
8.990907e+01 nan
9.080481e+01 nan
9.170947e+01 nan
9.262314e+01 nan
9.354592e+01 nan
9.447789e+01 nan
9.541915e+01 nan
9.636978e+01 nan
9.732988e+01 nan
9.829955e+01 nan
9.927888e+01 nan
1.002680e+02 nan
1.012669e+02 nan
1.022758e+02 nan
1.032947e+02 nan
1.043238e+02 nan
1.053632e+02 nan
1.064129e+02 nan
1.074730e+02 nan
1.085438e+02 nan
1.096252e+02 nan
1.107173e+02 nan
1.118204e+02 nan
1.129344e+02 nan
1.140595e+02 nan
1.151959e+02 nan
1.163435e+02 nan
1.175026e+02 nan
1.186733e+02 nan
1.198556e+02 nan
1.210497e+02 nan
1.222556e+02 nan
1.234736e+02 nan
1.247038e+02 nan
1.259462e+02 nan
1.272009e+02 nan
1.284682e+02 nan
1.297481e+02 nan
1.310407e+02 nan
1.323462e+02 nan
1.336648e+02 nan
1.349964e+02 nan
1.363414e+02 nan
1.376997e+02 nan
1.390715e+02 nan
1.404571e+02 nan
1.418564e+02 nan
1.432697e+02 nan
1.446970e+02 nan
1.461386e+02 nan
1.475945e+02 nan
1.490650e+02 nan
1.505501e+02 nan
1.520500e+02 nan
1.535648e+02 nan
1.550947e+02 nan
1.566399e+02 nan
1.582004e+02 nan
1.597765e+02 nan
1.613683e+02 nan
1.629760e+02 nan
1.645997e+02 nan
1.662395e+02 nan
1.678957e+02 nan
1.695684e+02 nan
1.712578e+02 nan
1.729640e+02 nan
1.746872e+02 nan
1.764275e+02 nan
1.781852e+02 nan
1.799604e+02 nan
1.817533e+02 nan
1.835641e+02 nan
1.853929e+02 nan
1.872399e+02 nan
1.891053e+02 nan
1.909893e+02 nan
1.928921e+02 nan
1.948138e+02 nan
1.967547e+02 nan
1.987149e+02 nan
2.006946e+02 nan
2.026941e+02 nan
2.047134e+02 nan
2.067529e+02 nan
2.088128e+02 nan
2.108931e+02 nan
2.129942e+02 nan
2.151162e+02 nan
2.172593e+02 nan
2.194238e+02 nan
2.216098e+02 nan
2.238177e+02 nan
2.260475e+02 nan
2.282995e+02 nan
2.305740e+02 nan
2.328712e+02 nan
2.351912e+02 nan
2.375343e+02 nan
2.399008e+02 nan
2.422909e+02 nan
2.447047e+02 nan
2.471427e+02 nan
2.496049e+02 nan
2.520916e+02 nan
2.546031e+02 nan
2.571397e+02 nan
2.597015e+02 nan
2.622888e+02 nan
2.649019e+02 nan
2.675410e+02 nan
2.702065e+02 nan
2.728985e+02 nan
2.756173e+02 nan
2.783631e+02 nan
2.811364e+02 nan
2.839373e+02 nan
2.867661e+02 nan
2.896230e+02 nan
2.925085e+02 nan
2.954226e+02 nan
2.983658e+02 nan
3.013384e+02 nan
3.043405e+02 nan
3.073726e+02 nan
3.104348e+02 nan
3.135276e+02 nan
3.166512e+02 nan
3.198059e+02 nan
3.229920e+02 nan
3.262099e+02 nan
3.294598e+02 nan
3.327421e+02 nan
3.360571e+02 nan
3.394052e+02 nan
3.427866e+02 nan
3.462016e+02 nan
3.496507e+02 nan
3.531342e+02 nan
3.566524e+02 nan
3.602056e+02 nan
3.637942e+02 nan
3.674186e+02 nan
3.710791e+02 nan
3.747760e+02 nan
3.785098e+02 nan
3.822808e+02 nan
3.860893e+02 nan
3.899358e+02 nan
3.938206e+02 nan
3.977442e+02 nan
4.017068e+02 nan
4.057089e+02 nan
4.097508e+02 nan
4.138330e+02 nan
4.179559e+02 nan
4.221199e+02 nan
4.263254e+02 nan
4.305727e+02 nan
4.348624e+02 nan
4.391948e+02 nan
4.435703e+02 nan
4.479895e+02 nan
4.524527e+02 nan
4.569603e+02 nan
4.615129e+02 nan
4.661108e+02 nan
4.707545e+02 nan
4.754445e+02 nan
4.801812e+02 nan
4.849651e+02 nan
4.897967e+02 nan
4.946764e+02 nan
4.996047e+02 nan
5.045821e+02 nan
5.096091e+02 nan
5.146862e+02 nan
5.198139e+02 nan
5.249926e+02 nan
5.302230e+02 nan
5.355054e+02 nan
5.408405e+02 nan
5.462287e+02 nan
5.516707e+02 nan
5.571668e+02 nan
5.627177e+02 nan
5.683239e+02 nan
5.739859e+02 nan
5.797043e+02 nan
5.854798e+02 nan
5.913127e+02 nan
5.972038e+02 nan
6.031536e+02 nan
6.091626e+02 nan
6.152315e+02 nan
6.213609e+02 nan
6.275513e+02 nan
6.338034e+02 nan
6.401178e+02 nan
6.464951e+02 nan
6.529359e+02 nan
6.594410e+02 nan
6.660108e+02 nan
6.726460e+02 nan
6.793474e+02 nan
6.861155e+02 nan
6.929511e+02 nan
6.998548e+02 nan
7.068272e+02 nan
7.138691e+02 nan
7.209812e+02 nan
7.281641e+02 nan
7.354186e+02 nan
7.427453e+02 nan
7.501451e+02 nan
7.576186e+02 nan
7.651665e+02 nan
7.727896e+02 nan
7.804887e+02 nan
7.882645e+02 nan
7.961177e+02 nan
8.040492e+02 nan
8.120597e+02 nan
8.201500e+02 nan
8.283209e+02 nan
8.365732e+02 nan
8.449078e+02 nan
8.533253e+02 nan
8.618268e+02 nan
8.704129e+02 nan
8.790845e+02 nan
8.878426e+02 nan
8.966879e+02 nan
9.056213e+02 nan
9.146438e+02 nan
9.237561e+02 nan
9.329592e+02 nan
9.422540e+02 nan
9.516414e+02 nan
9.611223e+02 nan
9.706977e+02 nan
9.803685e+02 nan
9.901356e+02 nan
1.000000e+03 nan
