# Energy(MeV) Phi16 Phi84
5.000000e-02 6.340950e+11 9.071529e+11
5.100225e-02 6.216691e+11 8.883089e+11
5.202458e-02 6.096744e+11 8.698407e+11
5.306741e-02 5.980434e+11 8.516067e+11
5.413114e-02 5.868233e+11 8.337247e+11
5.521620e-02 5.761079e+11 8.162726e+11
5.632300e-02 5.654931e+11 7.991857e+11
5.745199e-02 5.551093e+11 7.823943e+11
5.860361e-02 5.445161e+11 7.659548e+11
5.977832e-02 5.343052e+11 7.498879e+11
6.097657e-02 5.242717e+11 7.343369e+11
6.219884e-02 5.141980e+11 7.189615e+11
6.344561e-02 5.045473e+11 7.039850e+11
6.471737e-02 4.950770e+11 6.894110e+11
6.601463e-02 4.858562e+11 6.751376e+11
6.733789e-02 4.762427e+11 6.613611e+11
6.868767e-02 4.672698e+11 6.483637e+11
7.006451e-02 4.583121e+11 6.348824e+11
7.146895e-02 4.496433e+11 6.215302e+11
7.290154e-02 4.411925e+11 6.083077e+11
7.436284e-02 4.329598e+11 5.953889e+11
7.585344e-02 4.244691e+11 5.828412e+11
7.737392e-02 4.167698e+11 5.703359e+11
7.892487e-02 4.091064e+11 5.581703e+11
8.050691e-02 4.013770e+11 5.461923e+11
8.212067e-02 3.936519e+11 5.346429e+11
8.376677e-02 3.862011e+11 5.235141e+11
8.544587e-02 3.788986e+11 5.127916e+11
8.715862e-02 3.714441e+11 5.020866e+11
8.890571e-02 3.644993e+11 4.916380e+11
9.068782e-02 3.577322e+11 4.814709e+11
9.250565e-02 3.509154e+11 4.715458e+11
9.435992e-02 3.442189e+11 4.617861e+11
9.625136e-02 3.376852e+11 4.522274e+11
9.818071e-02 3.312746e+11 4.428307e+11
1.001487e-01 3.249848e+11 4.334945e+11
1.021562e-01 3.188251e+11 4.243074e+11
1.042039e-01 3.128051e+11 4.152884e+11
1.062927e-01 3.069320e+11 4.064601e+11
1.084233e-01 3.009932e+11 3.980079e+11
1.105966e-01 2.953640e+11 3.897115e+11
1.128135e-01 2.896781e+11 3.815076e+11
1.150749e-01 2.840039e+11 3.733502e+11
1.173816e-01 2.784001e+11 3.655470e+11
1.197345e-01 2.732028e+11 3.578119e+11
1.221345e-01 2.681429e+11 3.502457e+11
1.245827e-01 2.629664e+11 3.428386e+11
1.270800e-01 2.579146e+11 3.358410e+11
1.296273e-01 2.528813e+11 3.289805e+11
1.322256e-01 2.479800e+11 3.221278e+11
1.348761e-01 2.431682e+11 3.153266e+11
1.375797e-01 2.384889e+11 3.087079e+11
1.403374e-01 2.338765e+11 3.021885e+11
1.431505e-01 2.293058e+11 2.957825e+11
1.460199e-01 2.248238e+11 2.897446e+11
1.489469e-01 2.203111e+11 2.835977e+11
1.519325e-01 2.160802e+11 2.777048e+11
1.549780e-01 2.119859e+11 2.718629e+11
1.580845e-01 2.077947e+11 2.660569e+11
1.612533e-01 2.036506e+11 2.603818e+11
1.644856e-01 1.995583e+11 2.549865e+11
1.677827e-01 1.956243e+11 2.495790e+11
1.711459e-01 1.920478e+11 2.444915e+11
1.745765e-01 1.884370e+11 2.395153e+11
1.780759e-01 1.848151e+11 2.345254e+11
1.816454e-01 1.812453e+11 2.296913e+11
1.852865e-01 1.776524e+11 2.251726e+11
1.890005e-01 1.742407e+11 2.203994e+11
1.927890e-01 1.707671e+11 2.157667e+11
1.966535e-01 1.673269e+11 2.114395e+11
2.005954e-01 1.639053e+11 2.072124e+11
2.046163e-01 1.606047e+11 2.029158e+11
2.087178e-01 1.575105e+11 1.988090e+11
2.129015e-01 1.546350e+11 1.947400e+11
2.171691e-01 1.516438e+11 1.906751e+11
2.215223e-01 1.487395e+11 1.867460e+11
2.259627e-01 1.459072e+11 1.827725e+11
2.304921e-01 1.430960e+11 1.790563e+11
2.351123e-01 1.402648e+11 1.753472e+11
2.398251e-01 1.375274e+11 1.715871e+11
2.446324e-01 1.349504e+11 1.680671e+11
2.495360e-01 1.322578e+11 1.645914e+11
2.545379e-01 1.295968e+11 1.611600e+11
2.596401e-01 1.270683e+11 1.578266e+11
2.648446e-01 1.245631e+11 1.544947e+11
2.701534e-01 1.221366e+11 1.513349e+11
2.755686e-01 1.197379e+11 1.482567e+11
2.810923e-01 1.173021e+11 1.451376e+11
2.867268e-01 1.149922e+11 1.421708e+11
2.924742e-01 1.127276e+11 1.392495e+11
2.983368e-01 1.105219e+11 1.363416e+11
3.043170e-01 1.084042e+11 1.333922e+11
3.104170e-01 1.063207e+11 1.306814e+11
3.166393e-01 1.043176e+11 1.279156e+11
3.229863e-01 1.023509e+11 1.252079e+11
3.294605e-01 1.003930e+11 1.225950e+11
3.360645e-01 9.845360e+10 1.199438e+11
3.428009e-01 9.655331e+10 1.173380e+11
3.496723e-01 9.468233e+10 1.148635e+11
3.566815e-01 9.285807e+10 1.124691e+11
3.638311e-01 9.099492e+10 1.101252e+11
3.711241e-01 8.921099e+10 1.079203e+11
3.785633e-01 8.748825e+10 1.056538e+11
3.861515e-01 8.573032e+10 1.035891e+11
3.938919e-01 8.399877e+10 1.014692e+11
4.017874e-01 8.230348e+10 9.934522e+10
4.098412e-01 8.069401e+10 9.728991e+10
4.180565e-01 7.903640e+10 9.524058e+10
4.264364e-01 7.749118e+10 9.324321e+10
4.349843e-01 7.598144e+10 9.128675e+10
4.437035e-01 7.444957e+10 8.935142e+10
4.525975e-01 7.291886e+10 8.748213e+10
4.616698e-01 7.142203e+10 8.561540e+10
4.709239e-01 6.997441e+10 8.385137e+10
4.803635e-01 6.854983e+10 8.212542e+10
4.899924e-01 6.708560e+10 8.043585e+10
4.998143e-01 6.575531e+10 7.878830e+10
5.098330e-01 6.438686e+10 7.710362e+10
5.200526e-01 6.305353e+10 7.554983e+10
5.304770e-01 6.184561e+10 7.391361e+10
5.411103e-01 6.060077e+10 7.241021e+10
5.519569e-01 5.938891e+10 7.093735e+10
5.630208e-01 5.816539e+10 6.945777e+10
5.743065e-01 5.698934e+10 6.801600e+10
5.858184e-01 5.584770e+10 6.658028e+10
5.975611e-01 5.471353e+10 6.521967e+10
6.095392e-01 5.361036e+10 6.388209e+10
6.217573e-01 5.248969e+10 6.257705e+10
6.342204e-01 5.140886e+10 6.125490e+10
6.469333e-01 5.032389e+10 5.995577e+10
6.599011e-01 4.929908e+10 5.870898e+10
6.731287e-01 4.828968e+10 5.748725e+10
6.866215e-01 4.730631e+10 5.626592e+10
7.003848e-01 4.633678e+10 5.505522e+10
7.144240e-01 4.546617e+10 5.389088e+10
7.287445e-01 4.455860e+10 5.279337e+10
7.433522e-01 4.363804e+10 5.164281e+10
7.582526e-01 4.273096e+10 5.057614e+10
7.734517e-01 4.183044e+10 4.951850e+10
7.889555e-01 4.095737e+10 4.857213e+10
8.047701e-01 4.010416e+10 4.757462e+10
8.209016e-01 3.925025e+10 4.659335e+10
8.373565e-01 3.842689e+10 4.562540e+10
8.541413e-01 3.764663e+10 4.468359e+10
8.712625e-01 3.687217e+10 4.376654e+10
8.887268e-01 3.612935e+10 4.283546e+10
9.065413e-01 3.535878e+10 4.194209e+10
9.247129e-01 3.462840e+10 4.105669e+10
9.432487e-01 3.387522e+10 4.021101e+10
9.621560e-01 3.313312e+10 3.937651e+10
9.814423e-01 3.241877e+10 3.856642e+10
1.001115e+00 3.174550e+10 3.777100e+10
1.021183e+00 3.105629e+10 3.697165e+10
1.041652e+00 3.039364e+10 3.619023e+10
1.062532e+00 2.974283e+10 3.546103e+10
1.083830e+00 2.909525e+10 3.471531e+10
1.105556e+00 2.846357e+10 3.399305e+10
1.127716e+00 2.785370e+10 3.326652e+10
1.150321e+00 2.724823e+10 3.257540e+10
1.173379e+00 2.666522e+10 3.189575e+10
1.196900e+00 2.609196e+10 3.124159e+10
1.220892e+00 2.549105e+10 3.057238e+10
1.245364e+00 2.495851e+10 2.992966e+10
1.270327e+00 2.441089e+10 2.928791e+10
1.295791e+00 2.386761e+10 2.865400e+10
1.321765e+00 2.333539e+10 2.805309e+10
1.348260e+00 2.283232e+10 2.747725e+10
1.375286e+00 2.232772e+10 2.690676e+10
1.402853e+00 2.184210e+10 2.633221e+10
1.430973e+00 2.136959e+10 2.578090e+10
1.459657e+00 2.088544e+10 2.522469e+10
1.488916e+00 2.040843e+10 2.467509e+10
1.518761e+00 1.994751e+10 2.414145e+10
1.549204e+00 1.951066e+10 2.363015e+10
1.580258e+00 1.906463e+10 2.313450e+10
1.611934e+00 1.864672e+10 2.263393e+10
1.644245e+00 1.824019e+10 2.214516e+10
1.677204e+00 1.784149e+10 2.166594e+10
1.710823e+00 1.744842e+10 2.121309e+10
1.745117e+00 1.706749e+10 2.074490e+10
1.780097e+00 1.668399e+10 2.030998e+10
1.815779e+00 1.632508e+10 1.987732e+10
1.852176e+00 1.595706e+10 1.944090e+10
1.889303e+00 1.558129e+10 1.901552e+10
1.927174e+00 1.522665e+10 1.859706e+10
1.965804e+00 1.487412e+10 1.817641e+10
2.005209e+00 1.453734e+10 1.778602e+10
2.045403e+00 1.421447e+10 1.739145e+10
2.086403e+00 1.388781e+10 1.700109e+10
2.128224e+00 1.356322e+10 1.661763e+10
2.170885e+00 1.326149e+10 1.625627e+10
2.214400e+00 1.296545e+10 1.588987e+10
2.258787e+00 1.265647e+10 1.554378e+10
2.304064e+00 1.236160e+10 1.520183e+10
2.350249e+00 1.207184e+10 1.486293e+10
2.397360e+00 1.178920e+10 1.453157e+10
2.445415e+00 1.150661e+10 1.421435e+10
2.494433e+00 1.123009e+10 1.388816e+10
2.544434e+00 1.096660e+10 1.356606e+10
2.595437e+00 1.071695e+10 1.325110e+10
2.647462e+00 1.046961e+10 1.295063e+10
2.700530e+00 1.021878e+10 1.265511e+10
2.754662e+00 9.976818e+09 1.236167e+10
2.809879e+00 9.745177e+09 1.207653e+10
2.866203e+00 9.515300e+09 1.179989e+10
2.923656e+00 9.293618e+09 1.152875e+10
2.982260e+00 9.076016e+09 1.125986e+10
3.042039e+00 8.856012e+09 1.098558e+10
3.103017e+00 8.639769e+09 1.072148e+10
3.165216e+00 8.428275e+09 1.047281e+10
3.228663e+00 8.221486e+09 1.022240e+10
3.293381e+00 8.019862e+09 9.985000e+09
3.359397e+00 7.819100e+09 9.752741e+09
3.426736e+00 7.623314e+09 9.514871e+09
3.495424e+00 7.436567e+09 9.288270e+09
3.565490e+00 7.249071e+09 9.057191e+09
3.636960e+00 7.067676e+09 8.838698e+09
3.709862e+00 6.892047e+09 8.622464e+09
3.784226e+00 6.721277e+09 8.412993e+09
3.860081e+00 6.552534e+09 8.206803e+09
3.937456e+00 6.385091e+09 8.003013e+09
4.016382e+00 6.223106e+09 7.808030e+09
4.096890e+00 6.066438e+09 7.619943e+09
4.179012e+00 5.912796e+09 7.434438e+09
4.262780e+00 5.762498e+09 7.247871e+09
4.348227e+00 5.618125e+09 7.065600e+09
4.435387e+00 5.477323e+09 6.894239e+09
4.524294e+00 5.336563e+09 6.715684e+09
4.614983e+00 5.201794e+09 6.552920e+09
4.707490e+00 5.066220e+09 6.392161e+09
4.801851e+00 4.936442e+09 6.228972e+09
4.898104e+00 4.807631e+09 6.071660e+09
4.996286e+00 4.678852e+09 5.920316e+09
5.096436e+00 4.555276e+09 5.774337e+09
5.198594e+00 4.437296e+09 5.629087e+09
5.302799e+00 4.319508e+09 5.481746e+09
5.409093e+00 4.203149e+09 5.336133e+09
5.517518e+00 4.089410e+09 5.195172e+09
5.628116e+00 3.979697e+09 5.055464e+09
5.740932e+00 3.872497e+09 4.923567e+09
5.856008e+00 3.767707e+09 4.797704e+09
5.973391e+00 3.663802e+09 4.666917e+09
6.093127e+00 3.561389e+09 4.538587e+09
6.215264e+00 3.463480e+09 4.414442e+09
6.339848e+00 3.366658e+09 4.293048e+09
6.466930e+00 3.273284e+09 4.173863e+09
6.596559e+00 3.179193e+09 4.060895e+09
6.728787e+00 3.091628e+09 3.946229e+09
6.863665e+00 3.005470e+09 3.837735e+09
7.001246e+00 2.920146e+09 3.729789e+09
7.141586e+00 2.837816e+09 3.624144e+09
7.284738e+00 2.757339e+09 3.520843e+09
7.430760e+00 2.678750e+09 3.417287e+09
7.579709e+00 2.600333e+09 3.315900e+09
7.731644e+00 2.523848e+09 3.218211e+09
7.886624e+00 2.449089e+09 3.123200e+09
8.044711e+00 2.377816e+09 3.028185e+09
8.205967e+00 2.306462e+09 2.941970e+09
8.370455e+00 2.236794e+09 2.855896e+09
8.538240e+00 2.169383e+09 2.767764e+09
8.709388e+00 2.103540e+09 2.681925e+09
8.883967e+00 2.038854e+09 2.597565e+09
9.062045e+00 1.975530e+09 2.521103e+09
9.243693e+00 1.913647e+09 2.444925e+09
9.428983e+00 1.853600e+09 2.367023e+09
9.617986e+00 1.795945e+09 2.292651e+09
9.810778e+00 1.739056e+09 2.217365e+09
1.000743e+01 1.683345e+09 2.147945e+09
1.020803e+01 1.628154e+09 2.079141e+09
1.041265e+01 1.574282e+09 2.009116e+09
1.062137e+01 1.522680e+09 1.942102e+09
1.083428e+01 1.470756e+09 1.875605e+09
1.105145e+01 1.420889e+09 1.811894e+09
1.127297e+01 1.372554e+09 1.748693e+09
1.149894e+01 1.325264e+09 1.686384e+09
1.172944e+01 1.279220e+09 1.628720e+09
1.196455e+01 1.234806e+09 1.572487e+09
1.220438e+01 1.192249e+09 1.517369e+09
1.244902e+01 1.150809e+09 1.462662e+09
1.269856e+01 1.110463e+09 1.411147e+09
1.295310e+01 1.070594e+09 1.361169e+09
1.321274e+01 1.031879e+09 1.312946e+09
1.347759e+01 9.954832e+08 1.265182e+09
1.374775e+01 9.601130e+08 1.218611e+09
1.402332e+01 9.247216e+08 1.173882e+09
1.430442e+01 8.909268e+08 1.130598e+09
1.459115e+01 8.568632e+08 1.087582e+09
1.488362e+01 8.257862e+08 1.047300e+09
1.518197e+01 7.948597e+08 1.007217e+09
1.548629e+01 7.640738e+08 9.692090e+08
1.579671e+01 7.340691e+08 9.315126e+08
1.611335e+01 7.059646e+08 8.950467e+08
1.643634e+01 6.785207e+08 8.585102e+08
1.676581e+01 6.509716e+08 8.237534e+08
1.710188e+01 6.254998e+08 7.915333e+08
1.744468e+01 6.003154e+08 7.592865e+08
1.779436e+01 5.751282e+08 7.274578e+08
1.815105e+01 5.514003e+08 6.977060e+08
1.851488e+01 5.270951e+08 6.676582e+08
1.888601e+01 5.045824e+08 6.389226e+08
1.926458e+01 4.821105e+08 6.117836e+08
1.965074e+01 4.605752e+08 5.862056e+08
2.004464e+01 4.394505e+08 5.602037e+08
2.044643e+01 4.196344e+08 5.347381e+08
2.085628e+01 4.003381e+08 5.114771e+08
2.127434e+01 3.822071e+08 4.883530e+08
2.170078e+01 3.641776e+08 4.659401e+08
2.213577e+01 3.465951e+08 4.445121e+08
2.257948e+01 3.289721e+08 4.235742e+08
2.303209e+01 3.121690e+08 4.032425e+08
2.349376e+01 2.962540e+08 3.841237e+08
2.396469e+01 2.824343e+08 3.658669e+08
2.444506e+01 2.684569e+08 3.475651e+08
2.493506e+01 2.550620e+08 3.303804e+08
2.543488e+01 2.424585e+08 3.137664e+08
2.594472e+01 2.296683e+08 2.979729e+08
2.646478e+01 2.178088e+08 2.835058e+08
2.699527e+01 2.061264e+08 2.688288e+08
2.753639e+01 1.951913e+08 2.550300e+08
2.808835e+01 1.846528e+08 2.415361e+08
2.865138e+01 1.746786e+08 2.284358e+08
2.922570e+01 1.647807e+08 2.160179e+08
2.981152e+01 1.549270e+08 2.045146e+08
3.040909e+01 1.458534e+08 1.934407e+08
3.101864e+01 1.372600e+08 1.826132e+08
3.164041e+01 1.291613e+08 1.721801e+08
3.227464e+01 1.210409e+08 1.624984e+08
3.292158e+01 1.135416e+08 1.536363e+08
3.358149e+01 1.064955e+08 1.446252e+08
3.425463e+01 9.969245e+07 1.359073e+08
3.494126e+01 9.337783e+07 1.279432e+08
3.564165e+01 8.736074e+07 1.203756e+08
3.635609e+01 8.163928e+07 1.131829e+08
3.708484e+01 7.636738e+07 1.063170e+08
3.782820e+01 7.131853e+07 9.983378e+07
3.858647e+01 6.639212e+07 9.347038e+07
3.935993e+01 6.173287e+07 8.744297e+07
4.014890e+01 5.738634e+07 8.166911e+07
4.095368e+01 5.340449e+07 7.645930e+07
4.177459e+01 4.980089e+07 7.166314e+07
4.261196e+01 4.639172e+07 6.689651e+07
4.346611e+01 4.318729e+07 6.259455e+07
4.433739e+01 4.018548e+07 5.838161e+07
4.522613e+01 3.741492e+07 5.425896e+07
4.613268e+01 3.485435e+07 5.041316e+07
4.705741e+01 3.245410e+07 4.680524e+07
4.800067e+01 3.020238e+07 4.355669e+07
4.896284e+01 2.809620e+07 4.051350e+07
4.994430e+01 2.616716e+07 3.767629e+07
5.094543e+01 2.433634e+07 3.503829e+07
5.196662e+01 2.266977e+07 3.255997e+07
5.300829e+01 2.112232e+07 3.020410e+07
5.407084e+01 1.964652e+07 2.801434e+07
5.515468e+01 1.827694e+07 2.598308e+07
5.626026e+01 1.701375e+07 2.408332e+07
5.738799e+01 1.584730e+07 2.234312e+07
5.853833e+01 1.475759e+07 2.074038e+07
5.971172e+01 1.373133e+07 1.922646e+07
6.090864e+01 1.277459e+07 1.783223e+07
6.212955e+01 1.188538e+07 1.654400e+07
6.337493e+01 1.106394e+07 1.533915e+07
6.464528e+01 1.029946e+07 1.423799e+07
6.594109e+01 9.587191e+06 1.320460e+07
6.726287e+01 8.927514e+06 1.224596e+07
6.861115e+01 8.318150e+06 1.135739e+07
6.998645e+01 7.743418e+06 1.052741e+07
7.138933e+01 7.206166e+06 9.759427e+06
7.282032e+01 6.702720e+06 9.036048e+06
7.428000e+01 6.245524e+06 8.376836e+06
7.576894e+01 5.812007e+06 7.774449e+06
7.728772e+01 5.408839e+06 7.210745e+06
7.883694e+01 5.031904e+06 6.690634e+06
8.041722e+01 4.681834e+06 6.211016e+06
8.202918e+01 4.357063e+06 5.762637e+06
8.367345e+01 4.055237e+06 5.345024e+06
8.535068e+01 3.774594e+06 4.968558e+06
8.706153e+01 3.511659e+06 4.609689e+06
8.880667e+01 3.270472e+06 4.274551e+06
9.058679e+01 3.043500e+06 3.966392e+06
9.240260e+01 2.831347e+06 3.678095e+06
9.425480e+01 2.638657e+06 3.413198e+06
9.614413e+01 2.454892e+06 3.168574e+06
9.807133e+01 2.283900e+06 2.943488e+06
1.000372e+02 2.125157e+06 2.729978e+06
1.020424e+02 1.974821e+06 2.536782e+06
1.040878e+02 1.838724e+06 2.352027e+06
1.061743e+02 1.709224e+06 2.182769e+06
1.083025e+02 1.589478e+06 2.028434e+06
1.104734e+02 1.477844e+06 1.882584e+06
1.126879e+02 1.371116e+06 1.746835e+06
1.149467e+02 1.275631e+06 1.621339e+06
1.172508e+02 1.186942e+06 1.505123e+06
1.196011e+02 1.103164e+06 1.395000e+06
1.219985e+02 1.025886e+06 1.296340e+06
1.244439e+02 9.528971e+05 1.202972e+06
1.269384e+02 8.845945e+05 1.116112e+06
1.294828e+02 8.223249e+05 1.035376e+06
1.320783e+02 7.647217e+05 9.597904e+05
1.347258e+02 7.108645e+05 8.917491e+05
1.374264e+02 6.620537e+05 8.282005e+05
1.401811e+02 6.166204e+05 7.683765e+05
1.429910e+02 5.727455e+05 7.138778e+05
1.458573e+02 5.324039e+05 6.626404e+05
1.487810e+02 4.949689e+05 6.158242e+05
1.517633e+02 4.601073e+05 5.717258e+05
1.548053e+02 4.281186e+05 5.304732e+05
1.579084e+02 3.983637e+05 4.919195e+05
1.610737e+02 3.700898e+05 4.567927e+05
1.643024e+02 3.442025e+05 4.244792e+05
1.675958e+02 3.196106e+05 3.944943e+05
1.709552e+02 2.971289e+05 3.667074e+05
1.743820e+02 2.761195e+05 3.406697e+05
1.778775e+02 2.567374e+05 3.164715e+05
1.814430e+02 2.388448e+05 2.942006e+05
1.850801e+02 2.218085e+05 2.735928e+05
1.887900e+02 2.062705e+05 2.544341e+05
1.925743e+02 1.915108e+05 2.363589e+05
1.964344e+02 1.778548e+05 2.196851e+05
2.003719e+02 1.650215e+05 2.039690e+05
2.043883e+02 1.532479e+05 1.896375e+05
2.084853e+02 1.422897e+05 1.761343e+05
2.126644e+02 1.319619e+05 1.635987e+05
2.169272e+02 1.225903e+05 1.519595e+05
2.212755e+02 1.140265e+05 1.412891e+05
2.257109e+02 1.059794e+05 1.311935e+05
2.302353e+02 9.848595e+04 1.219377e+05
2.348503e+02 9.139450e+04 1.133695e+05
2.395579e+02 8.491782e+04 1.053959e+05
2.443598e+02 7.885666e+04 9.783896e+04
2.492580e+02 7.318105e+04 9.082044e+04
2.542544e+02 6.793586e+04 8.441676e+04
2.593509e+02 6.311122e+04 7.845866e+04
2.645495e+02 5.862695e+04 7.294211e+04
2.698524e+02 5.439575e+04 6.779635e+04
2.752616e+02 5.052193e+04 6.309692e+04
2.807792e+02 4.689049e+04 5.868859e+04
2.864074e+02 4.358669e+04 5.460976e+04
2.921484e+02 4.047258e+04 5.079275e+04
2.980045e+02 3.758687e+04 4.722097e+04
3.039780e+02 3.489010e+04 4.392035e+04
3.100712e+02 3.237692e+04 4.081615e+04
3.162865e+02 3.004838e+04 3.793574e+04
3.226265e+02 2.789716e+04 3.529759e+04
3.290935e+02 2.589165e+04 3.284861e+04
3.356901e+02 2.401809e+04 3.053320e+04
3.424190e+02 2.231642e+04 2.837958e+04
3.492828e+02 2.071102e+04 2.638179e+04
3.562841e+02 1.922112e+04 2.454408e+04
3.634258e+02 1.784334e+04 2.285702e+04
3.707107e+02 1.655399e+04 2.126061e+04
3.781415e+02 1.535050e+04 1.976048e+04
3.857213e+02 1.424254e+04 1.834789e+04
3.934531e+02 1.321760e+04 1.707643e+04
4.013398e+02 1.224865e+04 1.588180e+04
4.093847e+02 1.135807e+04 1.477363e+04
4.175907e+02 1.053496e+04 1.375443e+04
4.259613e+02 9.769474e+03 1.278515e+04
4.344997e+02 9.065959e+03 1.187977e+04
4.432092e+02 8.414352e+03 1.104950e+04
4.520933e+02 7.808058e+03 1.029981e+04
4.611555e+02 7.249652e+03 9.566298e+03
4.703993e+02 6.723166e+03 8.889021e+03
4.798284e+02 6.236316e+03 8.264997e+03
4.894465e+02 5.778719e+03 7.682191e+03
4.992574e+02 5.357655e+03 7.145896e+03
5.092650e+02 4.966673e+03 6.648656e+03
5.194732e+02 4.603786e+03 6.188987e+03
5.298860e+02 4.276711e+03 5.768149e+03
5.405075e+02 3.969486e+03 5.367037e+03
5.513420e+02 3.682962e+03 4.994535e+03
5.623936e+02 3.414712e+03 4.647038e+03
5.736667e+02 3.165117e+03 4.326440e+03
5.851658e+02 2.937705e+03 4.025470e+03
5.968954e+02 2.724401e+03 3.745038e+03
6.088601e+02 2.526584e+03 3.486247e+03
6.210647e+02 2.344303e+03 3.245911e+03
6.335139e+02 2.174410e+03 3.019483e+03
6.462126e+02 2.017781e+03 2.810519e+03
6.591659e+02 1.871881e+03 2.611801e+03
6.723788e+02 1.738803e+03 2.430466e+03
6.858566e+02 1.614594e+03 2.261403e+03
6.996046e+02 1.496991e+03 2.103914e+03
7.136281e+02 1.389537e+03 1.957747e+03
7.279327e+02 1.290894e+03 1.821654e+03
7.425240e+02 1.197248e+03 1.696250e+03
7.574079e+02 1.111375e+03 1.579175e+03
7.725901e+02 1.031079e+03 1.469741e+03
7.880766e+02 9.558664e+02 1.368195e+03
8.038735e+02 8.856086e+02 1.273543e+03
8.199871e+02 8.217587e+02 1.185519e+03
8.364237e+02 7.626110e+02 1.104416e+03
8.531897e+02 7.074250e+02 1.027856e+03
8.702918e+02 6.560805e+02 9.553649e+02
8.877368e+02 6.082316e+02 8.890669e+02
9.055314e+02 5.642056e+02 8.278116e+02
9.236827e+02 5.239658e+02 7.711439e+02
9.421978e+02 4.863726e+02 7.181163e+02
9.610841e+02 4.512470e+02 6.682780e+02
9.803490e+02 4.184515e+02 6.221856e+02
1.000000e+03 3.876511e+02 5.792290e+02
