# Energy(MeV) Sferica_Fluence(cm^-2*MeV^-1)
5.000000e-02 7.615988e+11
5.100225e-02 7.461370e+11
5.202458e-02 7.314303e+11
5.306741e-02 7.170345e+11
5.413114e-02 7.028084e+11
5.521620e-02 6.887865e+11
5.632300e-02 6.751955e+11
5.745199e-02 6.621175e+11
5.860361e-02 6.486326e+11
5.977832e-02 6.358398e+11
6.097657e-02 6.232330e+11
6.219884e-02 6.109343e+11
6.344561e-02 5.989094e+11
6.471737e-02 5.869717e+11
6.601463e-02 5.751034e+11
6.733789e-02 5.632701e+11
6.868767e-02 5.519767e+11
7.006451e-02 5.412175e+11
7.146895e-02 5.305824e+11
7.290154e-02 5.201263e+11
7.436284e-02 5.097475e+11
7.585344e-02 4.995482e+11
7.737392e-02 4.896347e+11
7.892487e-02 4.797209e+11
8.050691e-02 4.701031e+11
8.212067e-02 4.606835e+11
8.376677e-02 4.514468e+11
8.544587e-02 4.424074e+11
8.715862e-02 4.335902e+11
8.890571e-02 4.247655e+11
9.068782e-02 4.163375e+11
9.250565e-02 4.078820e+11
9.435992e-02 3.998124e+11
9.625136e-02 3.917456e+11
9.818071e-02 3.841118e+11
1.001487e-01 3.763716e+11
1.021562e-01 3.687265e+11
1.042039e-01 3.614095e+11
1.062927e-01 3.541996e+11
1.084233e-01 3.471007e+11
1.105966e-01 3.401719e+11
1.128135e-01 3.332841e+11
1.150749e-01 3.265759e+11
1.173816e-01 3.199525e+11
1.197345e-01 3.134174e+11
1.221345e-01 3.071784e+11
1.245827e-01 3.009464e+11
1.270800e-01 2.948788e+11
1.296273e-01 2.888596e+11
1.322256e-01 2.829810e+11
1.348761e-01 2.773291e+11
1.375797e-01 2.717214e+11
1.403374e-01 2.662360e+11
1.431505e-01 2.609604e+11
1.460199e-01 2.557254e+11
1.489469e-01 2.506611e+11
1.519325e-01 2.456595e+11
1.549780e-01 2.407221e+11
1.580845e-01 2.358831e+11
1.612533e-01 2.311404e+11
1.644856e-01 2.264959e+11
1.677827e-01 2.219219e+11
1.711459e-01 2.174693e+11
1.745765e-01 2.130647e+11
1.780759e-01 2.087944e+11
1.816454e-01 2.046323e+11
1.852865e-01 2.005103e+11
1.890005e-01 1.964262e+11
1.927890e-01 1.925603e+11
1.966535e-01 1.886914e+11
2.005954e-01 1.848947e+11
2.046163e-01 1.811618e+11
2.087178e-01 1.774736e+11
2.129015e-01 1.739326e+11
2.171691e-01 1.704180e+11
2.215223e-01 1.669887e+11
2.259627e-01 1.636680e+11
2.304921e-01 1.603518e+11
2.351123e-01 1.571749e+11
2.398251e-01 1.540626e+11
2.446324e-01 1.509792e+11
2.495360e-01 1.479066e+11
2.545379e-01 1.448024e+11
2.596401e-01 1.419269e+11
2.648446e-01 1.390524e+11
2.701534e-01 1.361972e+11
2.755686e-01 1.334452e+11
2.810923e-01 1.307444e+11
2.867268e-01 1.281961e+11
2.924742e-01 1.256684e+11
2.983368e-01 1.231394e+11
3.043170e-01 1.207045e+11
3.104170e-01 1.183005e+11
3.166393e-01 1.160092e+11
3.229863e-01 1.137099e+11
3.294605e-01 1.113710e+11
3.360645e-01 1.091208e+11
3.428009e-01 1.068711e+11
3.496723e-01 1.046792e+11
3.566815e-01 1.025876e+11
3.638311e-01 1.004256e+11
3.711241e-01 9.836960e+10
3.785633e-01 9.638312e+10
3.861515e-01 9.439540e+10
3.938919e-01 9.248642e+10
4.017874e-01 9.061178e+10
4.098412e-01 8.871871e+10
4.180565e-01 8.692844e+10
4.264364e-01 8.510799e+10
4.349843e-01 8.336204e+10
4.437035e-01 8.166733e+10
4.525975e-01 8.003898e+10
4.616698e-01 7.837029e+10
4.709239e-01 7.677781e+10
4.803635e-01 7.521289e+10
4.899924e-01 7.369910e+10
4.998143e-01 7.214377e+10
5.098330e-01 7.063213e+10
5.200526e-01 6.916951e+10
5.304770e-01 6.773970e+10
5.411103e-01 6.636183e+10
5.519569e-01 6.501198e+10
5.630208e-01 6.368764e+10
5.743065e-01 6.237575e+10
5.858184e-01 6.105620e+10
5.975611e-01 5.981647e+10
6.095392e-01 5.863071e+10
6.217573e-01 5.741697e+10
6.342204e-01 5.623253e+10
6.469333e-01 5.506023e+10
6.599011e-01 5.390352e+10
6.731287e-01 5.281844e+10
6.866215e-01 5.169818e+10
7.003848e-01 5.059357e+10
7.144240e-01 4.956786e+10
7.287445e-01 4.854151e+10
7.433522e-01 4.755144e+10
7.582526e-01 4.657229e+10
7.734517e-01 4.559777e+10
7.889555e-01 4.464735e+10
8.047701e-01 4.368844e+10
8.209016e-01 4.276788e+10
8.373565e-01 4.186954e+10
8.541413e-01 4.098963e+10
8.712625e-01 4.012543e+10
8.887268e-01 3.926730e+10
9.065413e-01 3.842501e+10
9.247129e-01 3.764277e+10
9.432487e-01 3.686226e+10
9.621560e-01 3.606296e+10
9.814423e-01 3.529708e+10
1.001115e+00 3.457071e+10
1.021183e+00 3.385791e+10
1.041652e+00 3.311701e+10
1.062532e+00 3.242216e+10
1.083830e+00 3.172703e+10
1.105556e+00 3.105491e+10
1.127716e+00 3.040658e+10
1.150321e+00 2.975957e+10
1.173379e+00 2.911837e+10
1.196900e+00 2.849187e+10
1.220892e+00 2.789625e+10
1.245364e+00 2.727473e+10
1.270327e+00 2.668917e+10
1.295791e+00 2.610470e+10
1.321765e+00 2.555999e+10
1.348260e+00 2.501885e+10
1.375286e+00 2.446096e+10
1.402853e+00 2.393758e+10
1.430973e+00 2.342807e+10
1.459657e+00 2.292780e+10
1.488916e+00 2.243306e+10
1.518761e+00 2.194391e+10
1.549204e+00 2.147323e+10
1.580258e+00 2.099870e+10
1.611934e+00 2.054251e+10
1.644245e+00 2.009490e+10
1.677204e+00 1.966438e+10
1.710823e+00 1.923557e+10
1.745117e+00 1.881462e+10
1.780097e+00 1.839121e+10
1.815779e+00 1.798477e+10
1.852176e+00 1.758941e+10
1.889303e+00 1.720915e+10
1.927174e+00 1.683893e+10
1.965804e+00 1.646579e+10
2.005209e+00 1.609276e+10
2.045403e+00 1.573678e+10
2.086403e+00 1.539074e+10
2.128224e+00 1.504374e+10
2.170885e+00 1.470903e+10
2.214400e+00 1.437694e+10
2.258787e+00 1.404925e+10
2.304064e+00 1.373175e+10
2.350249e+00 1.341952e+10
2.397360e+00 1.311393e+10
2.445415e+00 1.281344e+10
2.494433e+00 1.251894e+10
2.544434e+00 1.223013e+10
2.595437e+00 1.195018e+10
2.647462e+00 1.167277e+10
2.700530e+00 1.139966e+10
2.754662e+00 1.113777e+10
2.809879e+00 1.087856e+10
2.866203e+00 1.062954e+10
2.923656e+00 1.038625e+10
2.982260e+00 1.015248e+10
3.042039e+00 9.912386e+09
3.103017e+00 9.675212e+09
3.165216e+00 9.449000e+09
3.228663e+00 9.228105e+09
3.293381e+00 9.009180e+09
3.359397e+00 8.793535e+09
3.426736e+00 8.580687e+09
3.495424e+00 8.376441e+09
3.565490e+00 8.173806e+09
3.636960e+00 7.979137e+09
3.709862e+00 7.782166e+09
3.784226e+00 7.591832e+09
3.860081e+00 7.408606e+09
3.937456e+00 7.227612e+09
4.016382e+00 7.048561e+09
4.096890e+00 6.872058e+09
4.179012e+00 6.703281e+09
4.262780e+00 6.533803e+09
4.348227e+00 6.369701e+09
4.435387e+00 6.207964e+09
4.524294e+00 6.048244e+09
4.614983e+00 5.894211e+09
4.707490e+00 5.742900e+09
4.801851e+00 5.595729e+09
4.898104e+00 5.450579e+09
4.996286e+00 5.307720e+09
5.096436e+00 5.167302e+09
5.198594e+00 5.030935e+09
5.302799e+00 4.898053e+09
5.409093e+00 4.769674e+09
5.517518e+00 4.643845e+09
5.628116e+00 4.521005e+09
5.740932e+00 4.399164e+09
5.856008e+00 4.280199e+09
5.973391e+00 4.162131e+09
6.093127e+00 4.048518e+09
6.215264e+00 3.935764e+09
6.339848e+00 3.825509e+09
6.466930e+00 3.718062e+09
6.596559e+00 3.613829e+09
6.728787e+00 3.511896e+09
6.863665e+00 3.414481e+09
7.001246e+00 3.319651e+09
7.141586e+00 3.226195e+09
7.284738e+00 3.132790e+09
7.430760e+00 3.043096e+09
7.579709e+00 2.956025e+09
7.731644e+00 2.870169e+09
7.886624e+00 2.786890e+09
8.044711e+00 2.703589e+09
8.205967e+00 2.623715e+09
8.370455e+00 2.544577e+09
8.538240e+00 2.467944e+09
8.709388e+00 2.393355e+09
8.883967e+00 2.319735e+09
9.062045e+00 2.248527e+09
9.243693e+00 2.178977e+09
9.428983e+00 2.111931e+09
9.617986e+00 2.043909e+09
9.810778e+00 1.977292e+09
1.000743e+01 1.914648e+09
1.020803e+01 1.852863e+09
1.041265e+01 1.792283e+09
1.062137e+01 1.732529e+09
1.083428e+01 1.674566e+09
1.105145e+01 1.617191e+09
1.127297e+01 1.562293e+09
1.149894e+01 1.509522e+09
1.172944e+01 1.457946e+09
1.196455e+01 1.406720e+09
1.220438e+01 1.357124e+09
1.244902e+01 1.311022e+09
1.269856e+01 1.264667e+09
1.295310e+01 1.219296e+09
1.321274e+01 1.175139e+09
1.347759e+01 1.132996e+09
1.374775e+01 1.091179e+09
1.402332e+01 1.050952e+09
1.430442e+01 1.010884e+09
1.459115e+01 9.726687e+08
1.488362e+01 9.342874e+08
1.518197e+01 8.983655e+08
1.548629e+01 8.633871e+08
1.579671e+01 8.291005e+08
1.611335e+01 7.957885e+08
1.643634e+01 7.635073e+08
1.676581e+01 7.328012e+08
1.710188e+01 7.028954e+08
1.744468e+01 6.737969e+08
1.779436e+01 6.452477e+08
1.815105e+01 6.177375e+08
1.851488e+01 5.915778e+08
1.888601e+01 5.671391e+08
1.926458e+01 5.422598e+08
1.965074e+01 5.180149e+08
2.004464e+01 4.953756e+08
2.044643e+01 4.728349e+08
2.085628e+01 4.509232e+08
2.127434e+01 4.299561e+08
2.170078e+01 4.103888e+08
2.213577e+01 3.912906e+08
2.257948e+01 3.722194e+08
2.303209e+01 3.545410e+08
2.349376e+01 3.374160e+08
2.396469e+01 3.212244e+08
2.444506e+01 3.052861e+08
2.493506e+01 2.901392e+08
2.543488e+01 2.755560e+08
2.594472e+01 2.615779e+08
2.646478e+01 2.485835e+08
2.699527e+01 2.360371e+08
2.753639e+01 2.238264e+08
2.808835e+01 2.111889e+08
2.865138e+01 1.999803e+08
2.922570e+01 1.891473e+08
2.981152e+01 1.790570e+08
3.040909e+01 1.691615e+08
3.101864e+01 1.596242e+08
3.164041e+01 1.504659e+08
3.227464e+01 1.415624e+08
3.292158e+01 1.330987e+08
3.358149e+01 1.249956e+08
3.425463e+01 1.174090e+08
3.494126e+01 1.104116e+08
3.564165e+01 1.036887e+08
3.635609e+01 9.724173e+07
3.708484e+01 9.112583e+07
3.782820e+01 8.523681e+07
3.858647e+01 7.977720e+07
3.935993e+01 7.469031e+07
4.014890e+01 6.980138e+07
4.095368e+01 6.516755e+07
4.177459e+01 6.075559e+07
4.261196e+01 5.660997e+07
4.346611e+01 5.268625e+07
4.433739e+01 4.909644e+07
4.522613e+01 4.568323e+07
4.613268e+01 4.246989e+07
4.705741e+01 3.947401e+07
4.800067e+01 3.664674e+07
4.896284e+01 3.402004e+07
4.994430e+01 3.157825e+07
5.094543e+01 2.934096e+07
5.196662e+01 2.725938e+07
5.300829e+01 2.531354e+07
5.407084e+01 2.351354e+07
5.515468e+01 2.183612e+07
5.626026e+01 2.028215e+07
5.738799e+01 1.882919e+07
5.853833e+01 1.749744e+07
5.971172e+01 1.627831e+07
6.090864e+01 1.512491e+07
6.212955e+01 1.405030e+07
6.337493e+01 1.306019e+07
6.464528e+01 1.213140e+07
6.594109e+01 1.127571e+07
6.726287e+01 1.048985e+07
6.861115e+01 9.763234e+06
6.998645e+01 9.067100e+06
7.138933e+01 8.426522e+06
7.282032e+01 7.837931e+06
7.428000e+01 7.274594e+06
7.576894e+01 6.758164e+06
7.728772e+01 6.284450e+06
7.883694e+01 5.837067e+06
8.041722e+01 5.425370e+06
8.202918e+01 5.035292e+06
8.367345e+01 4.676751e+06
8.535068e+01 4.347505e+06
8.706153e+01 4.041181e+06
8.880667e+01 3.753111e+06
9.058679e+01 3.486782e+06
9.240260e+01 3.237666e+06
9.425480e+01 3.006847e+06
9.614413e+01 2.795148e+06
9.807133e+01 2.598956e+06
1.000372e+02 2.412074e+06
1.020424e+02 2.240963e+06
1.040878e+02 2.080845e+06
1.061743e+02 1.934032e+06
1.083025e+02 1.795249e+06
1.104734e+02 1.667377e+06
1.126879e+02 1.548798e+06
1.149467e+02 1.438163e+06
1.172508e+02 1.338743e+06
1.196011e+02 1.245863e+06
1.219985e+02 1.155408e+06
1.244439e+02 1.075713e+06
1.269384e+02 9.986094e+05
1.294828e+02 9.269366e+05
1.320783e+02 8.614476e+05
1.347258e+02 8.002199e+05
1.374264e+02 7.439322e+05
1.401811e+02 6.924732e+05
1.429910e+02 6.436632e+05
1.458573e+02 5.974871e+05
1.487810e+02 5.550629e+05
1.517633e+02 5.155977e+05
1.548053e+02 4.782428e+05
1.579084e+02 4.446655e+05
1.610737e+02 4.132878e+05
1.643024e+02 3.838085e+05
1.675958e+02 3.566282e+05
1.709552e+02 3.313908e+05
1.743820e+02 3.077578e+05
1.778775e+02 2.860590e+05
1.814430e+02 2.654312e+05
1.850801e+02 2.463507e+05
1.887900e+02 2.288557e+05
1.925743e+02 2.126995e+05
1.964344e+02 1.975830e+05
2.003719e+02 1.837405e+05
2.043883e+02 1.707646e+05
2.084853e+02 1.588136e+05
2.126644e+02 1.475468e+05
2.169272e+02 1.369417e+05
2.212755e+02 1.272367e+05
2.257109e+02 1.182789e+05
2.302353e+02 1.099567e+05
2.348503e+02 1.021101e+05
2.395579e+02 9.482257e+04
2.443598e+02 8.797828e+04
2.492580e+02 8.171291e+04
2.542544e+02 7.587274e+04
2.593509e+02 7.048947e+04
2.645495e+02 6.554459e+04
2.698524e+02 6.089445e+04
2.752616e+02 5.659027e+04
2.807792e+02 5.260507e+04
2.864074e+02 4.886575e+04
2.921484e+02 4.541441e+04
2.980045e+02 4.220707e+04
3.039780e+02 3.916488e+04
3.100712e+02 3.639372e+04
3.162865e+02 3.381961e+04
3.226265e+02 3.142968e+04
3.290935e+02 2.920493e+04
3.356901e+02 2.712208e+04
3.424190e+02 2.520024e+04
3.492828e+02 2.341374e+04
3.562841e+02 2.175224e+04
3.634258e+02 2.020238e+04
3.707107e+02 1.876570e+04
3.781415e+02 1.742987e+04
3.857213e+02 1.618988e+04
3.934531e+02 1.503372e+04
4.013398e+02 1.396511e+04
4.093847e+02 1.298352e+04
4.175907e+02 1.204717e+04
4.259613e+02 1.119445e+04
4.344997e+02 1.040938e+04
4.432092e+02 9.655195e+03
4.520933e+02 8.969941e+03
4.611555e+02 8.334581e+03
4.703993e+02 7.741276e+03
4.798284e+02 7.189214e+03
4.894465e+02 6.670149e+03
4.992574e+02 6.197436e+03
5.092650e+02 5.757507e+03
5.194732e+02 5.351677e+03
5.298860e+02 4.971174e+03
5.405075e+02 4.618515e+03
5.513420e+02 4.291209e+03
5.623936e+02 3.989553e+03
5.736667e+02 3.707421e+03
5.851658e+02 3.446197e+03
5.968954e+02 3.202238e+03
6.088601e+02 2.975226e+03
6.210647e+02 2.765115e+03
6.335139e+02 2.569296e+03
6.462126e+02 2.388005e+03
6.591659e+02 2.220646e+03
6.723788e+02 2.061742e+03
6.858566e+02 1.915847e+03
6.996046e+02 1.780627e+03
7.136281e+02 1.654701e+03
7.279327e+02 1.537457e+03
7.425240e+02 1.428748e+03
7.574079e+02 1.327886e+03
7.725901e+02 1.232759e+03
7.880766e+02 1.144895e+03
8.038735e+02 1.063751e+03
8.199871e+02 9.889026e+02
8.364237e+02 9.189577e+02
8.531897e+02 8.548951e+02
8.702918e+02 7.950824e+02
8.877368e+02 7.384784e+02
9.055314e+02 6.861224e+02
9.236827e+02 6.376585e+02
9.421978e+02 5.921560e+02
9.610841e+02 5.498338e+02
9.803490e+02 5.107664e+02
1.000000e+03 4.745082e+02
