# Energy(MeV) Phi16_Spherical Phi84_Spherical
5.000000e-02 5.047937e+11 6.901134e+13
5.049814e-02 4.979210e+11 6.716571e+13
5.100123e-02 4.911394e+11 6.536944e+13
5.150934e-02 4.844478e+11 6.362120e+13
5.202252e-02 4.778449e+11 6.188512e+13
5.254080e-02 4.713296e+11 6.018991e+13
5.306425e-02 4.649008e+11 5.854114e+13
5.359291e-02 4.585572e+11 5.693753e+13
5.412684e-02 4.522979e+11 5.537785e+13
5.466609e-02 4.461216e+11 5.386089e+13
5.521071e-02 4.400273e+11 5.238548e+13
5.576076e-02 4.340138e+11 5.095048e+13
5.631629e-02 4.280802e+11 4.955479e+13
5.687735e-02 4.222254e+11 4.819733e+13
5.744400e-02 4.164484e+11 4.687705e+13
5.801630e-02 4.107481e+11 4.559293e+13
5.859430e-02 4.051235e+11 4.434399e+13
5.917806e-02 3.995736e+11 4.312926e+13
5.976763e-02 3.940974e+11 4.194503e+13
6.036308e-02 3.886948e+11 4.078459e+13
6.096446e-02 3.834148e+11 3.965626e+13
6.157183e-02 3.783487e+11 3.855914e+13
6.218525e-02 3.734719e+11 3.749236e+13
6.280478e-02 3.686557e+11 3.645510e+13
6.343049e-02 3.639082e+11 3.544653e+13
6.406243e-02 3.592621e+11 3.446585e+13
6.470066e-02 3.546731e+11 3.352743e+13
6.534526e-02 3.501405e+11 3.262201e+13
6.599627e-02 3.456636e+11 3.174105e+13
6.665377e-02 3.412417e+11 3.088388e+13
6.731782e-02 3.368742e+11 3.004986e+13
6.798849e-02 3.325603e+11 2.923493e+13
6.866584e-02 3.282995e+11 2.845734e+13
6.934994e-02 3.240643e+11 2.769984e+13
7.004085e-02 3.196878e+11 2.696251e+13
7.073865e-02 3.153683e+11 2.624479e+13
7.144339e-02 3.111050e+11 2.554731e+13
7.215516e-02 3.068971e+11 2.488811e+13
7.287402e-02 3.027441e+11 2.424591e+13
7.360005e-02 2.986451e+11 2.362027e+13
7.433330e-02 2.945996e+11 2.301077e+13
7.507386e-02 2.906805e+11 2.241698e+13
7.582180e-02 2.868673e+11 2.183851e+13
7.657719e-02 2.831020e+11 2.127496e+13
7.734011e-02 2.793841e+11 2.072594e+13
7.811062e-02 2.757128e+11 2.019008e+13
7.888881e-02 2.720878e+11 1.966278e+13
7.967476e-02 2.685084e+11 1.913248e+13
8.046854e-02 2.649917e+11 1.860673e+13
8.127022e-02 2.615424e+11 1.809542e+13
8.207989e-02 2.581360e+11 1.759817e+13
8.289763e-02 2.547720e+11 1.711459e+13
8.372351e-02 2.514497e+11 1.664431e+13
8.455763e-02 2.481687e+11 1.618695e+13
8.540005e-02 2.449285e+11 1.573832e+13
8.625086e-02 2.417285e+11 1.530024e+13
8.711015e-02 2.385684e+11 1.487435e+13
8.797801e-02 2.354475e+11 1.447111e+13
8.885451e-02 2.323655e+11 1.408083e+13
8.973974e-02 2.293218e+11 1.370108e+13
9.063379e-02 2.263160e+11 1.333156e+13
9.153674e-02 2.233476e+11 1.297201e+13
9.244870e-02 2.204162e+11 1.262216e+13
9.336974e-02 2.175617e+11 1.228174e+13
9.429995e-02 2.147495e+11 1.195050e+13
9.523943e-02 2.119716e+11 1.162819e+13
9.618827e-02 2.091182e+11 1.131458e+13
9.714657e-02 2.062314e+11 1.100933e+13
9.811441e-02 2.034684e+11 1.070316e+13
9.909190e-02 2.007614e+11 1.040551e+13
1.000791e-01 1.981066e+11 1.011613e+13
1.010762e-01 1.954850e+11 9.834797e+12
1.020832e-01 1.928962e+11 9.561289e+12
1.031002e-01 1.903397e+11 9.295387e+12
1.041274e-01 1.878153e+11 9.036899e+12
1.051647e-01 1.853224e+11 8.798202e+12
1.062125e-01 1.828607e+11 8.565807e+12
1.072706e-01 1.804298e+11 8.339572e+12
1.083393e-01 1.780299e+11 8.120447e+12
1.094187e-01 1.756644e+11 7.907077e+12
1.105088e-01 1.733672e+11 7.699310e+12
1.116098e-01 1.711034e+11 7.496998e+12
1.127217e-01 1.688682e+11 7.300000e+12
1.138447e-01 1.666604e+11 7.108175e+12
1.149789e-01 1.644797e+11 6.921388e+12
1.161244e-01 1.623256e+11 6.739505e+12
1.172813e-01 1.601979e+11 6.562400e+12
1.184498e-01 1.580963e+11 6.389946e+12
1.196298e-01 1.560204e+11 6.222020e+12
1.208217e-01 1.539700e+11 6.058505e+12
1.220254e-01 1.519447e+11 5.897613e+12
1.232411e-01 1.499442e+11 5.740226e+12
1.244689e-01 1.479683e+11 5.587036e+12
1.257089e-01 1.460167e+11 5.437933e+12
1.269613e-01 1.440890e+11 5.292003e+12
1.282262e-01 1.421850e+11 5.151285e+12
1.295037e-01 1.403044e+11 5.012081e+12
1.307939e-01 1.384109e+11 4.877569e+12
1.320970e-01 1.364589e+11 4.744434e+12
1.334130e-01 1.345327e+11 4.608476e+12
1.347422e-01 1.326320e+11 4.480596e+12
1.360846e-01 1.307945e+11 4.357765e+12
1.374403e-01 1.290181e+11 4.237222e+12
1.388096e-01 1.272641e+11 4.121275e+12
1.401925e-01 1.255323e+11 4.008501e+12
1.415892e-01 1.238223e+11 3.898755e+12
1.429998e-01 1.221405e+11 3.797038e+12
1.444245e-01 1.204865e+11 3.700018e+12
1.458634e-01 1.188533e+11 3.605476e+12
1.473166e-01 1.172405e+11 3.513348e+12
1.487842e-01 1.156479e+11 3.423572e+12
1.502665e-01 1.140753e+11 3.334400e+12
1.517636e-01 1.124682e+11 3.244955e+12
1.532756e-01 1.108147e+11 3.158757e+12
1.548026e-01 1.091839e+11 3.073939e+12
1.563448e-01 1.075755e+11 2.991396e+12
1.579025e-01 1.059892e+11 2.911068e+12
1.594756e-01 1.044832e+11 2.832497e+12
1.610644e-01 1.030182e+11 2.755730e+12
1.626690e-01 1.015722e+11 2.681042e+12
1.642897e-01 1.001493e+11 2.608377e+12
1.659264e-01 9.876743e+10 2.537680e+12
1.675795e-01 9.740307e+10 2.468898e+12
1.692491e-01 9.605599e+10 2.401979e+12
1.709352e-01 9.472596e+10 2.336872e+12
1.726382e-01 9.341278e+10 2.273529e+12
1.743582e-01 9.211625e+10 2.211901e+12
1.760952e-01 9.082477e+10 2.151943e+12
1.778496e-01 8.950718e+10 2.093609e+12
1.796215e-01 8.811721e+10 2.036854e+12
1.814110e-01 8.679834e+10 1.981638e+12
1.832183e-01 8.549771e+10 1.927916e+12
1.850437e-01 8.422510e+10 1.875650e+12
1.868872e-01 8.298772e+10 1.827782e+12
1.887491e-01 8.176703e+10 1.781687e+12
1.906296e-01 8.056827e+10 1.736672e+12
1.925288e-01 7.943308e+10 1.687912e+12
1.944469e-01 7.831240e+10 1.640323e+12
1.963841e-01 7.720608e+10 1.594075e+12
1.983406e-01 7.611392e+10 1.549131e+12
2.003166e-01 7.504114e+10 1.505454e+12
2.023123e-01 7.399651e+10 1.464579e+12
2.043279e-01 7.296498e+10 1.424864e+12
2.063635e-01 7.189342e+10 1.386226e+12
2.084195e-01 7.083278e+10 1.348635e+12
2.104959e-01 6.986084e+10 1.312062e+12
2.125930e-01 6.890084e+10 1.276480e+12
2.147110e-01 6.793249e+10 1.241862e+12
2.168501e-01 6.695685e+10 1.208182e+12
2.190105e-01 6.599383e+10 1.175415e+12
2.211925e-01 6.504327e+10 1.143535e+12
2.233961e-01 6.410502e+10 1.114366e+12
2.256218e-01 6.317893e+10 1.087614e+12
2.278696e-01 6.226485e+10 1.061500e+12
2.301398e-01 6.136264e+10 1.036008e+12
2.324326e-01 6.048274e+10 1.009224e+12
2.347482e-01 5.962162e+10 9.822041e+11
2.370870e-01 5.877157e+10 9.557380e+11
2.394490e-01 5.793247e+10 9.299843e+11
2.418345e-01 5.710417e+10 9.049239e+11
2.442439e-01 5.628656e+10 8.804951e+11
2.466772e-01 5.547949e+10 8.563083e+11
2.491348e-01 5.468283e+10 8.327710e+11
2.516168e-01 5.389647e+10 8.098169e+11
2.541236e-01 5.312027e+10 7.877285e+11
2.566554e-01 5.235411e+10 7.671126e+11
2.592123e-01 5.158999e+10 7.463029e+11
2.617948e-01 5.083438e+10 7.260243e+11
2.644030e-01 5.008871e+10 7.062051e+11
2.670371e-01 4.933801e+10 6.869139e+11
2.696976e-01 4.859661e+10 6.681491e+11
2.723845e-01 4.789839e+10 6.498963e+11
2.750982e-01 4.715038e+10 6.325867e+11
2.778389e-01 4.641060e+10 6.158855e+11
2.806069e-01 4.568271e+10 5.996246e+11
2.834025e-01 4.497596e+10 5.837924e+11
2.862260e-01 4.427891e+10 5.683777e+11
2.890775e-01 4.359144e+10 5.533694e+11
2.919575e-01 4.292102e+10 5.387568e+11
2.948662e-01 4.228660e+10 5.245296e+11
2.978039e-01 4.167658e+10 5.103610e+11
3.007708e-01 4.107417e+10 4.960136e+11
3.037673e-01 4.047929e+10 4.820583e+11
3.067937e-01 3.987409e+10 4.684668e+11
3.098501e-01 3.926204e+10 4.555112e+11
3.129371e-01 3.865821e+10 4.441332e+11
3.160548e-01 3.806250e+10 4.330390e+11
3.192035e-01 3.747480e+10 4.222216e+11
3.223837e-01 3.689502e+10 4.111896e+11
3.255955e-01 3.632306e+10 4.002851e+11
3.288393e-01 3.575883e+10 3.895685e+11
3.321154e-01 3.520222e+10 3.791383e+11
3.354242e-01 3.465315e+10 3.689870e+11
3.387659e-01 3.411151e+10 3.594617e+11
3.421410e-01 3.357723e+10 3.502837e+11
3.455496e-01 3.305020e+10 3.413395e+11
3.489922e-01 3.253034e+10 3.326232e+11
3.524691e-01 3.201756e+10 3.241289e+11
3.559807e-01 3.152500e+10 3.158263e+11
3.595272e-01 3.104570e+10 3.075533e+11
3.631090e-01 3.057267e+10 2.994187e+11
3.667266e-01 3.010640e+10 2.911449e+11
3.703802e-01 2.961674e+10 2.829972e+11
3.740702e-01 2.914268e+10 2.750441e+11
3.777969e-01 2.867515e+10 2.673141e+11
3.815608e-01 2.821408e+10 2.598012e+11
3.853622e-01 2.775938e+10 2.526674e+11
3.892014e-01 2.731098e+10 2.462935e+11
3.930789e-01 2.686879e+10 2.401389e+11
3.969950e-01 2.643275e+10 2.337541e+11
4.009502e-01 2.599187e+10 2.274563e+11
4.049447e-01 2.554363e+10 2.215432e+11
4.089791e-01 2.510212e+10 2.160756e+11
4.130536e-01 2.466725e+10 2.106744e+11
4.171687e-01 2.423894e+10 2.053932e+11
4.213249e-01 2.381708e+10 2.002361e+11
4.255224e-01 2.340160e+10 1.945923e+11
4.297618e-01 2.299241e+10 1.892748e+11
4.340433e-01 2.258942e+10 1.843638e+11
4.383676e-01 2.220079e+10 1.795798e+11
4.427349e-01 2.181792e+10 1.749197e+11
4.471458e-01 2.144071e+10 1.703280e+11
4.516005e-01 2.106911e+10 1.657176e+11
4.560997e-01 2.070302e+10 1.611280e+11
4.606437e-01 2.034369e+10 1.569273e+11
4.652329e-01 1.999387e+10 1.528360e+11
4.698679e-01 1.964916e+10 1.488510e+11
4.745491e-01 1.931755e+10 1.449687e+11
4.792769e-01 1.899590e+10 1.411765e+11
4.840518e-01 1.866387e+10 1.374832e+11
4.888742e-01 1.835433e+10 1.338862e+11
4.937447e-01 1.804398e+10 1.303832e+11
4.986638e-01 1.773713e+10 1.269715e+11
5.036318e-01 1.743916e+10 1.236588e+11
5.086493e-01 1.714935e+10 1.206592e+11
5.137168e-01 1.686612e+10 1.175281e+11
5.188349e-01 1.657211e+10 1.145932e+11
5.240038e-01 1.629729e+10 1.117959e+11
5.292243e-01 1.601794e+10 1.090374e+11
5.344968e-01 1.574349e+10 1.062082e+11
5.398219e-01 1.547547e+10 1.033204e+11
5.452000e-01 1.521122e+10 1.005009e+11
5.506316e-01 1.495067e+10 9.775547e+10
5.561174e-01 1.469379e+10 9.529312e+10
5.616578e-01 1.444054e+10 9.265774e+10
5.672535e-01 1.418762e+10 9.004932e+10
5.729048e-01 1.393921e+10 8.765157e+10
5.786125e-01 1.369169e+10 8.531762e+10
5.843771e-01 1.344780e+10 8.295657e+10
5.901990e-01 1.321265e+10 8.076724e+10
5.960790e-01 1.298460e+10 7.863707e+10
6.020176e-01 1.275817e+10 7.654550e+10
6.080153e-01 1.254942e+10 7.451562e+10
6.140728e-01 1.234881e+10 7.254863e+10
6.201906e-01 1.212939e+10 7.072838e+10
6.263694e-01 1.189616e+10 6.888104e+10
6.326097e-01 1.164829e+10 6.695593e+10
6.389122e-01 1.139856e+10 6.517025e+10
6.452775e-01 1.115348e+10 6.332486e+10
6.517062e-01 1.091298e+10 6.148836e+10
6.581990e-01 1.071029e+10 5.968269e+10
6.647564e-01 1.050059e+10 5.792686e+10
6.713792e-01 1.029134e+10 5.622257e+10
6.780679e-01 1.012700e+10 5.459324e+10
6.848233e-01 9.922067e+09 5.310136e+10
6.916460e-01 9.719000e+09 5.170896e+10
6.985367e-01 9.523903e+09 5.027479e+10
7.054960e-01 9.338297e+09 4.884084e+10
7.125246e-01 9.172568e+09 4.744249e+10
7.196233e-01 8.976891e+09 4.606267e+10
7.267927e-01 8.808540e+09 4.484226e+10
7.340335e-01 8.650278e+09 4.370954e+10
7.413465e-01 8.496505e+09 4.266159e+10
7.487323e-01 8.348336e+09 4.149066e+10
7.561917e-01 8.190432e+09 4.031196e+10
7.637254e-01 8.023135e+09 3.915660e+10
7.713341e-01 7.858180e+09 3.816732e+10
7.790187e-01 7.695642e+09 3.722407e+10
7.867798e-01 7.544715e+09 3.630400e+10
7.946183e-01 7.414505e+09 3.540652e+10
8.025348e-01 7.300457e+09 3.453110e+10
8.105303e-01 7.146804e+09 3.367418e+10
8.186053e-01 6.985865e+09 3.282207e+10
8.267608e-01 6.831822e+09 3.198593e+10
8.349976e-01 6.680100e+09 3.111926e+10
8.433165e-01 6.537808e+09 3.026133e+10
8.517182e-01 6.401775e+09 2.942655e+10
8.602036e-01 6.268210e+09 2.862144e+10
8.687735e-01 6.136482e+09 2.789752e+10
8.774289e-01 6.000910e+09 2.723245e+10
8.861704e-01 5.869750e+09 2.658299e+10
8.949991e-01 5.740959e+09 2.593101e+10
9.039157e-01 5.614503e+09 2.529098e+10
9.129211e-01 5.500227e+09 2.466468e+10
9.220163e-01 5.396054e+09 2.395331e+10
9.312021e-01 5.282271e+09 2.331107e+10
9.404793e-01 5.178465e+09 2.265663e+10
9.498491e-01 5.074784e+09 2.202048e+10
9.593121e-01 4.967343e+09 2.144519e+10
9.688695e-01 4.861858e+09 2.088475e+10
9.785220e-01 4.757624e+09 2.034145e+10
9.882707e-01 4.645735e+09 1.981123e+10
9.981166e-01 4.536041e+09 1.930119e+10
1.008061e+00 4.432894e+09 1.881551e+10
1.018104e+00 4.355112e+09 1.837317e+10
1.028247e+00 4.254297e+09 1.793167e+10
1.038491e+00 4.175897e+09 1.745604e+10
1.048837e+00 4.082345e+09 1.699050e+10
1.059286e+00 3.998633e+09 1.654246e+10
1.069839e+00 3.910451e+09 1.609440e+10
1.080498e+00 3.829958e+09 1.566091e+10
1.091263e+00 3.746612e+09 1.525370e+10
1.102135e+00 3.656966e+09 1.489280e+10
1.113115e+00 3.567522e+09 1.454908e+10
1.124204e+00 3.480415e+09 1.421262e+10
1.135405e+00 3.401309e+09 1.388218e+10
1.146716e+00 3.328812e+09 1.355931e+10
1.158141e+00 3.249028e+09 1.323819e+10
1.169679e+00 3.169078e+09 1.289005e+10
1.181332e+00 3.099947e+09 1.254936e+10
1.193101e+00 3.028459e+09 1.220892e+10
1.204988e+00 2.954895e+09 1.188984e+10
1.216993e+00 2.882854e+09 1.158228e+10
1.229117e+00 2.804791e+09 1.127805e+10
1.241363e+00 2.730429e+09 1.098029e+10
1.253730e+00 2.655165e+09 1.069034e+10
1.266220e+00 2.592989e+09 1.041068e+10
1.278835e+00 2.527075e+09 1.013305e+10
1.291576e+00 2.462445e+09 9.865313e+09
1.304444e+00 2.401877e+09 9.615347e+09
1.317439e+00 2.343513e+09 9.364953e+09
1.330565e+00 2.286298e+09 9.138611e+09
1.343821e+00 2.229127e+09 8.897603e+09
1.357209e+00 2.177808e+09 8.662919e+09
1.370730e+00 2.121522e+09 8.455300e+09
1.384386e+00 2.073357e+09 8.255981e+09
1.398179e+00 2.024280e+09 8.061189e+09
1.412108e+00 1.976150e+09 7.862168e+09
1.426177e+00 1.925781e+09 7.678104e+09
1.440385e+00 1.881337e+09 7.500907e+09
1.454735e+00 1.837473e+09 7.337038e+09
1.469229e+00 1.790742e+09 7.166607e+09
1.483866e+00 1.740201e+09 7.000572e+09
1.498649e+00 1.692419e+09 6.827992e+09
1.513580e+00 1.647073e+09 6.663042e+09
1.528659e+00 1.602294e+09 6.511746e+09
1.543889e+00 1.559810e+09 6.348785e+09
1.559270e+00 1.523977e+09 6.201128e+09
1.574805e+00 1.490673e+09 6.058118e+09
1.590494e+00 1.451138e+09 5.916947e+09
1.606340e+00 1.416112e+09 5.775284e+09
1.622343e+00 1.383635e+09 5.640048e+09
1.638506e+00 1.346991e+09 5.507922e+09
1.654830e+00 1.311634e+09 5.378833e+09
1.671317e+00 1.275960e+09 5.252714e+09
1.687967e+00 1.241255e+09 5.129496e+09
1.704784e+00 1.207516e+09 5.008939e+09
1.721768e+00 1.180083e+09 4.887944e+09
1.738922e+00 1.150220e+09 4.765636e+09
1.756246e+00 1.119173e+09 4.646068e+09
1.773743e+00 1.092479e+09 4.528836e+09
1.791414e+00 1.065377e+09 4.414060e+09
1.809262e+00 1.035388e+09 4.305360e+09
1.827287e+00 1.006668e+09 4.208488e+09
1.845492e+00 9.803532e+08 4.096322e+09
1.863878e+00 9.550483e+08 3.984942e+09
1.882447e+00 9.312986e+08 3.882096e+09
1.901201e+00 9.052985e+08 3.783531e+09
1.920142e+00 8.807223e+08 3.687430e+09
1.939272e+00 8.581915e+08 3.600610e+09
1.958592e+00 8.343718e+08 3.514419e+09
1.978105e+00 8.112133e+08 3.420467e+09
1.997813e+00 7.885606e+08 3.338947e+09
2.017716e+00 7.663402e+08 3.254672e+09
2.037818e+00 7.457145e+08 3.182622e+09
2.058120e+00 7.249305e+08 3.106411e+09
2.078625e+00 7.047239e+08 3.033833e+09
2.099333e+00 6.851530e+08 2.968196e+09
2.120248e+00 6.661361e+08 2.904703e+09
2.141372e+00 6.476471e+08 2.830172e+09
2.162706e+00 6.296712e+08 2.760282e+09
2.184252e+00 6.125542e+08 2.690065e+09
2.206013e+00 5.968853e+08 2.625152e+09
2.227991e+00 5.802006e+08 2.563818e+09
2.250188e+00 5.639824e+08 2.503875e+09
2.272606e+00 5.483692e+08 2.446357e+09
2.295247e+00 5.340038e+08 2.391546e+09
2.318114e+00 5.190377e+08 2.336346e+09
2.341209e+00 5.044911e+08 2.281678e+09
2.364533e+00 4.903521e+08 2.223246e+09
2.388091e+00 4.766094e+08 2.173140e+09
2.411882e+00 4.632518e+08 2.119153e+09
2.435911e+00 4.502760e+08 2.064996e+09
2.460179e+00 4.376752e+08 2.017443e+09
2.484690e+00 4.254270e+08 1.973635e+09
2.509444e+00 4.135216e+08 1.927870e+09
2.534445e+00 4.019493e+08 1.880534e+09
2.559694e+00 3.907882e+08 1.833598e+09
2.585196e+00 3.801306e+08 1.786277e+09
2.610951e+00 3.697807e+08 1.742482e+09
2.636964e+00 3.597136e+08 1.699920e+09
2.663235e+00 3.499206e+08 1.658158e+09
2.689768e+00 3.403558e+08 1.618204e+09
2.716565e+00 3.307883e+08 1.580620e+09
2.743630e+00 3.214226e+08 1.543208e+09
2.770964e+00 3.124451e+08 1.506560e+09
2.798570e+00 3.038773e+08 1.471461e+09
2.826451e+00 2.953720e+08 1.437202e+09
2.854610e+00 2.867445e+08 1.404779e+09
2.883050e+00 2.786416e+08 1.373053e+09
2.911773e+00 2.708559e+08 1.341781e+09
2.940782e+00 2.633098e+08 1.310962e+09
2.970080e+00 2.559964e+08 1.280825e+09
2.999670e+00 2.486969e+08 1.251566e+09
3.029555e+00 2.415112e+08 1.219286e+09
3.059737e+00 2.345330e+08 1.189689e+09
3.090221e+00 2.278041e+08 1.161720e+09
3.121008e+00 2.212689e+08 1.135519e+09
3.152101e+00 2.150320e+08 1.107715e+09
3.183505e+00 2.089993e+08 1.079935e+09
3.215221e+00 2.031544e+08 1.052768e+09
3.247253e+00 1.974725e+08 1.028669e+09
3.279605e+00 1.920706e+08 1.006129e+09
3.312279e+00 1.868251e+08 9.850286e+08
3.345278e+00 1.817229e+08 9.637163e+08
3.378606e+00 1.767601e+08 9.406088e+08
3.412266e+00 1.719328e+08 9.175147e+08
3.446261e+00 1.672374e+08 8.955824e+08
3.480595e+00 1.626702e+08 8.739873e+08
3.515271e+00 1.581697e+08 8.534076e+08
3.550293e+00 1.537021e+08 8.325635e+08
3.585664e+00 1.492419e+08 8.117150e+08
3.621386e+00 1.448895e+08 7.924493e+08
3.657465e+00 1.406818e+08 7.747788e+08
3.693903e+00 1.367928e+08 7.562358e+08
3.730705e+00 1.328465e+08 7.376203e+08
3.767873e+00 1.290566e+08 7.200676e+08
3.805411e+00 1.255407e+08 7.042884e+08
3.843323e+00 1.220646e+08 6.866180e+08
3.881613e+00 1.185275e+08 6.710822e+08
3.920284e+00 1.151285e+08 6.558696e+08
3.959341e+00 1.118909e+08 6.409508e+08
3.998787e+00 1.087699e+08 6.259477e+08
4.038625e+00 1.056485e+08 6.103385e+08
4.078861e+00 1.027130e+08 5.955057e+08
4.119497e+00 9.993983e+07 5.798920e+08
4.160539e+00 9.715269e+07 5.651167e+08
4.201989e+00 9.444327e+07 5.506736e+08
4.243852e+00 9.180941e+07 5.359952e+08
4.286132e+00 8.924901e+07 5.221248e+08
4.328834e+00 8.676001e+07 5.097498e+08
4.371961e+00 8.434043e+07 4.976448e+08
4.415517e+00 8.199123e+07 4.858093e+08
4.459508e+00 7.972428e+07 4.740683e+08
4.503936e+00 7.755522e+07 4.616448e+08
4.548808e+00 7.544917e+07 4.494090e+08
4.594126e+00 7.330758e+07 4.389350e+08
4.639896e+00 7.122678e+07 4.280654e+08
4.686122e+00 6.922190e+07 4.172578e+08
4.732808e+00 6.726625e+07 4.068217e+08
4.779960e+00 6.534545e+07 3.980082e+08
4.827581e+00 6.351699e+07 3.893698e+08
4.875677e+00 6.169938e+07 3.809035e+08
4.924252e+00 5.993425e+07 3.724762e+08
4.973311e+00 5.822278e+07 3.637968e+08
5.022858e+00 5.656781e+07 3.538605e+08
5.072900e+00 5.497867e+07 3.437788e+08
5.123439e+00 5.343785e+07 3.352050e+08
5.174483e+00 5.194157e+07 3.280538e+08
5.226035e+00 5.048718e+07 3.190571e+08
5.278100e+00 4.907352e+07 3.111500e+08
5.330684e+00 4.770060e+07 3.035386e+08
5.383792e+00 4.636909e+07 2.964307e+08
5.437429e+00 4.507672e+07 2.894828e+08
5.491601e+00 4.382571e+07 2.819533e+08
5.546312e+00 4.258187e+07 2.748577e+08
5.601568e+00 4.139019e+07 2.680438e+08
5.657375e+00 4.024601e+07 2.612080e+08
5.713738e+00 3.914793e+07 2.542141e+08
5.770662e+00 3.803826e+07 2.474218e+08
5.828153e+00 3.695173e+07 2.408020e+08
5.886217e+00 3.591465e+07 2.347252e+08
5.944860e+00 3.493307e+07 2.292228e+08
6.004087e+00 3.395934e+07 2.239242e+08
6.063904e+00 3.299544e+07 2.187401e+08
6.124317e+00 3.205923e+07 2.132861e+08
6.185331e+00 3.115937e+07 2.077766e+08
6.246954e+00 3.027669e+07 2.026148e+08
6.309191e+00 2.941139e+07 1.972921e+08
6.372047e+00 2.857127e+07 1.925906e+08
6.435530e+00 2.776296e+07 1.879557e+08
6.499645e+00 2.698217e+07 1.833231e+08
6.564399e+00 2.622373e+07 1.785946e+08
6.629798e+00 2.548683e+07 1.740680e+08
6.695849e+00 2.477064e+07 1.697492e+08
6.762558e+00 2.407201e+07 1.655059e+08
6.829931e+00 2.339007e+07 1.609890e+08
6.897976e+00 2.272744e+07 1.565589e+08
6.966698e+00 2.208487e+07 1.524730e+08
7.036105e+00 2.147708e+07 1.487379e+08
7.106204e+00 2.088983e+07 1.446820e+08
7.177001e+00 2.031601e+07 1.410323e+08
7.248503e+00 1.976211e+07 1.372390e+08
7.320718e+00 1.922145e+07 1.334964e+08
7.393652e+00 1.868868e+07 1.299342e+08
7.467313e+00 1.816665e+07 1.263437e+08
7.541707e+00 1.765920e+07 1.229789e+08
7.616843e+00 1.716568e+07 1.198673e+08
7.692728e+00 1.668491e+07 1.169260e+08
7.769368e+00 1.621295e+07 1.139335e+08
7.846772e+00 1.575611e+07 1.109399e+08
7.924947e+00 1.531215e+07 1.079510e+08
8.003901e+00 1.488071e+07 1.052327e+08
8.083641e+00 1.446292e+07 1.025360e+08
8.164176e+00 1.405687e+07 9.983400e+07
8.245513e+00 1.366222e+07 9.717992e+07
8.327661e+00 1.327864e+07 9.446628e+07
8.410627e+00 1.290584e+07 9.193704e+07
8.494420e+00 1.254350e+07 8.946531e+07
8.579047e+00 1.219134e+07 8.702518e+07
8.664517e+00 1.184906e+07 8.464443e+07
8.750839e+00 1.151639e+07 8.232177e+07
8.838021e+00 1.119306e+07 8.020856e+07
8.926072e+00 1.087881e+07 7.805809e+07
9.015000e+00 1.057338e+07 7.594344e+07
9.104813e+00 1.027653e+07 7.387297e+07
9.195522e+00 9.988013e+06 7.185325e+07
9.287134e+00 9.708033e+06 6.987463e+07
9.379659e+00 9.436781e+06 6.794087e+07
9.473106e+00 9.171985e+06 6.605473e+07
9.567484e+00 8.914333e+06 6.418650e+07
9.662802e+00 8.666666e+06 6.247198e+07
9.759069e+00 8.426321e+06 6.082228e+07
9.856296e+00 8.192642e+06 5.918598e+07
9.954491e+00 7.965444e+06 5.758782e+07
1.005366e+01 7.744546e+06 5.599471e+07
1.015383e+01 7.530163e+06 5.443395e+07
1.025499e+01 7.321589e+06 5.291201e+07
1.035715e+01 7.117330e+06 5.142084e+07
1.046034e+01 6.918770e+06 4.994775e+07
1.056455e+01 6.725975e+06 4.850174e+07
1.066980e+01 6.541089e+06 4.714733e+07
1.077610e+01 6.361285e+06 4.581040e+07
1.088346e+01 6.186424e+06 4.450785e+07
1.099189e+01 6.016056e+06 4.324145e+07
1.110140e+01 5.844198e+06 4.200325e+07
1.121200e+01 5.676908e+06 4.079482e+07
1.132370e+01 5.514407e+06 3.962116e+07
1.143652e+01 5.358573e+06 3.848126e+07
1.155046e+01 5.208653e+06 3.738771e+07
1.166553e+01 5.063875e+06 3.633884e+07
1.178175e+01 4.925954e+06 3.528180e+07
1.189913e+01 4.788715e+06 3.426105e+07
1.201767e+01 4.653879e+06 3.328410e+07
1.213740e+01 4.522923e+06 3.232960e+07
1.225832e+01 4.395651e+06 3.140181e+07
1.238045e+01 4.271961e+06 3.050066e+07
1.250379e+01 4.151752e+06 2.962536e+07
1.262836e+01 4.034925e+06 2.877518e+07
1.275418e+01 3.921420e+06 2.794940e+07
1.288124e+01 3.811534e+06 2.714732e+07
1.300958e+01 3.704727e+06 2.639707e+07
1.313919e+01 3.600914e+06 2.566086e+07
1.327009e+01 3.500009e+06 2.492494e+07
1.340229e+01 3.401932e+06 2.420853e+07
1.353582e+01 3.306603e+06 2.350601e+07
1.367067e+01 3.213946e+06 2.282389e+07
1.380687e+01 3.123885e+06 2.218135e+07
1.394442e+01 3.036348e+06 2.153554e+07
1.408334e+01 2.951264e+06 2.091451e+07
1.422365e+01 2.868564e+06 2.031665e+07
1.436536e+01 2.788181e+06 1.973339e+07
1.450848e+01 2.710051e+06 1.916619e+07
1.465302e+01 2.634110e+06 1.861505e+07
1.479900e+01 2.560297e+06 1.807950e+07
1.494644e+01 2.488553e+06 1.756547e+07
1.509535e+01 2.418819e+06 1.706891e+07
1.524574e+01 2.351039e+06 1.658616e+07
1.539763e+01 2.285159e+06 1.611683e+07
1.555103e+01 2.221124e+06 1.564136e+07
1.570596e+01 2.158884e+06 1.518492e+07
1.586243e+01 2.098388e+06 1.474684e+07
1.602047e+01 2.039588e+06 1.432007e+07
1.618007e+01 1.981261e+06 1.390467e+07
1.634127e+01 1.923776e+06 1.350502e+07
1.650407e+01 1.867959e+06 1.311828e+07
1.666850e+01 1.813762e+06 1.274262e+07
1.683456e+01 1.762400e+06 1.237771e+07
1.700228e+01 1.713477e+06 1.202325e+07
1.717167e+01 1.665912e+06 1.167761e+07
1.734275e+01 1.619667e+06 1.133593e+07
1.751553e+01 1.574706e+06 1.100406e+07
1.769003e+01 1.530999e+06 1.068191e+07
1.786627e+01 1.488532e+06 1.036918e+07
1.804426e+01 1.447243e+06 1.006562e+07
1.822403e+01 1.407100e+06 9.770938e+06
1.840560e+01 1.368070e+06 9.483498e+06
1.858896e+01 1.330123e+06 9.203879e+06
1.877416e+01 1.293228e+06 8.932506e+06
1.896120e+01 1.257356e+06 8.669134e+06
1.915011e+01 1.222480e+06 8.416765e+06
1.934089e+01 1.188571e+06 8.171995e+06
1.953358e+01 1.155501e+06 7.931387e+06
1.972819e+01 1.123146e+06 7.695106e+06
1.992473e+01 1.091698e+06 7.467508e+06
2.012324e+01 1.061282e+06 7.252437e+06
2.032372e+01 1.031796e+06 7.046453e+06
2.052620e+01 1.003129e+06 6.846320e+06
2.073070e+01 9.752595e+05 6.651871e+06
2.093723e+01 9.481658e+05 6.459073e+06
2.114582e+01 9.226779e+05 6.266148e+06
2.135649e+01 8.978755e+05 6.078986e+06
2.156926e+01 8.731734e+05 5.897678e+06
2.178415e+01 8.488330e+05 5.730844e+06
2.200118e+01 8.248274e+05 5.568730e+06
2.222037e+01 8.015007e+05 5.411202e+06
2.244174e+01 7.789610e+05 5.258130e+06
2.266532e+01 7.570674e+05 5.109389e+06
2.289113e+01 7.364844e+05 4.962683e+06
2.311919e+01 7.162063e+05 4.819784e+06
2.334952e+01 6.960769e+05 4.681000e+06
2.358214e+01 6.765680e+05 4.546212e+06
2.381708e+01 6.573637e+05 4.415307e+06
2.405437e+01 6.387441e+05 4.288404e+06
2.429401e+01 6.206520e+05 4.166123e+06
2.453605e+01 6.030723e+05 4.047139e+06
2.478049e+01 5.859774e+05 3.931552e+06
2.502737e+01 5.692002e+05 3.819267e+06
2.527671e+01 5.529035e+05 3.710189e+06
2.552854e+01 5.372991e+05 3.604227e+06
2.578287e+01 5.221927e+05 3.501291e+06
2.603974e+01 5.075110e+05 3.401072e+06
2.629916e+01 4.932421e+05 3.298317e+06
2.656117e+01 4.794170e+05 3.202122e+06
2.682580e+01 4.659651e+05 3.108027e+06
2.709305e+01 4.528906e+05 3.016084e+06
2.736297e+01 4.403435e+05 2.928067e+06
2.763558e+01 4.280910e+05 2.843374e+06
2.791091e+01 4.160895e+05 2.761131e+06
2.818897e+01 4.044244e+05 2.681266e+06
2.846981e+01 3.930864e+05 2.604541e+06
2.875345e+01 3.820662e+05 2.530322e+06
2.903991e+01 3.713693e+05 2.459038e+06
2.932923e+01 3.610082e+05 2.391215e+06
2.962143e+01 3.509363e+05 2.322631e+06
2.991654e+01 3.411453e+05 2.255495e+06
3.021458e+01 3.316997e+05 2.190575e+06
3.051560e+01 3.225793e+05 2.128033e+06
3.081962e+01 3.137098e+05 2.067276e+06
3.112667e+01 3.050841e+05 2.008675e+06
3.143677e+01 2.967130e+05 1.951844e+06
3.174997e+01 2.885786e+05 1.896622e+06
3.206628e+01 2.806672e+05 1.842961e+06
3.238575e+01 2.729726e+05 1.790819e+06
3.270840e+01 2.653727e+05 1.740153e+06
3.303426e+01 2.579012e+05 1.690920e+06
3.336338e+01 2.506401e+05 1.643080e+06
3.369576e+01 2.436164e+05 1.596540e+06
3.403147e+01 2.368476e+05 1.551173e+06
3.437051e+01 2.300118e+05 1.507003e+06
3.471293e+01 2.235853e+05 1.464077e+06
3.505877e+01 2.171223e+05 1.422373e+06
3.540805e+01 2.109578e+05 1.381857e+06
3.576081e+01 2.049921e+05 1.342496e+06
3.611708e+01 1.991808e+05 1.304255e+06
3.647691e+01 1.934506e+05 1.267104e+06
3.684031e+01 1.879243e+05 1.231011e+06
3.720734e+01 1.826357e+05 1.196404e+06
3.757803e+01 1.775213e+05 1.162771e+06
3.795241e+01 1.725652e+05 1.129236e+06
3.833052e+01 1.677421e+05 1.096810e+06
3.871239e+01 1.630515e+05 1.065947e+06
3.909807e+01 1.584795e+05 1.036404e+06
3.948759e+01 1.540357e+05 1.007490e+06
3.988100e+01 1.497165e+05 9.792498e+05
4.027832e+01 1.455185e+05 9.518012e+05
4.067960e+01 1.414381e+05 9.251222e+05
4.108488e+01 1.374721e+05 8.986699e+05
4.149420e+01 1.336174e+05 8.728766e+05
4.190759e+01 1.298708e+05 8.475977e+05
4.232510e+01 1.262292e+05 8.230092e+05
4.274678e+01 1.226897e+05 7.990475e+05
4.317265e+01 1.192495e+05 7.760719e+05
4.360277e+01 1.159057e+05 7.537129e+05
4.403717e+01 1.126557e+05 7.326386e+05
4.447590e+01 1.094968e+05 7.115746e+05
4.491900e+01 1.064265e+05 6.907994e+05
4.536651e+01 1.034423e+05 6.704740e+05
4.581848e+01 1.005418e+05 6.508284e+05
4.627496e+01 9.772259e+04 6.322375e+05
4.673598e+01 9.498244e+04 6.141213e+05
4.720160e+01 9.231914e+04 5.964125e+05
4.767186e+01 8.973051e+04 5.791716e+05
4.814680e+01 8.720927e+04 5.623187e+05
4.862647e+01 8.470710e+04 5.459762e+05
4.911092e+01 8.227673e+04 5.302426e+05
4.960020e+01 7.991609e+04 5.148694e+05
5.009435e+01 7.762318e+04 5.002173e+05
5.059342e+01 7.539607e+04 4.857378e+05
5.109747e+01 7.323285e+04 4.717261e+05
5.160654e+01 7.113170e+04 4.582719e+05
5.212068e+01 6.909084e+04 4.453930e+05
5.263994e+01 6.710854e+04 4.329326e+05
5.316438e+01 6.518311e+04 4.207377e+05
5.369404e+01 6.331293e+04 4.089337e+05
5.422898e+01 6.149756e+04 3.972814e+05
5.476924e+01 5.974178e+04 3.861281e+05
5.531489e+01 5.806267e+04 3.752869e+05
5.586598e+01 5.638372e+04 3.647501e+05
5.642256e+01 5.478473e+04 3.545091e+05
5.698468e+01 5.318796e+04 3.445556e+05
5.755240e+01 5.162740e+04 3.348785e+05
5.812578e+01 5.013224e+04 3.254208e+05
5.870487e+01 4.867803e+04 3.161985e+05
5.928972e+01 4.728300e+04 3.070788e+05
5.988041e+01 4.592131e+04 2.982222e+05
6.047698e+01 4.460752e+04 2.896211e+05
6.107949e+01 4.334806e+04 2.815032e+05
6.168801e+01 4.214374e+04 2.731856e+05
6.230259e+01 4.097403e+04 2.654918e+05
6.292329e+01 3.983679e+04 2.580376e+05
6.355018e+01 3.873369e+04 2.506723e+05
6.418331e+01 3.765766e+04 2.436967e+05
6.482275e+01 3.658312e+04 2.369072e+05
6.546856e+01 3.555217e+04 2.300678e+05
6.612080e+01 3.456415e+04 2.232418e+05
6.677954e+01 3.360359e+04 2.166994e+05
6.744485e+01 3.267289e+04 2.106079e+05
6.811678e+01 3.175408e+04 2.047146e+05
6.879541e+01 3.086097e+04 1.989740e+05
6.948080e+01 2.999299e+04 1.932831e+05
7.017301e+01 2.914942e+04 1.877409e+05
7.087213e+01 2.834504e+04 1.823411e+05
7.157820e+01 2.756659e+04 1.770665e+05
7.229132e+01 2.681123e+04 1.719380e+05
7.301153e+01 2.607789e+04 1.669270e+05
7.373893e+01 2.536461e+04 1.619929e+05
7.447356e+01 2.467084e+04 1.572678e+05
7.521552e+01 2.398820e+04 1.528962e+05
7.596487e+01 2.330870e+04 1.485537e+05
7.672169e+01 2.264846e+04 1.442633e+05
7.748604e+01 2.200691e+04 1.400805e+05
7.825801e+01 2.139053e+04 1.361243e+05
7.903767e+01 2.080103e+04 1.322871e+05
7.982510e+01 2.022824e+04 1.283763e+05
8.062038e+01 1.967524e+04 1.246755e+05
8.142357e+01 1.913744e+04 1.210946e+05
8.223477e+01 1.859806e+04 1.176896e+05
8.305405e+01 1.808117e+04 1.144215e+05
8.388150e+01 1.757864e+04 1.112329e+05
8.471718e+01 1.708679e+04 1.080834e+05
8.556119e+01 1.658577e+04 1.049663e+05
8.641361e+01 1.608023e+04 1.019243e+05
8.727453e+01 1.559011e+04 9.896943e+04
8.814402e+01 1.513630e+04 9.608580e+04
8.902217e+01 1.470083e+04 9.328620e+04
8.990907e+01 1.428658e+04 9.056817e+04
9.080481e+01 1.389104e+04 8.792934e+04
9.170947e+01 1.350790e+04 8.534776e+04
9.262314e+01 1.313458e+04 8.282679e+04
9.354592e+01 1.277047e+04 8.043248e+04
9.447789e+01 1.241646e+04 7.813794e+04
9.541915e+01 1.207226e+04 7.588411e+04
9.636978e+01 1.173760e+04 7.376176e+04
9.732988e+01 1.141221e+04 7.168032e+04
9.829955e+01 1.109585e+04 6.965763e+04
9.927888e+01 1.078826e+04 6.769203e+04
1.002680e+02 1.048920e+04 6.576954e+04
1.012669e+02 1.019842e+04 6.389736e+04
1.022758e+02 9.915711e+03 6.215333e+04
1.032947e+02 9.640835e+03 6.046798e+04
1.043238e+02 9.373580e+03 5.876236e+04
1.053632e+02 9.113734e+03 5.702938e+04
1.064129e+02 8.844315e+03 5.534752e+04
1.074730e+02 8.582388e+03 5.373179e+04
1.085438e+02 8.328221e+03 5.220227e+04
1.096252e+02 8.081585e+03 5.071629e+04
1.107173e+02 7.842257e+03 4.927261e+04
1.118204e+02 7.619504e+03 4.787002e+04
1.129344e+02 7.404411e+03 4.650737e+04
1.140595e+02 7.196976e+03 4.519174e+04
1.151959e+02 6.995353e+03 4.394192e+04
1.163435e+02 6.799378e+03 4.264774e+04
1.175026e+02 6.608894e+03 4.143185e+04
1.186733e+02 6.423746e+03 4.025285e+04
1.198556e+02 6.243785e+03 3.910753e+04
1.210497e+02 6.070218e+03 3.799504e+04
1.222556e+02 5.901937e+03 3.691362e+04
1.234736e+02 5.738487e+03 3.585793e+04
1.247038e+02 5.580052e+03 3.483168e+04
1.259462e+02 5.425992e+03 3.381880e+04
1.272009e+02 5.276185e+03 3.282245e+04
1.284682e+02 5.129856e+03 3.188989e+04
1.297481e+02 4.987179e+03 3.100653e+04
1.310407e+02 4.848471e+03 3.015175e+04
1.323462e+02 4.713622e+03 2.930940e+04
1.336648e+02 4.582664e+03 2.847963e+04
1.349964e+02 4.456258e+03 2.766930e+04
1.363414e+02 4.333339e+03 2.688536e+04
1.376997e+02 4.213811e+03 2.611929e+04
1.390715e+02 4.097580e+03 2.537506e+04
1.404571e+02 3.984555e+03 2.465203e+04
1.418564e+02 3.874648e+03 2.393908e+04
1.432697e+02 3.767772e+03 2.324346e+04
1.446970e+02 3.663845e+03 2.258323e+04
1.461386e+02 3.562784e+03 2.193791e+04
1.475945e+02 3.464511e+03 2.130721e+04
1.490650e+02 3.368437e+03 2.069465e+04
1.505501e+02 3.274789e+03 2.010099e+04
1.520500e+02 3.183745e+03 1.953090e+04
1.535648e+02 3.094907e+03 1.898442e+04
1.550947e+02 3.003273e+03 1.845797e+04
1.566399e+02 2.914353e+03 1.794508e+04
1.582004e+02 2.829009e+03 1.743692e+04
1.597765e+02 2.748237e+03 1.694275e+04
1.613683e+02 2.671730e+03 1.646804e+04
1.629760e+02 2.597903e+03 1.601079e+04
1.645997e+02 2.526116e+03 1.557172e+04
1.662395e+02 2.456314e+03 1.514469e+04
1.678957e+02 2.388441e+03 1.472937e+04
1.695684e+02 2.322443e+03 1.432545e+04
1.712578e+02 2.257101e+03 1.393260e+04
1.729640e+02 2.192718e+03 1.355052e+04
1.746872e+02 2.130171e+03 1.317892e+04
1.764275e+02 2.069409e+03 1.281751e+04
1.781852e+02 2.010417e+03 1.246601e+04
1.799604e+02 1.953229e+03 1.212416e+04
1.817533e+02 1.897667e+03 1.178761e+04
1.835641e+02 1.843686e+03 1.145510e+04
1.853929e+02 1.791241e+03 1.114056e+04
1.872399e+02 1.740287e+03 1.082641e+04
1.891053e+02 1.690783e+03 1.051579e+04
1.909893e+02 1.641320e+03 1.022064e+04
1.928921e+02 1.592532e+03 9.931368e+03
1.948138e+02 1.546022e+03 9.647730e+03
1.967547e+02 1.502122e+03 9.368042e+03
1.987149e+02 1.459482e+03 9.087746e+03
2.006946e+02 1.418625e+03 8.819743e+03
2.026941e+02 1.378911e+03 8.567397e+03
2.047134e+02 1.340308e+03 8.322270e+03
2.067529e+02 1.302787e+03 8.091990e+03
2.088128e+02 1.266316e+03 7.868373e+03
2.108931e+02 1.230651e+03 7.650936e+03
2.129942e+02 1.195754e+03 7.437421e+03
2.151162e+02 1.162588e+03 7.226804e+03
2.172593e+02 1.130007e+03 7.022130e+03
2.194238e+02 1.098195e+03 6.829453e+03
2.216098e+02 1.067278e+03 6.630848e+03
2.238177e+02 1.037231e+03 6.443393e+03
2.260475e+02 1.008031e+03 6.256904e+03
2.282995e+02 9.796522e+02 6.083740e+03
2.305740e+02 9.520726e+02 5.915368e+03
2.328712e+02 9.252695e+02 5.751502e+03
2.351912e+02 8.992210e+02 5.590926e+03
2.375343e+02 8.739058e+02 5.434834e+03
2.399008e+02 8.489639e+02 5.283099e+03
2.422909e+02 8.234669e+02 5.134927e+03
2.447047e+02 7.987360e+02 4.990813e+03
2.471427e+02 7.747934e+02 4.849598e+03
2.496049e+02 7.524766e+02 4.715578e+03
2.520916e+02 7.308030e+02 4.584831e+03
2.546031e+02 7.097540e+02 4.458362e+03
2.571397e+02 6.891338e+02 4.332658e+03
2.597015e+02 6.685554e+02 4.210425e+03
2.622888e+02 6.487174e+02 4.092345e+03
2.649019e+02 6.295256e+02 3.977577e+03
2.675410e+02 6.109016e+02 3.866028e+03
2.702065e+02 5.928339e+02 3.756836e+03
2.728985e+02 5.753347e+02 3.650386e+03
2.756173e+02 5.583522e+02 3.546951e+03
2.783631e+02 5.424789e+02 3.446448e+03
2.811364e+02 5.272887e+02 3.348792e+03
2.839373e+02 5.128585e+02 3.253904e+03
2.867661e+02 4.987780e+02 3.161497e+03
2.896230e+02 4.839943e+02 3.070820e+03
2.925085e+02 4.702244e+02 2.984863e+03
2.954226e+02 4.568465e+02 2.903504e+03
2.983658e+02 4.439349e+02 2.824047e+03
3.013384e+02 4.314016e+02 2.746487e+03
3.043405e+02 4.192369e+02 2.671095e+03
3.073726e+02 4.074208e+02 2.597790e+03
3.104348e+02 3.959376e+02 2.525796e+03
3.135276e+02 3.847782e+02 2.455370e+03
3.166512e+02 3.739332e+02 2.386860e+03
3.198059e+02 3.633939e+02 2.320262e+03
3.229920e+02 3.531517e+02 2.255315e+03
3.262099e+02 3.431981e+02 2.191893e+03
3.294598e+02 3.335251e+02 2.129018e+03
3.327421e+02 3.241247e+02 2.067244e+03
3.360571e+02 3.149893e+02 2.007917e+03
3.394052e+02 3.061113e+02 1.951817e+03
3.427866e+02 2.974836e+02 1.895980e+03
3.462016e+02 2.887330e+02 1.841009e+03
3.496507e+02 2.801721e+02 1.786369e+03
3.531342e+02 2.718652e+02 1.734480e+03
3.566524e+02 2.640717e+02 1.686882e+03
3.602056e+02 2.566700e+02 1.639109e+03
3.637942e+02 2.493716e+02 1.592072e+03
3.674186e+02 2.420516e+02 1.546384e+03
3.710791e+02 2.351471e+02 1.502008e+03
3.747760e+02 2.283392e+02 1.458905e+03
3.785098e+02 2.216488e+02 1.417942e+03
3.822808e+02 2.153186e+02 1.378577e+03
3.860893e+02 2.091892e+02 1.339270e+03
3.899358e+02 2.032976e+02 1.300923e+03
3.938206e+02 1.975721e+02 1.263674e+03
3.977442e+02 1.920077e+02 1.227491e+03
4.017068e+02 1.866001e+02 1.192345e+03
4.057089e+02 1.813448e+02 1.158204e+03
4.097508e+02 1.762375e+02 1.125042e+03
4.138330e+02 1.712741e+02 1.092829e+03
4.179559e+02 1.664606e+02 1.061538e+03
4.221199e+02 1.618329e+02 1.031143e+03
4.263254e+02 1.573338e+02 1.001618e+03
4.305727e+02 1.529271e+02 9.731511e+02
4.348624e+02 1.486030e+02 9.456670e+02
4.391948e+02 1.444011e+02 9.194690e+02
4.435703e+02 1.403181e+02 8.939968e+02
4.479895e+02 1.363504e+02 8.692302e+02
4.524527e+02 1.324950e+02 8.451498e+02
4.569603e+02 1.287486e+02 8.217365e+02
4.615129e+02 1.251081e+02 7.989718e+02
4.661108e+02 1.215706e+02 7.766656e+02
4.707545e+02 1.181331e+02 7.550031e+02
4.754445e+02 1.147914e+02 7.338993e+02
4.801812e+02 1.115230e+02 7.135457e+02
4.849651e+02 1.083477e+02 6.937566e+02
4.897967e+02 1.052629e+02 6.745164e+02
4.946764e+02 1.022658e+02 6.558097e+02
4.996047e+02 9.937016e+01 6.378089e+02
5.045821e+02 9.655887e+01 6.203588e+02
5.096091e+02 9.382712e+01 6.033861e+02
5.146862e+02 9.117265e+01 5.867877e+02
5.198139e+02 8.859328e+01 5.700700e+02
5.249926e+02 8.608688e+01 5.539747e+02
5.302230e+02 8.365139e+01 5.385849e+02
5.355054e+02 8.128481e+01 5.235627e+02
5.408405e+02 7.898518e+01 5.089252e+02
5.462287e+02 7.675061e+01 4.943814e+02
5.516707e+02 7.457926e+01 4.800163e+02
5.571668e+02 7.246934e+01 4.659874e+02
5.627177e+02 7.041911e+01 4.523686e+02
5.683239e+02 6.842689e+01 4.391478e+02
5.739859e+02 6.649103e+01 4.263135e+02
5.797043e+02 6.460993e+01 4.145509e+02
5.854798e+02 6.278206e+01 4.031425e+02
5.913127e+02 6.100589e+01 3.919628e+02
5.972038e+02 5.927998e+01 3.808328e+02
6.031536e+02 5.760290e+01 3.702789e+02
6.091626e+02 5.589500e+01 3.601457e+02
6.152315e+02 5.422558e+01 3.502897e+02
6.213609e+02 5.260604e+01 3.407035e+02
6.275513e+02 5.107804e+01 3.313797e+02
6.338034e+02 4.964731e+01 3.223110e+02
6.401178e+02 4.825666e+01 3.134905e+02
6.464951e+02 4.690496e+01 3.049113e+02
6.529359e+02 4.559113e+01 2.965670e+02
6.594410e+02 4.431411e+01 2.884510e+02
6.660108e+02 4.307345e+01 2.805571e+02
6.726460e+02 4.187334e+01 2.728792e+02
6.793474e+02 4.070667e+01 2.654115e+02
6.861155e+02 3.957251e+01 2.581389e+02
6.929511e+02 3.846995e+01 2.510190e+02
6.998548e+02 3.739811e+01 2.440955e+02
7.068272e+02 3.635613e+01 2.371704e+02
7.138691e+02 3.534318e+01 2.304227e+02
7.209812e+02 3.432822e+01 2.238670e+02
7.281641e+02 3.336954e+01 2.174713e+02
7.354186e+02 3.243765e+01 2.112555e+02
7.427453e+02 3.153058e+01 2.052173e+02
7.501451e+02 3.063811e+01 1.993517e+02
7.576186e+02 2.976959e+01 1.936732e+02
7.651665e+02 2.892870e+01 1.883148e+02
7.727896e+02 2.811155e+01 1.831047e+02
7.804887e+02 2.731748e+01 1.780387e+02
7.882645e+02 2.653170e+01 1.731129e+02
7.961177e+02 2.572912e+01 1.683234e+02
8.040492e+02 2.495083e+01 1.636664e+02
8.120597e+02 2.420270e+01 1.591382e+02
8.201500e+02 2.351337e+01 1.547354e+02
8.283209e+02 2.284504e+01 1.504543e+02
8.365732e+02 2.220411e+01 1.462572e+02
8.449078e+02 2.158117e+01 1.421479e+02
8.533253e+02 2.097570e+01 1.381540e+02
8.618268e+02 2.038722e+01 1.342724e+02
8.704129e+02 1.981525e+01 1.304905e+02
8.790845e+02 1.925932e+01 1.268113e+02
8.878426e+02 1.871899e+01 1.232357e+02
8.966879e+02 1.819383e+01 1.197610e+02
9.056213e+02 1.768339e+01 1.163842e+02
9.146438e+02 1.718810e+01 1.131026e+02
9.237561e+02 1.670679e+01 1.099136e+02
9.329592e+02 1.623896e+01 1.068145e+02
9.422540e+02 1.578423e+01 1.038028e+02
9.516414e+02 1.534223e+01 1.008760e+02
9.611223e+02 1.491261e+01 9.803168e+01
9.706977e+02 1.449502e+01 9.526759e+01
9.803685e+02 1.408913e+01 9.258144e+01
9.901356e+02 1.369460e+01 8.997102e+01
1.000000e+03 1.331112e+01 8.743421e+01
