# Energy(MeV) Phi_16_Spherical Phi_84_Spherical
1.000000e+00 1.458439e+10 1.867523e+10
1.013939e+00 1.429869e+10 1.832549e+10
1.028073e+00 1.402418e+10 1.798290e+10
1.042404e+00 1.375513e+10 1.765822e+10
1.056935e+00 1.349110e+10 1.732322e+10
1.071668e+00 1.323264e+10 1.699587e+10
1.086606e+00 1.297827e+10 1.668965e+10
1.101753e+00 1.272434e+10 1.637532e+10
1.117111e+00 1.247710e+10 1.606668e+10
1.132683e+00 1.222369e+10 1.576363e+10
1.148472e+00 1.197664e+10 1.546633e+10
1.164481e+00 1.174469e+10 1.517259e+10
1.180713e+00 1.152117e+10 1.488936e+10
1.197171e+00 1.130057e+10 1.460921e+10
1.213859e+00 1.107837e+10 1.433270e+10
1.230780e+00 1.086021e+10 1.406047e+10
1.247936e+00 1.065583e+10 1.379174e+10
1.265332e+00 1.044675e+10 1.353438e+10
1.282970e+00 1.023821e+10 1.328052e+10
1.300854e+00 1.003885e+10 1.303157e+10
1.318987e+00 9.840724e+09 1.277906e+10
1.337373e+00 9.645667e+09 1.253061e+10
1.356015e+00 9.457379e+09 1.228643e+10
1.374917e+00 9.273986e+09 1.204681e+10
1.394083e+00 9.093160e+09 1.181123e+10
1.413516e+00 8.914143e+09 1.158080e+10
1.433219e+00 8.739880e+09 1.135570e+10
1.453198e+00 8.568901e+09 1.114143e+10
1.473454e+00 8.400088e+09 1.093282e+10
1.493993e+00 8.235273e+09 1.072437e+10
1.514819e+00 8.073281e+09 1.052135e+10
1.535935e+00 7.913115e+09 1.032037e+10
1.557345e+00 7.751298e+09 1.012232e+10
1.579053e+00 7.602600e+09 9.927836e+09
1.601064e+00 7.449811e+09 9.736145e+09
1.623382e+00 7.298652e+09 9.545025e+09
1.646012e+00 7.150095e+09 9.361627e+09
1.668956e+00 7.004949e+09 9.182479e+09
1.692220e+00 6.862617e+09 9.005363e+09
1.715809e+00 6.723176e+09 8.829713e+09
1.739726e+00 6.587483e+09 8.658418e+09
1.763977e+00 6.454606e+09 8.490807e+09
1.788566e+00 6.324663e+09 8.324141e+09
1.813498e+00 6.196460e+09 8.162371e+09
1.838777e+00 6.070195e+09 8.004108e+09
1.864409e+00 5.946134e+09 7.848127e+09
1.890397e+00 5.827755e+09 7.690648e+09
1.916748e+00 5.710292e+09 7.538801e+09
1.943467e+00 5.595328e+09 7.392857e+09
1.970558e+00 5.481869e+09 7.242336e+09
1.998026e+00 5.371219e+09 7.098098e+09
2.025878e+00 5.262327e+09 6.959271e+09
2.054117e+00 5.156734e+09 6.821387e+09
2.082751e+00 5.050803e+09 6.691721e+09
2.111783e+00 4.950281e+09 6.560999e+09
2.141220e+00 4.852760e+09 6.430900e+09
2.171068e+00 4.756513e+09 6.299241e+09
2.201331e+00 4.659793e+09 6.171593e+09
2.232016e+00 4.562312e+09 6.051452e+09
2.263130e+00 4.466925e+09 5.926724e+09
2.294676e+00 4.374187e+09 5.808565e+09
2.326663e+00 4.284364e+09 5.689750e+09
2.359095e+00 4.196810e+09 5.577500e+09
2.391980e+00 4.110992e+09 5.467887e+09
2.425323e+00 4.026865e+09 5.354657e+09
2.459130e+00 3.944393e+09 5.246542e+09
2.493409e+00 3.865129e+09 5.140432e+09
2.528166e+00 3.786711e+09 5.038521e+09
2.563407e+00 3.708345e+09 4.937770e+09
2.599140e+00 3.631511e+09 4.836736e+09
2.635371e+00 3.556154e+09 4.735868e+09
2.672106e+00 3.482651e+09 4.635858e+09
2.709354e+00 3.409702e+09 4.537851e+09
2.747121e+00 3.339083e+09 4.450867e+09
2.785414e+00 3.269360e+09 4.362281e+09
2.824241e+00 3.201945e+09 4.273964e+09
2.863610e+00 3.134927e+09 4.186582e+09
2.903527e+00 3.069993e+09 4.100550e+09
2.944000e+00 3.003603e+09 4.016160e+09
2.985038e+00 2.940505e+09 3.934805e+09
3.026648e+00 2.877473e+09 3.855754e+09
3.068838e+00 2.816644e+09 3.773664e+09
3.111616e+00 2.756972e+09 3.693025e+09
3.154990e+00 2.696582e+09 3.615779e+09
3.198969e+00 2.638907e+09 3.538063e+09
3.243561e+00 2.582528e+09 3.461775e+09
3.288774e+00 2.528636e+09 3.389239e+09
3.334618e+00 2.474764e+09 3.319848e+09
3.381101e+00 2.422539e+09 3.249997e+09
3.428231e+00 2.370637e+09 3.184916e+09
3.476019e+00 2.320117e+09 3.119932e+09
3.524473e+00 2.271456e+09 3.054610e+09
3.573602e+00 2.221258e+09 2.990164e+09
3.623416e+00 2.173420e+09 2.927002e+09
3.673925e+00 2.125973e+09 2.864308e+09
3.725137e+00 2.080327e+09 2.800764e+09
3.777064e+00 2.035513e+09 2.741420e+09
3.829714e+00 1.991355e+09 2.680796e+09
3.883098e+00 1.947870e+09 2.626357e+09
3.937226e+00 1.905433e+09 2.573622e+09
3.992109e+00 1.864167e+09 2.515697e+09
4.047757e+00 1.824697e+09 2.461468e+09
4.104181e+00 1.785026e+09 2.409915e+09
4.161391e+00 1.746218e+09 2.357700e+09
4.219398e+00 1.707677e+09 2.308226e+09
4.278214e+00 1.669233e+09 2.256089e+09
4.337850e+00 1.631894e+09 2.202488e+09
4.398317e+00 1.596077e+09 2.150745e+09
4.459628e+00 1.559645e+09 2.102613e+09
4.521792e+00 1.525495e+09 2.057090e+09
4.584824e+00 1.491343e+09 2.011863e+09
4.648734e+00 1.456966e+09 1.964904e+09
4.713535e+00 1.422578e+09 1.919695e+09
4.779239e+00 1.389587e+09 1.877437e+09
4.845859e+00 1.353824e+09 1.835479e+09
4.913407e+00 1.322149e+09 1.796060e+09
4.981898e+00 1.293203e+09 1.756436e+09
5.051342e+00 1.262026e+09 1.716775e+09
5.121755e+00 1.229816e+09 1.679621e+09
5.193150e+00 1.199631e+09 1.641405e+09
5.265540e+00 1.172368e+09 1.602830e+09
5.338938e+00 1.144799e+09 1.566600e+09
5.413360e+00 1.116843e+09 1.531468e+09
5.488820e+00 1.089458e+09 1.497473e+09
5.565331e+00 1.062514e+09 1.464169e+09
5.642908e+00 1.036099e+09 1.431122e+09
5.721568e+00 1.010611e+09 1.398535e+09
5.801323e+00 9.865185e+08 1.366528e+09
5.882190e+00 9.625651e+08 1.334140e+09
5.964185e+00 9.384571e+08 1.303048e+09
6.047322e+00 9.167519e+08 1.271758e+09
6.131619e+00 8.954383e+08 1.243176e+09
6.217090e+00 8.744097e+08 1.213954e+09
6.303753e+00 8.529750e+08 1.184553e+09
6.391624e+00 8.331840e+08 1.156445e+09
6.480720e+00 8.127000e+08 1.128903e+09
6.571058e+00 7.905160e+08 1.102966e+09
6.662655e+00 7.684944e+08 1.076662e+09
6.755528e+00 7.483930e+08 1.051358e+09
6.849697e+00 7.272696e+08 1.026766e+09
6.945178e+00 7.089730e+08 1.000753e+09
7.041990e+00 6.915796e+08 9.771360e+08
7.140151e+00 6.738484e+08 9.541055e+08
7.239681e+00 6.566564e+08 9.311562e+08
7.340598e+00 6.404687e+08 9.084528e+08
7.442922e+00 6.252304e+08 8.850893e+08
7.546673e+00 6.101738e+08 8.628609e+08
7.651869e+00 5.953771e+08 8.422933e+08
7.758532e+00 5.797424e+08 8.221265e+08
7.866682e+00 5.654930e+08 8.020089e+08
7.976339e+00 5.500205e+08 7.824273e+08
8.087525e+00 5.362387e+08 7.633614e+08
8.200261e+00 5.225518e+08 7.446755e+08
8.314568e+00 5.100987e+08 7.267943e+08
8.430468e+00 4.977701e+08 7.085709e+08
8.547985e+00 4.852827e+08 6.905766e+08
8.667139e+00 4.707712e+08 6.730489e+08
8.787954e+00 4.589120e+08 6.565130e+08
8.910453e+00 4.466993e+08 6.395558e+08
9.034660e+00 4.352362e+08 6.232682e+08
9.160598e+00 4.240580e+08 6.072589e+08
9.288292e+00 4.133454e+08 5.914357e+08
9.417766e+00 4.022084e+08 5.757903e+08
9.549045e+00 3.921094e+08 5.611195e+08
9.682153e+00 3.823611e+08 5.461408e+08
9.817117e+00 3.726682e+08 5.313151e+08
9.953962e+00 3.621085e+08 5.177238e+08
1.009272e+01 3.517552e+08 5.046124e+08
1.023340e+01 3.415767e+08 4.916899e+08
1.037605e+01 3.325372e+08 4.785774e+08
1.052069e+01 3.222017e+08 4.665961e+08
1.066734e+01 3.122584e+08 4.542777e+08
1.081604e+01 3.031202e+08 4.420777e+08
1.096681e+01 2.946732e+08 4.303695e+08
1.111968e+01 2.852440e+08 4.185380e+08
1.127468e+01 2.771892e+08 4.069566e+08
1.143184e+01 2.699341e+08 3.958523e+08
1.159120e+01 2.615707e+08 3.849738e+08
1.175277e+01 2.535172e+08 3.746081e+08
1.191660e+01 2.456232e+08 3.641268e+08
1.208271e+01 2.390468e+08 3.542905e+08
1.225114e+01 2.319644e+08 3.447304e+08
1.242191e+01 2.247473e+08 3.348835e+08
1.259506e+01 2.179384e+08 3.250676e+08
1.277063e+01 2.118799e+08 3.161433e+08
1.294865e+01 2.059615e+08 3.073342e+08
1.312915e+01 1.996021e+08 2.982886e+08
1.331216e+01 1.927638e+08 2.898477e+08
1.349772e+01 1.864201e+08 2.810080e+08
1.368587e+01 1.808329e+08 2.734446e+08
1.387665e+01 1.755643e+08 2.650683e+08
1.407008e+01 1.703709e+08 2.577728e+08
1.426621e+01 1.650651e+08 2.502776e+08
1.446507e+01 1.599248e+08 2.429812e+08
1.466671e+01 1.551821e+08 2.363244e+08
1.487115e+01 1.504572e+08 2.295151e+08
1.507845e+01 1.459592e+08 2.230916e+08
1.528864e+01 1.413963e+08 2.162546e+08
1.550175e+01 1.369074e+08 2.094131e+08
1.571784e+01 1.326934e+08 2.033842e+08
1.593694e+01 1.286422e+08 1.973897e+08
1.615909e+01 1.245940e+08 1.917084e+08
1.638434e+01 1.205254e+08 1.860074e+08
1.661273e+01 1.167263e+08 1.803778e+08
1.684430e+01 1.128814e+08 1.747582e+08
1.707910e+01 1.092153e+08 1.693438e+08
1.731717e+01 1.053919e+08 1.640289e+08
1.755856e+01 1.018169e+08 1.589229e+08
1.780332e+01 9.828900e+07 1.539681e+08
1.805149e+01 9.505117e+07 1.492618e+08
1.830312e+01 9.196979e+07 1.448668e+08
1.855825e+01 8.897105e+07 1.402192e+08
1.881694e+01 8.588659e+07 1.355576e+08
1.907924e+01 8.285584e+07 1.314820e+08
1.934520e+01 8.032710e+07 1.275634e+08
1.961486e+01 7.779280e+07 1.236017e+08
1.988828e+01 7.515389e+07 1.195640e+08
2.016551e+01 7.277539e+07 1.157506e+08
2.044661e+01 7.039102e+07 1.117782e+08
2.073162e+01 6.811804e+07 1.079084e+08
2.102061e+01 6.581343e+07 1.041814e+08
2.131362e+01 6.373048e+07 1.008542e+08
2.161073e+01 6.161751e+07 9.749508e+07
2.191197e+01 5.957917e+07 9.430336e+07
2.221741e+01 5.759898e+07 9.117182e+07
2.252711e+01 5.565475e+07 8.812204e+07
2.284112e+01 5.368136e+07 8.519154e+07
2.315951e+01 5.200034e+07 8.251823e+07
2.348235e+01 5.015685e+07 7.972127e+07
2.380968e+01 4.835082e+07 7.700517e+07
2.414157e+01 4.662149e+07 7.464516e+07
2.447809e+01 4.495034e+07 7.222845e+07
2.481930e+01 4.341650e+07 6.978376e+07
2.516527e+01 4.194238e+07 6.731521e+07
2.551606e+01 4.058542e+07 6.500153e+07
2.587174e+01 3.930992e+07 6.264513e+07
2.623238e+01 3.802738e+07 6.047347e+07
2.659804e+01 3.661874e+07 5.840115e+07
2.696881e+01 3.531069e+07 5.623401e+07
2.734474e+01 3.411250e+07 5.421806e+07
2.772591e+01 3.297771e+07 5.230067e+07
2.811239e+01 3.186214e+07 5.043770e+07
2.850426e+01 3.076754e+07 4.860307e+07
2.890160e+01 2.966347e+07 4.687504e+07
2.930447e+01 2.857925e+07 4.523634e+07
2.971296e+01 2.759833e+07 4.372007e+07
3.012714e+01 2.666732e+07 4.226594e+07
3.054710e+01 2.566526e+07 4.069494e+07
3.097291e+01 2.484788e+07 3.916481e+07
3.140465e+01 2.404727e+07 3.775466e+07
3.184242e+01 2.321721e+07 3.634204e+07
3.228628e+01 2.238550e+07 3.512130e+07
3.273634e+01 2.159396e+07 3.389870e+07
3.319266e+01 2.080805e+07 3.265441e+07
3.365535e+01 2.005863e+07 3.140521e+07
3.412449e+01 1.933891e+07 3.024338e+07
3.460016e+01 1.868553e+07 2.915730e+07
3.508247e+01 1.799640e+07 2.816239e+07
3.557150e+01 1.737867e+07 2.709741e+07
3.606735e+01 1.673790e+07 2.611702e+07
3.657011e+01 1.617053e+07 2.520561e+07
3.707988e+01 1.557717e+07 2.428012e+07
3.759675e+01 1.498454e+07 2.336960e+07
3.812083e+01 1.444698e+07 2.252471e+07
3.865221e+01 1.391260e+07 2.169666e+07
3.919100e+01 1.341614e+07 2.090137e+07
3.973730e+01 1.294974e+07 2.011920e+07
4.029122e+01 1.248346e+07 1.935681e+07
4.085286e+01 1.203979e+07 1.866924e+07
4.142232e+01 1.157799e+07 1.804425e+07
4.199973e+01 1.115867e+07 1.742830e+07
4.258518e+01 1.077228e+07 1.679488e+07
4.317880e+01 1.037272e+07 1.619115e+07
4.378069e+01 9.988421e+06 1.559346e+07
4.439097e+01 9.640781e+06 1.502649e+07
4.500975e+01 9.282213e+06 1.451059e+07
4.563716e+01 8.939452e+06 1.397577e+07
4.627332e+01 8.606415e+06 1.348000e+07
4.691835e+01 8.271983e+06 1.300007e+07
4.757236e+01 7.967554e+06 1.252827e+07
4.823549e+01 7.684486e+06 1.207802e+07
4.890787e+01 7.394901e+06 1.165392e+07
4.958962e+01 7.121451e+06 1.123005e+07
5.028087e+01 6.838954e+06 1.084198e+07
5.098176e+01 6.565163e+06 1.043906e+07
5.169242e+01 6.320273e+06 1.004077e+07
5.241298e+01 6.086597e+06 9.696955e+06
5.314359e+01 5.855730e+06 9.361328e+06
5.388438e+01 5.639580e+06 9.035464e+06
5.463550e+01 5.418252e+06 8.702513e+06
5.539709e+01 5.212449e+06 8.410091e+06
5.616930e+01 5.029003e+06 8.112744e+06
5.695227e+01 4.852358e+06 7.820293e+06
5.774615e+01 4.666402e+06 7.544658e+06
5.855110e+01 4.491663e+06 7.270970e+06
5.936727e+01 4.319119e+06 6.989644e+06
6.019482e+01 4.152889e+06 6.750403e+06
6.103390e+01 3.993971e+06 6.509007e+06
6.188468e+01 3.837553e+06 6.287860e+06
6.274732e+01 3.694434e+06 6.069526e+06
6.362198e+01 3.551402e+06 5.867054e+06
6.450884e+01 3.412422e+06 5.664748e+06
6.540806e+01 3.271644e+06 5.479940e+06
6.631981e+01 3.137778e+06 5.287265e+06
6.724427e+01 3.018961e+06 5.098745e+06
6.818162e+01 2.897316e+06 4.917323e+06
6.913204e+01 2.779405e+06 4.753834e+06
7.009570e+01 2.676089e+06 4.592989e+06
7.107280e+01 2.564605e+06 4.443361e+06
7.206351e+01 2.463376e+06 4.283712e+06
7.306804e+01 2.366997e+06 4.135780e+06
7.408657e+01 2.275193e+06 3.994240e+06
7.511929e+01 2.186480e+06 3.856979e+06
7.616642e+01 2.099871e+06 3.725295e+06
7.722814e+01 2.018373e+06 3.597114e+06
7.830465e+01 1.934361e+06 3.475109e+06
7.939618e+01 1.859427e+06 3.363064e+06
8.050292e+01 1.783887e+06 3.254062e+06
8.162509e+01 1.714998e+06 3.148708e+06
8.276289e+01 1.647961e+06 3.033690e+06
8.391656e+01 1.583988e+06 2.935726e+06
8.508632e+01 1.524410e+06 2.839884e+06
8.627237e+01 1.466348e+06 2.740789e+06
8.747496e+01 1.408023e+06 2.652711e+06
8.869432e+01 1.351677e+06 2.564594e+06
8.993067e+01 1.296442e+06 2.481398e+06
9.118425e+01 1.246462e+06 2.400058e+06
9.245531e+01 1.197499e+06 2.318259e+06
9.374409e+01 1.150493e+06 2.241608e+06
9.505083e+01 1.105246e+06 2.170665e+06
9.637579e+01 1.060981e+06 2.096701e+06
9.771921e+01 1.020171e+06 2.022348e+06
9.908137e+01 9.801701e+05 1.956266e+06
1.004625e+02 9.418201e+05 1.892711e+06
1.018629e+02 9.052812e+05 1.832367e+06
1.032828e+02 8.687725e+05 1.773658e+06
1.047225e+02 8.340601e+05 1.716635e+06
1.061823e+02 7.996934e+05 1.659694e+06
1.076624e+02 7.689954e+05 1.605014e+06
1.091632e+02 7.389008e+05 1.552097e+06
1.106848e+02 7.105684e+05 1.500342e+06
1.122277e+02 6.826531e+05 1.450241e+06
1.137921e+02 6.552277e+05 1.400668e+06
1.153783e+02 6.290610e+05 1.352879e+06
1.169866e+02 6.055528e+05 1.307010e+06
1.186174e+02 5.818646e+05 1.265421e+06
1.202708e+02 5.584053e+05 1.225272e+06
1.219473e+02 5.367401e+05 1.184942e+06
1.236472e+02 5.155590e+05 1.145941e+06
1.253708e+02 4.946425e+05 1.108366e+06
1.271184e+02 4.750370e+05 1.072610e+06
1.288904e+02 4.565966e+05 1.037914e+06
1.306870e+02 4.377729e+05 1.004246e+06
1.325087e+02 4.207329e+05 9.716185e+05
1.343558e+02 4.049377e+05 9.390972e+05
1.362287e+02 3.889213e+05 9.091058e+05
1.381276e+02 3.730724e+05 8.799599e+05
1.400531e+02 3.581302e+05 8.494466e+05
1.420053e+02 3.432713e+05 8.198903e+05
1.439848e+02 3.295426e+05 7.913634e+05
1.459919e+02 3.157690e+05 7.648918e+05
1.480269e+02 3.031865e+05 7.394869e+05
1.500903e+02 2.907842e+05 7.149267e+05
1.521825e+02 2.790018e+05 6.924341e+05
1.543038e+02 2.685750e+05 6.695476e+05
1.564548e+02 2.582774e+05 6.470233e+05
1.586357e+02 2.478700e+05 6.258349e+05
1.608469e+02 2.379514e+05 6.050256e+05
1.630891e+02 2.286249e+05 5.855400e+05
1.653624e+02 2.192215e+05 5.666696e+05
1.676675e+02 2.107859e+05 5.483173e+05
1.700047e+02 2.022655e+05 5.304869e+05
1.723745e+02 1.940067e+05 5.132374e+05
1.747773e+02 1.859078e+05 4.962544e+05
1.772136e+02 1.783111e+05 4.795201e+05
1.796838e+02 1.710794e+05 4.633509e+05
1.821885e+02 1.642562e+05 4.479777e+05
1.847281e+02 1.573684e+05 4.330163e+05
1.873032e+02 1.509691e+05 4.184828e+05
1.899141e+02 1.449667e+05 4.044378e+05
1.925614e+02 1.392535e+05 3.908651e+05
1.952456e+02 1.337947e+05 3.777486e+05
1.979672e+02 1.285119e+05 3.650731e+05
2.007267e+02 1.231987e+05 3.537033e+05
2.035248e+02 1.181751e+05 3.430964e+05
2.063618e+02 1.131346e+05 3.317834e+05
2.092383e+02 1.083858e+05 3.201816e+05
2.121550e+02 1.038801e+05 3.089863e+05
2.151123e+02 9.957240e+04 2.981832e+05
2.181109e+02 9.548082e+04 2.880901e+05
2.211512e+02 9.167480e+04 2.785305e+05
2.242340e+02 8.782826e+04 2.692886e+05
2.273597e+02 8.433803e+04 2.603539e+05
2.305289e+02 8.089072e+04 2.519360e+05
2.337424e+02 7.780236e+04 2.440181e+05
2.370006e+02 7.466506e+04 2.359119e+05
2.403043e+02 7.155119e+04 2.280554e+05
2.436540e+02 6.868717e+04 2.206049e+05
2.470504e+02 6.589774e+04 2.133981e+05
2.504942e+02 6.311161e+04 2.063003e+05
2.539859e+02 6.057243e+04 1.993395e+05
2.575263e+02 5.817870e+04 1.926139e+05
2.611161e+02 5.588062e+04 1.861156e+05
2.647559e+02 5.359210e+04 1.801347e+05
2.684465e+02 5.159944e+04 1.743725e+05
2.721885e+02 4.955878e+04 1.688024e+05
2.759826e+02 4.750191e+04 1.634101e+05
2.798297e+02 4.565427e+04 1.581158e+05
2.837304e+02 4.388564e+04 1.530833e+05
2.876854e+02 4.209714e+04 1.482112e+05
2.916956e+02 4.037702e+04 1.437101e+05
2.957617e+02 3.872115e+04 1.388985e+05
2.998844e+02 3.716050e+04 1.344461e+05
3.040646e+02 3.564172e+04 1.301442e+05
3.083031e+02 3.418732e+04 1.258889e+05
3.126007e+02 3.278349e+04 1.217563e+05
3.169582e+02 3.145550e+04 1.177596e+05
3.213764e+02 3.016951e+04 1.141458e+05
3.258562e+02 2.894561e+04 1.104578e+05
3.303985e+02 2.780275e+04 1.068892e+05
3.350041e+02 2.668680e+04 1.034360e+05
3.396739e+02 2.554688e+04 1.000945e+05
3.444087e+02 2.458374e+04 9.684454e+04
3.492096e+02 2.364178e+04 9.368375e+04
3.540774e+02 2.266968e+04 9.062629e+04
3.590130e+02 2.175243e+04 8.757699e+04
3.640175e+02 2.088303e+04 8.464610e+04
3.690917e+02 2.004014e+04 8.197296e+04
3.742366e+02 1.924462e+04 7.938656e+04
3.794533e+02 1.846590e+04 7.687549e+04
3.847427e+02 1.772121e+04 7.439966e+04
3.901058e+02 1.701439e+04 7.200387e+04
3.955436e+02 1.634029e+04 6.965672e+04
4.010573e+02 1.571503e+04 6.735893e+04
4.066478e+02 1.507759e+04 6.509844e+04
4.123163e+02 1.446433e+04 6.291397e+04
4.180637e+02 1.387487e+04 6.080295e+04
4.238913e+02 1.330995e+04 5.876291e+04
4.298001e+02 1.276683e+04 5.681461e+04
4.357913e+02 1.225852e+04 5.520767e+04
4.418660e+02 1.176474e+04 5.332983e+04
4.480254e+02 1.129225e+04 5.151453e+04
4.542706e+02 1.082427e+04 4.976113e+04
4.606029e+02 1.040468e+04 4.806751e+04
4.670234e+02 9.984675e+03 4.643164e+04
4.735335e+02 9.578094e+03 4.485693e+04
4.801343e+02 9.182490e+03 4.343381e+04
4.868271e+02 8.803833e+03 4.205596e+04
4.936132e+02 8.444422e+03 4.072192e+04
5.004939e+02 8.098071e+03 3.943031e+04
5.074705e+02 7.770169e+03 3.817976e+04
5.145444e+02 7.452780e+03 3.695216e+04
5.217169e+02 7.166415e+03 3.573955e+04
5.289893e+02 6.871034e+03 3.456683e+04
5.363631e+02 6.587817e+03 3.343270e+04
5.438397e+02 6.316263e+03 3.233587e+04
5.514206e+02 6.054235e+03 3.127511e+04
5.591071e+02 5.801947e+03 3.024925e+04
5.669007e+02 5.563473e+03 2.950309e+04
5.748030e+02 5.334502e+03 2.863969e+04
5.828155e+02 5.114499e+03 2.773549e+04
5.909396e+02 4.903653e+03 2.684671e+04
5.991770e+02 4.701490e+03 2.598312e+04
6.075292e+02 4.507653e+03 2.514087e+04
6.159978e+02 4.321800e+03 2.432568e+04
6.245845e+02 4.143602e+03 2.352702e+04
6.332908e+02 3.972743e+03 2.275221e+04
6.421186e+02 3.809616e+03 2.201131e+04
6.510694e+02 3.653660e+03 2.133652e+04
6.601449e+02 3.504080e+03 2.065829e+04
6.693470e+02 3.360618e+03 2.005953e+04
6.786773e+02 3.223022e+03 1.941056e+04
6.881377e+02 3.091054e+03 1.876982e+04
6.977300e+02 2.964483e+03 1.815029e+04
7.074559e+02 2.843089e+03 1.755458e+04
7.173175e+02 2.726660e+03 1.699055e+04
7.273165e+02 2.615303e+03 1.644469e+04
7.374549e+02 2.507097e+03 1.591642e+04
7.477346e+02 2.401724e+03 1.540517e+04
7.581576e+02 2.300183e+03 1.491040e+04
7.687260e+02 2.203502e+03 1.442851e+04
7.794416e+02 2.110879e+03 1.396163e+04
7.903066e+02 2.022341e+03 1.350991e+04
8.013230e+02 1.938465e+03 1.307284e+04
8.124930e+02 1.858137e+03 1.264997e+04
8.238187e+02 1.781333e+03 1.226965e+04
8.353023e+02 1.707699e+03 1.193591e+04
8.469460e+02 1.637104e+03 1.158612e+04
8.587519e+02 1.567218e+03 1.120573e+04
8.707225e+02 1.501928e+03 1.083788e+04
8.828599e+02 1.440128e+03 1.048215e+04
8.951665e+02 1.381042e+03 1.013814e+04
9.076446e+02 1.324609e+03 9.805475e+03
9.202967e+02 1.270692e+03 9.483769e+03
9.331251e+02 1.218145e+03 9.172662e+03
9.461324e+02 1.168058e+03 8.871805e+03
9.593209e+02 1.120634e+03 8.580859e+03
9.726934e+02 1.075131e+03 8.299497e+03
9.862522e+02 1.031472e+03 8.027402e+03
1.000000e+03 9.905991e+02 7.764269e+03
