# Energy(MeV) PlanarFluence_Median(cm^-2 MeV^-1)
1.000000e+00 4.174036e+09
1.013939e+00 4.093718e+09
1.028073e+00 4.013697e+09
1.042404e+00 3.935929e+09
1.056935e+00 3.860398e+09
1.071668e+00 3.786786e+09
1.086606e+00 3.713150e+09
1.101753e+00 3.642395e+09
1.117111e+00 3.572448e+09
1.132683e+00 3.503584e+09
1.148472e+00 3.438024e+09
1.164481e+00 3.373091e+09
1.180713e+00 3.309885e+09
1.197171e+00 3.246154e+09
1.213859e+00 3.183446e+09
1.230780e+00 3.121767e+09
1.247936e+00 3.062088e+09
1.265332e+00 3.003918e+09
1.282970e+00 2.947601e+09
1.300854e+00 2.891644e+09
1.318987e+00 2.837168e+09
1.337373e+00 2.783140e+09
1.356015e+00 2.728836e+09
1.374917e+00 2.675500e+09
1.394083e+00 2.624452e+09
1.413516e+00 2.574690e+09
1.433219e+00 2.524822e+09
1.453198e+00 2.475833e+09
1.473454e+00 2.427543e+09
1.493993e+00 2.379749e+09
1.514819e+00 2.334222e+09
1.535935e+00 2.287657e+09
1.557345e+00 2.243333e+09
1.579053e+00 2.200341e+09
1.601064e+00 2.158099e+09
1.623382e+00 2.116453e+09
1.646012e+00 2.076131e+09
1.668956e+00 2.035258e+09
1.692220e+00 1.994498e+09
1.715809e+00 1.955710e+09
1.739726e+00 1.917105e+09
1.763977e+00 1.879418e+09
1.788566e+00 1.842977e+09
1.813498e+00 1.807467e+09
1.838777e+00 1.770794e+09
1.864409e+00 1.736234e+09
1.890397e+00 1.702652e+09
1.916748e+00 1.668239e+09
1.943467e+00 1.634487e+09
1.970558e+00 1.603086e+09
1.998026e+00 1.571152e+09
2.025878e+00 1.539450e+09
2.054117e+00 1.508776e+09
2.082751e+00 1.478954e+09
2.111783e+00 1.449930e+09
2.141220e+00 1.421216e+09
2.171068e+00 1.392753e+09
2.201331e+00 1.364934e+09
2.232016e+00 1.337671e+09
2.263130e+00 1.310918e+09
2.294676e+00 1.284123e+09
2.326663e+00 1.258283e+09
2.359095e+00 1.232819e+09
2.391980e+00 1.207021e+09
2.425323e+00 1.182570e+09
2.459130e+00 1.158514e+09
2.493409e+00 1.134848e+09
2.528166e+00 1.110894e+09
2.563407e+00 1.088248e+09
2.599140e+00 1.066354e+09
2.635371e+00 1.044948e+09
2.672106e+00 1.023597e+09
2.709354e+00 1.002497e+09
2.747121e+00 9.823707e+08
2.785414e+00 9.624303e+08
2.824241e+00 9.430662e+08
2.863610e+00 9.227935e+08
2.903527e+00 9.034502e+08
2.944000e+00 8.844228e+08
2.985038e+00 8.656148e+08
3.026648e+00 8.473038e+08
3.068838e+00 8.298668e+08
3.111616e+00 8.124715e+08
3.154990e+00 7.954562e+08
3.198969e+00 7.787379e+08
3.243561e+00 7.624181e+08
3.288774e+00 7.458916e+08
3.334618e+00 7.306287e+08
3.381101e+00 7.156044e+08
3.428231e+00 7.004590e+08
3.476019e+00 6.854059e+08
3.524473e+00 6.707235e+08
3.573602e+00 6.563225e+08
3.623416e+00 6.424305e+08
3.673925e+00 6.286232e+08
3.725137e+00 6.149775e+08
3.777064e+00 6.016926e+08
3.829714e+00 5.886737e+08
3.883098e+00 5.760105e+08
3.937226e+00 5.634641e+08
3.992109e+00 5.516426e+08
4.047757e+00 5.394954e+08
4.104181e+00 5.278490e+08
4.161391e+00 5.169016e+08
4.219398e+00 5.051675e+08
4.278214e+00 4.937389e+08
4.337850e+00 4.826778e+08
4.398317e+00 4.720655e+08
4.459628e+00 4.615804e+08
4.521792e+00 4.514233e+08
4.584824e+00 4.415392e+08
4.648734e+00 4.318789e+08
4.713535e+00 4.219558e+08
4.779239e+00 4.125144e+08
4.845859e+00 4.032880e+08
4.913407e+00 3.942184e+08
4.981898e+00 3.853571e+08
5.051342e+00 3.766166e+08
5.121755e+00 3.681702e+08
5.193150e+00 3.600331e+08
5.265540e+00 3.517356e+08
5.338938e+00 3.437668e+08
5.413360e+00 3.355910e+08
5.488820e+00 3.277947e+08
5.565331e+00 3.202503e+08
5.642908e+00 3.126095e+08
5.721568e+00 3.052806e+08
5.801323e+00 2.980610e+08
5.882190e+00 2.909905e+08
5.964185e+00 2.842611e+08
6.047322e+00 2.776226e+08
6.131619e+00 2.713159e+08
6.217090e+00 2.650209e+08
6.303753e+00 2.584217e+08
6.391624e+00 2.522203e+08
6.480720e+00 2.463122e+08
6.571058e+00 2.401619e+08
6.662655e+00 2.342142e+08
6.755528e+00 2.284365e+08
6.849697e+00 2.228186e+08
6.945178e+00 2.172560e+08
7.041990e+00 2.117949e+08
7.140151e+00 2.067699e+08
7.239681e+00 2.018494e+08
7.340598e+00 1.964504e+08
7.442922e+00 1.911488e+08
7.546673e+00 1.865530e+08
7.651869e+00 1.816847e+08
7.758532e+00 1.770870e+08
7.866682e+00 1.727178e+08
7.976339e+00 1.684568e+08
8.087525e+00 1.642514e+08
8.200261e+00 1.601405e+08
8.314568e+00 1.559411e+08
8.430468e+00 1.519970e+08
8.547985e+00 1.480704e+08
8.667139e+00 1.443393e+08
8.787954e+00 1.406207e+08
8.910453e+00 1.368171e+08
9.034660e+00 1.333427e+08
9.160598e+00 1.299160e+08
9.288292e+00 1.266171e+08
9.417766e+00 1.233874e+08
9.549045e+00 1.199713e+08
9.682153e+00 1.168010e+08
9.817117e+00 1.135720e+08
9.953962e+00 1.104854e+08
1.009272e+01 1.075385e+08
1.023340e+01 1.047361e+08
1.037605e+01 1.019210e+08
1.052069e+01 9.917025e+07
1.066734e+01 9.650411e+07
1.081604e+01 9.381374e+07
1.096681e+01 9.115530e+07
1.111968e+01 8.865393e+07
1.127468e+01 8.617574e+07
1.143184e+01 8.374323e+07
1.159120e+01 8.142193e+07
1.175277e+01 7.896895e+07
1.191660e+01 7.670980e+07
1.208271e+01 7.455304e+07
1.225114e+01 7.249405e+07
1.242191e+01 7.042628e+07
1.259506e+01 6.843650e+07
1.277063e+01 6.651754e+07
1.294865e+01 6.461451e+07
1.312915e+01 6.276220e+07
1.331216e+01 6.085603e+07
1.349772e+01 5.917018e+07
1.368587e+01 5.742481e+07
1.387665e+01 5.576225e+07
1.407008e+01 5.407366e+07
1.426621e+01 5.246323e+07
1.446507e+01 5.086298e+07
1.466671e+01 4.930312e+07
1.487115e+01 4.781953e+07
1.507845e+01 4.643724e+07
1.528864e+01 4.500073e+07
1.550175e+01 4.362680e+07
1.571784e+01 4.231758e+07
1.593694e+01 4.107523e+07
1.615909e+01 3.979415e+07
1.638434e+01 3.849484e+07
1.661273e+01 3.729592e+07
1.684430e+01 3.615847e+07
1.707910e+01 3.499616e+07
1.731717e+01 3.390957e+07
1.755856e+01 3.275739e+07
1.780332e+01 3.169992e+07
1.805149e+01 3.070585e+07
1.830312e+01 2.974257e+07
1.855825e+01 2.877783e+07
1.881694e+01 2.788438e+07
1.907924e+01 2.703067e+07
1.934520e+01 2.615560e+07
1.961486e+01 2.527687e+07
1.988828e+01 2.446825e+07
2.016551e+01 2.362914e+07
2.044661e+01 2.286466e+07
2.073162e+01 2.211471e+07
2.102061e+01 2.137449e+07
2.131362e+01 2.067834e+07
2.161073e+01 1.998893e+07
2.191197e+01 1.931699e+07
2.221741e+01 1.865437e+07
2.252711e+01 1.801360e+07
2.284112e+01 1.738962e+07
2.315951e+01 1.679848e+07
2.348235e+01 1.623212e+07
2.380968e+01 1.568134e+07
2.414157e+01 1.512817e+07
2.447809e+01 1.458954e+07
2.481930e+01 1.408317e+07
2.516527e+01 1.360015e+07
2.551606e+01 1.311442e+07
2.587174e+01 1.267924e+07
2.623238e+01 1.227161e+07
2.659804e+01 1.184492e+07
2.696881e+01 1.140943e+07
2.734474e+01 1.101578e+07
2.772591e+01 1.063028e+07
2.811239e+01 1.024344e+07
2.850426e+01 9.868508e+06
2.890160e+01 9.506324e+06
2.930447e+01 9.171233e+06
2.971296e+01 8.830235e+06
3.012714e+01 8.529600e+06
3.054710e+01 8.242402e+06
3.097291e+01 7.958426e+06
3.140465e+01 7.685440e+06
3.184242e+01 7.411403e+06
3.228628e+01 7.149530e+06
3.273634e+01 6.893356e+06
3.319266e+01 6.655650e+06
3.365535e+01 6.415086e+06
3.412449e+01 6.188480e+06
3.460016e+01 5.963221e+06
3.508247e+01 5.749368e+06
3.557150e+01 5.535918e+06
3.606735e+01 5.334329e+06
3.657011e+01 5.141751e+06
3.707988e+01 4.965855e+06
3.759675e+01 4.786132e+06
3.812083e+01 4.613106e+06
3.865221e+01 4.442958e+06
3.919100e+01 4.279543e+06
3.973730e+01 4.129500e+06
4.029122e+01 3.983770e+06
4.085286e+01 3.842572e+06
4.142232e+01 3.702720e+06
4.199973e+01 3.567809e+06
4.258518e+01 3.438775e+06
4.317880e+01 3.319740e+06
4.378069e+01 3.196376e+06
4.439097e+01 3.080940e+06
4.500975e+01 2.959278e+06
4.563716e+01 2.850683e+06
4.627332e+01 2.745260e+06
4.691835e+01 2.648850e+06
4.757236e+01 2.548546e+06
4.823549e+01 2.452844e+06
4.890787e+01 2.362329e+06
4.958962e+01 2.275053e+06
5.028087e+01 2.185385e+06
5.098176e+01 2.107976e+06
5.169242e+01 2.027914e+06
5.241298e+01 1.953337e+06
5.314359e+01 1.885538e+06
5.388438e+01 1.814651e+06
5.463550e+01 1.749303e+06
5.539709e+01 1.686751e+06
5.616930e+01 1.624234e+06
5.695227e+01 1.563870e+06
5.774615e+01 1.505000e+06
5.855110e+01 1.446385e+06
5.936727e+01 1.393205e+06
6.019482e+01 1.341106e+06
6.103390e+01 1.290623e+06
6.188468e+01 1.244278e+06
6.274732e+01 1.200217e+06
6.362198e+01 1.155618e+06
6.450884e+01 1.112753e+06
6.540806e+01 1.072757e+06
6.631981e+01 1.033439e+06
6.724427e+01 9.951099e+05
6.818162e+01 9.578817e+05
6.913204e+01 9.228686e+05
7.009570e+01 8.889650e+05
7.107280e+01 8.566736e+05
7.206351e+01 8.222656e+05
7.306804e+01 7.916155e+05
7.408657e+01 7.627508e+05
7.511929e+01 7.344577e+05
7.616642e+01 7.080481e+05
7.722814e+01 6.823996e+05
7.830465e+01 6.566417e+05
7.939618e+01 6.314846e+05
8.050292e+01 6.088039e+05
8.162509e+01 5.855192e+05
8.276289e+01 5.641458e+05
8.391656e+01 5.425448e+05
8.508632e+01 5.225057e+05
8.627237e+01 5.034151e+05
8.747496e+01 4.850484e+05
8.869432e+01 4.673006e+05
8.993067e+01 4.504611e+05
9.118425e+01 4.333275e+05
9.245531e+01 4.170078e+05
9.374409e+01 4.004122e+05
9.505083e+01 3.855697e+05
9.637579e+01 3.711290e+05
9.771921e+01 3.578037e+05
9.908137e+01 3.448979e+05
1.004625e+02 3.319559e+05
1.018629e+02 3.191340e+05
1.032828e+02 3.069489e+05
1.047225e+02 2.956261e+05
1.061823e+02 2.847910e+05
1.076624e+02 2.740237e+05
1.091632e+02 2.643728e+05
1.106848e+02 2.543474e+05
1.122277e+02 2.449828e+05
1.137921e+02 2.357466e+05
1.153783e+02 2.269908e+05
1.169866e+02 2.184810e+05
1.186174e+02 2.098911e+05
1.202708e+02 2.022064e+05
1.219473e+02 1.945075e+05
1.236472e+02 1.873699e+05
1.253708e+02 1.804641e+05
1.271184e+02 1.738834e+05
1.288904e+02 1.674443e+05
1.306870e+02 1.611189e+05
1.325087e+02 1.550370e+05
1.343558e+02 1.491748e+05
1.362287e+02 1.435386e+05
1.381276e+02 1.381055e+05
1.400531e+02 1.329038e+05
1.420053e+02 1.277970e+05
1.439848e+02 1.231003e+05
1.459919e+02 1.184931e+05
1.480269e+02 1.140581e+05
1.500903e+02 1.097657e+05
1.521825e+02 1.055935e+05
1.543038e+02 1.016368e+05
1.564548e+02 9.801521e+04
1.586357e+02 9.433255e+04
1.608469e+02 9.089283e+04
1.630891e+02 8.751962e+04
1.653624e+02 8.421993e+04
1.676675e+02 8.099732e+04
1.700047e+02 7.801511e+04
1.723745e+02 7.498389e+04
1.747773e+02 7.213895e+04
1.772136e+02 6.952858e+04
1.796838e+02 6.697501e+04
1.821885e+02 6.448146e+04
1.847281e+02 6.208013e+04
1.873032e+02 5.975778e+04
1.899141e+02 5.751592e+04
1.925614e+02 5.538676e+04
1.952456e+02 5.334138e+04
1.979672e+02 5.133846e+04
2.007267e+02 4.949935e+04
2.035248e+02 4.766144e+04
2.063618e+02 4.595156e+04
2.092383e+02 4.420476e+04
2.121550e+02 4.252421e+04
2.151123e+02 4.091195e+04
2.181109e+02 3.938619e+04
2.211512e+02 3.791727e+04
2.242340e+02 3.650305e+04
2.273597e+02 3.509645e+04
2.305289e+02 3.374808e+04
2.337424e+02 3.251503e+04
2.370006e+02 3.141195e+04
2.403043e+02 3.027029e+04
2.436540e+02 2.912123e+04
2.470504e+02 2.803924e+04
2.504942e+02 2.700509e+04
2.539859e+02 2.600896e+04
2.575263e+02 2.503884e+04
2.611161e+02 2.413689e+04
2.647559e+02 2.322923e+04
2.684465e+02 2.235203e+04
2.721885e+02 2.153298e+04
2.759826e+02 2.073064e+04
2.798297e+02 1.995718e+04
2.837304e+02 1.921247e+04
2.876854e+02 1.848676e+04
2.916956e+02 1.779957e+04
2.957617e+02 1.714905e+04
2.998844e+02 1.651418e+04
3.040646e+02 1.590283e+04
3.083031e+02 1.531403e+04
3.126007e+02 1.475076e+04
3.169582e+02 1.421520e+04
3.213764e+02 1.367485e+04
3.258562e+02 1.317303e+04
3.303985e+02 1.269687e+04
3.350041e+02 1.221604e+04
3.396739e+02 1.175806e+04
3.444087e+02 1.135853e+04
3.492096e+02 1.093206e+04
3.540774e+02 1.054901e+04
3.590130e+02 1.016160e+04
3.640175e+02 9.787386e+03
3.690917e+02 9.426738e+03
3.742366e+02 9.096449e+03
3.794533e+02 8.764401e+03
3.847427e+02 8.435524e+03
3.901058e+02 8.118928e+03
3.955436e+02 7.814995e+03
4.010573e+02 7.528324e+03
4.066478e+02 7.250117e+03
4.123163e+02 6.978807e+03
4.180637e+02 6.715670e+03
4.238913e+02 6.479315e+03
4.298001e+02 6.258310e+03
4.357913e+02 6.033860e+03
4.418660e+02 5.803210e+03
4.480254e+02 5.585911e+03
4.542706e+02 5.377574e+03
4.606029e+02 5.176965e+03
4.670234e+02 4.983797e+03
4.735335e+02 4.797796e+03
4.801343e+02 4.618513e+03
4.868271e+02 4.443444e+03
4.936132e+02 4.274971e+03
5.004939e+02 4.112844e+03
5.074705e+02 3.960020e+03
5.145444e+02 3.819327e+03
5.217169e+02 3.670284e+03
5.289893e+02 3.531023e+03
5.363631e+02 3.400585e+03
5.438397e+02 3.274441e+03
5.514206e+02 3.153407e+03
5.591071e+02 3.037405e+03
5.669007e+02 2.925650e+03
5.748030e+02 2.819744e+03
5.828155e+02 2.711908e+03
5.909396e+02 2.610062e+03
5.991770e+02 2.513434e+03
6.075292e+02 2.420350e+03
6.159978e+02 2.329720e+03
6.245845e+02 2.242014e+03
6.332908e+02 2.160431e+03
6.421186e+02 2.082459e+03
6.510694e+02 2.004715e+03
6.601449e+02 1.929333e+03
6.693470e+02 1.854773e+03
6.786773e+02 1.783632e+03
6.881377e+02 1.715192e+03
6.977300e+02 1.649350e+03
7.074559e+02 1.588539e+03
7.173175e+02 1.526705e+03
7.273165e+02 1.467125e+03
7.374549e+02 1.410511e+03
7.477346e+02 1.357535e+03
7.581576e+02 1.307861e+03
7.687260e+02 1.260119e+03
7.794416e+02 1.214812e+03
7.903066e+02 1.169577e+03
8.013230e+02 1.125874e+03
8.124930e+02 1.083801e+03
8.238187e+02 1.043299e+03
8.353023e+02 1.004308e+03
8.469460e+02 9.667715e+02
8.587519e+02 9.306363e+02
8.707225e+02 8.959809e+02
8.828599e+02 8.632714e+02
8.951665e+02 8.321358e+02
9.076446e+02 8.030629e+02
9.202967e+02 7.750182e+02
9.331251e+02 7.479651e+02
9.461324e+02 7.218682e+02
9.593209e+02 6.966935e+02
9.726934e+02 6.712066e+02
9.862522e+02 6.460406e+02
1.000000e+03 6.218170e+02
