Energy(MeV)   Phi_16_Spherical(cm^-2 MeV^-1)   Phi_84_Spherical(cm^-2 MeV^-1)
5.000000e-02 7.453725e+11 1.098113e+12
5.168383e-02 7.150340e+11 1.046991e+12
5.342437e-02 6.851911e+11 9.988389e+11
5.522353e-02 6.578392e+11 9.542889e+11
5.708327e-02 6.312693e+11 9.113297e+11
5.900565e-02 6.059744e+11 8.710167e+11
6.099276e-02 5.814808e+11 8.324828e+11
6.304680e-02 5.583167e+11 7.958744e+11
6.517000e-02 5.360962e+11 7.607758e+11
6.736471e-02 5.142867e+11 7.270512e+11
6.963333e-02 4.931398e+11 6.948050e+11
7.197835e-02 4.741629e+11 6.640930e+11
7.440234e-02 4.548502e+11 6.342871e+11
7.690796e-02 4.360711e+11 6.049872e+11
7.949797e-02 4.187361e+11 5.774877e+11
8.217519e-02 4.014364e+11 5.509744e+11
8.494258e-02 3.844048e+11 5.262114e+11
8.780317e-02 3.687761e+11 5.022894e+11
9.076008e-02 3.538430e+11 4.794450e+11
9.381658e-02 3.395627e+11 4.578045e+11
9.697601e-02 3.264105e+11 4.375801e+11
1.002418e-01 3.131953e+11 4.184116e+11
1.036177e-01 3.007250e+11 3.990224e+11
1.071072e-01 2.888217e+11 3.815806e+11
1.107142e-01 2.772002e+11 3.639965e+11
1.144426e-01 2.658727e+11 3.479395e+11
1.182967e-01 2.548254e+11 3.329052e+11
1.222805e-01 2.438559e+11 3.188907e+11
1.263985e-01 2.335009e+11 3.045559e+11
1.306552e-01 2.236012e+11 2.915041e+11
1.350553e-01 2.144543e+11 2.789487e+11
1.396035e-01 2.059255e+11 2.665069e+11
1.443048e-01 1.973147e+11 2.545989e+11
1.491646e-01 1.889671e+11 2.431614e+11
1.541879e-01 1.811117e+11 2.327218e+11
1.593805e-01 1.733531e+11 2.223393e+11
1.647479e-01 1.659502e+11 2.124241e+11
1.702960e-01 1.590627e+11 2.028736e+11
1.760310e-01 1.523402e+11 1.937736e+11
1.819592e-01 1.459902e+11 1.853818e+11
1.880869e-01 1.398846e+11 1.773107e+11
1.944211e-01 1.340827e+11 1.694835e+11
2.009685e-01 1.284841e+11 1.621193e+11
2.077365e-01 1.230856e+11 1.551272e+11
2.147324e-01 1.177749e+11 1.482219e+11
2.219638e-01 1.127060e+11 1.417761e+11
2.294388e-01 1.078574e+11 1.355353e+11
2.371656e-01 1.033162e+11 1.295030e+11
2.451525e-01 9.899537e+10 1.237324e+11
2.534084e-01 9.482441e+10 1.183063e+11
2.619424e-01 9.080620e+10 1.130234e+11
2.707637e-01 8.705916e+10 1.079426e+11
2.798822e-01 8.330192e+10 1.030695e+11
2.893077e-01 7.981555e+10 9.844882e+10
2.990506e-01 7.653678e+10 9.412270e+10
3.091216e-01 7.324517e+10 9.014179e+10
3.195318e-01 7.014257e+10 8.631411e+10
3.302926e-01 6.702411e+10 8.261530e+10
3.414157e-01 6.417814e+10 7.904528e+10
3.529135e-01 6.136362e+10 7.564420e+10
3.647984e-01 5.862490e+10 7.216227e+10
3.770836e-01 5.603444e+10 6.906989e+10
3.897825e-01 5.357224e+10 6.602767e+10
4.029091e-01 5.121250e+10 6.313560e+10
4.164778e-01 4.898968e+10 6.035821e+10
4.305033e-01 4.691317e+10 5.770229e+10
4.450013e-01 4.491257e+10 5.523075e+10
4.599874e-01 4.290676e+10 5.287099e+10
4.754783e-01 4.091438e+10 5.058292e+10
4.914908e-01 3.912060e+10 4.838150e+10
5.080426e-01 3.749533e+10 4.624201e+10
5.251518e-01 3.580663e+10 4.427462e+10
5.428371e-01 3.423838e+10 4.234717e+10
5.611181e-01 3.274197e+10 4.052902e+10
5.800147e-01 3.127282e+10 3.879650e+10
5.995476e-01 2.983613e+10 3.713639e+10
6.197384e-01 2.852351e+10 3.552013e+10
6.406091e-01 2.725793e+10 3.397007e+10
6.621827e-01 2.604803e+10 3.251002e+10
6.844828e-01 2.482729e+10 3.108402e+10
7.075339e-01 2.372138e+10 2.973176e+10
7.313613e-01 2.266240e+10 2.843936e+10
7.559911e-01 2.164868e+10 2.722013e+10
7.814504e-01 2.064568e+10 2.604236e+10
8.077670e-01 1.971684e+10 2.494658e+10
8.349699e-01 1.882436e+10 2.384624e+10
8.630889e-01 1.797174e+10 2.281198e+10
8.921549e-01 1.714079e+10 2.181145e+10
9.221997e-01 1.634365e+10 2.084758e+10
9.532563e-01 1.560841e+10 1.995129e+10
9.853588e-01 1.490137e+10 1.906675e+10
1.018542e+00 1.420807e+10 1.821244e+10
1.052844e+00 1.356457e+10 1.741836e+10
1.088300e+00 1.294902e+10 1.665400e+10
1.124950e+00 1.234844e+10 1.591290e+10
1.162835e+00 1.176775e+10 1.520154e+10
1.201995e+00 1.123550e+10 1.452827e+10
1.242474e+00 1.071922e+10 1.387729e+10
1.284317e+00 1.022242e+10 1.326206e+10
1.327568e+00 9.749283e+09 1.266358e+10
1.372276e+00 9.299342e+09 1.207933e+10
1.418490e+00 8.869577e+09 1.152386e+10
1.466260e+00 8.460388e+09 1.100606e+10
1.515639e+00 8.066502e+09 1.051347e+10
1.566680e+00 7.687948e+09 1.003791e+10
1.619441e+00 7.325109e+09 9.580327e+09
1.673978e+00 6.973971e+09 9.143759e+09
1.730352e+00 6.640128e+09 8.722324e+09
1.788625e+00 6.324362e+09 8.323710e+09
1.848860e+00 6.020053e+09 7.942228e+09
1.911123e+00 5.734511e+09 7.571733e+09
1.975484e+00 5.461336e+09 7.214372e+09
2.042011e+00 5.201523e+09 6.878975e+09
2.110780e+00 4.953652e+09 6.565541e+09
2.181864e+00 4.721475e+09 6.253105e+09
2.255341e+00 4.490401e+09 5.957763e+09
2.331294e+00 4.271675e+09 5.673783e+09
2.409804e+00 4.065673e+09 5.406547e+09
2.490958e+00 3.870614e+09 5.147906e+09
2.574845e+00 3.683460e+09 4.904545e+09
2.661558e+00 3.503452e+09 4.664294e+09
2.751190e+00 3.331604e+09 4.441023e+09
2.843841e+00 3.167704e+09 4.230275e+09
2.939612e+00 3.010681e+09 4.025189e+09
3.038609e+00 2.859942e+09 3.832907e+09
3.140939e+00 2.716128e+09 3.640699e+09
3.246715e+00 2.578703e+09 3.456430e+09
3.356054e+00 2.450871e+09 3.287989e+09
3.469074e+00 2.327324e+09 3.129491e+09
3.585901e+00 2.209289e+09 2.974355e+09
3.706663e+00 2.096363e+09 2.823439e+09
3.831491e+00 1.989883e+09 2.678989e+09
3.960522e+00 1.887616e+09 2.549359e+09
4.093900e+00 1.792151e+09 2.419258e+09
4.231769e+00 1.699568e+09 2.297882e+09
4.374280e+00 1.610396e+09 2.170618e+09
4.521592e+00 1.525594e+09 2.057236e+09
4.673864e+00 1.443785e+09 1.946994e+09
4.831264e+00 1.361370e+09 1.844469e+09
4.993965e+00 1.288203e+09 1.749055e+09
5.162145e+00 1.211278e+09 1.658162e+09
5.335989e+00 1.145951e+09 1.568022e+09
5.515687e+00 1.080541e+09 1.485811e+09
5.701437e+00 1.017015e+09 1.406764e+09
5.893443e+00 9.591407e+08 1.329918e+09
6.091914e+00 9.055652e+08 1.256534e+09
6.297070e+00 8.547628e+08 1.186912e+09
6.509134e+00 8.063388e+08 1.120500e+09
6.728340e+00 7.547335e+08 1.058644e+09
6.954928e+00 7.071685e+08 9.984061e+08
7.189147e+00 6.650116e+08 9.424941e+08
7.431253e+00 6.269691e+08 8.877216e+08
7.681513e+00 5.905773e+08 8.366662e+08
7.940201e+00 5.552303e+08 7.889040e+08
8.207601e+00 5.217436e+08 7.434455e+08
8.484005e+00 4.921526e+08 7.007370e+08
8.769719e+00 4.606202e+08 6.591018e+08
9.065053e+00 4.324168e+08 6.193647e+08
9.370334e+00 4.063091e+08 5.813134e+08
9.685896e+00 3.820934e+08 5.457224e+08
1.001208e+01 3.580359e+08 5.121051e+08
1.034926e+01 3.342458e+08 4.809302e+08
1.069779e+01 3.103514e+08 4.517966e+08
1.105805e+01 2.889279e+08 4.232390e+08
1.143045e+01 2.699963e+08 3.959495e+08
1.181539e+01 2.503481e+08 3.706726e+08
1.221329e+01 2.337032e+08 3.467826e+08
1.262460e+01 2.169233e+08 3.234371e+08
1.304975e+01 2.025299e+08 3.022239e+08
1.348922e+01 1.867202e+08 2.814047e+08
1.394350e+01 1.738008e+08 2.625044e+08
1.441307e+01 1.612515e+08 2.450862e+08
1.489845e+01 1.498794e+08 2.286196e+08
1.540018e+01 1.390287e+08 2.125088e+08
1.591881e+01 1.289656e+08 1.978938e+08
1.645490e+01 1.192399e+08 1.842343e+08
1.700905e+01 1.102418e+08 1.709358e+08
1.758185e+01 1.014674e+08 1.584488e+08
1.817395e+01 9.353871e+07 1.470955e+08
1.878599e+01 8.628447e+07 1.361108e+08
1.941864e+01 7.956466e+07 1.264432e+08
2.007260e+01 7.355421e+07 1.170668e+08
2.074857e+01 6.796394e+07 1.076840e+08
2.144732e+01 6.277175e+07 9.928205e+07
2.216959e+01 5.790068e+07 9.163945e+07
2.291619e+01 5.328799e+07 8.455221e+07
2.368793e+01 4.900055e+07 7.792925e+07
2.448566e+01 4.491399e+07 7.217282e+07
2.531026e+01 4.137861e+07 6.637306e+07
2.616262e+01 3.828099e+07 6.086216e+07
2.704369e+01 3.505740e+07 5.580950e+07
2.795443e+01 3.230924e+07 5.123529e+07
2.889585e+01 2.967927e+07 4.689929e+07
2.986896e+01 2.726918e+07 4.312740e+07
3.087485e+01 2.503197e+07 3.945876e+07
3.191461e+01 2.307907e+07 3.613435e+07
3.298939e+01 2.116323e+07 3.321603e+07
3.410036e+01 1.937500e+07 3.031005e+07
3.524875e+01 1.778276e+07 2.779940e+07
3.643581e+01 1.631761e+07 2.543451e+07
3.766285e+01 1.491482e+07 2.325416e+07
3.893121e+01 1.365241e+07 2.124779e+07
4.024228e+01 1.252245e+07 1.941935e+07
4.159751e+01 1.144048e+07 1.784598e+07
4.299837e+01 1.049344e+07 1.635475e+07
4.444641e+01 9.608820e+06 1.498324e+07
4.594322e+01 8.777331e+06 1.372398e+07
4.749044e+01 8.001820e+06 1.258962e+07
4.908976e+01 7.320158e+06 1.153888e+07
5.074294e+01 6.660501e+06 1.058802e+07
5.245179e+01 6.073390e+06 9.676838e+06
5.421819e+01 5.548594e+06 8.881782e+06
5.604408e+01 5.057478e+06 8.162284e+06
5.793146e+01 4.624717e+06 7.479134e+06
5.988240e+01 4.214607e+06 6.838722e+06
6.189904e+01 3.834873e+06 6.284227e+06
6.398359e+01 3.497288e+06 5.782921e+06
6.613834e+01 3.162931e+06 5.323553e+06
6.836566e+01 2.873761e+06 4.882578e+06
7.066799e+01 2.611697e+06 4.506330e+06
7.304785e+01 2.368802e+06 4.138620e+06
7.550786e+01 2.153115e+06 3.807331e+06
7.805072e+01 1.954733e+06 3.503010e+06
8.067920e+01 1.772936e+06 3.237171e+06
8.339621e+01 1.612928e+06 2.978715e+06
8.620472e+01 1.469574e+06 2.745862e+06
8.910781e+01 1.333378e+06 2.536414e+06
9.210866e+01 1.210448e+06 2.338399e+06
9.521057e+01 1.099862e+06 2.162422e+06
9.841695e+01 9.994016e+05 1.988124e+06
1.017313e+02 9.085041e+05 1.837922e+06
1.051573e+02 8.239842e+05 1.699533e+06
1.086986e+02 7.477408e+05 1.568252e+06
1.123592e+02 6.803341e+05 1.445985e+06
1.161431e+02 6.181391e+05 1.330117e+06
1.200544e+02 5.613254e+05 1.230464e+06
1.240975e+02 5.100589e+05 1.135936e+06
1.282767e+02 4.630119e+05 1.049758e+06
1.325966e+02 4.199967e+05 9.700897e+05
1.370620e+02 3.818781e+05 8.964064e+05
1.416778e+02 3.456844e+05 8.247577e+05
1.464490e+02 3.129153e+05 7.590919e+05
1.513809e+02 2.834577e+05 7.007163e+05
1.564789e+02 2.581588e+05 6.467739e+05
1.617486e+02 2.341605e+05 5.970884e+05
1.671958e+02 2.123262e+05 5.520200e+05
1.728264e+02 1.924705e+05 5.100396e+05
1.786466e+02 1.740714e+05 4.700516e+05
1.846628e+02 1.575361e+05 4.334006e+05
1.908817e+02 1.428413e+05 3.994071e+05
1.973099e+02 1.297904e+05 3.680843e+05
2.039547e+02 1.173759e+05 3.415107e+05
2.108232e+02 1.059052e+05 3.140371e+05
2.179230e+02 9.572316e+04 2.887024e+05
2.252619e+02 8.677600e+04 2.663090e+05
2.328480e+02 7.864435e+04 2.462947e+05
2.406895e+02 7.120012e+04 2.271759e+05
2.487952e+02 6.444555e+04 2.098115e+05
2.571738e+02 5.840404e+04 1.932695e+05
2.658345e+02 5.299607e+04 1.784188e+05
2.747869e+02 4.809900e+04 1.650886e+05
2.840408e+02 4.374449e+04 1.526893e+05
2.936064e+02 3.959634e+04 1.414478e+05
3.034941e+02 3.584447e+04 1.307186e+05
3.137148e+02 3.243812e+04 1.207171e+05
3.242796e+02 2.936641e+04 1.117333e+05
3.352003e+02 2.663783e+04 1.032897e+05
3.464887e+02 2.418334e+04 9.545478e+04
3.581573e+02 2.190676e+04 8.809618e+04
3.702189e+02 1.985684e+04 8.139701e+04
3.826866e+02 1.800564e+04 7.534689e+04
3.955742e+02 1.633658e+04 6.964231e+04
4.088958e+02 1.483008e+04 6.421946e+04
4.226661e+02 1.342615e+04 5.918367e+04
4.369001e+02 1.216621e+04 5.485900e+04
4.516134e+02 1.101333e+04 5.049698e+04
4.668222e+02 9.997339e+03 4.648189e+04
4.825433e+02 9.044630e+03 4.293020e+04
4.987937e+02 8.180819e+03 3.974364e+04
5.155914e+02 7.408689e+03 3.677156e+04
5.329548e+02 6.716780e+03 3.395027e+04
5.509030e+02 6.071988e+03 3.134597e+04
5.694556e+02 5.488242e+03 2.926648e+04
5.886329e+02 4.962329e+03 2.709519e+04
6.084561e+02 4.486802e+03 2.504917e+04
6.289469e+02 4.056800e+03 2.313408e+04
6.501277e+02 3.669672e+03 2.140816e+04
6.720219e+02 3.320394e+03 1.987754e+04
6.946533e+02 3.004325e+03 1.834576e+04
7.180470e+02 2.718309e+03 1.694942e+04
7.422284e+02 2.457616e+03 1.567565e+04
7.672242e+02 2.216943e+03 1.449539e+04
7.930617e+02 2.000926e+03 1.339837e+04
8.197694e+02 1.808303e+03 1.239080e+04
8.473765e+02 1.634571e+03 1.157203e+04
8.759133e+02 1.475075e+03 1.068377e+04
9.054112e+02 1.334351e+03 9.863951e+03
9.359024e+02 1.207179e+03 9.107296e+03
9.674205e+02 1.092743e+03 8.408924e+03
1.000000e+03 9.905954e+02 7.764334e+03
