1.000000e+00 5.572783e+08 6.932579e+08
1.011599e+00 5.454774e+08 6.783144e+08
1.023332e+00 5.339264e+08 6.636104e+08
1.035202e+00 5.226200e+08 6.492238e+08
1.047209e+00 5.115530e+08 6.351477e+08
1.059356e+00 5.007204e+08 6.213755e+08
1.071643e+00 4.901172e+08 6.079005e+08
1.084073e+00 4.797385e+08 5.947165e+08
1.096647e+00 4.695796e+08 5.818171e+08
1.109367e+00 4.596358e+08 5.691962e+08
1.122234e+00 4.499083e+08 5.568477e+08
1.135251e+00 4.404085e+08 5.447660e+08
1.148418e+00 4.311093e+08 5.329451e+08
1.161739e+00 4.220065e+08 5.213794e+08
1.175214e+00 4.130959e+08 5.100599e+08
1.188845e+00 4.043734e+08 4.989791e+08
1.202634e+00 3.958351e+08 4.881377e+08
1.216583e+00 3.874771e+08 4.775308e+08
1.230694e+00 3.792955e+08 4.671484e+08
1.244969e+00 3.712867e+08 4.569874e+08
1.259409e+00 3.634471e+08 4.470463e+08
1.274017e+00 3.557729e+08 4.373202e+08
1.288794e+00 3.482608e+08 4.278047e+08
1.303743e+00 3.409073e+08 4.186414e+08
1.318865e+00 3.337091e+08 4.097071e+08
1.334162e+00 3.266629e+08 4.009623e+08
1.349637e+00 3.197654e+08 3.924032e+08
1.365291e+00 3.130136e+08 3.840258e+08
1.381127e+00 3.064044e+08 3.758262e+08
1.397147e+00 2.999347e+08 3.676974e+08
1.413352e+00 2.936016e+08 3.597170e+08
1.429746e+00 2.873970e+08 3.519078e+08
1.446329e+00 2.812750e+08 3.442452e+08
1.463105e+00 2.752835e+08 3.367484e+08
1.480075e+00 2.694196e+08 3.294138e+08
1.497243e+00 2.636806e+08 3.222380e+08
1.514609e+00 2.580638e+08 3.152175e+08
1.532177e+00 2.525667e+08 3.083490e+08
1.549948e+00 2.471867e+08 3.016292e+08
1.567926e+00 2.419213e+08 2.951002e+08
1.586112e+00 2.367681e+08 2.887158e+08
1.604509e+00 2.317247e+08 2.824686e+08
1.623120e+00 2.267886e+08 2.763558e+08
1.641946e+00 2.219836e+08 2.703743e+08
1.660991e+00 2.173139e+08 2.645214e+08
1.680257e+00 2.127424e+08 2.587944e+08
1.699746e+00 2.082670e+08 2.531905e+08
1.719461e+00 2.038858e+08 2.477071e+08
1.739405e+00 1.995968e+08 2.423416e+08
1.759580e+00 1.953980e+08 2.370915e+08
1.779989e+00 1.912876e+08 2.319543e+08
1.800635e+00 1.872636e+08 2.269276e+08
1.821520e+00 1.833243e+08 2.220090e+08
1.842648e+00 1.794678e+08 2.171963e+08
1.864021e+00 1.756925e+08 2.124871e+08
1.885641e+00 1.719966e+08 2.078792e+08
1.907513e+00 1.683785e+08 2.033704e+08
1.929638e+00 1.648364e+08 1.989625e+08
1.952019e+00 1.613689e+08 1.946541e+08
1.974661e+00 1.579526e+08 1.904384e+08
1.997565e+00 1.546076e+08 1.863016e+08
2.020734e+00 1.513335e+08 1.822482e+08
2.044172e+00 1.481288e+08 1.782955e+08
2.067883e+00 1.449919e+08 1.744277e+08
2.091868e+00 1.418971e+08 1.706431e+08
2.116131e+00 1.388620e+08 1.669400e+08
2.140676e+00 1.358918e+08 1.633165e+08
2.165505e+00 1.329852e+08 1.597710e+08
2.190623e+00 1.301407e+08 1.563018e+08
2.216032e+00 1.273585e+08 1.529072e+08
2.241735e+00 1.246452e+08 1.495857e+08
2.267737e+00 1.219898e+08 1.463357e+08
2.294040e+00 1.193909e+08 1.431556e+08
2.320648e+00 1.168474e+08 1.400441e+08
2.347565e+00 1.143580e+08 1.369995e+08
2.374795e+00 1.119217e+08 1.340225e+08
2.402340e+00 1.095374e+08 1.311245e+08
2.430204e+00 1.072038e+08 1.282885e+08
2.458392e+00 1.049199e+08 1.255133e+08
2.486906e+00 1.026847e+08 1.227975e+08
2.515752e+00 1.004972e+08 1.201399e+08
2.544932e+00 9.835621e+07 1.175392e+08
2.574450e+00 9.628963e+07 1.149942e+08
2.604311e+00 9.427537e+07 1.124941e+08
2.634518e+00 9.230324e+07 1.100281e+08
2.665075e+00 9.037237e+07 1.076144e+08
2.695987e+00 8.848190e+07 1.052525e+08
2.727258e+00 8.663097e+07 1.029418e+08
2.758891e+00 8.481877e+07 1.006813e+08
2.790891e+00 8.301335e+07 9.846992e+07
2.823262e+00 8.124411e+07 9.631449e+07
2.856009e+00 7.951377e+07 9.421232e+07
2.889136e+00 7.782028e+07 9.215550e+07
2.922647e+00 7.616286e+07 9.014307e+07
2.956546e+00 7.454074e+07 8.817407e+07
2.990839e+00 7.295317e+07 8.624757e+07
3.025529e+00 7.139942e+07 8.435677e+07
3.060622e+00 6.987876e+07 8.250414e+07
3.096122e+00 6.839183e+07 8.069171e+07
3.132033e+00 6.695628e+07 7.891019e+07
3.168361e+00 6.555450e+07 7.714458e+07
3.205111e+00 6.418304e+07 7.541798e+07
3.242287e+00 6.284027e+07 7.372954e+07
3.279894e+00 6.152559e+07 7.208132e+07
3.317937e+00 6.023842e+07 7.049087e+07
3.356421e+00 5.897817e+07 6.893505e+07
3.395352e+00 5.774429e+07 6.741309e+07
3.434734e+00 5.653623e+07 6.592427e+07
3.474573e+00 5.535344e+07 6.446788e+07
3.514875e+00 5.419539e+07 6.304320e+07
3.555643e+00 5.306211e+07 6.164956e+07
3.596885e+00 5.195323e+07 6.028629e+07
3.638605e+00 5.086753e+07 5.895272e+07
3.680809e+00 4.979597e+07 5.764822e+07
3.723502e+00 4.875082e+07 5.637216e+07
3.766690e+00 4.773354e+07 5.512405e+07
3.810380e+00 4.673978e+07 5.390350e+07
3.854576e+00 4.576194e+07 5.270992e+07
3.899285e+00 4.480456e+07 5.154270e+07
3.944512e+00 4.386256e+07 5.041240e+07
3.990264e+00 4.292692e+07 4.930746e+07
4.036547e+00 4.201314e+07 4.822640e+07
4.083367e+00 4.112000e+07 4.716873e+07
4.130729e+00 4.023033e+07 4.613397e+07
4.178641e+00 3.936648e+07 4.512189e+07
4.227109e+00 3.852548e+07 4.413200e+07
4.276138e+00 3.771381e+07 4.316383e+07
4.325737e+00 3.692477e+07 4.221691e+07
4.375911e+00 3.613526e+07 4.129075e+07
4.426666e+00 3.536262e+07 4.038492e+07
4.478011e+00 3.460651e+07 3.949895e+07
4.529951e+00 3.386657e+07 3.863242e+07
4.582493e+00 3.314244e+07 3.778491e+07
4.635645e+00 3.243380e+07 3.695598e+07
4.689414e+00 3.174031e+07 3.614524e+07
4.743806e+00 3.106468e+07 3.535217e+07
4.798828e+00 3.040666e+07 3.457616e+07
4.854490e+00 2.977393e+07 3.381719e+07
4.910796e+00 2.915436e+07 3.307488e+07
4.967756e+00 2.854768e+07 3.234887e+07
5.025377e+00 2.795363e+07 3.163879e+07
5.083665e+00 2.737195e+07 3.094430e+07
5.142630e+00 2.680283e+07 3.026505e+07
5.202279e+00 2.624731e+07 2.960071e+07
5.262620e+00 2.569634e+07 2.895096e+07
5.323660e+00 2.515254e+07 2.831546e+07
5.385409e+00 2.461914e+07 2.769392e+07
5.447874e+00 2.409705e+07 2.708602e+07
5.511063e+00 2.358094e+07 2.649147e+07
5.574985e+00 2.306962e+07 2.590996e+07
5.639649e+00 2.256939e+07 2.534122e+07
5.705063e+00 2.209129e+07 2.478497e+07
5.771235e+00 2.162705e+07 2.424092e+07
5.838175e+00 2.117257e+07 2.370882e+07
5.905892e+00 2.072718e+07 2.318665e+07
5.974393e+00 2.028437e+07 2.267484e+07
6.043690e+00 1.985103e+07 2.217432e+07
6.113790e+00 1.942694e+07 2.168486e+07
6.184703e+00 1.900788e+07 2.120565e+07
6.256439e+00 1.859728e+07 2.073570e+07
6.329007e+00 1.819676e+07 2.027644e+07
6.402416e+00 1.780487e+07 1.982981e+07
6.476677e+00 1.742142e+07 1.939302e+07
6.551800e+00 1.704652e+07 1.896584e+07
6.627793e+00 1.667986e+07 1.855074e+07
6.704668e+00 1.632109e+07 1.815282e+07
6.782435e+00 1.597005e+07 1.776338e+07
6.861104e+00 1.562655e+07 1.738230e+07
6.940685e+00 1.529044e+07 1.700228e+07
7.021189e+00 1.496156e+07 1.662811e+07
7.102627e+00 1.463975e+07 1.626217e+07
7.185010e+00 1.432487e+07 1.590865e+07
7.268348e+00 1.401676e+07 1.555805e+07
7.352653e+00 1.371613e+07 1.521689e+07
7.437936e+00 1.342543e+07 1.488352e+07
7.524208e+00 1.314107e+07 1.454981e+07
7.611480e+00 1.285702e+07 1.422961e+07
7.699765e+00 1.258068e+07 1.391646e+07
7.789074e+00 1.231326e+07 1.361020e+07
7.879418e+00 1.205191e+07 1.331068e+07
7.970811e+00 1.179696e+07 1.301930e+07
8.063263e+00 1.154741e+07 1.274015e+07
8.156788e+00 1.130313e+07 1.246649e+07
8.251398e+00 1.106081e+07 1.219427e+07
8.347105e+00 1.082243e+07 1.192610e+07
8.443923e+00 1.058919e+07 1.166158e+07
8.541863e+00 1.036097e+07 1.140169e+07
8.640939e+00 1.013768e+07 1.115204e+07
8.741164e+00 9.919192e+06 1.090839e+07
8.842552e+00 9.705784e+06 1.067006e+07
8.945116e+00 9.500144e+06 1.043693e+07
9.048869e+00 9.299811e+06 1.020941e+07
9.153826e+00 9.104882e+06 9.988074e+06
9.260001e+00 8.912849e+06 9.769679e+06
9.367406e+00 8.722503e+06 9.556059e+06
9.476058e+00 8.534321e+06 9.347874e+06
9.585970e+00 8.350368e+06 9.145677e+06
9.697157e+00 8.170612e+06 8.951436e+06
9.809633e+00 7.994725e+06 8.753287e+06
9.923414e+00 7.825034e+06 8.559169e+06
1.003851e+01 7.660169e+06 8.372542e+06
1.015495e+01 7.494827e+06 8.188672e+06
1.027274e+01 7.334597e+06 8.008741e+06
1.039189e+01 7.177994e+06 7.833357e+06
1.051242e+01 7.024736e+06 7.662279e+06
1.063436e+01 6.874749e+06 7.494914e+06
1.075770e+01 6.728503e+06 7.331615e+06
1.088248e+01 6.585847e+06 7.171613e+06
1.100870e+01 6.446216e+06 7.014813e+06
1.113639e+01 6.310824e+06 6.861241e+06
1.126556e+01 6.179874e+06 6.711836e+06
1.139623e+01 6.049581e+06 6.565958e+06
1.152842e+01 5.922009e+06 6.423966e+06
1.166213e+01 5.793334e+06 6.287544e+06
1.179740e+01 5.669184e+06 6.152433e+06
1.193424e+01 5.549278e+06 6.019027e+06
1.207266e+01 5.428709e+06 5.888341e+06
1.221269e+01 5.315143e+06 5.760493e+06
1.235434e+01 5.203506e+06 5.635421e+06
1.249764e+01 5.091931e+06 5.513064e+06
1.264260e+01 4.982748e+06 5.392101e+06
1.278924e+01 4.873740e+06 5.273185e+06
1.293758e+01 4.768635e+06 5.159785e+06
1.308764e+01 4.666716e+06 5.047949e+06
1.323945e+01 4.567690e+06 4.937822e+06
1.339301e+01 4.470374e+06 4.829953e+06
1.354835e+01 4.374835e+06 4.724812e+06
1.370550e+01 4.281773e+06 4.622203e+06
1.386447e+01 4.189603e+06 4.522775e+06
1.402528e+01 4.101614e+06 4.426200e+06
1.418796e+01 4.015113e+06 4.331605e+06
1.435252e+01 3.931417e+06 4.237586e+06
1.451900e+01 3.848909e+06 4.142493e+06
1.468740e+01 3.766714e+06 4.051324e+06
1.485776e+01 3.686654e+06 3.962591e+06
1.503009e+01 3.609257e+06 3.875389e+06
1.520442e+01 3.531569e+06 3.788248e+06
1.538078e+01 3.456936e+06 3.704944e+06
1.555918e+01 3.383623e+06 3.624711e+06
1.573965e+01 3.310705e+06 3.546215e+06
1.592221e+01 3.239358e+06 3.469419e+06
1.610689e+01 3.169548e+06 3.394199e+06
1.629371e+01 3.101354e+06 3.320559e+06
1.648270e+01 3.035172e+06 3.248951e+06
1.667388e+01 2.970402e+06 3.179702e+06
1.686728e+01 2.904917e+06 3.110408e+06
1.706292e+01 2.841361e+06 3.045529e+06
1.726083e+01 2.780085e+06 2.981827e+06
1.746104e+01 2.720626e+06 2.919411e+06
1.766357e+01 2.663911e+06 2.857883e+06
1.786845e+01 2.606515e+06 2.798053e+06
1.807570e+01 2.550069e+06 2.737259e+06
1.828536e+01 2.494845e+06 2.676907e+06
1.849745e+01 2.440818e+06 2.617887e+06
1.871200e+01 2.387960e+06 2.560168e+06
1.892904e+01 2.336247e+06 2.503722e+06
1.914859e+01 2.285653e+06 2.448522e+06
1.937070e+01 2.235627e+06 2.395523e+06
1.959538e+01 2.186537e+06 2.343837e+06
1.982266e+01 2.139142e+06 2.293223e+06
2.005258e+01 2.091488e+06 2.243769e+06
2.028517e+01 2.045985e+06 2.196565e+06
2.052045e+01 2.001948e+06 2.151161e+06
2.075847e+01 1.958234e+06 2.106696e+06
2.099924e+01 1.915311e+06 2.063014e+06
2.124281e+01 1.873558e+06 2.017680e+06
2.148921e+01 1.832716e+06 1.973203e+06
2.173846e+01 1.792810e+06 1.929966e+06
2.199060e+01 1.753740e+06 1.888501e+06
2.224567e+01 1.715218e+06 1.847220e+06
2.250369e+01 1.678217e+06 1.806841e+06
2.276471e+01 1.641573e+06 1.768286e+06
2.302875e+01 1.605728e+06 1.731144e+06
2.329586e+01 1.570666e+06 1.694781e+06
2.356607e+01 1.536370e+06 1.659182e+06
2.383941e+01 1.502823e+06 1.624331e+06
2.411592e+01 1.470008e+06 1.590204e+06
2.439564e+01 1.437805e+06 1.556404e+06
2.467860e+01 1.406545e+06 1.522382e+06
2.496485e+01 1.375775e+06 1.490020e+06
2.525441e+01 1.345801e+06 1.457599e+06
2.554733e+01 1.315894e+06 1.426773e+06
2.584365e+01 1.286455e+06 1.397001e+06
2.614341e+01 1.258274e+06 1.367849e+06
2.644665e+01 1.230742e+06 1.339306e+06
2.675340e+01 1.204353e+06 1.311359e+06
2.706371e+01 1.178861e+06 1.283950e+06
2.737762e+01 1.153271e+06 1.257045e+06
2.769517e+01 1.128410e+06 1.230533e+06
2.801640e+01 1.104213e+06 1.204085e+06
2.834136e+01 1.080535e+06 1.178077e+06
2.867009e+01 1.057439e+06 1.152626e+06
2.900263e+01 1.033918e+06 1.127724e+06
2.933903e+01 1.011729e+06 1.103423e+06
2.967933e+01 9.898219e+05 1.079940e+06
3.002358e+01 9.674712e+05 1.056266e+06
3.037182e+01 9.466792e+05 1.033669e+06
3.072410e+01 9.264863e+05 1.011725e+06
3.108046e+01 9.058521e+05 9.899995e+05
3.144096e+01 8.856774e+05 9.688758e+05
3.180564e+01 8.659521e+05 9.482931e+05
3.217455e+01 8.467452e+05 9.280556e+05
3.254774e+01 8.281916e+05 9.081497e+05
3.292526e+01 8.101299e+05 8.885789e+05
3.330716e+01 7.924802e+05 8.692768e+05
3.369348e+01 7.752151e+05 8.503727e+05
3.408429e+01 7.584404e+05 8.318779e+05
3.447963e+01 7.420645e+05 8.143263e+05
3.487956e+01 7.260816e+05 7.968029e+05
3.528412e+01 7.104804e+05 7.795873e+05
3.569338e+01 6.952784e+05 7.627436e+05
3.610738e+01 6.802062e+05 7.462639e+05
3.652619e+01 6.654052e+05 7.301402e+05
3.694985e+01 6.505513e+05 7.143649e+05
3.737843e+01 6.364585e+05 6.993198e+05
3.781198e+01 6.224741e+05 6.847372e+05
3.825055e+01 6.087174e+05 6.702408e+05
3.869422e+01 5.953146e+05 6.559313e+05
3.914303e+01 5.822147e+05 6.419017e+05
3.959704e+01 5.695982e+05 6.284514e+05
4.005633e+01 5.572552e+05 6.149595e+05
4.052094e+01 5.452029e+05 6.015611e+05
4.099093e+01 5.334123e+05 5.885887e+05
4.146638e+01 5.218766e+05 5.759285e+05
4.194735e+01 5.105905e+05 5.635798e+05
4.243389e+01 4.995484e+05 5.517143e+05
4.292608e+01 4.887452e+05 5.397751e+05
4.342397e+01 4.781333e+05 5.283639e+05
4.392764e+01 4.676582e+05 5.171412e+05
4.443715e+01 4.574127e+05 5.061568e+05
4.495258e+01 4.473916e+05 4.954058e+05
4.547398e+01 4.376119e+05 4.848832e+05
4.600143e+01 4.280574e+05 4.745449e+05
4.653499e+01 4.187116e+05 4.643661e+05
4.707475e+01 4.095698e+05 4.544056e+05
4.762076e+01 4.007189e+05 4.446588e+05
4.817311e+01 3.919012e+05 4.351211e+05
4.873186e+01 3.832645e+05 4.257880e+05
4.929710e+01 3.748740e+05 4.166550e+05
4.986889e+01 3.667040e+05 4.077027e+05
5.044732e+01 3.586857e+05 3.989132e+05
5.103245e+01 3.509177e+05 3.903133e+05
5.162437e+01 3.433224e+05 3.819456e+05
5.222315e+01 3.358797e+05 3.738571e+05
5.282889e+01 3.284621e+05 3.657416e+05
5.344164e+01 3.212083e+05 3.578623e+05
5.406151e+01 3.141146e+05 3.503212e+05
5.468856e+01 3.071777e+05 3.430605e+05
5.532289e+01 3.003939e+05 3.359503e+05
5.596457e+01 2.937599e+05 3.289875e+05
5.661370e+01 2.872807e+05 3.221690e+05
5.727036e+01 2.809737e+05 3.154890e+05
5.793463e+01 2.748147e+05 3.089090e+05
5.860661e+01 2.687940e+05 3.023605e+05
5.928638e+01 2.629052e+05 2.958100e+05
5.997404e+01 2.571594e+05 2.893753e+05
6.066967e+01 2.515424e+05 2.830806e+05
6.137337e+01 2.460481e+05 2.769713e+05
6.208523e+01 2.406738e+05 2.711708e+05
6.280535e+01 2.354168e+05 2.654918e+05
6.353383e+01 2.302748e+05 2.599317e+05
6.427075e+01 2.252450e+05 2.544834e+05
6.501622e+01 2.203308e+05 2.490522e+05
6.577033e+01 2.155271e+05 2.437369e+05
6.653320e+01 2.108282e+05 2.385351e+05
6.730491e+01 2.062317e+05 2.334443e+05
6.808557e+01 2.017397e+05 2.284293e+05
6.887529e+01 1.973223e+05 2.235213e+05
6.967417e+01 1.930013e+05 2.187188e+05
7.048231e+01 1.887750e+05 2.140194e+05
7.129983e+01 1.846437e+05 2.094210e+05
7.212683e+01 1.806106e+05 2.049214e+05
7.296342e+01 1.766656e+05 2.005185e+05
7.380971e+01 1.728068e+05 1.961981e+05
7.466583e+01 1.690323e+05 1.919412e+05
7.553187e+01 1.652950e+05 1.877767e+05
7.640795e+01 1.616333e+05 1.837025e+05
7.729420e+01 1.580528e+05 1.797167e+05
7.819073e+01 1.545516e+05 1.758174e+05
7.909765e+01 1.511280e+05 1.720027e+05
8.001510e+01 1.477802e+05 1.682708e+05
8.094319e+01 1.445066e+05 1.646199e+05
8.188204e+01 1.413265e+05 1.610481e+05
8.283178e+01 1.382219e+05 1.575539e+05
8.379254e+01 1.351856e+05 1.541355e+05
8.476444e+01 1.322160e+05 1.508058e+05
8.574761e+01 1.293116e+05 1.476340e+05
8.674219e+01 1.264710e+05 1.445288e+05
8.774830e+01 1.236928e+05 1.414890e+05
8.876609e+01 1.209756e+05 1.385131e+05
8.979568e+01 1.183182e+05 1.355999e+05
9.083721e+01 1.157191e+05 1.327478e+05
9.189082e+01 1.131771e+05 1.299558e+05
9.295665e+01 1.106921e+05 1.272102e+05
9.403485e+01 1.082661e+05 1.244931e+05
9.512555e+01 1.058933e+05 1.218402e+05
9.622890e+01 1.035725e+05 1.193062e+05
9.734505e+01 1.013025e+05 1.168249e+05
9.847414e+01 9.908232e+04 1.143951e+05
9.961633e+01 9.691078e+04 1.120160e+05
1.007718e+02 9.478682e+04 1.096863e+05
1.019406e+02 9.270942e+04 1.073987e+05
1.031230e+02 9.067755e+04 1.051514e+05
1.043191e+02 8.869020e+04 1.029510e+05
1.055291e+02 8.674642e+04 1.007967e+05
1.067531e+02 8.484523e+04 9.868748e+04
1.079914e+02 8.298247e+04 9.662239e+04
1.092439e+02 8.115131e+04 9.460052e+04
1.105110e+02 7.936056e+04 9.262096e+04
1.117928e+02 7.760933e+04 9.068282e+04
1.130895e+02 7.589736e+04 8.878524e+04
1.144012e+02 7.422320e+04 8.692736e+04
1.157282e+02 7.258597e+04 8.510836e+04
1.170705e+02 7.098486e+04 8.332743e+04
1.184284e+02 6.941906e+04 8.158377e+04
1.198020e+02 6.788781e+04 7.987659e+04
1.211916e+02 6.639391e+04 7.820513e+04
1.225973e+02 6.494186e+04 7.656865e+04
1.240193e+02 6.352313e+04 7.496642e+04
1.254578e+02 6.213613e+04 7.339277e+04
1.269129e+02 6.077941e+04 7.185035e+04
1.283850e+02 5.945232e+04 7.034036e+04
1.298741e+02 5.815421e+04 6.886210e+04
1.313805e+02 5.688121e+04 6.741491e+04
1.329044e+02 5.562142e+04 6.599813e+04
1.344459e+02 5.438954e+04 6.461113e+04
1.360053e+02 5.319506e+04 6.325328e+04
1.375828e+02 5.202846e+04 6.192397e+04
1.391787e+02 5.088743e+04 6.060864e+04
1.407930e+02 4.977144e+04 5.931942e+04
1.424260e+02 4.867991e+04 5.805763e+04
1.440780e+02 4.761233e+04 5.682267e+04
1.457491e+02 4.656816e+04 5.561399e+04
1.474397e+02 4.553508e+04 5.443101e+04
1.491498e+02 4.452219e+04 5.327320e+04
1.508798e+02 4.353184e+04 5.215086e+04
1.526298e+02 4.256352e+04 5.105434e+04
1.544002e+02 4.161673e+04 4.998087e+04
1.561910e+02 4.069101e+04 4.892998e+04
1.580027e+02 3.978587e+04 4.790119e+04
1.598353e+02 3.890087e+04 4.689402e+04
1.616892e+02 3.803556e+04 4.590803e+04
1.635647e+02 3.718950e+04 4.494278e+04
1.654618e+02 3.636225e+04 4.399782e+04
1.673810e+02 3.555385e+04 4.307272e+04
1.693224e+02 3.476354e+04 4.216708e+04
1.712864e+02 3.399079e+04 4.128048e+04
1.732731e+02 3.323522e+04 4.041253e+04
1.752829e+02 3.249645e+04 3.956158e+04
1.773160e+02 3.177410e+04 3.872447e+04
1.793727e+02 3.106780e+04 3.790507e+04
1.814532e+02 3.037721e+04 3.710301e+04
1.835578e+02 2.970196e+04 3.631792e+04
1.856869e+02 2.904173e+04 3.554944e+04
1.878407e+02 2.839617e+04 3.479722e+04
1.900194e+02 2.776727e+04 3.406092e+04
1.922234e+02 2.715288e+04 3.334020e+04
1.944530e+02 2.655208e+04 3.263474e+04
1.967085e+02 2.596458e+04 3.194419e+04
1.989901e+02 2.539008e+04 3.126826e+04
2.012981e+02 2.482829e+04 3.060664e+04
2.036330e+02 2.427893e+04 2.995901e+04
2.059949e+02 2.374172e+04 2.932509e+04
2.083842e+02 2.321640e+04 2.870458e+04
2.108012e+02 2.270271e+04 2.810066e+04
2.132463e+02 2.220042e+04 2.751099e+04
2.157197e+02 2.171054e+04 2.693370e+04
2.182218e+02 2.123147e+04 2.636852e+04
2.207529e+02 2.076297e+04 2.581520e+04
2.233134e+02 2.030481e+04 2.527349e+04
2.259036e+02 1.985676e+04 2.474315e+04
2.285239e+02 1.941860e+04 2.422394e+04
2.311745e+02 1.899010e+04 2.371562e+04
2.338559e+02 1.857362e+04 2.321758e+04
2.365683e+02 1.816663e+04 2.272961e+04
2.393123e+02 1.776856e+04 2.225190e+04
2.420880e+02 1.737920e+04 2.178422e+04
2.448960e+02 1.699838e+04 2.132638e+04
2.477365e+02 1.662591e+04 2.087815e+04
2.506100e+02 1.626159e+04 2.043935e+04
2.535168e+02 1.590526e+04 2.000977e+04
2.564573e+02 1.555674e+04 1.958922e+04
2.594319e+02 1.521586e+04 1.917751e+04
2.624410e+02 1.488244e+04 1.877445e+04
2.654850e+02 1.455633e+04 1.837986e+04
2.685644e+02 1.423737e+04 1.799357e+04
2.716794e+02 1.392540e+04 1.761528e+04
2.748306e+02 1.362026e+04 1.724243e+04
2.780183e+02 1.332181e+04 1.687747e+04
2.812431e+02 1.302989e+04 1.652023e+04
2.845052e+02 1.274438e+04 1.617056e+04
2.878051e+02 1.246512e+04 1.582737e+04
2.911433e+02 1.219198e+04 1.549143e+04
2.945203e+02 1.192483e+04 1.516262e+04
2.979364e+02 1.166353e+04 1.484079e+04
3.013921e+02 1.140795e+04 1.452579e+04
3.048879e+02 1.115798e+04 1.421748e+04
3.084243e+02 1.091351e+04 1.391438e+04
3.120017e+02 1.067478e+04 1.361765e+04
3.156206e+02 1.044127e+04 1.332815e+04
3.192814e+02 1.021287e+04 1.304753e+04
3.229847e+02 9.989462e+03 1.277281e+04
3.267310e+02 9.770943e+03 1.250241e+04
3.305207e+02 9.557205e+03 1.223722e+04
3.343544e+02 9.348142e+03 1.197697e+04
3.382325e+02 9.143652e+03 1.172139e+04
3.421556e+02 8.942361e+03 1.147127e+04
3.461243e+02 8.745430e+03 1.122648e+04
3.501389e+02 8.552837e+03 1.098692e+04
3.542002e+02 8.364485e+03 1.075247e+04
3.583085e+02 8.180281e+03 1.052303e+04
3.624645e+02 8.000134e+03 1.029848e+04
3.666687e+02 7.823954e+03 1.007872e+04
3.709216e+02 7.651654e+03 9.863651e+03
3.752239e+02 7.483148e+03 9.653172e+03
3.795761e+02 7.318353e+03 9.447184e+03
3.839787e+02 7.157187e+03 9.247123e+03
3.884325e+02 6.999571e+03 9.052257e+03
3.929379e+02 6.845426e+03 8.861497e+03
3.974955e+02 6.694675e+03 8.674699e+03
4.021060e+02 6.547244e+03 8.491669e+03
4.067700e+02 6.403060e+03 8.312502e+03
4.114881e+02 6.262051e+03 8.137115e+03
4.162609e+02 6.124148e+03 7.965428e+03
4.210891e+02 5.989281e+03 7.796024e+03
4.259732e+02 5.857385e+03 7.629863e+03
4.309140e+02 5.728393e+03 7.467243e+03
4.359122e+02 5.602242e+03 7.308089e+03
4.409683e+02 5.478869e+03 7.152323e+03
4.460830e+02 5.358213e+03 6.999706e+03
4.512571e+02 5.240214e+03 6.850347e+03
4.564912e+02 5.124814e+03 6.704174e+03
4.617860e+02 5.011955e+03 6.561120e+03
4.671422e+02 4.901581e+03 6.421119e+03
4.725605e+02 4.793639e+03 6.284105e+03
4.780417e+02 4.688073e+03 6.150015e+03
4.835865e+02 4.585290e+03 6.018786e+03
4.891955e+02 4.484885e+03 5.890357e+03
4.948696e+02 4.386679e+03 5.764669e+03
5.006096e+02 4.290623e+03 5.641662e+03
5.064161e+02 4.196671e+03 5.521281e+03
5.122900e+02 4.104776e+03 5.403468e+03
5.182320e+02 4.014893e+03 5.288169e+03
5.242429e+02 3.926979e+03 5.175330e+03
5.303235e+02 3.840989e+03 5.064899e+03
5.364747e+02 3.756883e+03 4.957405e+03
5.426972e+02 3.674618e+03 4.852343e+03
5.489919e+02 3.594155e+03 4.749508e+03
5.553596e+02 3.515157e+03 4.648852e+03
5.618012e+02 3.437112e+03 4.550329e+03
5.683174e+02 3.360799e+03 4.453895e+03
5.749093e+02 3.286180e+03 4.359504e+03
5.815776e+02 3.213219e+03 4.267113e+03
5.883233e+02 3.141877e+03 4.176681e+03
5.951472e+02 3.072119e+03 4.088165e+03
6.020502e+02 3.003910e+03 4.001525e+03
6.090333e+02 2.937216e+03 3.916721e+03
6.160975e+02 2.872002e+03 3.833714e+03
6.232435e+02 2.808237e+03 3.752466e+03
6.304724e+02 2.745887e+03 3.672941e+03
6.377852e+02 2.684921e+03 3.595100e+03
6.451828e+02 2.625472e+03 3.518910e+03
6.526662e+02 2.567501e+03 3.444334e+03
6.602365e+02 2.510810e+03 3.371338e+03
6.678945e+02 2.455371e+03 3.299890e+03
6.756413e+02 2.401156e+03 3.229956e+03
6.834780e+02 2.348138e+03 3.161504e+03
6.914056e+02 2.296291e+03 3.094502e+03
6.994251e+02 2.245588e+03 3.028921e+03
7.075377e+02 2.196006e+03 2.964951e+03
7.157444e+02 2.147517e+03 2.902834e+03
7.240462e+02 2.100100e+03 2.842017e+03
7.324443e+02 2.053729e+03 2.782475e+03
7.409399e+02 2.008383e+03 2.724180e+03
7.495340e+02 1.964037e+03 2.667106e+03
7.582277e+02 1.920671e+03 2.611229e+03
7.670223e+02 1.878262e+03 2.556522e+03
7.759190e+02 1.836790e+03 2.502961e+03
7.849188e+02 1.796234e+03 2.450522e+03
7.940229e+02 1.756573e+03 2.399182e+03
8.032327e+02 1.717787e+03 2.348918e+03
8.125494e+02 1.679858e+03 2.299707e+03
8.219740e+02 1.642767e+03 2.251397e+03
8.315080e+02 1.606494e+03 2.203772e+03
8.411526e+02 1.571023e+03 2.157154e+03
8.509090e+02 1.536334e+03 2.111522e+03
8.607786e+02 1.502412e+03 2.066856e+03
8.707627e+02 1.469239e+03 2.023135e+03
8.808626e+02 1.436798e+03 1.980338e+03
8.910797e+02 1.405073e+03 1.938447e+03
9.014152e+02 1.374049e+03 1.897442e+03
9.118706e+02 1.343710e+03 1.857304e+03
9.224473e+02 1.314041e+03 1.818015e+03
9.331467e+02 1.285027e+03 1.779558e+03
9.439702e+02 1.256695e+03 1.741914e+03
9.549192e+02 1.228997e+03 1.705066e+03
9.659952e+02 1.201910e+03 1.668998e+03
9.771997e+02 1.175419e+03 1.633693e+03
9.885341e+02 1.149512e+03 1.599134e+03
1.000000e+03 1.124177e+03 1.565307e+03
