1.000000e+00 2.229113e+09 2.773031e+09
1.011599e+00 2.181910e+09 2.713257e+09
1.023332e+00 2.135706e+09 2.654442e+09
1.035202e+00 2.090480e+09 2.596895e+09
1.047209e+00 2.046212e+09 2.540591e+09
1.059356e+00 2.002882e+09 2.485502e+09
1.071643e+00 1.960469e+09 2.431602e+09
1.084073e+00 1.918954e+09 2.378866e+09
1.096647e+00 1.878318e+09 2.327268e+09
1.109367e+00 1.838543e+09 2.276785e+09
1.122234e+00 1.799633e+09 2.227391e+09
1.135251e+00 1.761634e+09 2.179064e+09
1.148418e+00 1.724437e+09 2.131780e+09
1.161739e+00 1.688026e+09 2.085518e+09
1.175214e+00 1.652383e+09 2.040240e+09
1.188845e+00 1.617494e+09 1.995916e+09
1.202634e+00 1.583340e+09 1.952551e+09
1.216583e+00 1.549908e+09 1.910123e+09
1.230694e+00 1.517182e+09 1.868594e+09
1.244969e+00 1.485147e+09 1.827950e+09
1.259409e+00 1.453788e+09 1.788185e+09
1.274017e+00 1.423092e+09 1.749281e+09
1.288794e+00 1.393043e+09 1.711219e+09
1.303743e+00 1.363629e+09 1.674566e+09
1.318865e+00 1.334836e+09 1.638828e+09
1.334162e+00 1.306652e+09 1.603849e+09
1.349637e+00 1.279062e+09 1.569613e+09
1.365291e+00 1.252055e+09 1.536103e+09
1.381127e+00 1.225618e+09 1.503305e+09
1.397147e+00 1.199739e+09 1.470790e+09
1.413352e+00 1.174407e+09 1.438868e+09
1.429746e+00 1.149588e+09 1.407631e+09
1.446329e+00 1.125100e+09 1.376981e+09
1.463105e+00 1.101134e+09 1.346993e+09
1.480075e+00 1.077678e+09 1.317655e+09
1.497243e+00 1.054722e+09 1.288952e+09
1.514609e+00 1.032255e+09 1.260870e+09
1.532177e+00 1.010267e+09 1.233396e+09
1.549948e+00 9.887469e+08 1.206517e+09
1.567926e+00 9.676853e+08 1.180401e+09
1.586112e+00 9.470724e+08 1.154863e+09
1.604509e+00 9.268986e+08 1.129875e+09
1.623120e+00 9.071546e+08 1.105423e+09
1.641946e+00 8.879344e+08 1.081497e+09
1.660991e+00 8.692554e+08 1.058086e+09
1.680257e+00 8.509694e+08 1.035178e+09
1.699746e+00 8.330681e+08 1.012762e+09
1.719461e+00 8.155434e+08 9.908283e+08
1.739405e+00 7.983873e+08 9.693663e+08
1.759580e+00 7.815922e+08 9.483659e+08
1.779989e+00 7.651504e+08 9.278172e+08
1.800635e+00 7.490544e+08 9.077104e+08
1.821520e+00 7.332971e+08 8.880361e+08
1.842648e+00 7.178713e+08 8.687851e+08
1.864021e+00 7.027700e+08 8.499482e+08
1.885641e+00 6.879864e+08 8.315167e+08
1.907513e+00 6.735138e+08 8.134817e+08
1.929638e+00 6.593457e+08 7.958499e+08
1.952019e+00 6.454756e+08 7.786166e+08
1.974661e+00 6.318103e+08 7.617535e+08
1.997565e+00 6.184305e+08 7.452063e+08
2.020734e+00 6.053341e+08 7.289929e+08
2.044172e+00 5.925150e+08 7.131818e+08
2.067883e+00 5.799675e+08 6.977108e+08
2.091868e+00 5.675883e+08 6.825725e+08
2.116131e+00 5.554480e+08 6.677599e+08
2.140676e+00 5.435673e+08 6.532660e+08
2.165505e+00 5.319408e+08 6.390839e+08
2.190623e+00 5.205629e+08 6.252071e+08
2.216032e+00 5.094339e+08 6.116288e+08
2.241735e+00 4.985809e+08 5.983428e+08
2.267737e+00 4.879590e+08 5.853428e+08
2.294040e+00 4.775635e+08 5.726226e+08
2.320648e+00 4.673894e+08 5.601762e+08
2.347565e+00 4.574321e+08 5.479979e+08
2.374795e+00 4.476870e+08 5.360899e+08
2.402340e+00 4.381495e+08 5.244979e+08
2.430204e+00 4.288152e+08 5.131541e+08
2.458392e+00 4.196798e+08 5.020532e+08
2.486906e+00 4.107390e+08 4.911900e+08
2.515752e+00 4.019887e+08 4.805595e+08
2.544932e+00 3.934248e+08 4.701566e+08
2.574450e+00 3.851585e+08 4.599766e+08
2.604311e+00 3.771015e+08 4.499766e+08
2.634518e+00 3.692130e+08 4.401125e+08
2.665075e+00 3.614895e+08 4.304575e+08
2.695987e+00 3.539276e+08 4.210098e+08
2.727258e+00 3.465239e+08 4.117673e+08
2.758891e+00 3.392751e+08 4.027253e+08
2.790891e+00 3.320534e+08 3.938797e+08
2.823262e+00 3.249764e+08 3.852579e+08
2.856009e+00 3.180551e+08 3.768493e+08
2.889136e+00 3.112811e+08 3.686220e+08
2.922647e+00 3.046514e+08 3.605723e+08
2.956546e+00 2.981630e+08 3.526963e+08
2.990839e+00 2.918127e+08 3.449903e+08
3.025529e+00 2.855977e+08 3.374271e+08
3.060622e+00 2.795150e+08 3.300166e+08
3.096122e+00 2.735673e+08 3.227668e+08
3.132033e+00 2.678251e+08 3.156408e+08
3.168361e+00 2.622180e+08 3.085783e+08
3.205111e+00 2.567321e+08 3.016719e+08
3.242287e+00 2.513611e+08 2.949182e+08
3.279894e+00 2.461024e+08 2.883253e+08
3.317937e+00 2.409537e+08 2.819635e+08
3.356421e+00 2.359127e+08 2.757402e+08
3.395352e+00 2.309772e+08 2.696524e+08
3.434734e+00 2.261449e+08 2.636971e+08
3.474573e+00 2.214138e+08 2.578715e+08
3.514875e+00 2.167816e+08 2.521728e+08
3.555643e+00 2.122484e+08 2.465983e+08
3.596885e+00 2.078129e+08 2.411452e+08
3.638605e+00 2.034701e+08 2.358109e+08
3.680809e+00 1.991839e+08 2.305929e+08
3.723502e+00 1.950033e+08 2.254886e+08
3.766690e+00 1.909341e+08 2.204962e+08
3.810380e+00 1.869591e+08 2.156140e+08
3.854576e+00 1.830478e+08 2.108397e+08
3.899285e+00 1.792182e+08 2.061708e+08
3.944512e+00 1.754502e+08 2.016496e+08
3.990264e+00 1.717077e+08 1.972298e+08
4.036547e+00 1.680526e+08 1.929056e+08
4.083367e+00 1.644800e+08 1.886749e+08
4.130729e+00 1.609213e+08 1.845359e+08
4.178641e+00 1.574659e+08 1.804875e+08
4.227109e+00 1.541019e+08 1.765280e+08
4.276138e+00 1.508552e+08 1.726553e+08
4.325737e+00 1.476991e+08 1.688676e+08
4.375911e+00 1.445410e+08 1.651630e+08
4.426666e+00 1.414505e+08 1.615397e+08
4.478011e+00 1.384260e+08 1.579958e+08
4.529951e+00 1.354663e+08 1.545297e+08
4.582493e+00 1.325698e+08 1.511396e+08
4.635645e+00 1.297352e+08 1.478239e+08
4.689414e+00 1.269613e+08 1.445810e+08
4.743806e+00 1.242587e+08 1.414087e+08
4.798828e+00 1.216267e+08 1.383047e+08
4.854490e+00 1.190957e+08 1.352688e+08
4.910796e+00 1.166174e+08 1.322995e+08
4.967756e+00 1.141907e+08 1.293955e+08
5.025377e+00 1.118145e+08 1.265552e+08
5.083665e+00 1.094878e+08 1.237772e+08
5.142630e+00 1.072113e+08 1.210602e+08
5.202279e+00 1.049892e+08 1.184028e+08
5.262620e+00 1.027854e+08 1.158038e+08
5.323660e+00 1.006102e+08 1.132619e+08
5.385409e+00 9.847657e+07 1.107757e+08
5.447874e+00 9.638821e+07 1.083441e+08
5.511063e+00 9.432378e+07 1.059659e+08
5.574985e+00 9.227848e+07 1.036399e+08
5.639649e+00 9.027754e+07 1.013649e+08
5.705063e+00 8.836516e+07 9.913987e+07
5.771235e+00 8.650819e+07 9.696369e+07
5.838175e+00 8.469026e+07 9.483528e+07
5.905892e+00 8.290871e+07 9.274659e+07
5.974393e+00 8.113749e+07 9.069935e+07
6.043690e+00 7.940411e+07 8.869730e+07
6.113790e+00 7.770777e+07 8.673944e+07
6.184703e+00 7.603153e+07 8.482261e+07
6.256439e+00 7.438910e+07 8.294279e+07
6.329007e+00 7.278705e+07 8.110577e+07
6.402416e+00 7.121949e+07 7.931924e+07
6.476677e+00 6.968570e+07 7.757207e+07
6.551800e+00 6.818606e+07 7.586338e+07
6.627793e+00 6.671945e+07 7.420297e+07
6.704668e+00 6.528438e+07 7.261129e+07
6.782435e+00 6.388018e+07 7.105353e+07
6.861104e+00 6.250619e+07 6.952919e+07
6.940685e+00 6.116175e+07 6.800911e+07
7.021189e+00 5.984623e+07 6.651243e+07
7.102627e+00 5.855901e+07 6.504869e+07
7.185010e+00 5.729947e+07 6.363460e+07
7.268348e+00 5.606703e+07 6.223219e+07
7.352653e+00 5.486453e+07 6.086757e+07
7.437936e+00 5.370172e+07 5.953407e+07
7.524208e+00 5.256430e+07 5.819924e+07
7.611480e+00 5.142810e+07 5.691846e+07
7.699765e+00 5.032273e+07 5.566585e+07
7.789074e+00 4.925305e+07 5.444081e+07
7.879418e+00 4.820763e+07 5.324274e+07
7.970811e+00 4.718784e+07 5.207719e+07
8.063263e+00 4.618963e+07 5.096059e+07
8.156788e+00 4.521253e+07 4.986595e+07
8.251398e+00 4.424323e+07 4.877707e+07
8.347105e+00 4.328971e+07 4.770440e+07
8.443923e+00 4.235675e+07 4.664632e+07
8.541863e+00 4.144389e+07 4.560674e+07
8.640939e+00 4.055070e+07 4.460818e+07
8.741164e+00 3.967677e+07 4.363355e+07
8.842552e+00 3.882314e+07 4.268022e+07
8.945116e+00 3.800058e+07 4.174772e+07
9.048869e+00 3.719925e+07 4.083764e+07
9.153826e+00 3.641953e+07 3.995230e+07
9.260001e+00 3.565140e+07 3.907872e+07
9.367406e+00 3.489001e+07 3.822424e+07
9.476058e+00 3.413728e+07 3.739150e+07
9.585970e+00 3.340147e+07 3.658271e+07
9.697157e+00 3.268245e+07 3.580574e+07
9.809633e+00 3.197890e+07 3.501315e+07
9.923414e+00 3.130014e+07 3.423668e+07
1.003851e+01 3.064068e+07 3.349017e+07
1.015495e+01 2.997931e+07 3.275469e+07
1.027274e+01 2.933839e+07 3.203497e+07
1.039189e+01 2.871198e+07 3.133343e+07
1.051242e+01 2.809894e+07 3.064912e+07
1.063436e+01 2.749900e+07 2.997966e+07
1.075770e+01 2.691401e+07 2.932646e+07
1.088248e+01 2.634339e+07 2.868645e+07
1.100870e+01 2.578487e+07 2.805925e+07
1.113639e+01 2.524330e+07 2.744496e+07
1.126556e+01 2.471950e+07 2.684735e+07
1.139623e+01 2.419832e+07 2.626383e+07
1.152842e+01 2.368804e+07 2.569587e+07
1.166213e+01 2.317334e+07 2.515017e+07
1.179740e+01 2.267673e+07 2.460973e+07
1.193424e+01 2.219711e+07 2.407611e+07
1.207266e+01 2.171484e+07 2.355337e+07
1.221269e+01 2.126057e+07 2.304197e+07
1.235434e+01 2.081402e+07 2.254168e+07
1.249764e+01 2.036772e+07 2.205226e+07
1.264260e+01 1.993099e+07 2.156841e+07
1.278924e+01 1.949496e+07 2.109274e+07
1.293758e+01 1.907454e+07 2.063914e+07
1.308764e+01 1.866687e+07 2.019179e+07
1.323945e+01 1.827076e+07 1.975129e+07
1.339301e+01 1.788149e+07 1.931981e+07
1.354835e+01 1.749934e+07 1.889925e+07
1.370550e+01 1.712709e+07 1.848881e+07
1.386447e+01 1.675841e+07 1.809110e+07
1.402528e+01 1.640645e+07 1.770480e+07
1.418796e+01 1.606045e+07 1.732642e+07
1.435252e+01 1.572567e+07 1.695034e+07
1.451900e+01 1.539563e+07 1.656997e+07
1.468740e+01 1.506685e+07 1.620530e+07
1.485776e+01 1.474661e+07 1.585037e+07
1.503009e+01 1.443703e+07 1.550156e+07
1.520442e+01 1.412628e+07 1.515299e+07
1.538078e+01 1.382774e+07 1.481978e+07
1.555918e+01 1.353449e+07 1.449884e+07
1.573965e+01 1.324282e+07 1.418486e+07
1.592221e+01 1.295743e+07 1.387768e+07
1.610689e+01 1.267819e+07 1.357680e+07
1.629371e+01 1.240542e+07 1.328224e+07
1.648270e+01 1.214069e+07 1.299580e+07
1.667388e+01 1.188161e+07 1.271881e+07
1.686728e+01 1.161967e+07 1.244163e+07
1.706292e+01 1.136545e+07 1.218212e+07
1.726083e+01 1.112034e+07 1.192731e+07
1.746104e+01 1.088250e+07 1.167764e+07
1.766357e+01 1.065564e+07 1.143153e+07
1.786845e+01 1.042606e+07 1.119221e+07
1.807570e+01 1.020028e+07 1.094904e+07
1.828536e+01 9.979382e+06 1.070763e+07
1.849745e+01 9.763271e+06 1.047155e+07
1.871200e+01 9.551839e+06 1.024067e+07
1.892904e+01 9.344986e+06 1.001489e+07
1.914859e+01 9.142613e+06 9.794087e+06
1.937070e+01 8.942508e+06 9.582091e+06
1.959538e+01 8.746147e+06 9.375347e+06
1.982266e+01 8.556567e+06 9.172890e+06
2.005258e+01 8.365953e+06 8.975077e+06
2.028517e+01 8.183938e+06 8.786259e+06
2.052045e+01 8.007792e+06 8.604642e+06
2.075847e+01 7.832935e+06 8.426783e+06
2.099924e+01 7.661244e+06 8.252057e+06
2.124281e+01 7.494234e+06 8.070718e+06
2.148921e+01 7.330864e+06 7.892812e+06
2.173846e+01 7.171240e+06 7.719864e+06
2.199060e+01 7.014961e+06 7.554005e+06
2.224567e+01 6.860874e+06 7.388878e+06
2.250369e+01 6.712869e+06 7.227362e+06
2.276471e+01 6.566290e+06 7.073145e+06
2.302875e+01 6.422912e+06 6.924574e+06
2.329586e+01 6.282665e+06 6.779124e+06
2.356607e+01 6.145480e+06 6.636729e+06
2.383941e+01 6.011291e+06 6.497326e+06
2.411592e+01 5.880032e+06 6.360817e+06
2.439564e+01 5.751219e+06 6.225616e+06
2.467860e+01 5.626179e+06 6.089529e+06
2.496485e+01 5.503099e+06 5.960081e+06
2.525441e+01 5.383203e+06 5.830395e+06
2.554733e+01 5.263576e+06 5.707093e+06
2.584365e+01 5.145821e+06 5.588003e+06
2.614341e+01 5.033098e+06 5.471398e+06
2.644665e+01 4.922966e+06 5.357226e+06
2.675340e+01 4.817411e+06 5.245436e+06
2.706371e+01 4.715445e+06 5.135799e+06
2.737762e+01 4.613082e+06 5.028179e+06
2.769517e+01 4.513639e+06 4.922132e+06
2.801640e+01 4.416851e+06 4.816341e+06
2.834136e+01 4.322139e+06 4.712308e+06
2.867009e+01 4.229756e+06 4.610503e+06
2.900263e+01 4.135671e+06 4.510896e+06
2.933903e+01 4.046914e+06 4.413694e+06
2.967933e+01 3.959288e+06 4.319760e+06
3.002358e+01 3.869885e+06 4.225063e+06
3.037182e+01 3.786717e+06 4.134676e+06
3.072410e+01 3.705945e+06 4.046900e+06
3.108046e+01 3.623408e+06 3.959998e+06
3.144096e+01 3.542710e+06 3.875503e+06
3.180564e+01 3.463808e+06 3.793172e+06
3.217455e+01 3.386981e+06 3.712222e+06
3.254774e+01 3.312767e+06 3.632599e+06
3.292526e+01 3.240519e+06 3.554316e+06
3.330716e+01 3.169921e+06 3.477107e+06
3.369348e+01 3.100860e+06 3.401491e+06
3.408429e+01 3.033762e+06 3.327512e+06
3.447963e+01 2.968258e+06 3.257305e+06
3.487956e+01 2.904326e+06 3.187212e+06
3.528412e+01 2.841921e+06 3.118349e+06
3.569338e+01 2.781113e+06 3.050975e+06
3.610738e+01 2.720825e+06 2.985056e+06
3.652619e+01 2.661621e+06 2.920561e+06
3.694985e+01 2.602205e+06 2.857460e+06
3.737843e+01 2.545834e+06 2.797279e+06
3.781198e+01 2.489897e+06 2.738949e+06
3.825055e+01 2.434870e+06 2.680963e+06
3.869422e+01 2.381258e+06 2.623725e+06
3.914303e+01 2.328859e+06 2.567607e+06
3.959704e+01 2.278393e+06 2.513806e+06
4.005633e+01 2.229021e+06 2.459838e+06
4.052094e+01 2.180812e+06 2.406245e+06
4.099093e+01 2.133649e+06 2.354355e+06
4.146638e+01 2.087507e+06 2.303714e+06
4.194735e+01 2.042362e+06 2.254319e+06
4.243389e+01 1.998194e+06 2.206857e+06
4.292608e+01 1.954981e+06 2.159100e+06
4.342397e+01 1.912533e+06 2.113456e+06
4.392764e+01 1.870633e+06 2.068565e+06
4.443715e+01 1.829651e+06 2.024627e+06
4.495258e+01 1.789567e+06 1.981623e+06
4.547398e+01 1.750448e+06 1.939533e+06
4.600143e+01 1.712230e+06 1.898179e+06
4.653499e+01 1.674846e+06 1.857464e+06
4.707475e+01 1.638279e+06 1.817623e+06
4.762076e+01 1.602876e+06 1.778635e+06
4.817311e+01 1.567605e+06 1.740484e+06
4.873186e+01 1.533058e+06 1.703152e+06
4.929710e+01 1.499496e+06 1.666620e+06
4.986889e+01 1.466816e+06 1.630811e+06
5.044732e+01 1.434743e+06 1.595653e+06
5.103245e+01 1.403671e+06 1.561253e+06
5.162437e+01 1.373290e+06 1.527782e+06
5.222315e+01 1.343519e+06 1.495428e+06
5.282889e+01 1.313848e+06 1.462966e+06
5.344164e+01 1.284833e+06 1.431449e+06
5.406151e+01 1.256459e+06 1.401285e+06
5.468856e+01 1.228711e+06 1.372242e+06
5.532289e+01 1.201576e+06 1.343801e+06
5.596457e+01 1.175040e+06 1.315950e+06
5.661370e+01 1.149123e+06 1.288676e+06
5.727036e+01 1.123895e+06 1.261956e+06
5.793463e+01 1.099259e+06 1.235636e+06
5.860661e+01 1.075176e+06 1.209442e+06
5.928638e+01 1.051621e+06 1.183240e+06
5.997404e+01 1.028637e+06 1.157501e+06
6.066967e+01 1.006169e+06 1.132323e+06
6.137337e+01 9.841922e+05 1.107885e+06
6.208523e+01 9.626950e+05 1.084683e+06
6.280535e+01 9.416674e+05 1.061967e+06
6.353383e+01 9.210990e+05 1.039727e+06
6.427075e+01 9.009800e+05 1.017933e+06
6.501622e+01 8.813232e+05 9.962087e+05
6.577033e+01 8.621086e+05 9.749476e+05
6.653320e+01 8.433129e+05 9.541403e+05
6.730491e+01 8.249269e+05 9.337772e+05
6.808557e+01 8.069588e+05 9.137172e+05
6.887529e+01 7.892890e+05 8.940852e+05
6.967417e+01 7.720053e+05 8.748750e+05
7.048231e+01 7.551001e+05 8.560776e+05
7.129983e+01 7.385746e+05 8.376841e+05
7.212683e+01 7.224423e+05 8.196858e+05
7.296342e+01 7.066624e+05 8.020742e+05
7.380971e+01 6.912272e+05 7.847926e+05
7.466583e+01 6.761291e+05 7.677650e+05
7.553187e+01 6.611799e+05 7.511068e+05
7.640795e+01 6.465334e+05 7.348101e+05
7.729420e+01 6.322113e+05 7.188669e+05
7.819073e+01 6.182066e+05 7.032697e+05
7.909765e+01 6.045120e+05 6.880110e+05
8.001510e+01 5.911209e+05 6.730833e+05
8.094319e+01 5.780264e+05 6.584794e+05
8.188204e+01 5.653058e+05 6.441925e+05
8.283178e+01 5.528877e+05 6.302155e+05
8.379254e+01 5.407424e+05 6.165419e+05
8.476444e+01 5.288639e+05 6.032233e+05
8.574761e+01 5.172463e+05 5.905359e+05
8.674219e+01 5.058839e+05 5.781154e+05
8.774830e+01 4.947712e+05 5.659561e+05
8.876609e+01 4.839025e+05 5.540526e+05
8.979568e+01 4.732726e+05 5.423994e+05
9.083721e+01 4.628762e+05 5.309914e+05
9.189082e+01 4.527082e+05 5.198233e+05
9.295665e+01 4.427685e+05 5.088409e+05
9.403485e+01 4.330645e+05 4.979725e+05
9.512555e+01 4.235732e+05 4.873608e+05
9.622890e+01 4.142899e+05 4.772247e+05
9.734505e+01 4.052101e+05 4.672994e+05
9.847414e+01 3.963293e+05 4.575806e+05
9.961633e+01 3.876431e+05 4.480639e+05
1.007718e+02 3.791473e+05 4.387451e+05
1.019406e+02 3.708377e+05 4.295949e+05
1.031230e+02 3.627102e+05 4.206054e+05
1.043191e+02 3.547608e+05 4.118040e+05
1.055291e+02 3.469857e+05 4.031868e+05
1.067531e+02 3.393809e+05 3.947499e+05
1.079914e+02 3.319299e+05 3.864896e+05
1.092439e+02 3.246053e+05 3.784021e+05
1.105110e+02 3.174422e+05 3.704838e+05
1.117928e+02 3.104373e+05 3.627313e+05
1.130895e+02 3.035895e+05 3.551409e+05
1.144012e+02 2.968928e+05 3.477094e+05
1.157282e+02 2.903439e+05 3.404335e+05
1.170705e+02 2.839394e+05 3.333097e+05
1.184284e+02 2.776763e+05 3.263351e+05
1.198020e+02 2.715512e+05 3.195063e+05
1.211916e+02 2.655756e+05 3.128205e+05
1.225973e+02 2.597674e+05 3.062746e+05
1.240193e+02 2.540925e+05 2.998657e+05
1.254578e+02 2.485445e+05 2.935711e+05
1.269129e+02 2.431177e+05 2.874014e+05
1.283850e+02 2.378093e+05 2.813614e+05
1.298741e+02 2.326168e+05 2.754484e+05
1.313805e+02 2.275248e+05 2.696596e+05
1.329044e+02 2.224857e+05 2.639925e+05
1.344459e+02 2.175582e+05 2.584445e+05
1.360053e+02 2.127803e+05 2.530131e+05
1.375828e+02 2.081138e+05 2.476959e+05
1.391787e+02 2.035497e+05 2.424346e+05
1.407930e+02 1.990857e+05 2.372777e+05
1.424260e+02 1.947197e+05 2.322305e+05
1.440780e+02 1.904493e+05 2.272907e+05
1.457491e+02 1.862726e+05 2.224559e+05
1.474397e+02 1.821403e+05 2.177241e+05
1.491498e+02 1.780888e+05 2.130928e+05
1.508798e+02 1.741274e+05 2.086034e+05
1.526298e+02 1.702541e+05 2.042174e+05
1.544002e+02 1.664669e+05 1.999235e+05
1.561910e+02 1.627640e+05 1.957199e+05
1.580027e+02 1.591435e+05 1.916047e+05
1.598353e+02 1.556035e+05 1.875761e+05
1.616892e+02 1.521422e+05 1.836321e+05
1.635647e+02 1.487580e+05 1.797711e+05
1.654618e+02 1.454490e+05 1.759913e+05
1.673810e+02 1.422154e+05 1.722909e+05
1.693224e+02 1.390542e+05 1.686683e+05
1.712864e+02 1.359632e+05 1.651219e+05
1.732731e+02 1.329409e+05 1.616501e+05
1.752829e+02 1.299858e+05 1.582463e+05
1.773160e+02 1.270964e+05 1.548979e+05
1.793727e+02 1.242712e+05 1.516203e+05
1.814532e+02 1.215088e+05 1.484120e+05
1.835578e+02 1.188079e+05 1.452717e+05
1.856869e+02 1.161669e+05 1.421978e+05
1.878407e+02 1.135847e+05 1.391889e+05
1.900194e+02 1.110691e+05 1.362437e+05
1.922234e+02 1.086115e+05 1.333608e+05
1.944530e+02 1.062083e+05 1.305389e+05
1.967085e+02 1.038583e+05 1.277768e+05
1.989901e+02 1.015603e+05 1.250731e+05
2.012981e+02 9.931314e+04 1.224266e+05
2.036330e+02 9.711570e+04 1.198360e+05
2.059949e+02 9.496688e+04 1.173004e+05
2.083842e+02 9.286561e+04 1.148183e+05
2.108012e+02 9.081083e+04 1.124026e+05
2.132463e+02 8.880168e+04 1.100440e+05
2.157197e+02 8.684216e+04 1.077348e+05
2.182218e+02 8.492588e+04 1.054741e+05
2.207529e+02 8.305189e+04 1.032608e+05
2.233134e+02 8.121925e+04 1.010940e+05
2.259036e+02 7.942705e+04 9.897259e+04
2.285239e+02 7.767439e+04 9.689574e+04
2.311745e+02 7.596042e+04 9.486247e+04
2.338559e+02 7.429449e+04 9.287033e+04
2.365683e+02 7.266652e+04 9.091845e+04
2.393123e+02 7.107422e+04 8.900759e+04
2.420880e+02 6.951681e+04 8.713689e+04
2.448960e+02 6.799353e+04 8.530550e+04
2.477365e+02 6.650363e+04 8.351261e+04
2.506100e+02 6.504638e+04 8.175740e+04
2.535168e+02 6.362106e+04 8.003908e+04
2.564573e+02 6.222697e+04 7.835688e+04
2.594319e+02 6.086343e+04 7.671003e+04
2.624410e+02 5.952977e+04 7.509780e+04
2.654850e+02 5.822533e+04 7.351945e+04
2.685644e+02 5.694948e+04 7.197427e+04
2.716794e+02 5.570158e+04 7.046112e+04
2.748306e+02 5.448103e+04 6.896971e+04
2.780183e+02 5.328722e+04 6.750987e+04
2.812431e+02 5.211958e+04 6.608093e+04
2.845052e+02 5.097752e+04 6.468224e+04
2.878051e+02 4.986048e+04 6.330948e+04
2.911433e+02 4.876792e+04 6.196572e+04
2.945203e+02 4.769931e+04 6.065049e+04
2.979364e+02 4.665410e+04 5.936317e+04
3.013921e+02 4.563181e+04 5.810318e+04
3.048879e+02 4.463191e+04 5.686993e+04
3.084243e+02 4.365404e+04 5.565754e+04
3.120017e+02 4.269911e+04 5.447059e+04
3.156206e+02 4.176507e+04 5.331258e+04
3.192814e+02 4.085147e+04 5.219010e+04
3.229847e+02 3.995785e+04 5.109125e+04
3.267310e+02 3.908377e+04 5.000965e+04
3.305207e+02 3.822882e+04 4.894886e+04
3.343544e+02 3.739257e+04 4.790786e+04
3.382325e+02 3.657461e+04 4.688556e+04
3.421556e+02 3.576944e+04 4.588507e+04
3.461243e+02 3.498172e+04 4.490593e+04
3.501389e+02 3.421135e+04 4.394769e+04
3.542002e+02 3.345794e+04 4.300990e+04
3.583085e+02 3.272113e+04 4.209211e+04
3.624645e+02 3.200054e+04 4.119391e+04
3.666687e+02 3.129582e+04 4.031488e+04
3.709216e+02 3.060661e+04 3.945460e+04
3.752239e+02 2.993259e+04 3.861269e+04
3.795761e+02 2.927341e+04 3.778874e+04
3.839787e+02 2.862875e+04 3.698849e+04
3.884325e+02 2.799828e+04 3.620903e+04
3.929379e+02 2.738170e+04 3.544599e+04
3.974955e+02 2.677870e+04 3.469879e+04
4.021060e+02 2.618898e+04 3.396668e+04
4.067700e+02 2.561224e+04 3.325001e+04
4.114881e+02 2.504820e+04 3.254846e+04
4.162609e+02 2.449659e+04 3.186171e+04
4.210891e+02 2.395713e+04 3.118410e+04
4.259732e+02 2.342954e+04 3.051945e+04
4.309140e+02 2.291357e+04 2.986897e+04
4.359122e+02 2.240897e+04 2.923236e+04
4.409683e+02 2.191548e+04 2.860929e+04
4.460830e+02 2.143285e+04 2.799883e+04
4.512571e+02 2.096086e+04 2.740139e+04
4.564912e+02 2.049926e+04 2.681670e+04
4.617860e+02 2.004782e+04 2.624448e+04
4.671422e+02 1.960633e+04 2.568448e+04
4.725605e+02 1.917455e+04 2.513642e+04
4.780417e+02 1.875229e+04 2.460006e+04
4.835865e+02 1.834116e+04 2.407514e+04
4.891955e+02 1.793954e+04 2.356143e+04
4.948696e+02 1.754672e+04 2.305868e+04
5.006096e+02 1.716249e+04 2.256665e+04
5.064161e+02 1.678668e+04 2.208512e+04
5.122900e+02 1.641910e+04 2.161387e+04
5.182320e+02 1.605957e+04 2.115268e+04
5.242429e+02 1.570792e+04 2.070132e+04
5.303235e+02 1.536396e+04 2.025960e+04
5.364747e+02 1.502753e+04 1.982962e+04
5.426972e+02 1.469847e+04 1.940937e+04
5.489919e+02 1.437662e+04 1.899803e+04
5.553596e+02 1.406063e+04 1.859541e+04
5.618012e+02 1.374845e+04 1.820132e+04
5.683174e+02 1.344320e+04 1.781558e+04
5.749093e+02 1.314472e+04 1.743801e+04
5.815776e+02 1.285288e+04 1.706845e+04
5.883233e+02 1.256751e+04 1.670672e+04
5.951472e+02 1.228848e+04 1.635266e+04
6.020502e+02 1.201564e+04 1.600610e+04
6.090333e+02 1.174886e+04 1.566688e+04
6.160975e+02 1.148801e+04 1.533486e+04
6.232435e+02 1.123295e+04 1.500987e+04
6.304724e+02 1.098355e+04 1.469176e+04
6.377852e+02 1.073968e+04 1.438040e+04
6.451828e+02 1.050189e+04 1.407564e+04
6.526662e+02 1.027001e+04 1.377734e+04
6.602365e+02 1.004324e+04 1.348535e+04
6.678945e+02 9.821485e+03 1.319956e+04
6.756413e+02 9.604625e+03 1.291982e+04
6.834780e+02 9.392553e+03 1.264601e+04
6.914056e+02 9.185164e+03 1.237801e+04
6.994251e+02 8.982354e+03 1.211568e+04
7.075377e+02 8.784022e+03 1.185981e+04
7.157444e+02 8.590069e+03 1.161133e+04
7.240462e+02 8.400399e+03 1.136807e+04
7.324443e+02 8.214917e+03 1.112990e+04
7.409399e+02 8.033531e+03 1.089672e+04
7.495340e+02 7.856149e+03 1.066843e+04
7.582277e+02 7.682684e+03 1.044492e+04
7.670223e+02 7.513050e+03 1.022609e+04
7.759190e+02 7.347161e+03 1.001184e+04
7.849188e+02 7.184934e+03 9.802089e+03
7.940229e+02 7.026290e+03 9.596729e+03
8.032327e+02 6.871149e+03 9.395672e+03
8.125494e+02 6.719433e+03 9.198827e+03
8.219740e+02 6.571067e+03 9.005590e+03
8.315080e+02 6.425977e+03 8.815088e+03
8.411526e+02 6.284091e+03 8.628617e+03
8.509090e+02 6.145338e+03 8.446090e+03
8.607786e+02 6.009648e+03 8.267424e+03
8.707627e+02 5.876955e+03 8.092538e+03
8.808626e+02 5.747191e+03 7.921352e+03
8.910797e+02 5.620293e+03 7.753787e+03
9.014152e+02 5.496196e+03 7.589766e+03
9.118706e+02 5.374840e+03 7.429215e+03
9.224473e+02 5.256163e+03 7.272061e+03
9.331467e+02 5.140107e+03 7.118231e+03
9.439702e+02 5.026781e+03 6.967655e+03
9.549192e+02 4.915989e+03 6.820265e+03
9.659952e+02 4.807639e+03 6.675992e+03
9.771997e+02 4.701676e+03 6.534771e+03
9.885341e+02 4.598050e+03 6.396538e+03
1.000000e+03 4.496707e+03 6.261229e+03
