1.000000e+00 2.480018e+09
1.011599e+00 2.427356e+09
1.023332e+00 2.375807e+09
1.035202e+00 2.325347e+09
1.047209e+00 2.275955e+09
1.059356e+00 2.227607e+09
1.071643e+00 2.180281e+09
1.084073e+00 2.133955e+09
1.096647e+00 2.088609e+09
1.109367e+00 2.044223e+09
1.122234e+00 2.000774e+09
1.135251e+00 1.958245e+09
1.148418e+00 1.916615e+09
1.161739e+00 1.875865e+09
1.175214e+00 1.835978e+09
1.188845e+00 1.796934e+09
1.202634e+00 1.758716e+09
1.216583e+00 1.721306e+09
1.230694e+00 1.684688e+09
1.244969e+00 1.648845e+09
1.259409e+00 1.613760e+09
1.274017e+00 1.579380e+09
1.288794e+00 1.545474e+09
1.303743e+00 1.512292e+09
1.318865e+00 1.479818e+09
1.334162e+00 1.448038e+09
1.349637e+00 1.416936e+09
1.365291e+00 1.386499e+09
1.381127e+00 1.356711e+09
1.397147e+00 1.327559e+09
1.413352e+00 1.299031e+09
1.429746e+00 1.271298e+09
1.446329e+00 1.244200e+09
1.463105e+00 1.217677e+09
1.480075e+00 1.191716e+09
1.497243e+00 1.166304e+09
1.514609e+00 1.141431e+09
1.532177e+00 1.117084e+09
1.549948e+00 1.093254e+09
1.567926e+00 1.069928e+09
1.586112e+00 1.047096e+09
1.604509e+00 1.024749e+09
1.623120e+00 1.002875e+09
1.641946e+00 9.814640e+08
1.660991e+00 9.605072e+08
1.680257e+00 9.399946e+08
1.699746e+00 9.199168e+08
1.719461e+00 9.002647e+08
1.739405e+00 8.810292e+08
1.759580e+00 8.622015e+08
1.779989e+00 8.437731e+08
1.800635e+00 8.257355e+08
1.821520e+00 8.080804e+08
1.842648e+00 7.907998e+08
1.864021e+00 7.738857e+08
1.885641e+00 7.573304e+08
1.907513e+00 7.411264e+08
1.929638e+00 7.252661e+08
1.952019e+00 7.097424e+08
1.974661e+00 6.945481e+08
1.997565e+00 6.796763e+08
2.020734e+00 6.651201e+08
2.044172e+00 6.508729e+08
2.067883e+00 6.369281e+08
2.091868e+00 6.232794e+08
2.116131e+00 6.099205e+08
2.140676e+00 5.968352e+08
2.165505e+00 5.839374e+08
2.190623e+00 5.713158e+08
2.216032e+00 5.589645e+08
2.241735e+00 5.468776e+08
2.267737e+00 5.350496e+08
2.294040e+00 5.234749e+08
2.320648e+00 5.121481e+08
2.347565e+00 5.010641e+08
2.374795e+00 4.902973e+08
2.402340e+00 4.798029e+08
2.430204e+00 4.695332e+08
2.458392e+00 4.594832e+08
2.486906e+00 4.496484e+08
2.515752e+00 4.400241e+08
2.544932e+00 4.306058e+08
2.574450e+00 4.213891e+08
2.604311e+00 4.123696e+08
2.634518e+00 4.035433e+08
2.665075e+00 3.949058e+08
2.695987e+00 3.864532e+08
2.727258e+00 3.781698e+08
2.758891e+00 3.700064e+08
2.790891e+00 3.620182e+08
2.823262e+00 3.542014e+08
2.856009e+00 3.465523e+08
2.889136e+00 3.390674e+08
2.922647e+00 3.317432e+08
2.956546e+00 3.245810e+08
2.990839e+00 3.176151e+08
3.025529e+00 3.107986e+08
3.060622e+00 3.041285e+08
3.096122e+00 2.976015e+08
3.132033e+00 2.912145e+08
3.168361e+00 2.849647e+08
3.205111e+00 2.788490e+08
3.242287e+00 2.728645e+08
3.279894e+00 2.670085e+08
3.317937e+00 2.612781e+08
3.356421e+00 2.556707e+08
3.395352e+00 2.501837e+08
3.434734e+00 2.448144e+08
3.474573e+00 2.395604e+08
3.514875e+00 2.343810e+08
3.555643e+00 2.293098e+08
3.596885e+00 2.243484e+08
3.638605e+00 2.194943e+08
3.680809e+00 2.147452e+08
3.723502e+00 2.100928e+08
3.766690e+00 2.055258e+08
3.810380e+00 2.010852e+08
3.854576e+00 1.967397e+08
3.899285e+00 1.924874e+08
3.944512e+00 1.883264e+08
3.990264e+00 1.842553e+08
4.036547e+00 1.802723e+08
4.083367e+00 1.763753e+08
4.130729e+00 1.725626e+08
4.178641e+00 1.688323e+08
4.227109e+00 1.651826e+08
4.276138e+00 1.616205e+08
4.325737e+00 1.581306e+08
4.375911e+00 1.547162e+08
4.426666e+00 1.513755e+08
4.478011e+00 1.481069e+08
4.529951e+00 1.448959e+08
4.582493e+00 1.417512e+08
4.635645e+00 1.386870e+08
4.689414e+00 1.356917e+08
4.743806e+00 1.327664e+08
4.798828e+00 1.298935e+08
4.854490e+00 1.270828e+08
4.910796e+00 1.243329e+08
4.967756e+00 1.216425e+08
5.025377e+00 1.190104e+08
5.083665e+00 1.164352e+08
5.142630e+00 1.139158e+08
5.202279e+00 1.114508e+08
5.262620e+00 1.090606e+08
5.323660e+00 1.066891e+08
5.385409e+00 1.044343e+08
5.447874e+00 1.021838e+08
5.511063e+00 9.995544e+07
5.574985e+00 9.778782e+07
5.639649e+00 9.567947e+07
5.705063e+00 9.361594e+07
5.771235e+00 9.159692e+07
5.838175e+00 8.962144e+07
5.905892e+00 8.768857e+07
5.974393e+00 8.580635e+07
6.043690e+00 8.398641e+07
6.113790e+00 8.220858e+07
6.184703e+00 8.045159e+07
6.256439e+00 7.871935e+07
6.329007e+00 7.703954e+07
6.402416e+00 7.540568e+07
6.476677e+00 7.378581e+07
6.551800e+00 7.218280e+07
6.627793e+00 7.061499e+07
6.704668e+00 6.909476e+07
6.782435e+00 6.760725e+07
6.861104e+00 6.615177e+07
6.940685e+00 6.472560e+07
7.021189e+00 6.332806e+07
7.102627e+00 6.194859e+07
7.185010e+00 6.059495e+07
7.268348e+00 5.929224e+07
7.352653e+00 5.801575e+07
7.437936e+00 5.674238e+07
7.524208e+00 5.550235e+07
7.611480e+00 5.430603e+07
7.699765e+00 5.312969e+07
7.789074e+00 5.197101e+07
7.879418e+00 5.083760e+07
7.970811e+00 4.972090e+07
8.063263e+00 4.864439e+07
8.156788e+00 4.758353e+07
8.251398e+00 4.656139e+07
8.347105e+00 4.555521e+07
8.443923e+00 4.457757e+07
8.541863e+00 4.362596e+07
8.640939e+00 4.269536e+07
8.741164e+00 4.178462e+07
8.842552e+00 4.087665e+07
8.945116e+00 3.998749e+07
9.048869e+00 3.911767e+07
9.153826e+00 3.827805e+07
9.260001e+00 3.746584e+07
9.367406e+00 3.666840e+07
9.476058e+00 3.587556e+07
9.585970e+00 3.510307e+07
9.697157e+00 3.434149e+07
9.809633e+00 3.360130e+07
9.923414e+00 3.287727e+07
1.003851e+01 3.216878e+07
1.015495e+01 3.147555e+07
1.027274e+01 3.080526e+07
1.039189e+01 3.013878e+07
1.051242e+01 2.948466e+07
1.063436e+01 2.885408e+07
1.075770e+01 2.823698e+07
1.088248e+01 2.763544e+07
1.100870e+01 2.705537e+07
1.113639e+01 2.648391e+07
1.126556e+01 2.592671e+07
1.139623e+01 2.538123e+07
1.152842e+01 2.482560e+07
1.166213e+01 2.429337e+07
1.179740e+01 2.377257e+07
1.193424e+01 2.326768e+07
1.207266e+01 2.275882e+07
1.221269e+01 2.225797e+07
1.235434e+01 2.177974e+07
1.249764e+01 2.131377e+07
1.264260e+01 2.085437e+07
1.278924e+01 2.040613e+07
1.293758e+01 1.997143e+07
1.308764e+01 1.954408e+07
1.323945e+01 1.912413e+07
1.339301e+01 1.870918e+07
1.354835e+01 1.829722e+07
1.370550e+01 1.789785e+07
1.386447e+01 1.751070e+07
1.402528e+01 1.712841e+07
1.418796e+01 1.675709e+07
1.435252e+01 1.639577e+07
1.451900e+01 1.604796e+07
1.468740e+01 1.570752e+07
1.485776e+01 1.537401e+07
1.503009e+01 1.504245e+07
1.520442e+01 1.471913e+07
1.538078e+01 1.439903e+07
1.555918e+01 1.408582e+07
1.573965e+01 1.377769e+07
1.592221e+01 1.347225e+07
1.610689e+01 1.317043e+07
1.629371e+01 1.288100e+07
1.648270e+01 1.259794e+07
1.667388e+01 1.231856e+07
1.686728e+01 1.204778e+07
1.706292e+01 1.178296e+07
1.726083e+01 1.153030e+07
1.746104e+01 1.128091e+07
1.766357e+01 1.103666e+07
1.786845e+01 1.079766e+07
1.807570e+01 1.056514e+07
1.828536e+01 1.033763e+07
1.849745e+01 1.011502e+07
1.871200e+01 9.897203e+06
1.892904e+01 9.684300e+06
1.914859e+01 9.476442e+06
1.937070e+01 9.271674e+06
1.959538e+01 9.069681e+06
1.982266e+01 8.872089e+06
2.005258e+01 8.678562e+06
2.028517e+01 8.490382e+06
2.052045e+01 8.310005e+06
2.075847e+01 8.132165e+06
2.099924e+01 7.958131e+06
2.124281e+01 7.787822e+06
2.148921e+01 7.621674e+06
2.173846e+01 7.458060e+06
2.199060e+01 7.298452e+06
2.224567e+01 7.140228e+06
2.250369e+01 6.984340e+06
2.276471e+01 6.837055e+06
2.302875e+01 6.693132e+06
2.329586e+01 6.550213e+06
2.356607e+01 6.407152e+06
2.383941e+01 6.267129e+06
2.411592e+01 6.134531e+06
2.439564e+01 6.002560e+06
2.467860e+01 5.872027e+06
2.496485e+01 5.746801e+06
2.525441e+01 5.623362e+06
2.554733e+01 5.503115e+06
2.584365e+01 5.385767e+06
2.614341e+01 5.271001e+06
2.644665e+01 5.156051e+06
2.675340e+01 5.045756e+06
2.706371e+01 4.936294e+06
2.737762e+01 4.828479e+06
2.769517e+01 4.724165e+06
2.801640e+01 4.622005e+06
2.834136e+01 4.523704e+06
2.867009e+01 4.427981e+06
2.900263e+01 4.334548e+06
2.933903e+01 4.243460e+06
2.967933e+01 4.152924e+06
3.002358e+01 4.062691e+06
3.037182e+01 3.974000e+06
3.072410e+01 3.888119e+06
3.108046e+01 3.805247e+06
3.144096e+01 3.724069e+06
3.180564e+01 3.643704e+06
3.217455e+01 3.565073e+06
3.254774e+01 3.488048e+06
3.292526e+01 3.413824e+06
3.330716e+01 3.340918e+06
3.369348e+01 3.268411e+06
3.408429e+01 3.198604e+06
3.447963e+01 3.130287e+06
3.487956e+01 3.062672e+06
3.528412e+01 2.995993e+06
3.569338e+01 2.930720e+06
3.610738e+01 2.866538e+06
3.652619e+01 2.805045e+06
3.694985e+01 2.745043e+06
3.737843e+01 2.686326e+06
3.781198e+01 2.628100e+06
3.825055e+01 2.571001e+06
3.869422e+01 2.515143e+06
3.914303e+01 2.460498e+06
3.959704e+01 2.407162e+06
4.005633e+01 2.355402e+06
4.052094e+01 2.304754e+06
4.099093e+01 2.255608e+06
4.146638e+01 2.207750e+06
4.194735e+01 2.160392e+06
4.243389e+01 2.113919e+06
4.292608e+01 2.067741e+06
4.342397e+01 2.022275e+06
4.392764e+01 1.977810e+06
4.443715e+01 1.934322e+06
4.495258e+01 1.891790e+06
4.547398e+01 1.850583e+06
4.600143e+01 1.810359e+06
4.653499e+01 1.770787e+06
4.707475e+01 1.732025e+06
4.762076e+01 1.694136e+06
4.817311e+01 1.657898e+06
4.873186e+01 1.622107e+06
4.929710e+01 1.587218e+06
4.986889e+01 1.553079e+06
5.044732e+01 1.519674e+06
5.103245e+01 1.486988e+06
5.162437e+01 1.455005e+06
5.222315e+01 1.423342e+06
5.282889e+01 1.392328e+06
5.344164e+01 1.361990e+06
5.406151e+01 1.332256e+06
5.468856e+01 1.303122e+06
5.532289e+01 1.274625e+06
5.596457e+01 1.246752e+06
5.661370e+01 1.219488e+06
5.727036e+01 1.192820e+06
5.793463e+01 1.166735e+06
5.860661e+01 1.141221e+06
5.928638e+01 1.116359e+06
5.997404e+01 1.092095e+06
6.066967e+01 1.068358e+06
6.137337e+01 1.045136e+06
6.208523e+01 1.022450e+06
6.280535e+01 1.000521e+06
6.353383e+01 9.788819e+05
6.427075e+01 9.577748e+05
6.501622e+01 9.371425e+05
6.577033e+01 9.169778e+05
6.653320e+01 8.972470e+05
6.730491e+01 8.779408e+05
6.808557e+01 8.590501e+05
6.887529e+01 8.405659e+05
6.967417e+01 8.224795e+05
7.048231e+01 8.048910e+05
7.129983e+01 7.878051e+05
7.212683e+01 7.710820e+05
7.296342e+01 7.547138e+05
7.380971e+01 7.386931e+05
7.466583e+01 7.230125e+05
7.553187e+01 7.076647e+05
7.640795e+01 6.926427e+05
7.729420e+01 6.779397e+05
7.819073e+01 6.633756e+05
7.909765e+01 6.490849e+05
8.001510e+01 6.351020e+05
8.094319e+01 6.214205e+05
8.188204e+01 6.080338e+05
8.283178e+01 5.949356e+05
8.379254e+01 5.821158e+05
8.476444e+01 5.696515e+05
8.574761e+01 5.574542e+05
8.674219e+01 5.455180e+05
8.774830e+01 5.338278e+05
8.876609e+01 5.222497e+05
8.979568e+01 5.108517e+05
9.083721e+01 4.996934e+05
9.189082e+01 4.887789e+05
9.295665e+01 4.781027e+05
9.403485e+01 4.676598e+05
9.512555e+01 4.574450e+05
9.622890e+01 4.475704e+05
9.734505e+01 4.380199e+05
9.847414e+01 4.286731e+05
9.961633e+01 4.194198e+05
1.007718e+02 4.103231e+05
1.019406e+02 4.014238e+05
1.031230e+02 3.927174e+05
1.043191e+02 3.841999e+05
1.055291e+02 3.758671e+05
1.067531e+02 3.677150e+05
1.079914e+02 3.597256e+05
1.092439e+02 3.519085e+05
1.105110e+02 3.442613e+05
1.117928e+02 3.367803e+05
1.130895e+02 3.294619e+05
1.144012e+02 3.223024e+05
1.157282e+02 3.152986e+05
1.170705e+02 3.084470e+05
1.184284e+02 3.017582e+05
1.198020e+02 2.952332e+05
1.211916e+02 2.888493e+05
1.225973e+02 2.826039e+05
1.240193e+02 2.764925e+05
1.254578e+02 2.705139e+05
1.269129e+02 2.646644e+05
1.283850e+02 2.589331e+05
1.298741e+02 2.533084e+05
1.313805e+02 2.478058e+05
1.329044e+02 2.424241e+05
1.344459e+02 2.371662e+05
1.360053e+02 2.320224e+05
1.375828e+02 2.269901e+05
1.391787e+02 2.220670e+05
1.407930e+02 2.172506e+05
1.424260e+02 2.125388e+05
1.440780e+02 2.079291e+05
1.457491e+02 2.034194e+05
1.474397e+02 1.990075e+05
1.491498e+02 1.946913e+05
1.508798e+02 1.904687e+05
1.526298e+02 1.863169e+05
1.544002e+02 1.822470e+05
1.561910e+02 1.782660e+05
1.580027e+02 1.743947e+05
1.598353e+02 1.706131e+05
1.616892e+02 1.669390e+05
1.635647e+02 1.633577e+05
1.654618e+02 1.598532e+05
1.673810e+02 1.564239e+05
1.693224e+02 1.530472e+05
1.712864e+02 1.497406e+05
1.732731e+02 1.465055e+05
1.752829e+02 1.433403e+05
1.773160e+02 1.402435e+05
1.793727e+02 1.372136e+05
1.814532e+02 1.342491e+05
1.835578e+02 1.313487e+05
1.856869e+02 1.285110e+05
1.878407e+02 1.257346e+05
1.900194e+02 1.230181e+05
1.922234e+02 1.203604e+05
1.944530e+02 1.177600e+05
1.967085e+02 1.152159e+05
1.989901e+02 1.127267e+05
2.012981e+02 1.102912e+05
2.036330e+02 1.079084e+05
2.059949e+02 1.055771e+05
2.083842e+02 1.032924e+05
2.108012e+02 1.010542e+05
2.132463e+02 9.886446e+04
2.157197e+02 9.672216e+04
2.182218e+02 9.462629e+04
2.207529e+02 9.257583e+04
2.233134e+02 9.056980e+04
2.259036e+02 8.861380e+04
2.285239e+02 8.670738e+04
2.311745e+02 8.484197e+04
2.338559e+02 8.301669e+04
2.365683e+02 8.123069e+04
2.393123e+02 7.948311e+04
2.420880e+02 7.777313e+04
2.448960e+02 7.609994e+04
2.477365e+02 7.446275e+04
2.506100e+02 7.286078e+04
2.535168e+02 7.129328e+04
2.564573e+02 6.975950e+04
2.594319e+02 6.825872e+04
2.624410e+02 6.679023e+04
2.654850e+02 6.535333e+04
2.685644e+02 6.394735e+04
2.716794e+02 6.257161e+04
2.748306e+02 6.122548e+04
2.780183e+02 5.990711e+04
2.812431e+02 5.861356e+04
2.845052e+02 5.735226e+04
2.878051e+02 5.612107e+04
2.911433e+02 5.491631e+04
2.945203e+02 5.373741e+04
2.979364e+02 5.258382e+04
3.013921e+02 5.145499e+04
3.048879e+02 5.035040e+04
3.084243e+02 4.926951e+04
3.120017e+02 4.821184e+04
3.156206e+02 4.717686e+04
3.192814e+02 4.616411e+04
3.229847e+02 4.517310e+04
3.267310e+02 4.420336e+04
3.305207e+02 4.325444e+04
3.343544e+02 4.232589e+04
3.382325e+02 4.141727e+04
3.421556e+02 4.052816e+04
3.461243e+02 3.965814e+04
3.501389e+02 3.880679e+04
3.542002e+02 3.797372e+04
3.583085e+02 3.715853e+04
3.624645e+02 3.636085e+04
3.666687e+02 3.558028e+04
3.709216e+02 3.481648e+04
3.752239e+02 3.406809e+04
3.795761e+02 3.333090e+04
3.839787e+02 3.260966e+04
3.884325e+02 3.190403e+04
3.929379e+02 3.121312e+04
3.974955e+02 3.053580e+04
4.021060e+02 2.987317e+04
4.067700e+02 2.923005e+04
4.114881e+02 2.860318e+04
4.162609e+02 2.798975e+04
4.210891e+02 2.738948e+04
4.259732e+02 2.680090e+04
4.309140e+02 2.622413e+04
4.359122e+02 2.565949e+04
4.409683e+02 2.510608e+04
4.460830e+02 2.456461e+04
4.512571e+02 2.403235e+04
4.564912e+02 2.351026e+04
4.617860e+02 2.299951e+04
4.671422e+02 2.249985e+04
4.725605e+02 2.201106e+04
4.780417e+02 2.153288e+04
4.835865e+02 2.106509e+04
4.891955e+02 2.060746e+04
4.948696e+02 2.015977e+04
5.006096e+02 1.972181e+04
5.064161e+02 1.929337e+04
5.122900e+02 1.887423e+04
5.182320e+02 1.846419e+04
5.242429e+02 1.806307e+04
5.303235e+02 1.767066e+04
5.364747e+02 1.728677e+04
5.426972e+02 1.691123e+04
5.489919e+02 1.654384e+04
5.553596e+02 1.618528e+04
5.618012e+02 1.583671e+04
5.683174e+02 1.549565e+04
5.749093e+02 1.516193e+04
5.815776e+02 1.483540e+04
5.883233e+02 1.451591e+04
5.951472e+02 1.420329e+04
6.020502e+02 1.389741e+04
6.090333e+02 1.359812e+04
6.160975e+02 1.330527e+04
6.232435e+02 1.301873e+04
6.304724e+02 1.273836e+04
6.377852e+02 1.246402e+04
6.451828e+02 1.219736e+04
6.526662e+02 1.193662e+04
6.602365e+02 1.168147e+04
6.678945e+02 1.143176e+04
6.756413e+02 1.118740e+04
6.834780e+02 1.094825e+04
6.914056e+02 1.071422e+04
6.994251e+02 1.048520e+04
7.075377e+02 1.026106e+04
7.157444e+02 1.004172e+04
7.240462e+02 9.827070e+03
7.324443e+02 9.617006e+03
7.409399e+02 9.411433e+03
7.495340e+02 9.210253e+03
7.582277e+02 9.013375e+03
7.670223e+02 8.820704e+03
7.759190e+02 8.632152e+03
7.849188e+02 8.447631e+03
7.940229e+02 8.267054e+03
8.032327e+02 8.090337e+03
8.125494e+02 7.917143e+03
8.219740e+02 7.746247e+03
8.315080e+02 7.579040e+03
8.411526e+02 7.415443e+03
8.509090e+02 7.255378e+03
8.607786e+02 7.098768e+03
8.707627e+02 6.945539e+03
8.808626e+02 6.795618e+03
8.910797e+02 6.648933e+03
9.014152e+02 6.505415e+03
9.118706e+02 6.364995e+03
9.224473e+02 6.227272e+03
9.331467e+02 6.092324e+03
9.439702e+02 5.960301e+03
9.549192e+02 5.831569e+03
9.659952e+02 5.706192e+03
9.771997e+02 5.583509e+03
9.885341e+02 5.463352e+03
1.000000e+03 5.345728e+03
