# Energy(MeV) Fluence_16th Fluence_84th
5.000000e-02 6.651824e+11 1.007149e+12
5.168383e-02 6.429408e+11 9.667773e+11
5.342437e-02 6.226625e+11 9.286991e+11
5.522353e-02 6.015253e+11 8.917693e+11
5.708327e-02 5.810164e+11 8.571903e+11
5.900565e-02 5.621790e+11 8.229668e+11
6.099276e-02 5.442898e+11 7.909791e+11
6.304680e-02 5.254989e+11 7.601684e+11
6.517000e-02 5.073569e+11 7.310403e+11
6.736471e-02 4.904100e+11 7.025806e+11
6.963333e-02 4.725632e+11 6.760773e+11
7.197835e-02 4.551163e+11 6.497261e+11
7.440234e-02 4.396483e+11 6.245834e+11
7.690796e-02 4.243144e+11 6.000743e+11
7.949797e-02 4.092943e+11 5.769879e+11
8.217519e-02 3.946374e+11 5.552263e+11
8.494258e-02 3.805633e+11 5.340991e+11
8.780317e-02 3.680625e+11 5.123588e+11
9.076008e-02 3.552449e+11 4.930768e+11
9.381658e-02 3.418026e+11 4.740330e+11
9.697601e-02 3.286882e+11 4.562103e+11
1.002418e-01 3.171084e+11 4.389115e+11
1.036177e-01 3.057563e+11 4.211927e+11
1.071072e-01 2.931663e+11 4.053787e+11
1.107142e-01 2.836264e+11 3.893700e+11
1.144426e-01 2.732515e+11 3.735772e+11
1.182967e-01 2.636173e+11 3.588539e+11
1.222805e-01 2.532727e+11 3.451005e+11
1.263985e-01 2.438046e+11 3.314307e+11
1.306552e-01 2.348901e+11 3.186372e+11
1.350553e-01 2.254660e+11 3.059865e+11
1.396035e-01 2.162558e+11 2.934184e+11
1.443048e-01 2.076773e+11 2.813567e+11
1.491646e-01 1.992201e+11 2.692983e+11
1.541879e-01 1.915614e+11 2.582378e+11
1.593805e-01 1.838849e+11 2.476937e+11
1.647479e-01 1.769785e+11 2.377964e+11
1.702960e-01 1.696903e+11 2.281109e+11
1.760310e-01 1.629735e+11 2.190915e+11
1.819592e-01 1.559149e+11 2.102975e+11
1.880869e-01 1.498876e+11 2.019201e+11
1.944211e-01 1.436596e+11 1.936796e+11
2.009685e-01 1.377792e+11 1.858932e+11
2.077365e-01 1.317453e+11 1.782034e+11
2.147324e-01 1.261208e+11 1.710247e+11
2.219638e-01 1.210644e+11 1.639460e+11
2.294388e-01 1.159127e+11 1.568921e+11
2.371656e-01 1.108845e+11 1.503231e+11
2.451525e-01 1.058835e+11 1.439163e+11
2.534084e-01 1.011193e+11 1.377316e+11
2.619424e-01 9.667835e+10 1.317913e+11
2.707637e-01 9.211427e+10 1.261821e+11
2.798822e-01 8.775664e+10 1.206542e+11
2.893077e-01 8.369478e+10 1.153453e+11
2.990506e-01 7.967169e+10 1.104117e+11
3.091216e-01 7.585923e+10 1.055990e+11
3.195318e-01 7.221430e+10 1.009251e+11
3.302926e-01 6.889722e+10 9.650620e+10
3.414157e-01 6.560024e+10 9.219311e+10
3.529135e-01 6.238984e+10 8.813290e+10
3.647984e-01 5.941371e+10 8.416146e+10
3.770836e-01 5.660094e+10 8.035844e+10
3.897825e-01 5.394597e+10 7.670641e+10
4.029091e-01 5.123264e+10 7.318364e+10
4.164778e-01 4.871433e+10 6.970247e+10
4.305033e-01 4.618869e+10 6.641946e+10
4.450013e-01 4.391656e+10 6.331362e+10
4.599874e-01 4.163661e+10 6.022938e+10
4.754783e-01 3.958880e+10 5.730699e+10
4.914908e-01 3.758543e+10 5.454577e+10
5.080426e-01 3.567914e+10 5.183996e+10
5.251518e-01 3.385609e+10 4.926340e+10
5.428371e-01 3.212201e+10 4.675365e+10
5.611181e-01 3.036577e+10 4.440171e+10
5.800147e-01 2.863436e+10 4.207127e+10
5.995476e-01 2.713258e+10 3.990383e+10
6.197384e-01 2.559651e+10 3.782977e+10
6.406091e-01 2.424735e+10 3.582430e+10
6.621827e-01 2.274351e+10 3.387837e+10
6.844828e-01 2.145214e+10 3.198607e+10
7.075339e-01 2.027654e+10 3.020609e+10
7.313613e-01 1.907671e+10 2.857029e+10
7.559911e-01 1.779258e+10 2.697345e+10
7.814504e-01 1.663102e+10 2.543018e+10
8.077670e-01 1.556204e+10 2.398807e+10
8.349699e-01 1.457861e+10 2.260088e+10
8.630889e-01 1.362247e+10 2.126520e+10
8.921549e-01 1.277812e+10 1.998444e+10
9.221997e-01 1.195612e+10 1.878790e+10
9.532563e-01 1.111493e+10 1.763242e+10
9.853588e-01 1.031760e+10 1.653627e+10
1.018542e+00 9.648950e+09 1.555200e+10
1.052844e+00 9.011108e+09 1.457539e+10
1.088300e+00 8.267299e+09 1.363246e+10
1.124950e+00 7.673290e+09 1.274333e+10
1.162835e+00 7.098248e+09 1.190542e+10
1.201995e+00 6.539867e+09 1.109637e+10
1.242474e+00 6.073149e+09 1.033381e+10
1.284317e+00 5.609339e+09 9.634126e+09
1.327568e+00 5.217773e+09 8.959329e+09
1.372276e+00 4.835668e+09 8.331532e+09
1.418490e+00 4.453553e+09 7.725534e+09
1.466260e+00 4.127213e+09 7.169962e+09
1.515639e+00 3.824944e+09 6.638064e+09
1.566680e+00 3.510663e+09 6.133423e+09
1.619441e+00 3.229279e+09 5.666307e+09
1.673978e+00 2.966922e+09 5.224458e+09
1.730352e+00 2.745036e+09 4.810066e+09
1.788625e+00 2.516599e+09 4.422375e+09
1.848860e+00 2.327633e+09 4.061572e+09
1.911123e+00 2.142564e+09 3.725729e+09
1.975484e+00 1.972247e+09 3.418059e+09
2.042011e+00 1.815978e+09 3.132632e+09
2.110780e+00 1.669146e+09 2.867466e+09
2.181864e+00 1.534613e+09 2.624609e+09
2.255341e+00 1.406339e+09 2.403117e+09
2.331294e+00 1.289074e+09 2.198114e+09
2.409804e+00 1.179325e+09 2.012922e+09
2.490958e+00 1.080634e+09 1.842600e+09
2.574845e+00 9.881008e+08 1.686603e+09
2.661558e+00 9.042204e+08 1.543670e+09
2.751190e+00 8.275960e+08 1.412773e+09
2.843841e+00 7.579684e+08 1.289876e+09
2.939612e+00 6.935013e+08 1.181174e+09
3.038609e+00 6.372877e+08 1.080404e+09
3.140939e+00 5.829733e+08 9.879121e+08
3.246715e+00 5.329755e+08 9.039238e+08
3.356054e+00 4.867188e+08 8.253861e+08
3.469074e+00 4.451444e+08 7.552371e+08
3.585901e+00 4.073273e+08 6.903946e+08
3.706663e+00 3.728004e+08 6.318470e+08
3.831491e+00 3.412010e+08 5.778975e+08
3.960522e+00 3.122695e+08 5.285352e+08
4.093900e+00 2.857878e+08 4.830807e+08
4.231769e+00 2.615203e+08 4.433248e+08
4.374280e+00 2.389832e+08 4.049052e+08
4.521592e+00 2.186766e+08 3.702990e+08
4.673864e+00 2.003905e+08 3.385916e+08
4.831264e+00 1.830620e+08 3.096226e+08
4.993965e+00 1.677493e+08 2.829814e+08
5.162145e+00 1.535659e+08 2.585942e+08
5.335989e+00 1.408413e+08 2.364771e+08
5.515687e+00 1.287401e+08 2.163411e+08
5.701437e+00 1.177419e+08 1.981281e+08
5.893443e+00 1.077488e+08 1.814392e+08
6.091914e+00 9.855433e+07 1.659388e+08
6.297070e+00 9.016845e+07 1.521258e+08
6.509134e+00 8.234965e+07 1.389834e+08
6.728340e+00 7.518500e+07 1.273347e+08
6.954928e+00 6.858896e+07 1.164171e+08
7.189147e+00 6.262511e+07 1.066366e+08
7.431253e+00 5.726573e+07 9.766537e+07
7.681513e+00 5.236467e+07 8.918652e+07
7.940201e+00 4.788271e+07 8.166499e+07
8.207601e+00 4.381766e+07 7.471293e+07
8.484005e+00 4.013999e+07 6.840503e+07
8.769719e+00 3.668231e+07 6.256907e+07
9.065053e+00 3.350204e+07 5.725718e+07
9.370334e+00 3.064513e+07 5.237624e+07
9.685896e+00 2.806598e+07 4.790483e+07
1.001208e+01 2.563946e+07 4.383272e+07
1.034926e+01 2.345475e+07 4.005657e+07
1.069779e+01 2.142351e+07 3.663788e+07
1.105805e+01 1.958290e+07 3.352821e+07
1.143045e+01 1.790312e+07 3.068943e+07
1.181539e+01 1.636707e+07 2.807031e+07
1.221329e+01 1.488117e+07 2.568958e+07
1.262460e+01 1.364174e+07 2.349819e+07
1.304975e+01 1.244902e+07 2.152478e+07
1.348922e+01 1.139325e+07 1.968491e+07
1.394350e+01 1.042369e+07 1.801396e+07
1.441307e+01 9.562821e+06 1.648062e+07
1.489845e+01 8.732395e+06 1.507427e+07
1.540018e+01 7.991172e+06 1.379645e+07
1.591881e+01 7.312705e+06 1.261672e+07
1.645490e+01 6.690482e+06 1.155954e+07
1.700905e+01 6.117739e+06 1.056656e+07
1.758185e+01 5.599901e+06 9.660005e+06
1.817395e+01 5.126795e+06 8.837965e+06
1.878599e+01 4.693297e+06 8.084197e+06
1.941864e+01 4.292729e+06 7.404191e+06
2.007260e+01 3.919676e+06 6.776379e+06
2.074857e+01 3.582297e+06 6.202471e+06
2.144732e+01 3.270266e+06 5.676935e+06
2.216959e+01 2.986766e+06 5.187318e+06
2.291619e+01 2.734157e+06 4.738527e+06
2.368793e+01 2.497249e+06 4.339310e+06
2.448566e+01 2.283869e+06 3.966082e+06
2.531026e+01 2.083521e+06 3.633642e+06
2.616262e+01 1.898756e+06 3.323042e+06
2.704369e+01 1.730580e+06 3.038679e+06
2.795443e+01 1.580688e+06 2.775913e+06
2.889585e+01 1.441428e+06 2.537566e+06
2.986896e+01 1.322008e+06 2.318293e+06
3.087485e+01 1.203630e+06 2.122711e+06
3.191461e+01 1.097248e+06 1.940738e+06
3.298939e+01 1.004588e+06 1.777962e+06
3.410036e+01 9.182583e+05 1.624332e+06
3.524875e+01 8.354036e+05 1.484989e+06
3.643581e+01 7.591055e+05 1.358960e+06
3.766285e+01 6.936996e+05 1.241071e+06
3.893121e+01 6.326975e+05 1.135787e+06
4.024228e+01 5.742474e+05 1.038383e+06
4.159751e+01 5.229025e+05 9.482088e+05
4.299837e+01 4.777926e+05 8.665439e+05
4.444641e+01 4.361415e+05 7.959142e+05
4.594322e+01 3.980809e+05 7.295232e+05
4.749044e+01 3.601901e+05 6.674662e+05
4.908976e+01 3.262121e+05 6.098469e+05
5.074294e+01 2.972911e+05 5.571198e+05
5.245179e+01 2.704930e+05 5.090179e+05
5.421819e+01 2.464014e+05 4.645815e+05
5.604408e+01 2.244570e+05 4.243712e+05
5.793146e+01 2.047458e+05 3.884958e+05
5.988240e+01 1.864293e+05 3.546419e+05
6.189904e+01 1.706100e+05 3.236960e+05
6.398359e+01 1.550971e+05 2.953562e+05
6.613834e+01 1.415198e+05 2.696345e+05
6.836566e+01 1.291132e+05 2.464291e+05
7.066799e+01 1.179639e+05 2.259645e+05
7.304785e+01 1.077203e+05 2.063119e+05
7.550786e+01 9.813158e+04 1.882805e+05
7.805072e+01 8.938444e+04 1.718010e+05
8.067920e+01 8.139993e+04 1.568004e+05
8.339621e+01 7.421670e+04 1.430620e+05
8.620472e+01 6.771230e+04 1.301925e+05
8.910781e+01 6.161882e+04 1.190280e+05
9.210866e+01 5.609370e+04 1.086473e+05
9.521057e+01 5.085908e+04 9.909288e+04
9.841695e+01 4.628571e+04 9.042947e+04
1.017313e+02 4.211794e+04 8.245748e+04
1.051573e+02 3.833431e+04 7.510546e+04
1.086986e+02 3.489861e+04 6.843856e+04
1.123592e+02 3.172712e+04 6.237064e+04
1.161431e+02 2.874040e+04 5.672420e+04
1.200544e+02 2.614628e+04 5.159126e+04
1.240975e+02 2.377552e+04 4.715194e+04
1.282767e+02 2.163587e+04 4.300939e+04
1.325966e+02 1.957056e+04 3.918044e+04
1.370620e+02 1.774118e+04 3.560466e+04
1.416778e+02 1.599219e+04 3.246682e+04
1.464490e+02 1.455547e+04 2.955874e+04
1.513809e+02 1.301733e+04 2.692806e+04
1.564789e+02 1.173162e+04 2.454581e+04
1.617486e+02 1.057276e+04 2.239417e+04
1.671958e+02 9.625399e+03 2.041074e+04
1.728264e+02 8.723356e+03 1.859542e+04
1.786466e+02 7.851336e+03 1.700083e+04
1.846628e+02 7.068825e+03 1.549545e+04
1.908817e+02 6.319453e+03 1.411733e+04
1.973099e+02 5.685083e+03 1.286082e+04
2.039547e+02 5.103187e+03 1.168886e+04
2.108232e+02 4.553353e+03 1.060624e+04
2.179230e+02 4.084297e+03 9.614850e+03
2.252619e+02 3.654545e+03 8.725877e+03
2.328480e+02 3.288765e+03 7.934374e+03
2.406895e+02 2.979878e+03 7.217129e+03
2.487952e+02 2.658986e+03 6.562599e+03
2.571738e+02 2.405354e+03 5.938938e+03
2.658345e+02 2.143947e+03 5.391287e+03
2.747869e+02 1.907581e+03 4.886305e+03
2.840408e+02 1.706510e+03 4.438072e+03
2.936064e+02 1.542694e+03 4.019068e+03
3.034941e+02 1.381464e+03 3.642422e+03
3.137148e+02 1.235950e+03 3.295136e+03
3.242796e+02 1.089703e+03 2.995749e+03
3.352003e+02 9.776421e+02 2.734219e+03
3.464887e+02 8.796501e+02 2.489347e+03
3.581573e+02 7.887477e+02 2.252560e+03
3.702189e+02 6.896905e+02 2.032518e+03
3.826866e+02 6.122214e+02 1.835023e+03
3.955742e+02 5.483303e+02 1.661861e+03
4.088958e+02 4.841780e+02 1.507843e+03
4.226661e+02 4.251079e+02 1.366152e+03
4.369001e+02 3.751975e+02 1.236801e+03
4.516134e+02 3.300224e+02 1.122039e+03
4.668222e+02 2.909807e+02 1.013939e+03
4.825433e+02 2.547675e+02 9.173330e+02
4.987937e+02 2.243379e+02 8.296056e+02
5.155914e+02 1.945933e+02 7.499637e+02
5.329548e+02 1.682372e+02 6.776834e+02
5.509030e+02 1.460642e+02 6.121041e+02
5.694556e+02 1.269929e+02 5.528314e+02
5.886329e+02 1.129656e+02 4.975482e+02
6.084561e+02 1.001096e+02 4.473927e+02
6.289469e+02 8.672695e+01 4.028391e+02
6.501277e+02 7.428530e+01 3.626728e+02
6.720219e+02 6.463657e+01 3.267041e+02
6.946533e+02 5.669060e+01 2.942029e+02
7.180470e+02 4.949691e+01 2.647788e+02
7.422284e+02 4.343256e+01 2.377484e+02
7.672242e+02 3.736562e+01 2.120390e+02
7.930617e+02 3.198252e+01 1.900852e+02
8.197694e+02 2.694162e+01 1.709956e+02
8.473765e+02 2.269914e+01 1.535794e+02
8.759133e+02 1.920562e+01 1.376896e+02
9.054112e+02 1.680099e+01 1.235885e+02
9.359024e+02 1.446998e+01 1.111322e+02
9.674205e+02 1.236060e+01 9.950039e+01
1.000000e+03 1.059547e+01 8.901153e+01
