# Energy(MeV) Fluence(p/cm2 MeV)
5.000000e-02 8.409480e+11
5.168383e-02 8.106001e+11
5.342437e-02 7.786232e+11
5.522353e-02 7.501959e+11
5.708327e-02 7.231871e+11
5.900565e-02 6.959752e+11
6.099276e-02 6.701626e+11
6.304680e-02 6.461515e+11
6.517000e-02 6.219859e+11
6.736471e-02 5.980593e+11
6.963333e-02 5.750349e+11
7.197835e-02 5.536486e+11
7.440234e-02 5.330827e+11
7.690796e-02 5.126503e+11
7.949797e-02 4.934863e+11
8.217519e-02 4.740780e+11
8.494258e-02 4.565325e+11
8.780317e-02 4.397262e+11
9.076008e-02 4.232368e+11
9.381658e-02 4.075069e+11
9.697601e-02 3.926583e+11
1.002418e-01 3.776265e+11
1.036177e-01 3.630003e+11
1.071072e-01 3.488016e+11
1.107142e-01 3.358336e+11
1.144426e-01 3.234223e+11
1.182967e-01 3.105987e+11
1.222805e-01 2.989684e+11
1.263985e-01 2.876391e+11
1.306552e-01 2.764904e+11
1.350553e-01 2.655826e+11
1.396035e-01 2.555712e+11
1.443048e-01 2.456241e+11
1.491646e-01 2.359263e+11
1.541879e-01 2.271255e+11
1.593805e-01 2.184021e+11
1.647479e-01 2.102209e+11
1.702960e-01 2.019092e+11
1.760310e-01 1.939487e+11
1.819592e-01 1.867270e+11
1.880869e-01 1.791915e+11
1.944211e-01 1.717578e+11
2.009685e-01 1.650258e+11
2.077365e-01 1.584152e+11
2.147324e-01 1.521299e+11
2.219638e-01 1.461524e+11
2.294388e-01 1.401273e+11
2.371656e-01 1.342889e+11
2.451525e-01 1.286670e+11
2.534084e-01 1.232770e+11
2.619424e-01 1.180284e+11
2.707637e-01 1.130304e+11
2.798822e-01 1.082405e+11
2.893077e-01 1.036024e+11
2.990506e-01 9.898980e+10
3.091216e-01 9.470542e+10
3.195318e-01 9.067288e+10
3.302926e-01 8.676553e+10
3.414157e-01 8.297763e+10
3.529135e-01 7.916799e+10
3.647984e-01 7.560303e+10
3.770836e-01 7.213945e+10
3.897825e-01 6.888807e+10
4.029091e-01 6.573765e+10
4.164778e-01 6.274413e+10
4.305033e-01 5.980863e+10
4.450013e-01 5.700441e+10
4.599874e-01 5.430466e+10
4.754783e-01 5.163770e+10
4.914908e-01 4.911676e+10
5.080426e-01 4.665795e+10
5.251518e-01 4.430743e+10
5.428371e-01 4.209055e+10
5.611181e-01 3.992246e+10
5.800147e-01 3.784142e+10
5.995476e-01 3.585311e+10
6.197384e-01 3.394731e+10
6.406091e-01 3.209490e+10
6.621827e-01 3.032118e+10
6.844828e-01 2.865079e+10
7.075339e-01 2.706048e+10
7.313613e-01 2.550165e+10
7.559911e-01 2.406850e+10
7.814504e-01 2.268426e+10
8.077670e-01 2.135511e+10
8.349699e-01 2.006647e+10
8.630889e-01 1.884694e+10
8.921549e-01 1.772957e+10
9.221997e-01 1.664016e+10
9.532563e-01 1.557170e+10
9.853588e-01 1.458062e+10
1.018542e+00 1.362584e+10
1.052844e+00 1.273322e+10
1.088300e+00 1.190944e+10
1.124950e+00 1.109014e+10
1.162835e+00 1.034139e+10
1.201995e+00 9.611915e+09
1.242474e+00 8.918771e+09
1.284317e+00 8.275901e+09
1.327568e+00 7.683157e+09
1.372276e+00 7.106313e+09
1.418490e+00 6.574058e+09
1.466260e+00 6.078207e+09
1.515639e+00 5.599961e+09
1.566680e+00 5.171527e+09
1.619441e+00 4.770058e+09
1.673978e+00 4.386134e+09
1.730352e+00 4.039147e+09
1.788625e+00 3.714096e+09
1.848860e+00 3.415289e+09
1.911123e+00 3.141938e+09
1.975484e+00 2.884395e+09
2.042011e+00 2.645122e+09
2.110780e+00 2.425043e+09
2.181864e+00 2.225440e+09
2.255341e+00 2.041085e+09
2.331294e+00 1.870794e+09
2.409804e+00 1.717479e+09
2.490958e+00 1.572735e+09
2.574845e+00 1.438137e+09
2.661558e+00 1.316477e+09
2.751190e+00 1.206529e+09
2.843841e+00 1.104185e+09
2.939612e+00 1.011198e+09
3.038609e+00 9.258253e+08
3.140939e+00 8.470735e+08
3.246715e+00 7.760543e+08
3.356054e+00 7.106776e+08
3.469074e+00 6.501190e+08
3.585901e+00 5.948062e+08
3.706663e+00 5.443320e+08
3.831491e+00 4.980282e+08
3.960522e+00 4.567108e+08
4.093900e+00 4.180120e+08
4.231769e+00 3.823467e+08
4.374280e+00 3.498677e+08
4.521592e+00 3.204629e+08
4.673864e+00 2.931940e+08
4.831264e+00 2.685429e+08
4.993965e+00 2.456125e+08
5.162145e+00 2.246011e+08
5.335989e+00 2.057222e+08
5.515687e+00 1.883333e+08
5.701437e+00 1.724987e+08
5.893443e+00 1.575854e+08
6.091914e+00 1.443546e+08
6.297070e+00 1.319289e+08
6.509134e+00 1.208541e+08
6.728340e+00 1.107018e+08
6.954928e+00 1.012706e+08
7.189147e+00 9.259496e+07
7.431253e+00 8.483089e+07
7.681513e+00 7.766543e+07
7.940201e+00 7.110949e+07
8.207601e+00 6.498880e+07
8.484005e+00 5.944658e+07
8.769719e+00 5.436285e+07
9.065053e+00 4.978763e+07
9.370334e+00 4.561532e+07
9.685896e+00 4.172134e+07
1.001208e+01 3.811738e+07
1.034926e+01 3.488299e+07
1.069779e+01 3.188147e+07
1.105805e+01 2.914121e+07
1.143045e+01 2.665191e+07
1.181539e+01 2.436029e+07
1.221329e+01 2.229823e+07
1.262460e+01 2.040110e+07
1.304975e+01 1.863818e+07
1.348922e+01 1.703176e+07
1.394350e+01 1.556854e+07
1.441307e+01 1.424148e+07
1.489845e+01 1.301538e+07
1.540018e+01 1.189979e+07
1.591881e+01 1.088254e+07
1.645490e+01 9.946857e+06
1.700905e+01 9.089221e+06
1.758185e+01 8.307475e+06
1.817395e+01 7.593638e+06
1.878599e+01 6.938979e+06
1.941864e+01 6.342352e+06
2.007260e+01 5.796070e+06
2.074857e+01 5.304547e+06
2.144732e+01 4.845857e+06
2.216959e+01 4.427660e+06
2.291619e+01 4.044548e+06
2.368793e+01 3.690808e+06
2.448566e+01 3.373231e+06
2.531026e+01 3.079664e+06
2.616262e+01 2.812630e+06
2.704369e+01 2.565953e+06
2.795443e+01 2.342400e+06
2.889585e+01 2.137817e+06
2.986896e+01 1.947510e+06
3.087485e+01 1.779538e+06
3.191461e+01 1.627114e+06
3.298939e+01 1.486344e+06
3.410036e+01 1.357446e+06
3.524875e+01 1.237083e+06
3.643581e+01 1.130815e+06
3.766285e+01 1.033472e+06
3.893121e+01 9.430220e+05
4.024228e+01 8.602779e+05
4.159751e+01 7.846016e+05
4.299837e+01 7.157546e+05
4.444641e+01 6.532957e+05
4.594322e+01 5.956889e+05
4.749044e+01 5.437756e+05
4.908976e+01 4.963028e+05
5.074294e+01 4.532924e+05
5.245179e+01 4.134819e+05
5.421819e+01 3.772066e+05
5.604408e+01 3.441745e+05
5.793146e+01 3.137053e+05
5.988240e+01 2.859703e+05
6.189904e+01 2.607380e+05
6.398359e+01 2.378898e+05
6.613834e+01 2.170215e+05
6.836566e+01 1.979427e+05
7.066799e+01 1.804884e+05
7.304785e+01 1.646853e+05
7.550786e+01 1.500076e+05
7.805072e+01 1.366752e+05
8.067920e+01 1.245802e+05
8.339621e+01 1.135227e+05
8.620472e+01 1.035720e+05
8.910781e+01 9.440251e+04
9.210866e+01 8.607733e+04
9.521057e+01 7.830742e+04
9.841695e+01 7.136424e+04
1.017313e+02 6.504977e+04
1.051573e+02 5.928289e+04
1.086986e+02 5.393022e+04
1.123592e+02 4.904764e+04
1.161431e+02 4.460016e+04
1.200544e+02 4.055627e+04
1.240975e+02 3.690214e+04
1.282767e+02 3.352014e+04
1.325966e+02 3.046656e+04
1.370620e+02 2.767013e+04
1.416778e+02 2.518473e+04
1.464490e+02 2.290428e+04
1.513809e+02 2.081757e+04
1.564789e+02 1.892046e+04
1.617486e+02 1.714417e+04
1.671958e+02 1.560866e+04
1.728264e+02 1.417191e+04
1.786466e+02 1.286502e+04
1.846628e+02 1.168559e+04
1.908817e+02 1.061115e+04
1.973099e+02 9.643760e+03
2.039547e+02 8.753887e+03
2.108232e+02 7.933126e+03
2.179230e+02 7.195381e+03
2.252619e+02 6.526662e+03
2.328480e+02 5.909160e+03
2.406895e+02 5.356841e+03
2.487952e+02 4.852826e+03
2.571738e+02 4.405045e+03
2.658345e+02 3.987665e+03
2.747869e+02 3.610938e+03
2.840408e+02 3.268558e+03
2.936064e+02 2.960452e+03
3.034941e+02 2.676218e+03
3.137148e+02 2.413298e+03
3.242796e+02 2.191737e+03
3.352003e+02 1.981846e+03
3.464887e+02 1.786566e+03
3.581573e+02 1.616432e+03
3.702189e+02 1.459307e+03
3.826866e+02 1.315479e+03
3.955742e+02 1.185140e+03
4.088958e+02 1.070261e+03
4.226661e+02 9.671177e+02
4.369001e+02 8.724048e+02
4.516134e+02 7.865070e+02
4.668222e+02 7.057424e+02
4.825433e+02 6.355557e+02
4.987937e+02 5.696282e+02
5.155914e+02 5.130789e+02
5.329548e+02 4.610691e+02
5.509030e+02 4.142582e+02
5.694556e+02 3.716213e+02
5.886329e+02 3.334479e+02
6.084561e+02 2.989993e+02
6.289469e+02 2.672326e+02
6.501277e+02 2.382132e+02
6.720219e+02 2.129794e+02
6.946533e+02 1.901881e+02
7.180470e+02 1.690955e+02
7.422284e+02 1.508829e+02
7.672242e+02 1.350278e+02
7.930617e+02 1.196236e+02
8.197694e+02 1.062732e+02
8.473765e+02 9.451557e+01
8.759133e+02 8.385809e+01
9.054112e+02 7.412675e+01
9.359024e+02 6.575458e+01
9.674205e+02 5.836459e+01
1.000000e+03 5.134044e+01
