1.000000e+00 3.942702e+09 5.770848e+09
1.006939e+00 3.872454e+09 5.663105e+09
1.013925e+00 3.803745e+09 5.557854e+09
1.020961e+00 3.736515e+09 5.454857e+09
1.028045e+00 3.671205e+09 5.353981e+09
1.035178e+00 3.606815e+09 5.253133e+09
1.042361e+00 3.542278e+09 5.154933e+09
1.049593e+00 3.478896e+09 5.058304e+09
1.056876e+00 3.416800e+09 4.963486e+09
1.064209e+00 3.356355e+09 4.870445e+09
1.071593e+00 3.297630e+09 4.779451e+09
1.079029e+00 3.239987e+09 4.692170e+09
1.086516e+00 3.183543e+09 4.606078e+09
1.094055e+00 3.128242e+09 4.520685e+09
1.101646e+00 3.073966e+09 4.436873e+09
1.109290e+00 3.020497e+09 4.354616e+09
1.116987e+00 2.967867e+09 4.273883e+09
1.124737e+00 2.916182e+09 4.194646e+09
1.132541e+00 2.864713e+09 4.116666e+09
1.140400e+00 2.813518e+09 4.040012e+09
1.148312e+00 2.763788e+09 3.964784e+09
1.156280e+00 2.715216e+09 3.890957e+09
1.164303e+00 2.667541e+09 3.818504e+09
1.172382e+00 2.620570e+09 3.748048e+09
1.180517e+00 2.574158e+09 3.679700e+09
1.188708e+00 2.528654e+09 3.612598e+09
1.196956e+00 2.484018e+09 3.546519e+09
1.205261e+00 2.440572e+09 3.481538e+09
1.213624e+00 2.397374e+09 3.418623e+09
1.222045e+00 2.354941e+09 3.356844e+09
1.230524e+00 2.313336e+09 3.295006e+09
1.239062e+00 2.272516e+09 3.234987e+09
1.247660e+00 2.232978e+09 3.176947e+09
1.256317e+00 2.193888e+09 3.118781e+09
1.265034e+00 2.155130e+09 3.060496e+09
1.273811e+00 2.116972e+09 3.003159e+09
1.282650e+00 2.079494e+09 2.946895e+09
1.291550e+00 2.042831e+09 2.891685e+09
1.300511e+00 2.007033e+09 2.837509e+09
1.309535e+00 1.971094e+09 2.784348e+09
1.318621e+00 1.936205e+09 2.732133e+09
1.327771e+00 1.901961e+09 2.680747e+09
1.336984e+00 1.868321e+09 2.630340e+09
1.346261e+00 1.835277e+09 2.581828e+09
1.355602e+00 1.802816e+09 2.534195e+09
1.365008e+00 1.770527e+09 2.486626e+09
1.374479e+00 1.738810e+09 2.439951e+09
1.384016e+00 1.707875e+09 2.394829e+09
1.393619e+00 1.677664e+09 2.350735e+09
1.403289e+00 1.647817e+09 2.307401e+09
1.413026e+00 1.618585e+09 2.264865e+09
1.422830e+00 1.589711e+09 2.223113e+09
1.432703e+00 1.561224e+09 2.181927e+09
1.442644e+00 1.533397e+09 2.141297e+09
1.452654e+00 1.506495e+09 2.100894e+09
1.462733e+00 1.480066e+09 2.061254e+09
1.472883e+00 1.454051e+09 2.022361e+09
1.483103e+00 1.428020e+09 1.984202e+09
1.493393e+00 1.403080e+09 1.947914e+09
1.503755e+00 1.378259e+09 1.912459e+09
1.514189e+00 1.353903e+09 1.877087e+09
1.524696e+00 1.329657e+09 1.842353e+09
1.535275e+00 1.305726e+09 1.808580e+09
1.545928e+00 1.282625e+09 1.775282e+09
1.556654e+00 1.260024e+09 1.741810e+09
1.567455e+00 1.237891e+09 1.709642e+09
1.578331e+00 1.215644e+09 1.678328e+09
1.589283e+00 1.193773e+09 1.647436e+09
1.600310e+00 1.172476e+09 1.617232e+09
1.611414e+00 1.151159e+09 1.587186e+09
1.622595e+00 1.130505e+09 1.557853e+09
1.633854e+00 1.110382e+09 1.529361e+09
1.645191e+00 1.090593e+09 1.501239e+09
1.656606e+00 1.071031e+09 1.473278e+09
1.668101e+00 1.051874e+09 1.445839e+09
1.679675e+00 1.033061e+09 1.418910e+09
1.691330e+00 1.014919e+09 1.392929e+09
1.703065e+00 9.966654e+08 1.367341e+09
1.714882e+00 9.783593e+08 1.342218e+09
1.726781e+00 9.608948e+08 1.317518e+09
1.738762e+00 9.437911e+08 1.292857e+09
1.750827e+00 9.269917e+08 1.268730e+09
1.762975e+00 9.105495e+08 1.245530e+09
1.775208e+00 8.944047e+08 1.222753e+09
1.787526e+00 8.786757e+08 1.200046e+09
1.799929e+00 8.633134e+08 1.177695e+09
1.812418e+00 8.482269e+08 1.155761e+09
1.824993e+00 8.334282e+08 1.134235e+09
1.837656e+00 8.189077e+08 1.113110e+09
1.850407e+00 8.044846e+08 1.092459e+09
1.863246e+00 7.901905e+08 1.072319e+09
1.876175e+00 7.763352e+08 1.052590e+09
1.889193e+00 7.627279e+08 1.033455e+09
1.902301e+00 7.492887e+08 1.014593e+09
1.915501e+00 7.361594e+08 9.956636e+08
1.928792e+00 7.231350e+08 9.772231e+08
1.942175e+00 7.103702e+08 9.590671e+08
1.955651e+00 6.978705e+08 9.412608e+08
1.969220e+00 6.854877e+08 9.240219e+08
1.982884e+00 6.734436e+08 9.072486e+08
1.996642e+00 6.616194e+08 8.904845e+08
2.010496e+00 6.500406e+08 8.741281e+08
2.024447e+00 6.386163e+08 8.576357e+08
2.038493e+00 6.273777e+08 8.414227e+08
2.052638e+00 6.163720e+08 8.256224e+08
2.066880e+00 6.055607e+08 8.104940e+08
2.081222e+00 5.949647e+08 7.956426e+08
2.095662e+00 5.844809e+08 7.810631e+08
2.110203e+00 5.740709e+08 7.667505e+08
2.124845e+00 5.637975e+08 7.526534e+08
2.139589e+00 5.537164e+08 7.388063e+08
2.154435e+00 5.438514e+08 7.252409e+08
2.169384e+00 5.341096e+08 7.116253e+08
2.184436e+00 5.245570e+08 6.983684e+08
2.199593e+00 5.151751e+08 6.852832e+08
2.214855e+00 5.059037e+08 6.722947e+08
2.230223e+00 4.968841e+08 6.595978e+08
2.245698e+00 4.880482e+08 6.475025e+08
2.261280e+00 4.793372e+08 6.354389e+08
2.276970e+00 4.708141e+08 6.237973e+08
2.292769e+00 4.624576e+08 6.123227e+08
2.308678e+00 4.542493e+08 6.011592e+08
2.324697e+00 4.461279e+08 5.901990e+08
2.340827e+00 4.383283e+08 5.794384e+08
2.357069e+00 4.305224e+08 5.688596e+08
2.373424e+00 4.227510e+08 5.584134e+08
2.389893e+00 4.150963e+08 5.481589e+08
2.406475e+00 4.076094e+08 5.380705e+08
2.423173e+00 4.003884e+08 5.279865e+08
2.439986e+00 3.933008e+08 5.180914e+08
2.456916e+00 3.863188e+08 5.083485e+08
2.473964e+00 3.794568e+08 4.987791e+08
2.491130e+00 3.727164e+08 4.893871e+08
2.508415e+00 3.659423e+08 4.801485e+08
2.525820e+00 3.592651e+08 4.711703e+08
2.543346e+00 3.528741e+08 4.624250e+08
2.560993e+00 3.466378e+08 4.538883e+08
2.578763e+00 3.405116e+08 4.454840e+08
2.596656e+00 3.344934e+08 4.372579e+08
2.614673e+00 3.285814e+08 4.293182e+08
2.632815e+00 3.227738e+08 4.215491e+08
2.651084e+00 3.170686e+08 4.139013e+08
2.669478e+00 3.114700e+08 4.063920e+08
2.688001e+00 3.059725e+08 3.991055e+08
2.706652e+00 3.005718e+08 3.917678e+08
2.725433e+00 2.952637e+08 3.843976e+08
2.744343e+00 2.900544e+08 3.772293e+08
2.763385e+00 2.849405e+08 3.703333e+08
2.782559e+00 2.799295e+08 3.635631e+08
2.801867e+00 2.749284e+08 3.569266e+08
2.821308e+00 2.699020e+08 3.504540e+08
2.840884e+00 2.650886e+08 3.439424e+08
2.860596e+00 2.604627e+08 3.376687e+08
2.880444e+00 2.558801e+08 3.314527e+08
2.900430e+00 2.513842e+08 3.253901e+08
2.920556e+00 2.468843e+08 3.195337e+08
2.940820e+00 2.424688e+08 3.136173e+08
2.961225e+00 2.381370e+08 3.078863e+08
2.981772e+00 2.338825e+08 3.022247e+08
3.002462e+00 2.296564e+08 2.965527e+08
3.023295e+00 2.255717e+08 2.909871e+08
3.044272e+00 2.215642e+08 2.856889e+08
3.065395e+00 2.176091e+08 2.804306e+08
3.086665e+00 2.136990e+08 2.753519e+08
3.108082e+00 2.098666e+08 2.703650e+08
3.129648e+00 2.061231e+08 2.654246e+08
3.151363e+00 2.024517e+08 2.604718e+08
3.173230e+00 1.988210e+08 2.557901e+08
3.195248e+00 1.952612e+08 2.511925e+08
3.217418e+00 1.917681e+08 2.466312e+08
3.239743e+00 1.883896e+08 2.420468e+08
3.262222e+00 1.850168e+08 2.376427e+08
3.284857e+00 1.816771e+08 2.331771e+08
3.307650e+00 1.784904e+08 2.289423e+08
3.330600e+00 1.753128e+08 2.247659e+08
3.353710e+00 1.721734e+08 2.207001e+08
3.376980e+00 1.690861e+08 2.166306e+08
3.400412e+00 1.660666e+08 2.126136e+08
3.424006e+00 1.631186e+08 2.087010e+08
3.447764e+00 1.602163e+08 2.049318e+08
3.471687e+00 1.573086e+08 2.012250e+08
3.495776e+00 1.545485e+08 1.975542e+08
3.520031e+00 1.517654e+08 1.939361e+08
3.544456e+00 1.490099e+08 1.903681e+08
3.569049e+00 1.463339e+08 1.868436e+08
3.593814e+00 1.437149e+08 1.833988e+08
3.618750e+00 1.411448e+08 1.800351e+08
3.643859e+00 1.386160e+08 1.767331e+08
3.669142e+00 1.361452e+08 1.735546e+08
3.694601e+00 1.337312e+08 1.704225e+08
3.720237e+00 1.313595e+08 1.672555e+08
3.746050e+00 1.290297e+08 1.642524e+08
3.772042e+00 1.266503e+08 1.612153e+08
3.798215e+00 1.243440e+08 1.581928e+08
3.824570e+00 1.220953e+08 1.552843e+08
3.851107e+00 1.199146e+08 1.523423e+08
3.877828e+00 1.178031e+08 1.495821e+08
3.904735e+00 1.157223e+08 1.467812e+08
3.931829e+00 1.136257e+08 1.440969e+08
3.959110e+00 1.116061e+08 1.414754e+08
3.986581e+00 1.096388e+08 1.388955e+08
4.014242e+00 1.076395e+08 1.363128e+08
4.042096e+00 1.056955e+08 1.338314e+08
4.070142e+00 1.038004e+08 1.313887e+08
4.098384e+00 1.019406e+08 1.289576e+08
4.126821e+00 1.001364e+08 1.265840e+08
4.155455e+00 9.835888e+07 1.242500e+08
4.184289e+00 9.661536e+07 1.219700e+08
4.213322e+00 9.486620e+07 1.197532e+08
4.242556e+00 9.314156e+07 1.175335e+08
4.271994e+00 9.146304e+07 1.153844e+08
4.301636e+00 8.982386e+07 1.132802e+08
4.331483e+00 8.821532e+07 1.112020e+08
4.361538e+00 8.665853e+07 1.091624e+08
4.391801e+00 8.514637e+07 1.071594e+08
4.422274e+00 8.361533e+07 1.051723e+08
4.452959e+00 8.210915e+07 1.032621e+08
4.483856e+00 8.063004e+07 1.013684e+08
4.514968e+00 7.917767e+07 9.951286e+07
4.546295e+00 7.775982e+07 9.768474e+07
4.577841e+00 7.634612e+07 9.589598e+07
4.609604e+00 7.497949e+07 9.413762e+07
4.641589e+00 7.364268e+07 9.242323e+07
4.673795e+00 7.233556e+07 9.073802e+07
4.706225e+00 7.106675e+07 8.911568e+07
4.738880e+00 6.979896e+07 8.744089e+07
4.771761e+00 6.855372e+07 8.581772e+07
4.804870e+00 6.731976e+07 8.420599e+07
4.838210e+00 6.610378e+07 8.263612e+07
4.871780e+00 6.492249e+07 8.108977e+07
4.905584e+00 6.375305e+07 7.957231e+07
4.939622e+00 6.261845e+07 7.808262e+07
4.973896e+00 6.152571e+07 7.662408e+07
5.008408e+00 6.041628e+07 7.519886e+07
5.043159e+00 5.934945e+07 7.379219e+07
5.078152e+00 5.827773e+07 7.244157e+07
5.113388e+00 5.722187e+07 7.113496e+07
5.148867e+00 5.619068e+07 6.987409e+07
5.184594e+00 5.518386e+07 6.858834e+07
5.220568e+00 5.417941e+07 6.732068e+07
5.256791e+00 5.320882e+07 6.605978e+07
5.293266e+00 5.225533e+07 6.482766e+07
5.329994e+00 5.131534e+07 6.359951e+07
5.366977e+00 5.039122e+07 6.239087e+07
5.404216e+00 4.948576e+07 6.124243e+07
5.441714e+00 4.858643e+07 6.013275e+07
5.479472e+00 4.769177e+07 5.902974e+07
5.517492e+00 4.682884e+07 5.794258e+07
5.555776e+00 4.599816e+07 5.686229e+07
5.594326e+00 4.517983e+07 5.580641e+07
5.633143e+00 4.435132e+07 5.478543e+07
5.672229e+00 4.354143e+07 5.380157e+07
5.711586e+00 4.274653e+07 5.281642e+07
5.751217e+00 4.198488e+07 5.187113e+07
5.791123e+00 4.124353e+07 5.091048e+07
5.831305e+00 4.050146e+07 4.996288e+07
5.871766e+00 3.977997e+07 4.905053e+07
5.912508e+00 3.906321e+07 4.816523e+07
5.953533e+00 3.834814e+07 4.728785e+07
5.994843e+00 3.763844e+07 4.641741e+07
6.036439e+00 3.693821e+07 4.557333e+07
6.078323e+00 3.626556e+07 4.475325e+07
6.120498e+00 3.559012e+07 4.393855e+07
6.162966e+00 3.495065e+07 4.314174e+07
6.205729e+00 3.432706e+07 4.234655e+07
6.248788e+00 3.371798e+07 4.157861e+07
6.292146e+00 3.311309e+07 4.081979e+07
6.335805e+00 3.252133e+07 4.004716e+07
6.379767e+00 3.194388e+07 3.931514e+07
6.424034e+00 3.136948e+07 3.861147e+07
6.468608e+00 3.080412e+07 3.788823e+07
6.513491e+00 3.023772e+07 3.719022e+07
6.558686e+00 2.968595e+07 3.648906e+07
6.604194e+00 2.914637e+07 3.581593e+07
6.650018e+00 2.861920e+07 3.516920e+07
6.696160e+00 2.811313e+07 3.449757e+07
6.742622e+00 2.760568e+07 3.387765e+07
6.789407e+00 2.709579e+07 3.325448e+07
6.836516e+00 2.662136e+07 3.264103e+07
6.883952e+00 2.614481e+07 3.203886e+07
6.931717e+00 2.566951e+07 3.146152e+07
6.979814e+00 2.519858e+07 3.088934e+07
7.028244e+00 2.473492e+07 3.030523e+07
7.077011e+00 2.428623e+07 2.973891e+07
7.126115e+00 2.383770e+07 2.917711e+07
7.175561e+00 2.339884e+07 2.864451e+07
7.225349e+00 2.297728e+07 2.812108e+07
7.275484e+00 2.256191e+07 2.760498e+07
7.325965e+00 2.215563e+07 2.710620e+07
7.376798e+00 2.175920e+07 2.660195e+07
7.427982e+00 2.136720e+07 2.611525e+07
7.479523e+00 2.097866e+07 2.562884e+07
7.531420e+00 2.059551e+07 2.515004e+07
7.583678e+00 2.022217e+07 2.469082e+07
7.636298e+00 1.985393e+07 2.423895e+07
7.689284e+00 1.949226e+07 2.379307e+07
7.742637e+00 1.913979e+07 2.334954e+07
7.796360e+00 1.879616e+07 2.291747e+07
7.850456e+00 1.845328e+07 2.250000e+07
7.904928e+00 1.811605e+07 2.208012e+07
7.959777e+00 1.778776e+07 2.167364e+07
8.015007e+00 1.746539e+07 2.128307e+07
8.070620e+00 1.714846e+07 2.088521e+07
8.126619e+00 1.683770e+07 2.049840e+07
8.183007e+00 1.653546e+07 2.012463e+07
8.239786e+00 1.624363e+07 1.975563e+07
8.296959e+00 1.594619e+07 1.939467e+07
8.354528e+00 1.565483e+07 1.904006e+07
8.412497e+00 1.536720e+07 1.868799e+07
8.470868e+00 1.508873e+07 1.834826e+07
8.529644e+00 1.481187e+07 1.801603e+07
8.588829e+00 1.454342e+07 1.768569e+07
8.648423e+00 1.427805e+07 1.736158e+07
8.708431e+00 1.401439e+07 1.703807e+07
8.768856e+00 1.375259e+07 1.672745e+07
8.829700e+00 1.349956e+07 1.641695e+07
8.890966e+00 1.325479e+07 1.611362e+07
8.952657e+00 1.301865e+07 1.582306e+07
9.014776e+00 1.277849e+07 1.553941e+07
9.077327e+00 1.254643e+07 1.525840e+07
9.140311e+00 1.231728e+07 1.497708e+07
9.203732e+00 1.209374e+07 1.470547e+07
9.267593e+00 1.187302e+07 1.443276e+07
9.331898e+00 1.165974e+07 1.416253e+07
9.396648e+00 1.144866e+07 1.391109e+07
9.461848e+00 1.124338e+07 1.366246e+07
9.527500e+00 1.104055e+07 1.341307e+07
9.593608e+00 1.083621e+07 1.316759e+07
9.660175e+00 1.063825e+07 1.292606e+07
9.727203e+00 1.044558e+07 1.268673e+07
9.794697e+00 1.025899e+07 1.245243e+07
9.862658e+00 1.007502e+07 1.222078e+07
9.931092e+00 9.893518e+06 1.199748e+07
1.000000e+01 9.715329e+06 1.177401e+07
1.006939e+01 9.536509e+06 1.155610e+07
1.013925e+01 9.362703e+06 1.134543e+07
1.020961e+01 9.190063e+06 1.114280e+07
1.028045e+01 9.021310e+06 1.093989e+07
1.035178e+01 8.856959e+06 1.073819e+07
1.042361e+01 8.696004e+06 1.053914e+07
1.049593e+01 8.537836e+06 1.034606e+07
1.056876e+01 8.379501e+06 1.015362e+07
1.064209e+01 8.225461e+06 9.964745e+06
1.071593e+01 8.076903e+06 9.778486e+06
1.079029e+01 7.930739e+06 9.597600e+06
1.086516e+01 7.785678e+06 9.421762e+06
1.094055e+01 7.641163e+06 9.244642e+06
1.101646e+01 7.501015e+06 9.078370e+06
1.109290e+01 7.364448e+06 8.910755e+06
1.116987e+01 7.228587e+06 8.750537e+06
1.124737e+01 7.096381e+06 8.592621e+06
1.132541e+01 6.965946e+06 8.437538e+06
1.140400e+01 6.838727e+06 8.282389e+06
1.148312e+01 6.713200e+06 8.133282e+06
1.156280e+01 6.589965e+06 7.986756e+06
1.164303e+01 6.468156e+06 7.840136e+06
1.172382e+01 6.350207e+06 7.696978e+06
1.180517e+01 6.234374e+06 7.553345e+06
1.188708e+01 6.121020e+06 7.415321e+06
1.196956e+01 6.008619e+06 7.281599e+06
1.205261e+01 5.895638e+06 7.148670e+06
1.213624e+01 5.787874e+06 7.017758e+06
1.222045e+01 5.679430e+06 6.888624e+06
1.230524e+01 5.572641e+06 6.762249e+06
1.239062e+01 5.469406e+06 6.639436e+06
1.247660e+01 5.368833e+06 6.520356e+06
1.256317e+01 5.269063e+06 6.401449e+06
1.265034e+01 5.171388e+06 6.282509e+06
1.273811e+01 5.076307e+06 6.167089e+06
1.282650e+01 4.984827e+06 6.052000e+06
1.291550e+01 4.891174e+06 5.939947e+06
1.300511e+01 4.803248e+06 5.831456e+06
1.309535e+01 4.715670e+06 5.724490e+06
1.318621e+01 4.626881e+06 5.618672e+06
1.327771e+01 4.541456e+06 5.513968e+06
1.336984e+01 4.459079e+06 5.410343e+06
1.346261e+01 4.379425e+06 5.310817e+06
1.355602e+01 4.300217e+06 5.214983e+06
1.365008e+01 4.221884e+06 5.119687e+06
1.374479e+01 4.145311e+06 5.028184e+06
1.384016e+01 4.067510e+06 4.934873e+06
1.393619e+01 3.995564e+06 4.844258e+06
1.403289e+01 3.923904e+06 4.755814e+06
1.413026e+01 3.852264e+06 4.669352e+06
1.422830e+01 3.782882e+06 4.582601e+06
1.432703e+01 3.712601e+06 4.499483e+06
1.442644e+01 3.642874e+06 4.417971e+06
1.452654e+01 3.575409e+06 4.335793e+06
1.462733e+01 3.510761e+06 4.254464e+06
1.472883e+01 3.446804e+06 4.175336e+06
1.483103e+01 3.383189e+06 4.099898e+06
1.493393e+01 3.320558e+06 4.026075e+06
1.503755e+01 3.258781e+06 3.951523e+06
1.514189e+01 3.198314e+06 3.878753e+06
1.524696e+01 3.138382e+06 3.807771e+06
1.535275e+01 3.079698e+06 3.738341e+06
1.545928e+01 3.024204e+06 3.669388e+06
1.556654e+01 2.968848e+06 3.601508e+06
1.567455e+01 2.913474e+06 3.535221e+06
1.578331e+01 2.859365e+06 3.470280e+06
1.589283e+01 2.807818e+06 3.406932e+06
1.600310e+01 2.755991e+06 3.344700e+06
1.611414e+01 2.703904e+06 3.283964e+06
1.622595e+01 2.652671e+06 3.222817e+06
1.633854e+01 2.603045e+06 3.162715e+06
1.645191e+01 2.553210e+06 3.104324e+06
1.656606e+01 2.505947e+06 3.047489e+06
1.668101e+01 2.459694e+06 2.991053e+06
1.679675e+01 2.414388e+06 2.935654e+06
1.691330e+01 2.369972e+06 2.880951e+06
1.703065e+01 2.326946e+06 2.827239e+06
1.714882e+01 2.284715e+06 2.774522e+06
1.726781e+01 2.243159e+06 2.722963e+06
1.738762e+01 2.201746e+06 2.673379e+06
1.750827e+01 2.160862e+06 2.623474e+06
1.762975e+01 2.120756e+06 2.575407e+06
1.775208e+01 2.081719e+06 2.528295e+06
1.787526e+01 2.042932e+06 2.481875e+06
1.799929e+01 2.004726e+06 2.436392e+06
1.812418e+01 1.967755e+06 2.391729e+06
1.824993e+01 1.931120e+06 2.347485e+06
1.837656e+01 1.894932e+06 2.303207e+06
1.850407e+01 1.859842e+06 2.260647e+06
1.863246e+01 1.825446e+06 2.218885e+06
1.876175e+01 1.791387e+06 2.177299e+06
1.889193e+01 1.758027e+06 2.136911e+06
1.902301e+01 1.725410e+06 2.096786e+06
1.915501e+01 1.693460e+06 2.058602e+06
1.928792e+01 1.662279e+06 2.021484e+06
1.942175e+01 1.631681e+06 1.984490e+06
1.955651e+01 1.601317e+06 1.948033e+06
1.969220e+01 1.571319e+06 1.912416e+06
1.982884e+01 1.541572e+06 1.876549e+06
1.996642e+01 1.512511e+06 1.841625e+06
2.010496e+01 1.483879e+06 1.806996e+06
2.024447e+01 1.455848e+06 1.773909e+06
2.038493e+01 1.429778e+06 1.741236e+06
2.052638e+01 1.403437e+06 1.709423e+06
2.066880e+01 1.377736e+06 1.678247e+06
2.081222e+01 1.352120e+06 1.647209e+06
2.095662e+01 1.326913e+06 1.616608e+06
2.110203e+01 1.301954e+06 1.586766e+06
2.124845e+01 1.277343e+06 1.556980e+06
2.139589e+01 1.253669e+06 1.528417e+06
2.154435e+01 1.229549e+06 1.499867e+06
2.169384e+01 1.206144e+06 1.471820e+06
2.184436e+01 1.183196e+06 1.445253e+06
2.199593e+01 1.160847e+06 1.419084e+06
2.214855e+01 1.139256e+06 1.393116e+06
2.230223e+01 1.117479e+06 1.367684e+06
2.245698e+01 1.096427e+06 1.342054e+06
2.261280e+01 1.075587e+06 1.316850e+06
2.276970e+01 1.056036e+06 1.292074e+06
2.292769e+01 1.036010e+06 1.268389e+06
2.308678e+01 1.016534e+06 1.244571e+06
2.324697e+01 9.975509e+05 1.220922e+06
2.340827e+01 9.794938e+05 1.197955e+06
2.357069e+01 9.612095e+05 1.175662e+06
2.373424e+01 9.429577e+05 1.154001e+06
2.389893e+01 9.252797e+05 1.132731e+06
2.406475e+01 9.080981e+05 1.111830e+06
2.423173e+01 8.912731e+05 1.091268e+06
2.439986e+01 8.745367e+05 1.071286e+06
2.456916e+01 8.581000e+05 1.051258e+06
2.473964e+01 8.417812e+05 1.031949e+06
2.491130e+01 8.260802e+05 1.012911e+06
2.508415e+01 8.107154e+05 9.942670e+05
2.525820e+01 7.958808e+05 9.760940e+05
2.543346e+01 7.812865e+05 9.581159e+05
2.560993e+01 7.666965e+05 9.403974e+05
2.578763e+01 7.523381e+05 9.229360e+05
2.596656e+01 7.378883e+05 9.056595e+05
2.614673e+01 7.238186e+05 8.890559e+05
2.632815e+01 7.100268e+05 8.725999e+05
2.651084e+01 6.967597e+05 8.561847e+05
2.669478e+01 6.836420e+05 8.403791e+05
2.688001e+01 6.704967e+05 8.249378e+05
2.706652e+01 6.578339e+05 8.095454e+05
2.725433e+01 6.452956e+05 7.942592e+05
2.744343e+01 6.328793e+05 7.794695e+05
2.763385e+01 6.208285e+05 7.650747e+05
2.782559e+01 6.090760e+05 7.509509e+05
2.801867e+01 5.978126e+05 7.372501e+05
2.821308e+01 5.867733e+05 7.234822e+05
2.840884e+01 5.758674e+05 7.100902e+05
2.860596e+01 5.648666e+05 6.969054e+05
2.880444e+01 5.540937e+05 6.839619e+05
2.900430e+01 5.436287e+05 6.711825e+05
2.920556e+01 5.336616e+05 6.583471e+05
2.940820e+01 5.235271e+05 6.459420e+05
2.961225e+01 5.136130e+05 6.337193e+05
2.981772e+01 5.039100e+05 6.219276e+05
3.002462e+01 4.945559e+05 6.103202e+05
3.023295e+01 4.853906e+05 5.990077e+05
3.044272e+01 4.763730e+05 5.878939e+05
3.065395e+01 4.672431e+05 5.769685e+05
3.086665e+01 4.584583e+05 5.661125e+05
3.108082e+01 4.497302e+05 5.554401e+05
3.129648e+01 4.411644e+05 5.450426e+05
3.151363e+01 4.326147e+05 5.349067e+05
3.173230e+01 4.241817e+05 5.250825e+05
3.195248e+01 4.159450e+05 5.152679e+05
3.217418e+01 4.079555e+05 5.055939e+05
3.239743e+01 4.001082e+05 4.960588e+05
3.262222e+01 3.924566e+05 4.867128e+05
3.284857e+01 3.850632e+05 4.775909e+05
3.307650e+01 3.777488e+05 4.685982e+05
3.330600e+01 3.705956e+05 4.597375e+05
3.353710e+01 3.635588e+05 4.510840e+05
3.376980e+01 3.566627e+05 4.425650e+05
3.400412e+01 3.498971e+05 4.341557e+05
3.424006e+01 3.432740e+05 4.259564e+05
3.447764e+01 3.367401e+05 4.179099e+05
3.471687e+01 3.302151e+05 4.100135e+05
3.495776e+01 3.239393e+05 4.022643e+05
3.520031e+01 3.176801e+05 3.946596e+05
3.544456e+01 3.116740e+05 3.873081e+05
3.569049e+01 3.057487e+05 3.799831e+05
3.593814e+01 2.999609e+05 3.727223e+05
3.618750e+01 2.942104e+05 3.655961e+05
3.643859e+01 2.886875e+05 3.586151e+05
3.669142e+01 2.831821e+05 3.519102e+05
3.694601e+01 2.776138e+05 3.452911e+05
3.720237e+01 2.722769e+05 3.388849e+05
3.746050e+01 2.670643e+05 3.326020e+05
3.772042e+01 2.619506e+05 3.263939e+05
3.798215e+01 2.569338e+05 3.202214e+05
3.824570e+01 2.520122e+05 3.142603e+05
3.851107e+01 2.471861e+05 3.082169e+05
3.877828e+01 2.425878e+05 3.023140e+05
3.904735e+01 2.378542e+05 2.966116e+05
3.931829e+01 2.333034e+05 2.910541e+05
3.959110e+01 2.289043e+05 2.856596e+05
3.986581e+01 2.246008e+05 2.803456e+05
4.014242e+01 2.203636e+05 2.751227e+05
4.042096e+01 2.161969e+05 2.699659e+05
4.070142e+01 2.119977e+05 2.647800e+05
4.098384e+01 2.079238e+05 2.597359e+05
4.126821e+01 2.039601e+05 2.547671e+05
4.155455e+01 2.000313e+05 2.499534e+05
4.184289e+01 1.961808e+05 2.452490e+05
4.213322e+01 1.923966e+05 2.405856e+05
4.242556e+01 1.886762e+05 2.359791e+05
4.271994e+01 1.850496e+05 2.314386e+05
4.301636e+01 1.814707e+05 2.270880e+05
4.331483e+01 1.779621e+05 2.228142e+05
4.361538e+01 1.745298e+05 2.186083e+05
4.391801e+01 1.711652e+05 2.144874e+05
4.422274e+01 1.678140e+05 2.103694e+05
4.452959e+01 1.645552e+05 2.063840e+05
4.483856e+01 1.613702e+05 2.025167e+05
4.514968e+01 1.582798e+05 1.986759e+05
4.546295e+01 1.552345e+05 1.948431e+05
4.577841e+01 1.522583e+05 1.910057e+05
4.609604e+01 1.493183e+05 1.873878e+05
4.641589e+01 1.464768e+05 1.838154e+05
4.673795e+01 1.436923e+05 1.802693e+05
4.706225e+01 1.409045e+05 1.768069e+05
4.738880e+01 1.381700e+05 1.734219e+05
4.771761e+01 1.354920e+05 1.701248e+05
4.804870e+01 1.328650e+05 1.669060e+05
4.838210e+01 1.302647e+05 1.637672e+05
4.871780e+01 1.277389e+05 1.606656e+05
4.905584e+01 1.252745e+05 1.575681e+05
4.939622e+01 1.228557e+05 1.545309e+05
4.973896e+01 1.204739e+05 1.515416e+05
5.008408e+01 1.181347e+05 1.486068e+05
5.043159e+01 1.158273e+05 1.457501e+05
5.078152e+01 1.135828e+05 1.429248e+05
5.113388e+01 1.113390e+05 1.401912e+05
5.148867e+01 1.092142e+05 1.375303e+05
5.184594e+01 1.070942e+05 1.348871e+05
5.220568e+01 1.049733e+05 1.323135e+05
5.256791e+01 1.029344e+05 1.297910e+05
5.293266e+01 1.009360e+05 1.272897e+05
5.329994e+01 9.897113e+04 1.248264e+05
5.366977e+01 9.709347e+04 1.223861e+05
5.404216e+01 9.523792e+04 1.200357e+05
5.441714e+01 9.337942e+04 1.177213e+05
5.479472e+01 9.156833e+04 1.154402e+05
5.517492e+01 8.976571e+04 1.131955e+05
5.555776e+01 8.805317e+04 1.109933e+05
5.594326e+01 8.634268e+04 1.088361e+05
5.633143e+01 8.466209e+04 1.067300e+05
5.672229e+01 8.301364e+04 1.046645e+05
5.711586e+01 8.139674e+04 1.026357e+05
5.751217e+01 7.980184e+04 1.006582e+05
5.791123e+01 7.823727e+04 9.870361e+04
5.831305e+01 7.670502e+04 9.675369e+04
5.871766e+01 7.519893e+04 9.494112e+04
5.912508e+01 7.373534e+04 9.306815e+04
5.953533e+01 7.227419e+04 9.124941e+04
5.994843e+01 7.084486e+04 8.945256e+04
6.036439e+01 6.945841e+04 8.767629e+04
6.078323e+01 6.809613e+04 8.596112e+04
6.120498e+01 6.675799e+04 8.429296e+04
6.162966e+01 6.544628e+04 8.264044e+04
6.205729e+01 6.416981e+04 8.103366e+04
6.248788e+01 6.291585e+04 7.947193e+04
6.292146e+01 6.167323e+04 7.796558e+04
6.335805e+01 6.046994e+04 7.645463e+04
6.379767e+01 5.927773e+04 7.497717e+04
6.424034e+01 5.809124e+04 7.352047e+04
6.468608e+01 5.694645e+04 7.207538e+04
6.513491e+01 5.583303e+04 7.066496e+04
6.558686e+01 5.475561e+04 6.927908e+04
6.604194e+01 5.368423e+04 6.791765e+04
6.650018e+01 5.262823e+04 6.658205e+04
6.696160e+01 5.159361e+04 6.527732e+04
6.742622e+01 5.058193e+04 6.399377e+04
6.789407e+01 4.959017e+04 6.273463e+04
6.836516e+01 4.860937e+04 6.149944e+04
6.883952e+01 4.765237e+04 6.028702e+04
6.931717e+01 4.667673e+04 5.908946e+04
6.979814e+01 4.576842e+04 5.792662e+04
7.028244e+01 4.485218e+04 5.679765e+04
7.077011e+01 4.397369e+04 5.569272e+04
7.126115e+01 4.311199e+04 5.461051e+04
7.175561e+01 4.226678e+04 5.354251e+04
7.225349e+01 4.143776e+04 5.248965e+04
7.275484e+01 4.062291e+04 5.145472e+04
7.325965e+01 3.980347e+04 5.043382e+04
7.376798e+01 3.899140e+04 4.942386e+04
7.427982e+01 3.821108e+04 4.843597e+04
7.479523e+01 3.744559e+04 4.748946e+04
7.531420e+01 3.671180e+04 4.657998e+04
7.583678e+01 3.599190e+04 4.566873e+04
7.636298e+01 3.527261e+04 4.477125e+04
7.689284e+01 3.456731e+04 4.388750e+04
7.742637e+01 3.387718e+04 4.302442e+04
7.796360e+01 3.317599e+04 4.217708e+04
7.850456e+01 3.251020e+04 4.134326e+04
7.904928e+01 3.186282e+04 4.052117e+04
7.959777e+01 3.122803e+04 3.972384e+04
8.015007e+01 3.060561e+04 3.893975e+04
8.070620e+01 2.999510e+04 3.817068e+04
8.126619e+01 2.939461e+04 3.741156e+04
8.183007e+01 2.880771e+04 3.666951e+04
8.239786e+01 2.823105e+04 3.592920e+04
8.296959e+01 2.766546e+04 3.522140e+04
8.354528e+01 2.711208e+04 3.453137e+04
8.412497e+01 2.657544e+04 3.384712e+04
8.470868e+01 2.603876e+04 3.318366e+04
8.529644e+01 2.551146e+04 3.252515e+04
8.588829e+01 2.500191e+04 3.187970e+04
8.648423e+01 2.450222e+04 3.124483e+04
8.708431e+01 2.400702e+04 3.062621e+04
8.768856e+01 2.350526e+04 3.002107e+04
8.829700e+01 2.301649e+04 2.942712e+04
8.890966e+01 2.254980e+04 2.884402e+04
8.952657e+01 2.209362e+04 2.826987e+04
9.014776e+01 2.164526e+04 2.771357e+04
9.077327e+01 2.120693e+04 2.716564e+04
9.140311e+01 2.077161e+04 2.662238e+04
9.203732e+01 2.034979e+04 2.609080e+04
9.267593e+01 1.992615e+04 2.557057e+04
9.331898e+01 1.950280e+04 2.506262e+04
9.396648e+01 1.910117e+04 2.455762e+04
9.461848e+01 1.871087e+04 2.406371e+04
9.527500e+01 1.832345e+04 2.358138e+04
9.593608e+01 1.795503e+04 2.311650e+04
9.660175e+01 1.758843e+04 2.265176e+04
9.727203e+01 1.723558e+04 2.219434e+04
9.794697e+01 1.688153e+04 2.174516e+04
9.862658e+01 1.652655e+04 2.130687e+04
9.931092e+01 1.619164e+04 2.088438e+04
1.000000e+02 1.584455e+04 2.046156e+04
1.006939e+02 1.551699e+04 2.004934e+04
1.013925e+02 1.519741e+04 1.964764e+04
1.020961e+02 1.488278e+04 1.926160e+04
1.028045e+02 1.457150e+04 1.888292e+04
1.035178e+02 1.427173e+04 1.850690e+04
1.042361e+02 1.398155e+04 1.812379e+04
1.049593e+02 1.369564e+04 1.776065e+04
1.056876e+02 1.341553e+04 1.740127e+04
1.064209e+02 1.314013e+04 1.703925e+04
1.071593e+02 1.287184e+04 1.669152e+04
1.079029e+02 1.260802e+04 1.634373e+04
1.086516e+02 1.235305e+04 1.600220e+04
1.094055e+02 1.210494e+04 1.568166e+04
1.101646e+02 1.185761e+04 1.535734e+04
1.109290e+02 1.161828e+04 1.504206e+04
1.116987e+02 1.138327e+04 1.473488e+04
1.124737e+02 1.114482e+04 1.442959e+04
1.132541e+02 1.090993e+04 1.413342e+04
1.140400e+02 1.068276e+04 1.384679e+04
1.148312e+02 1.045760e+04 1.356724e+04
1.156280e+02 1.024457e+04 1.329084e+04
1.164303e+02 1.003525e+04 1.301894e+04
1.172382e+02 9.820698e+03 1.274831e+04
1.180517e+02 9.618517e+03 1.248555e+04
1.188708e+02 9.417005e+03 1.222231e+04
1.196956e+02 9.222632e+03 1.196818e+04
1.205261e+02 9.029630e+03 1.171641e+04
1.213624e+02 8.841015e+03 1.147711e+04
1.222045e+02 8.659746e+03 1.123987e+04
1.230524e+02 8.480799e+03 1.100697e+04
1.239062e+02 8.302888e+03 1.078035e+04
1.247660e+02 8.132710e+03 1.056098e+04
1.256317e+02 7.951683e+03 1.034588e+04
1.265034e+02 7.775424e+03 1.013708e+04
1.273811e+02 7.612353e+03 9.931103e+03
1.282650e+02 7.450680e+03 9.721351e+03
1.291550e+02 7.292437e+03 9.522527e+03
1.300511e+02 7.137998e+03 9.327687e+03
1.309535e+02 6.983149e+03 9.136766e+03
1.318621e+02 6.832793e+03 8.949550e+03
1.327771e+02 6.688202e+03 8.764761e+03
1.336984e+02 6.550509e+03 8.584398e+03
1.346261e+02 6.411254e+03 8.407579e+03
1.355602e+02 6.272902e+03 8.233940e+03
1.365008e+02 6.137277e+03 8.063302e+03
1.374479e+02 6.005343e+03 7.890395e+03
1.384016e+02 5.877203e+03 7.725105e+03
1.393619e+02 5.749854e+03 7.561928e+03
1.403289e+02 5.620083e+03 7.405523e+03
1.413026e+02 5.493033e+03 7.250936e+03
1.422830e+02 5.376924e+03 7.098637e+03
1.432703e+02 5.263829e+03 6.942751e+03
1.442644e+02 5.153079e+03 6.797551e+03
1.452654e+02 5.045020e+03 6.658355e+03
1.462733e+02 4.933704e+03 6.521341e+03
1.472883e+02 4.825161e+03 6.383538e+03
1.483103e+02 4.720878e+03 6.250089e+03
1.493393e+02 4.621626e+03 6.116320e+03
1.503755e+02 4.524279e+03 5.988387e+03
1.514189e+02 4.427655e+03 5.859129e+03
1.524696e+02 4.327172e+03 5.733569e+03
1.535275e+02 4.231558e+03 5.611768e+03
1.545928e+02 4.137929e+03 5.496288e+03
1.556654e+02 4.046700e+03 5.382005e+03
1.567455e+02 3.956756e+03 5.267645e+03
1.578331e+02 3.865092e+03 5.151754e+03
1.589283e+02 3.781473e+03 5.040379e+03
1.600310e+02 3.696966e+03 4.928185e+03
1.611414e+02 3.613691e+03 4.822710e+03
1.622595e+02 3.532827e+03 4.718026e+03
1.633854e+02 3.452750e+03 4.615836e+03
1.645191e+02 3.376489e+03 4.515923e+03
1.656606e+02 3.299982e+03 4.416887e+03
1.668101e+02 3.227768e+03 4.317039e+03
1.679675e+02 3.157617e+03 4.225581e+03
1.691330e+02 3.085128e+03 4.136716e+03
1.703065e+02 3.017117e+03 4.049637e+03
1.714882e+02 2.947596e+03 3.962135e+03
1.726781e+02 2.883502e+03 3.878488e+03
1.738762e+02 2.819120e+03 3.796774e+03
1.750827e+02 2.755007e+03 3.716684e+03
1.762975e+02 2.695251e+03 3.633406e+03
1.775208e+02 2.632619e+03 3.553074e+03
1.787526e+02 2.572282e+03 3.472259e+03
1.799929e+02 2.516452e+03 3.394040e+03
1.812418e+02 2.461957e+03 3.320096e+03
1.824993e+02 2.405673e+03 3.248724e+03
1.837656e+02 2.350148e+03 3.180345e+03
1.850407e+02 2.295159e+03 3.109423e+03
1.863246e+02 2.244012e+03 3.039909e+03
1.876175e+02 2.193510e+03 2.974438e+03
1.889193e+02 2.145631e+03 2.909444e+03
1.902301e+02 2.096930e+03 2.845743e+03
1.915501e+02 2.051016e+03 2.782549e+03
1.928792e+02 2.002605e+03 2.720048e+03
1.942175e+02 1.958691e+03 2.662071e+03
1.955651e+02 1.915120e+03 2.604227e+03
1.969220e+02 1.870928e+03 2.547359e+03
1.982884e+02 1.825981e+03 2.491667e+03
1.996642e+02 1.783506e+03 2.436886e+03
2.010496e+02 1.744735e+03 2.382992e+03
2.024447e+02 1.705364e+03 2.331219e+03
2.038493e+02 1.662896e+03 2.281394e+03
2.052638e+02 1.623337e+03 2.231260e+03
2.066880e+02 1.583127e+03 2.183444e+03
2.081222e+02 1.545157e+03 2.134897e+03
2.095662e+02 1.507461e+03 2.086702e+03
2.110203e+02 1.474510e+03 2.039820e+03
2.124845e+02 1.441525e+03 1.995689e+03
2.139589e+02 1.406967e+03 1.952290e+03
2.154435e+02 1.374076e+03 1.909197e+03
2.169384e+02 1.342669e+03 1.866959e+03
2.184436e+02 1.310374e+03 1.825521e+03
2.199593e+02 1.279459e+03 1.784332e+03
2.214855e+02 1.248007e+03 1.743776e+03
2.230223e+02 1.217187e+03 1.705596e+03
2.245698e+02 1.189245e+03 1.666621e+03
2.261280e+02 1.160504e+03 1.628786e+03
2.276970e+02 1.132859e+03 1.592652e+03
2.292769e+02 1.105406e+03 1.556864e+03
2.308678e+02 1.076344e+03 1.521118e+03
2.324697e+02 1.049351e+03 1.486105e+03
2.340827e+02 1.023349e+03 1.451719e+03
2.357069e+02 9.995318e+02 1.418163e+03
2.373424e+02 9.757426e+02 1.385285e+03
2.389893e+02 9.516438e+02 1.353313e+03
2.406475e+02 9.285868e+02 1.322234e+03
2.423173e+02 9.063698e+02 1.292698e+03
2.439986e+02 8.847142e+02 1.264160e+03
2.456916e+02 8.636300e+02 1.235070e+03
2.473964e+02 8.420676e+02 1.207062e+03
2.491130e+02 8.227615e+02 1.178602e+03
2.508415e+02 8.026538e+02 1.151648e+03
2.525820e+02 7.819304e+02 1.125310e+03
2.543346e+02 7.625812e+02 1.099575e+03
2.560993e+02 7.426941e+02 1.074260e+03
2.578763e+02 7.253765e+02 1.049485e+03
2.596656e+02 7.069789e+02 1.024955e+03
2.614673e+02 6.889695e+02 1.001318e+03
2.632815e+02 6.717065e+02 9.785137e+02
2.651084e+02 6.548649e+02 9.561171e+02
2.669478e+02 6.380361e+02 9.333604e+02
2.688001e+02 6.215618e+02 9.115684e+02
2.706652e+02 6.056819e+02 8.898156e+02
2.725433e+02 5.891035e+02 8.689761e+02
2.744343e+02 5.745524e+02 8.486929e+02
2.763385e+02 5.600634e+02 8.291673e+02
2.782559e+02 5.463240e+02 8.093502e+02
2.801867e+02 5.333185e+02 7.897047e+02
2.821308e+02 5.197225e+02 7.712010e+02
2.840884e+02 5.067558e+02 7.530836e+02
2.860596e+02 4.941038e+02 7.358040e+02
2.880444e+02 4.813200e+02 7.184132e+02
2.900430e+02 4.686559e+02 7.011133e+02
2.920556e+02 4.562004e+02 6.845774e+02
2.940820e+02 4.440851e+02 6.679589e+02
2.961225e+02 4.325197e+02 6.521167e+02
2.981772e+02 4.210073e+02 6.367474e+02
3.002462e+02 4.098024e+02 6.217038e+02
3.023295e+02 3.986019e+02 6.068427e+02
3.044272e+02 3.878783e+02 5.922841e+02
3.065395e+02 3.780481e+02 5.779664e+02
3.086665e+02 3.686792e+02 5.641785e+02
3.108082e+02 3.590179e+02 5.506168e+02
3.129648e+02 3.492145e+02 5.373251e+02
3.151363e+02 3.394456e+02 5.245562e+02
3.173230e+02 3.305620e+02 5.121948e+02
3.195248e+02 3.215580e+02 4.993412e+02
3.217418e+02 3.129826e+02 4.872745e+02
3.239743e+02 3.040739e+02 4.755994e+02
3.262222e+02 2.967061e+02 4.641799e+02
3.284857e+02 2.890790e+02 4.530232e+02
3.307650e+02 2.812525e+02 4.421329e+02
3.330600e+02 2.734137e+02 4.313594e+02
3.353710e+02 2.661528e+02 4.207960e+02
3.376980e+02 2.587392e+02 4.107714e+02
3.400412e+02 2.513986e+02 4.006704e+02
3.424006e+02 2.443004e+02 3.911003e+02
3.447764e+02 2.373939e+02 3.815190e+02
3.471687e+02 2.306659e+02 3.721685e+02
3.495776e+02 2.241123e+02 3.631915e+02
3.520031e+02 2.176901e+02 3.545178e+02
3.544456e+02 2.111030e+02 3.455649e+02
3.569049e+02 2.047488e+02 3.371164e+02
3.593814e+02 1.985929e+02 3.286800e+02
3.618750e+02 1.926776e+02 3.205340e+02
3.643859e+02 1.876029e+02 3.125413e+02
3.669142e+02 1.826036e+02 3.047425e+02
3.694601e+02 1.775616e+02 2.972896e+02
3.720237e+02 1.723172e+02 2.900598e+02
3.746050e+02 1.672144e+02 2.827491e+02
3.772042e+02 1.622818e+02 2.756255e+02
3.798215e+02 1.574371e+02 2.688433e+02
3.824570e+02 1.527180e+02 2.619926e+02
3.851107e+02 1.481456e+02 2.554755e+02
3.877828e+02 1.436976e+02 2.487608e+02
3.904735e+02 1.394113e+02 2.421408e+02
3.931829e+02 1.351684e+02 2.359152e+02
3.959110e+02 1.310512e+02 2.300991e+02
3.986581e+02 1.270612e+02 2.244878e+02
4.014242e+02 1.232260e+02 2.189839e+02
4.042096e+02 1.195730e+02 2.135550e+02
4.070142e+02 1.160147e+02 2.081982e+02
4.098384e+02 1.125136e+02 2.030834e+02
4.126821e+02 1.091956e+02 1.978007e+02
4.155455e+02 1.059225e+02 1.926007e+02
4.184289e+02 1.027387e+02 1.876748e+02
4.213322e+02 9.961875e+01 1.827018e+02
4.242556e+02 9.653125e+01 1.779497e+02
4.271994e+02 9.357856e+01 1.734580e+02
4.301636e+02 9.070804e+01 1.688862e+02
4.331483e+02 8.786575e+01 1.645054e+02
4.361538e+02 8.506594e+01 1.602409e+02
4.391801e+02 8.234693e+01 1.560656e+02
4.422274e+02 7.971100e+01 1.518613e+02
4.452959e+02 7.715360e+01 1.478106e+02
4.483856e+02 7.467054e+01 1.438415e+02
4.514968e+02 7.225976e+01 1.401386e+02
4.546295e+02 6.997425e+01 1.365469e+02
4.577841e+02 6.774931e+01 1.328903e+02
4.609604e+02 6.563040e+01 1.293796e+02
4.641589e+02 6.359803e+01 1.260616e+02
4.673795e+02 6.162302e+01 1.227600e+02
4.706225e+02 5.961738e+01 1.195042e+02
4.738880e+02 5.757711e+01 1.164146e+02
4.771761e+02 5.565476e+01 1.132284e+02
4.804870e+02 5.382222e+01 1.100851e+02
4.838210e+02 5.205599e+01 1.070768e+02
4.871780e+02 5.035371e+01 1.041262e+02
4.905584e+02 4.866322e+01 1.013201e+02
4.939622e+02 4.702255e+01 9.858219e+01
4.973896e+02 4.543324e+01 9.602929e+01
5.008408e+02 4.393558e+01 9.340327e+01
5.043159e+02 4.246084e+01 9.089873e+01
5.078152e+02 4.099596e+01 8.847492e+01
5.113388e+02 3.966229e+01 8.613517e+01
5.148867e+02 3.830656e+01 8.386035e+01
5.184594e+02 3.695172e+01 8.164630e+01
5.220568e+02 3.564923e+01 7.951253e+01
5.256791e+02 3.440383e+01 7.730876e+01
5.293266e+02 3.325034e+01 7.522876e+01
5.329994e+02 3.210588e+01 7.316483e+01
5.366977e+02 3.100225e+01 7.121581e+01
5.404216e+02 2.993306e+01 6.935862e+01
5.441714e+02 2.890867e+01 6.750990e+01
5.479472e+02 2.792102e+01 6.567428e+01
5.517492e+02 2.696401e+01 6.383827e+01
5.555776e+02 2.605686e+01 6.215393e+01
5.594326e+02 2.518712e+01 6.046594e+01
5.633143e+02 2.434077e+01 5.877282e+01
5.672229e+02 2.349798e+01 5.717823e+01
5.711586e+02 2.268166e+01 5.557339e+01
5.751217e+02 2.187076e+01 5.402072e+01
5.791123e+02 2.107812e+01 5.252633e+01
5.831305e+02 2.031152e+01 5.109250e+01
5.871766e+02 1.957021e+01 4.962890e+01
5.912508e+02 1.885344e+01 4.821676e+01
5.953533e+02 1.815565e+01 4.682335e+01
5.994843e+02 1.750587e+01 4.550755e+01
6.036439e+02 1.688021e+01 4.419762e+01
6.078323e+02 1.626605e+01 4.291225e+01
6.120498e+02 1.565348e+01 4.162735e+01
6.162966e+02 1.505535e+01 4.044774e+01
6.205729e+02 1.447789e+01 3.929930e+01
6.248788e+02 1.392045e+01 3.816763e+01
6.292146e+02 1.338242e+01 3.709286e+01
6.335805e+02 1.286319e+01 3.601495e+01
6.379767e+02 1.237772e+01 3.498916e+01
6.424034e+02 1.190191e+01 3.405085e+01
6.468608e+02 1.143483e+01 3.310716e+01
6.513491e+02 1.098975e+01 3.215893e+01
6.558686e+02 1.056122e+01 3.117340e+01
6.604194e+02 1.014786e+01 3.027538e+01
6.650018e+02 9.749182e+00 2.938197e+01
6.696160e+02 9.364719e+00 2.847379e+01
6.742622e+02 8.996865e+00 2.763553e+01
6.789407e+02 8.643441e+00 2.683248e+01
6.836516e+02 8.308774e+00 2.607409e+01
6.883952e+02 7.991323e+00 2.531124e+01
6.931717e+02 7.684911e+00 2.456317e+01
6.979814e+02 7.389191e+00 2.379558e+01
7.028244e+02 7.103827e+00 2.305830e+01
7.077011e+02 6.828495e+00 2.236729e+01
7.126115e+02 6.562877e+00 2.173240e+01
7.175561e+02 6.306241e+00 2.109941e+01
7.225349e+02 6.044050e+00 2.047429e+01
7.275484e+02 5.792304e+00 1.984721e+01
7.325965e+02 5.551021e+00 1.925288e+01
7.376798e+02 5.318867e+00 1.864903e+01
7.427982e+02 5.095535e+00 1.808252e+01
7.479523e+02 4.880723e+00 1.755453e+01
7.531420e+02 4.674141e+00 1.703410e+01
7.583678e+02 4.478260e+00 1.651316e+01
7.636298e+02 4.294701e+00 1.599601e+01
7.689284e+02 4.117994e+00 1.550569e+01
7.742637e+02 3.947911e+00 1.502466e+01
7.796360e+02 3.784893e+00 1.458194e+01
7.850456e+02 3.628867e+00 1.414541e+01
7.904928e+02 3.478701e+00 1.369907e+01
7.959777e+02 3.334196e+00 1.327011e+01
8.015007e+02 3.195162e+00 1.286317e+01
8.070620e+02 3.061412e+00 1.244745e+01
8.126619e+02 2.932365e+00 1.204525e+01
8.183007e+02 2.801136e+00 1.167277e+01
8.239786e+02 2.675263e+00 1.130582e+01
8.296959e+02 2.554547e+00 1.094512e+01
8.354528e+02 2.442305e+00 1.058860e+01
8.412497e+02 2.336297e+00 1.025471e+01
8.470868e+02 2.234487e+00 9.936335e+00
8.529644e+02 2.136726e+00 9.634991e+00
8.588829e+02 2.042955e+00 9.325387e+00
8.648423e+02 1.950857e+00 9.031962e+00
8.708431e+02 1.860200e+00 8.733450e+00
8.768856e+02 1.773133e+00 8.458401e+00
8.829700e+02 1.689786e+00 8.196649e+00
8.890966e+02 1.610017e+00 7.941536e+00
8.952657e+02 1.533686e+00 7.685713e+00
9.014776e+02 1.462693e+00 7.444029e+00
9.077327e+02 1.395442e+00 7.205595e+00
9.140311e+02 1.328520e+00 6.961467e+00
9.203732e+02 1.268370e+00 6.718470e+00
9.267593e+02 1.210713e+00 6.486303e+00
9.331898e+02 1.153178e+00 6.268441e+00
9.396648e+02 1.097636e+00 6.055253e+00
9.461848e+02 1.044541e+00 5.855532e+00
9.527500e+02 9.937957e-01 5.661691e+00
9.593608e+02 9.453064e-01 5.475030e+00
9.660175e+02 8.991235e-01 5.293588e+00
9.727203e+02 8.552072e-01 5.117505e+00
9.794697e+02 8.132546e-01 4.942788e+00
9.862658e+02 7.731862e-01 4.776198e+00
9.931092e+02 7.350277e-01 4.617468e+00
1.000000e+03 6.986139e-01 4.459236e+00
