1.000000e+00 4.767122e+09
1.006939e+00 4.681237e+09
1.013925e+00 4.596867e+09
1.020961e+00 4.513799e+09
1.028045e+00 4.432231e+09
1.035178e+00 4.352232e+09
1.042361e+00 4.273784e+09
1.049593e+00 4.196749e+09
1.056876e+00 4.120737e+09
1.064209e+00 4.045967e+09
1.071593e+00 3.972582e+09
1.079029e+00 3.900190e+09
1.086516e+00 3.829998e+09
1.094055e+00 3.761067e+09
1.101646e+00 3.692628e+09
1.109290e+00 3.625396e+09
1.116987e+00 3.559877e+09
1.124737e+00 3.495983e+09
1.132541e+00 3.433539e+09
1.140400e+00 3.372283e+09
1.148312e+00 3.311278e+09
1.156280e+00 3.252172e+09
1.164303e+00 3.193086e+09
1.172382e+00 3.135329e+09
1.180517e+00 3.078145e+09
1.188708e+00 3.022729e+09
1.196956e+00 2.968505e+09
1.205261e+00 2.914977e+09
1.213624e+00 2.862068e+09
1.222045e+00 2.809136e+09
1.230524e+00 2.758115e+09
1.239062e+00 2.708153e+09
1.247660e+00 2.658921e+09
1.256317e+00 2.610907e+09
1.265034e+00 2.563628e+09
1.273811e+00 2.517289e+09
1.282650e+00 2.471788e+09
1.291550e+00 2.427080e+09
1.300511e+00 2.383080e+09
1.309535e+00 2.339425e+09
1.318621e+00 2.296160e+09
1.327771e+00 2.254310e+09
1.336984e+00 2.213469e+09
1.346261e+00 2.173186e+09
1.355602e+00 2.133869e+09
1.365008e+00 2.095022e+09
1.374479e+00 2.057256e+09
1.384016e+00 2.019940e+09
1.393619e+00 1.983037e+09
1.403289e+00 1.947224e+09
1.413026e+00 1.912264e+09
1.422830e+00 1.877889e+09
1.432703e+00 1.844467e+09
1.442644e+00 1.811680e+09
1.452654e+00 1.779334e+09
1.462733e+00 1.747323e+09
1.472883e+00 1.715352e+09
1.483103e+00 1.684315e+09
1.493393e+00 1.653835e+09
1.503755e+00 1.623570e+09
1.514189e+00 1.593758e+09
1.524696e+00 1.565276e+09
1.535275e+00 1.537159e+09
1.545928e+00 1.509295e+09
1.556654e+00 1.481759e+09
1.567455e+00 1.454865e+09
1.578331e+00 1.428694e+09
1.589283e+00 1.402839e+09
1.600310e+00 1.377601e+09
1.611414e+00 1.352813e+09
1.622595e+00 1.328467e+09
1.633854e+00 1.304559e+09
1.645191e+00 1.281080e+09
1.656606e+00 1.257973e+09
1.668101e+00 1.234957e+09
1.679675e+00 1.212510e+09
1.691330e+00 1.190776e+09
1.703065e+00 1.169116e+09
1.714882e+00 1.147849e+09
1.726781e+00 1.126969e+09
1.738762e+00 1.106787e+09
1.750827e+00 1.087334e+09
1.762975e+00 1.068083e+09
1.775208e+00 1.048431e+09
1.787526e+00 1.028959e+09
1.799929e+00 1.010117e+09
1.812418e+00 9.916624e+08
1.824993e+00 9.734533e+08
1.837656e+00 9.557096e+08
1.850407e+00 9.385002e+08
1.863246e+00 9.214093e+08
1.876175e+00 9.046918e+08
1.889193e+00 8.884556e+08
1.902301e+00 8.724810e+08
1.915501e+00 8.567437e+08
1.928792e+00 8.411735e+08
1.942175e+00 8.259070e+08
1.955651e+00 8.110297e+08
1.969220e+00 7.962929e+08
1.982884e+00 7.818747e+08
1.996642e+00 7.678711e+08
2.010496e+00 7.539475e+08
2.024447e+00 7.401076e+08
2.038493e+00 7.263034e+08
2.052638e+00 7.130469e+08
2.066880e+00 7.001321e+08
2.081222e+00 6.875079e+08
2.095662e+00 6.747080e+08
2.110203e+00 6.621463e+08
2.124845e+00 6.501050e+08
2.139589e+00 6.385210e+08
2.154435e+00 6.270194e+08
2.169384e+00 6.157157e+08
2.184436e+00 6.047616e+08
2.199593e+00 5.938154e+08
2.214855e+00 5.829991e+08
2.230223e+00 5.724381e+08
2.245698e+00 5.621089e+08
2.261280e+00 5.520723e+08
2.276970e+00 5.421812e+08
2.292769e+00 5.324685e+08
2.308678e+00 5.228787e+08
2.324697e+00 5.133439e+08
2.340827e+00 5.040376e+08
2.357069e+00 4.949418e+08
2.373424e+00 4.860697e+08
2.389893e+00 4.772872e+08
2.406475e+00 4.687633e+08
2.423173e+00 4.603248e+08
2.439986e+00 4.520005e+08
2.456916e+00 4.438493e+08
2.473964e+00 4.358168e+08
2.491130e+00 4.278930e+08
2.508415e+00 4.200279e+08
2.525820e+00 4.124533e+08
2.543346e+00 4.049495e+08
2.560993e+00 3.975637e+08
2.578763e+00 3.903401e+08
2.596656e+00 3.833072e+08
2.614673e+00 3.763873e+08
2.632815e+00 3.696269e+08
2.651084e+00 3.628679e+08
2.669478e+00 3.561547e+08
2.688001e+00 3.497308e+08
2.706652e+00 3.434834e+08
2.725433e+00 3.372625e+08
2.744343e+00 3.311593e+08
2.763385e+00 3.251719e+08
2.782559e+00 3.191109e+08
2.801867e+00 3.133295e+08
2.821308e+00 3.075727e+08
2.840884e+00 3.019287e+08
2.860596e+00 2.964063e+08
2.880444e+00 2.910293e+08
2.900430e+00 2.858392e+08
2.920556e+00 2.807483e+08
2.940820e+00 2.755446e+08
2.961225e+00 2.704722e+08
2.981772e+00 2.654884e+08
3.002462e+00 2.606701e+08
3.023295e+00 2.559978e+08
3.044272e+00 2.514648e+08
3.065395e+00 2.469723e+08
3.086665e+00 2.425618e+08
3.108082e+00 2.382159e+08
3.129648e+00 2.338619e+08
3.151363e+00 2.296286e+08
3.173230e+00 2.254599e+08
3.195248e+00 2.214011e+08
3.217418e+00 2.174286e+08
3.239743e+00 2.135333e+08
3.262222e+00 2.096696e+08
3.284857e+00 2.058606e+08
3.307650e+00 2.021296e+08
3.330600e+00 1.984493e+08
3.353710e+00 1.948346e+08
3.376980e+00 1.913128e+08
3.400412e+00 1.878481e+08
3.424006e+00 1.844576e+08
3.447764e+00 1.811265e+08
3.471687e+00 1.778474e+08
3.495776e+00 1.746153e+08
3.520031e+00 1.714423e+08
3.544456e+00 1.683316e+08
3.569049e+00 1.652637e+08
3.593814e+00 1.622327e+08
3.618750e+00 1.592724e+08
3.643859e+00 1.563870e+08
3.669142e+00 1.535179e+08
3.694601e+00 1.507518e+08
3.720237e+00 1.480486e+08
3.746050e+00 1.453377e+08
3.772042e+00 1.426865e+08
3.798215e+00 1.401002e+08
3.824570e+00 1.375482e+08
3.851107e+00 1.350813e+08
3.877828e+00 1.326623e+08
3.904735e+00 1.302415e+08
3.931829e+00 1.278622e+08
3.959110e+00 1.255049e+08
3.986581e+00 1.232164e+08
4.014242e+00 1.209387e+08
4.042096e+00 1.187369e+08
4.070142e+00 1.165622e+08
4.098384e+00 1.144651e+08
4.126821e+00 1.124236e+08
4.155455e+00 1.103964e+08
4.184289e+00 1.083727e+08
4.213322e+00 1.063811e+08
4.242556e+00 1.044522e+08
4.271994e+00 1.025758e+08
4.301636e+00 1.007079e+08
4.331483e+00 9.889013e+07
4.361538e+00 9.710511e+07
4.391801e+00 9.533053e+07
4.422274e+00 9.360766e+07
4.452959e+00 9.192806e+07
4.483856e+00 9.028641e+07
4.514968e+00 8.865495e+07
4.546295e+00 8.705948e+07
4.577841e+00 8.549676e+07
4.609604e+00 8.395800e+07
4.641589e+00 8.244566e+07
4.673795e+00 8.096726e+07
4.706225e+00 7.950387e+07
4.738880e+00 7.804107e+07
4.771761e+00 7.662297e+07
4.804870e+00 7.522428e+07
4.838210e+00 7.383018e+07
4.871780e+00 7.246485e+07
4.905584e+00 7.112632e+07
4.939622e+00 6.981404e+07
4.973896e+00 6.852669e+07
5.008408e+00 6.726299e+07
5.043159e+00 6.603404e+07
5.078152e+00 6.482912e+07
5.113388e+00 6.365477e+07
5.148867e+00 6.250338e+07
5.184594e+00 6.136963e+07
5.220568e+00 6.025753e+07
5.256791e+00 5.915003e+07
5.293266e+00 5.809681e+07
5.329994e+00 5.704690e+07
5.366977e+00 5.600216e+07
5.404216e+00 5.499340e+07
5.441714e+00 5.397592e+07
5.479472e+00 5.298685e+07
5.517492e+00 5.201215e+07
5.555776e+00 5.106892e+07
5.594326e+00 5.013567e+07
5.633143e+00 4.923405e+07
5.672229e+00 4.834540e+07
5.711586e+00 4.747130e+07
5.751217e+00 4.660909e+07
5.791123e+00 4.576842e+07
5.831305e+00 4.494270e+07
5.871766e+00 4.413182e+07
5.912508e+00 4.332978e+07
5.953533e+00 4.253867e+07
5.994843e+00 4.175274e+07
6.036439e+00 4.098331e+07
6.078323e+00 4.022440e+07
6.120498e+00 3.949389e+07
6.162966e+00 3.877088e+07
6.205729e+00 3.806412e+07
6.248788e+00 3.736589e+07
6.292146e+00 3.668122e+07
6.335805e+00 3.600555e+07
6.379767e+00 3.533717e+07
6.424034e+00 3.468973e+07
6.468608e+00 3.406211e+07
6.513491e+00 3.344311e+07
6.558686e+00 3.283276e+07
6.604194e+00 3.223509e+07
6.650018e+00 3.164461e+07
6.696160e+00 3.107103e+07
6.742622e+00 3.050475e+07
6.789407e+00 2.994419e+07
6.836516e+00 2.939881e+07
6.883952e+00 2.886170e+07
6.931717e+00 2.832732e+07
6.979814e+00 2.780506e+07
7.028244e+00 2.730832e+07
7.077011e+00 2.681161e+07
7.126115e+00 2.632184e+07
7.175561e+00 2.583968e+07
7.225349e+00 2.536179e+07
7.275484e+00 2.489519e+07
7.325965e+00 2.444111e+07
7.376798e+00 2.399801e+07
7.427982e+00 2.356427e+07
7.479523e+00 2.313744e+07
7.531420e+00 2.271829e+07
7.583678e+00 2.229970e+07
7.636298e+00 2.189568e+07
7.689284e+00 2.149433e+07
7.742637e+00 2.109792e+07
7.796360e+00 2.070472e+07
7.850456e+00 2.032456e+07
7.904928e+00 1.995296e+07
7.959777e+00 1.958971e+07
8.015007e+00 1.923146e+07
8.070620e+00 1.887606e+07
8.126619e+00 1.853448e+07
8.183007e+00 1.819988e+07
8.239786e+00 1.786871e+07
8.296959e+00 1.754026e+07
8.354528e+00 1.721672e+07
8.412497e+00 1.690439e+07
8.470868e+00 1.659685e+07
8.529644e+00 1.628806e+07
8.588829e+00 1.598962e+07
8.648423e+00 1.569802e+07
8.708431e+00 1.541128e+07
8.768856e+00 1.512669e+07
8.829700e+00 1.485035e+07
8.890966e+00 1.458026e+07
8.952657e+00 1.431789e+07
9.014776e+00 1.405252e+07
9.077327e+00 1.379486e+07
9.140311e+00 1.354561e+07
9.203732e+00 1.330061e+07
9.267593e+00 1.305775e+07
9.331898e+00 1.282133e+07
9.396648e+00 1.258878e+07
9.461848e+00 1.235795e+07
9.527500e+00 1.213392e+07
9.593608e+00 1.191169e+07
9.660175e+00 1.169455e+07
9.727203e+00 1.147889e+07
9.794697e+00 1.126587e+07
9.862658e+00 1.105789e+07
9.931092e+00 1.085496e+07
1.000000e+01 1.065492e+07
1.006939e+01 1.045646e+07
1.013925e+01 1.026455e+07
1.020961e+01 1.007537e+07
1.028045e+01 9.893386e+06
1.035178e+01 9.711835e+06
1.042361e+01 9.536792e+06
1.049593e+01 9.364777e+06
1.056876e+01 9.196412e+06
1.064209e+01 9.024111e+06
1.071593e+01 8.862886e+06
1.079029e+01 8.700614e+06
1.086516e+01 8.541544e+06
1.094055e+01 8.386209e+06
1.101646e+01 8.234745e+06
1.109290e+01 8.083113e+06
1.116987e+01 7.935310e+06
1.124737e+01 7.787010e+06
1.132541e+01 7.645735e+06
1.140400e+01 7.507836e+06
1.148312e+01 7.370268e+06
1.156280e+01 7.234964e+06
1.164303e+01 7.103233e+06
1.172382e+01 6.974055e+06
1.180517e+01 6.845667e+06
1.188708e+01 6.720452e+06
1.196956e+01 6.598021e+06
1.205261e+01 6.478667e+06
1.213624e+01 6.361516e+06
1.222045e+01 6.242288e+06
1.230524e+01 6.127396e+06
1.239062e+01 6.015638e+06
1.247660e+01 5.905364e+06
1.256317e+01 5.796347e+06
1.265034e+01 5.690145e+06
1.273811e+01 5.587955e+06
1.282650e+01 5.484610e+06
1.291550e+01 5.384054e+06
1.300511e+01 5.283853e+06
1.309535e+01 5.185777e+06
1.318621e+01 5.090187e+06
1.327771e+01 4.998089e+06
1.336984e+01 4.906993e+06
1.346261e+01 4.817661e+06
1.355602e+01 4.729764e+06
1.365008e+01 4.643160e+06
1.374479e+01 4.558213e+06
1.384016e+01 4.474513e+06
1.393619e+01 4.392500e+06
1.403289e+01 4.311451e+06
1.413026e+01 4.232217e+06
1.422830e+01 4.153890e+06
1.432703e+01 4.078785e+06
1.442644e+01 4.004308e+06
1.452654e+01 3.930190e+06
1.462733e+01 3.856736e+06
1.472883e+01 3.784387e+06
1.483103e+01 3.713857e+06
1.493393e+01 3.645410e+06
1.503755e+01 3.577714e+06
1.514189e+01 3.510972e+06
1.524696e+01 3.446252e+06
1.535275e+01 3.382574e+06
1.545928e+01 3.320784e+06
1.556654e+01 3.259989e+06
1.567455e+01 3.198911e+06
1.578331e+01 3.138904e+06
1.589283e+01 3.080346e+06
1.600310e+01 3.023831e+06
1.611414e+01 2.968882e+06
1.622595e+01 2.913670e+06
1.633854e+01 2.860065e+06
1.645191e+01 2.807013e+06
1.656606e+01 2.754924e+06
1.668101e+01 2.704099e+06
1.679675e+01 2.654913e+06
1.691330e+01 2.606017e+06
1.703065e+01 2.558640e+06
1.714882e+01 2.511157e+06
1.726781e+01 2.464283e+06
1.738762e+01 2.418328e+06
1.750827e+01 2.374208e+06
1.762975e+01 2.329870e+06
1.775208e+01 2.287006e+06
1.787526e+01 2.244914e+06
1.799929e+01 2.203545e+06
1.812418e+01 2.162457e+06
1.824993e+01 2.122411e+06
1.837656e+01 2.083247e+06
1.850407e+01 2.044177e+06
1.863246e+01 2.006381e+06
1.876175e+01 1.969366e+06
1.889193e+01 1.932850e+06
1.902301e+01 1.896944e+06
1.915501e+01 1.862313e+06
1.928792e+01 1.828206e+06
1.942175e+01 1.794565e+06
1.955651e+01 1.762015e+06
1.969220e+01 1.729861e+06
1.982884e+01 1.698198e+06
1.996642e+01 1.666775e+06
2.010496e+01 1.636394e+06
2.024447e+01 1.605781e+06
2.038493e+01 1.575759e+06
2.052638e+01 1.546679e+06
2.066880e+01 1.518343e+06
2.081222e+01 1.490670e+06
2.095662e+01 1.463126e+06
2.110203e+01 1.436450e+06
2.124845e+01 1.409938e+06
2.139589e+01 1.383971e+06
2.154435e+01 1.358297e+06
2.169384e+01 1.333521e+06
2.184436e+01 1.308827e+06
2.199593e+01 1.284690e+06
2.214855e+01 1.261061e+06
2.230223e+01 1.237419e+06
2.245698e+01 1.214034e+06
2.261280e+01 1.191592e+06
2.276970e+01 1.169689e+06
2.292769e+01 1.147815e+06
2.308678e+01 1.126882e+06
2.324697e+01 1.106127e+06
2.340827e+01 1.085752e+06
2.357069e+01 1.065583e+06
2.373424e+01 1.045626e+06
2.389893e+01 1.026087e+06
2.406475e+01 1.006792e+06
2.423173e+01 9.880691e+05
2.439986e+01 9.696702e+05
2.456916e+01 9.517939e+05
2.473964e+01 9.343057e+05
2.491130e+01 9.169682e+05
2.508415e+01 8.998877e+05
2.525820e+01 8.832368e+05
2.543346e+01 8.669310e+05
2.560993e+01 8.504378e+05
2.578763e+01 8.344257e+05
2.596656e+01 8.188851e+05
2.614673e+01 8.033330e+05
2.632815e+01 7.882138e+05
2.651084e+01 7.734869e+05
2.669478e+01 7.588983e+05
2.688001e+01 7.448139e+05
2.706652e+01 7.309583e+05
2.725433e+01 7.173598e+05
2.744343e+01 7.039426e+05
2.763385e+01 6.906639e+05
2.782559e+01 6.776713e+05
2.801867e+01 6.649370e+05
2.821308e+01 6.524806e+05
2.840884e+01 6.402714e+05
2.860596e+01 6.283266e+05
2.880444e+01 6.166501e+05
2.900430e+01 6.050773e+05
2.920556e+01 5.937485e+05
2.940820e+01 5.824495e+05
2.961225e+01 5.714817e+05
2.981772e+01 5.607513e+05
3.002462e+01 5.502545e+05
3.023295e+01 5.399324e+05
3.044272e+01 5.298032e+05
3.065395e+01 5.199571e+05
3.086665e+01 5.101759e+05
3.108082e+01 5.006365e+05
3.129648e+01 4.912002e+05
3.151363e+01 4.820484e+05
3.173230e+01 4.731181e+05
3.195248e+01 4.642383e+05
3.217418e+01 4.554648e+05
3.239743e+01 4.468790e+05
3.262222e+01 4.384826e+05
3.284857e+01 4.301942e+05
3.307650e+01 4.221840e+05
3.330600e+01 4.142131e+05
3.353710e+01 4.065642e+05
3.376980e+01 3.989954e+05
3.400412e+01 3.915397e+05
3.424006e+01 3.842700e+05
3.447764e+01 3.770823e+05
3.471687e+01 3.699706e+05
3.495776e+01 3.630138e+05
3.520031e+01 3.561752e+05
3.544456e+01 3.494498e+05
3.569049e+01 3.428497e+05
3.593814e+01 3.363711e+05
3.618750e+01 3.299920e+05
3.643859e+01 3.236791e+05
3.669142e+01 3.173876e+05
3.694601e+01 3.113995e+05
3.720237e+01 3.055847e+05
3.746050e+01 2.998540e+05
3.772042e+01 2.941959e+05
3.798215e+01 2.886627e+05
3.824570e+01 2.832203e+05
3.851107e+01 2.779189e+05
3.877828e+01 2.727577e+05
3.904735e+01 2.676784e+05
3.931829e+01 2.626078e+05
3.959110e+01 2.576529e+05
3.986581e+01 2.528154e+05
4.014242e+01 2.479545e+05
4.042096e+01 2.432574e+05
4.070142e+01 2.386336e+05
4.098384e+01 2.341147e+05
4.126821e+01 2.296569e+05
4.155455e+01 2.252747e+05
4.184289e+01 2.209797e+05
4.213322e+01 2.167968e+05
4.242556e+01 2.126450e+05
4.271994e+01 2.085736e+05
4.301636e+01 2.045885e+05
4.331483e+01 2.006687e+05
4.361538e+01 1.968581e+05
4.391801e+01 1.930845e+05
4.422274e+01 1.894392e+05
4.452959e+01 1.858368e+05
4.483856e+01 1.822860e+05
4.514968e+01 1.787832e+05
4.546295e+01 1.753876e+05
4.577841e+01 1.720592e+05
4.609604e+01 1.687761e+05
4.641589e+01 1.655370e+05
4.673795e+01 1.623855e+05
4.706225e+01 1.592506e+05
4.738880e+01 1.562062e+05
4.771761e+01 1.532297e+05
4.804870e+01 1.503117e+05
4.838210e+01 1.474042e+05
4.871780e+01 1.446077e+05
4.905584e+01 1.417822e+05
4.939622e+01 1.390204e+05
4.973896e+01 1.363572e+05
5.008408e+01 1.337246e+05
5.043159e+01 1.311279e+05
5.078152e+01 1.286188e+05
5.113388e+01 1.261985e+05
5.148867e+01 1.237646e+05
5.184594e+01 1.213728e+05
5.220568e+01 1.190145e+05
5.256791e+01 1.166893e+05
5.293266e+01 1.144014e+05
5.329994e+01 1.121878e+05
5.366977e+01 1.100505e+05
5.404216e+01 1.079188e+05
5.441714e+01 1.058478e+05
5.479472e+01 1.037965e+05
5.517492e+01 1.018185e+05
5.555776e+01 9.989716e+04
5.594326e+01 9.796541e+04
5.633143e+01 9.606072e+04
5.672229e+01 9.419221e+04
5.711586e+01 9.237045e+04
5.751217e+01 9.058341e+04
5.791123e+01 8.883382e+04
5.831305e+01 8.711022e+04
5.871766e+01 8.542381e+04
5.912508e+01 8.376019e+04
5.953533e+01 8.211875e+04
5.994843e+01 8.051875e+04
6.036439e+01 7.894148e+04
6.078323e+01 7.739652e+04
6.120498e+01 7.587648e+04
6.162966e+01 7.436758e+04
6.205729e+01 7.292113e+04
6.248788e+01 7.151567e+04
6.292146e+01 7.014319e+04
6.335805e+01 6.878595e+04
6.379767e+01 6.743630e+04
6.424034e+01 6.611238e+04
6.468608e+01 6.480941e+04
6.513491e+01 6.353514e+04
6.558686e+01 6.229650e+04
6.604194e+01 6.106221e+04
6.650018e+01 5.984568e+04
6.696160e+01 5.868987e+04
6.742622e+01 5.754914e+04
6.789407e+01 5.641464e+04
6.836516e+01 5.530075e+04
6.883952e+01 5.418674e+04
6.931717e+01 5.310324e+04
6.979814e+01 5.206428e+04
7.028244e+01 5.105778e+04
7.077011e+01 5.007301e+04
7.126115e+01 4.909174e+04
7.175561e+01 4.813534e+04
7.225349e+01 4.718607e+04
7.275484e+01 4.625819e+04
7.325965e+01 4.534464e+04
7.376798e+01 4.444248e+04
7.427982e+01 4.356117e+04
7.479523e+01 4.270896e+04
7.531420e+01 4.184095e+04
7.583678e+01 4.100256e+04
7.636298e+01 4.018345e+04
7.689284e+01 3.939138e+04
7.742637e+01 3.861619e+04
7.796360e+01 3.783010e+04
7.850456e+01 3.706892e+04
7.904928e+01 3.634070e+04
7.959777e+01 3.561763e+04
8.015007e+01 3.491706e+04
8.070620e+01 3.422711e+04
8.126619e+01 3.353469e+04
8.183007e+01 3.287197e+04
8.239786e+01 3.220939e+04
8.296959e+01 3.156954e+04
8.354528e+01 3.094395e+04
8.412497e+01 3.033070e+04
8.470868e+01 2.972215e+04
8.529644e+01 2.912970e+04
8.588829e+01 2.855091e+04
8.648423e+01 2.796983e+04
8.708431e+01 2.740568e+04
8.768856e+01 2.685517e+04
8.829700e+01 2.631988e+04
8.890966e+01 2.578477e+04
8.952657e+01 2.525522e+04
9.014776e+01 2.473270e+04
9.077327e+01 2.423160e+04
9.140311e+01 2.373967e+04
9.203732e+01 2.326449e+04
9.267593e+01 2.278973e+04
9.331898e+01 2.233197e+04
9.396648e+01 2.186476e+04
9.461848e+01 2.142154e+04
9.527500e+01 2.098989e+04
9.593608e+01 2.056038e+04
9.660175e+01 2.014220e+04
9.727203e+01 1.974157e+04
9.794697e+01 1.934599e+04
9.862658e+01 1.895569e+04
9.931092e+01 1.856250e+04
1.000000e+02 1.818205e+04
1.006939e+02 1.781193e+04
1.013925e+02 1.745133e+04
1.020961e+02 1.709905e+04
1.028045e+02 1.675009e+04
1.035178e+02 1.640746e+04
1.042361e+02 1.606794e+04
1.049593e+02 1.573606e+04
1.056876e+02 1.541642e+04
1.064209e+02 1.510115e+04
1.071593e+02 1.479182e+04
1.079029e+02 1.448156e+04
1.086516e+02 1.418189e+04
1.094055e+02 1.388928e+04
1.101646e+02 1.360120e+04
1.109290e+02 1.331765e+04
1.116987e+02 1.303979e+04
1.124737e+02 1.276784e+04
1.132541e+02 1.250095e+04
1.140400e+02 1.224349e+04
1.148312e+02 1.199190e+04
1.156280e+02 1.174239e+04
1.164303e+02 1.149463e+04
1.172382e+02 1.125750e+04
1.180517e+02 1.102481e+04
1.188708e+02 1.079871e+04
1.196956e+02 1.056811e+04
1.205261e+02 1.034578e+04
1.213624e+02 1.012706e+04
1.222045e+02 9.917586e+03
1.230524e+02 9.712149e+03
1.239062e+02 9.506960e+03
1.247660e+02 9.307073e+03
1.256317e+02 9.112934e+03
1.265034e+02 8.923828e+03
1.273811e+02 8.742461e+03
1.282650e+02 8.560848e+03
1.291550e+02 8.379311e+03
1.300511e+02 8.206590e+03
1.309535e+02 8.035384e+03
1.318621e+02 7.865368e+03
1.327771e+02 7.692676e+03
1.336984e+02 7.531103e+03
1.346261e+02 7.373643e+03
1.355602e+02 7.217502e+03
1.365008e+02 7.068627e+03
1.374479e+02 6.921412e+03
1.384016e+02 6.770572e+03
1.393619e+02 6.625908e+03
1.403289e+02 6.482412e+03
1.413026e+02 6.345507e+03
1.422830e+02 6.209862e+03
1.432703e+02 6.075555e+03
1.442644e+02 5.944767e+03
1.452654e+02 5.820039e+03
1.462733e+02 5.699383e+03
1.472883e+02 5.576725e+03
1.483103e+02 5.455797e+03
1.493393e+02 5.338294e+03
1.503755e+02 5.222697e+03
1.514189e+02 5.110432e+03
1.524696e+02 5.003540e+03
1.535275e+02 4.896788e+03
1.545928e+02 4.790219e+03
1.556654e+02 4.688508e+03
1.567455e+02 4.586278e+03
1.578331e+02 4.489018e+03
1.589283e+02 4.393647e+03
1.600310e+02 4.299782e+03
1.611414e+02 4.206592e+03
1.622595e+02 4.115016e+03
1.633854e+02 4.025363e+03
1.645191e+02 3.936463e+03
1.656606e+02 3.849173e+03
1.668101e+02 3.766845e+03
1.679675e+02 3.685593e+03
1.691330e+02 3.606281e+03
1.703065e+02 3.528257e+03
1.714882e+02 3.451840e+03
1.726781e+02 3.377674e+03
1.738762e+02 3.304687e+03
1.750827e+02 3.231587e+03
1.762975e+02 3.160380e+03
1.775208e+02 3.091200e+03
1.787526e+02 3.023994e+03
1.799929e+02 2.956492e+03
1.812418e+02 2.892373e+03
1.824993e+02 2.829801e+03
1.837656e+02 2.767855e+03
1.850407e+02 2.706950e+03
1.863246e+02 2.647240e+03
1.876175e+02 2.589402e+03
1.889193e+02 2.531881e+03
1.902301e+02 2.476620e+03
1.915501e+02 2.420688e+03
1.928792e+02 2.366186e+03
1.942175e+02 2.312861e+03
1.955651e+02 2.260772e+03
1.969220e+02 2.209411e+03
1.982884e+02 2.158563e+03
1.996642e+02 2.111606e+03
2.010496e+02 2.065784e+03
2.024447e+02 2.019503e+03
2.038493e+02 1.974542e+03
2.052638e+02 1.930970e+03
2.066880e+02 1.887307e+03
2.081222e+02 1.844718e+03
2.095662e+02 1.802683e+03
2.110203e+02 1.761725e+03
2.124845e+02 1.721341e+03
2.139589e+02 1.681961e+03
2.154435e+02 1.643150e+03
2.169384e+02 1.604822e+03
2.184436e+02 1.568050e+03
2.199593e+02 1.531547e+03
2.214855e+02 1.496060e+03
2.230223e+02 1.462513e+03
2.245698e+02 1.430364e+03
2.261280e+02 1.398635e+03
2.276970e+02 1.367581e+03
2.292769e+02 1.336123e+03
2.308678e+02 1.305965e+03
2.324697e+02 1.276772e+03
2.340827e+02 1.247922e+03
2.357069e+02 1.219146e+03
2.373424e+02 1.190231e+03
2.389893e+02 1.162080e+03
2.406475e+02 1.135561e+03
2.423173e+02 1.109852e+03
2.439986e+02 1.083076e+03
2.456916e+02 1.058022e+03
2.473964e+02 1.033330e+03
2.491130e+02 1.009093e+03
2.508415e+02 9.856632e+02
2.525820e+02 9.628733e+02
2.543346e+02 9.401376e+02
2.560993e+02 9.177294e+02
2.578763e+02 8.957330e+02
2.596656e+02 8.748005e+02
2.614673e+02 8.544336e+02
2.632815e+02 8.344488e+02
2.651084e+02 8.145873e+02
2.669478e+02 7.955728e+02
2.688001e+02 7.767430e+02
2.706652e+02 7.578587e+02
2.725433e+02 7.395356e+02
2.744343e+02 7.218405e+02
2.763385e+02 7.042387e+02
2.782559e+02 6.874669e+02
2.801867e+02 6.708304e+02
2.821308e+02 6.548354e+02
2.840884e+02 6.389981e+02
2.860596e+02 6.236084e+02
2.880444e+02 6.082391e+02
2.900430e+02 5.938679e+02
2.920556e+02 5.799991e+02
2.940820e+02 5.659476e+02
2.961225e+02 5.522475e+02
2.981772e+02 5.387765e+02
3.002462e+02 5.258880e+02
3.023295e+02 5.134457e+02
3.044272e+02 5.010548e+02
3.065395e+02 4.889515e+02
3.086665e+02 4.771576e+02
3.108082e+02 4.658003e+02
3.129648e+02 4.543380e+02
3.151363e+02 4.431749e+02
3.173230e+02 4.324528e+02
3.195248e+02 4.218572e+02
3.217418e+02 4.118482e+02
3.239743e+02 4.015747e+02
3.262222e+02 3.917256e+02
3.284857e+02 3.818868e+02
3.307650e+02 3.723342e+02
3.330600e+02 3.630307e+02
3.353710e+02 3.541038e+02
3.376980e+02 3.451925e+02
3.400412e+02 3.366205e+02
3.424006e+02 3.283473e+02
3.447764e+02 3.201233e+02
3.471687e+02 3.119835e+02
3.495776e+02 3.040785e+02
3.520031e+02 2.968136e+02
3.544456e+02 2.892039e+02
3.569049e+02 2.817193e+02
3.593814e+02 2.745368e+02
3.618750e+02 2.674639e+02
3.643859e+02 2.606992e+02
3.669142e+02 2.542603e+02
3.694601e+02 2.477981e+02
3.720237e+02 2.413162e+02
3.746050e+02 2.351086e+02
3.772042e+02 2.291492e+02
3.798215e+02 2.233828e+02
3.824570e+02 2.176153e+02
3.851107e+02 2.118525e+02
3.877828e+02 2.061601e+02
3.904735e+02 2.007979e+02
3.931829e+02 1.954977e+02
3.959110e+02 1.904287e+02
3.986581e+02 1.853930e+02
4.014242e+02 1.804353e+02
4.042096e+02 1.758936e+02
4.070142e+02 1.714041e+02
4.098384e+02 1.668849e+02
4.126821e+02 1.626137e+02
4.155455e+02 1.583296e+02
4.184289e+02 1.541353e+02
4.213322e+02 1.500082e+02
4.242556e+02 1.458285e+02
4.271994e+02 1.418343e+02
4.301636e+02 1.379367e+02
4.331483e+02 1.342973e+02
4.361538e+02 1.308456e+02
4.391801e+02 1.273374e+02
4.422274e+02 1.239409e+02
4.452959e+02 1.206732e+02
4.483856e+02 1.174749e+02
4.514968e+02 1.142002e+02
4.546295e+02 1.111273e+02
4.577841e+02 1.082077e+02
4.609604e+02 1.052762e+02
4.641589e+02 1.024710e+02
4.673795e+02 9.974351e+01
4.706225e+02 9.705552e+01
4.738880e+02 9.439332e+01
4.771761e+02 9.174380e+01
4.804870e+02 8.911974e+01
4.838210e+02 8.659501e+01
4.871780e+02 8.425643e+01
4.905584e+02 8.188684e+01
4.939622e+02 7.957055e+01
4.973896e+02 7.725292e+01
5.008408e+02 7.510383e+01
5.043159e+02 7.296063e+01
5.078152e+02 7.095484e+01
5.113388e+02 6.897086e+01
5.148867e+02 6.699795e+01
5.184594e+02 6.508678e+01
5.220568e+02 6.320028e+01
5.256791e+02 6.147344e+01
5.293266e+02 5.973517e+01
5.329994e+02 5.802100e+01
5.366977e+02 5.631756e+01
5.404216e+02 5.464366e+01
5.441714e+02 5.313268e+01
5.479472e+02 5.158755e+01
5.517492e+02 5.005255e+01
5.555776e+02 4.862830e+01
5.594326e+02 4.715630e+01
5.633143e+02 4.573178e+01
5.672229e+02 4.440897e+01
5.711586e+02 4.308124e+01
5.751217e+02 4.181132e+01
5.791123e+02 4.055784e+01
5.831305e+02 3.936717e+01
5.871766e+02 3.819246e+01
5.912508e+02 3.705242e+01
5.953533e+02 3.596966e+01
5.994843e+02 3.488271e+01
6.036439e+02 3.383432e+01
6.078323e+02 3.280040e+01
6.120498e+02 3.181259e+01
6.162966e+02 3.088369e+01
6.205729e+02 2.990599e+01
6.248788e+02 2.900395e+01
6.292146e+02 2.811649e+01
6.335805e+02 2.723287e+01
6.379767e+02 2.639619e+01
6.424034e+02 2.559454e+01
6.468608e+02 2.478941e+01
6.513491e+02 2.403219e+01
6.558686e+02 2.328537e+01
6.604194e+02 2.253834e+01
6.650018e+02 2.182416e+01
6.696160e+02 2.113143e+01
6.742622e+02 2.046767e+01
6.789407e+02 1.984275e+01
6.836516e+02 1.920893e+01
6.883952e+02 1.860733e+01
6.931717e+02 1.802813e+01
6.979814e+02 1.745239e+01
7.028244e+02 1.690608e+01
7.077011e+02 1.637683e+01
7.126115e+02 1.584544e+01
7.175561e+02 1.531041e+01
7.225349e+02 1.481485e+01
7.275484e+02 1.432214e+01
7.325965e+02 1.385039e+01
7.376798e+02 1.339864e+01
7.427982e+02 1.295688e+01
7.479523e+02 1.252610e+01
7.531420e+02 1.210512e+01
7.583678e+02 1.170763e+01
7.636298e+02 1.131794e+01
7.689284e+02 1.093740e+01
7.742637e+02 1.057254e+01
7.796360e+02 1.022127e+01
7.850456e+02 9.881529e+00
7.904928e+02 9.554119e+00
7.959777e+02 9.228091e+00
8.015007e+02 8.907755e+00
8.070620e+02 8.609288e+00
8.126619e+02 8.315386e+00
8.183007e+02 8.036546e+00
8.239786e+02 7.752070e+00
8.296959e+02 7.481719e+00
8.354528e+02 7.215166e+00
8.412497e+02 6.969729e+00
8.470868e+02 6.729464e+00
8.529644e+02 6.487755e+00
8.588829e+02 6.250573e+00
8.648423e+02 6.021840e+00
8.708431e+02 5.804276e+00
8.768856e+02 5.597920e+00
8.829700e+02 5.398237e+00
8.890966e+02 5.206342e+00
8.952657e+02 5.019226e+00
9.014776e+02 4.836219e+00
9.077327e+02 4.653908e+00
9.140311e+02 4.484360e+00
9.203732e+02 4.318605e+00
9.267593e+02 4.159587e+00
9.331898e+02 4.007681e+00
9.396648e+02 3.856845e+00
9.461848e+02 3.710167e+00
9.527500e+02 3.569942e+00
9.593608e+02 3.435280e+00
9.660175e+02 3.306720e+00
9.727203e+02 3.180575e+00
9.794697e+02 3.058553e+00
9.862658e+02 2.940945e+00
9.931092e+02 2.832048e+00
1.000000e+03 2.729447e+00
