1.000000e+00 1.577081e+10 2.308339e+10
1.006939e+00 1.548982e+10 2.265242e+10
1.013925e+00 1.521498e+10 2.223142e+10
1.020961e+00 1.494606e+10 2.181943e+10
1.028045e+00 1.468482e+10 2.141592e+10
1.035178e+00 1.442726e+10 2.101253e+10
1.042361e+00 1.416911e+10 2.061973e+10
1.049593e+00 1.391558e+10 2.023322e+10
1.056876e+00 1.366720e+10 1.985394e+10
1.064209e+00 1.342542e+10 1.948178e+10
1.071593e+00 1.319052e+10 1.911780e+10
1.079029e+00 1.295995e+10 1.876868e+10
1.086516e+00 1.273417e+10 1.842431e+10
1.094055e+00 1.251297e+10 1.808274e+10
1.101646e+00 1.229587e+10 1.774749e+10
1.109290e+00 1.208199e+10 1.741846e+10
1.116987e+00 1.187147e+10 1.709553e+10
1.124737e+00 1.166473e+10 1.677858e+10
1.132541e+00 1.145885e+10 1.646667e+10
1.140400e+00 1.125407e+10 1.616005e+10
1.148312e+00 1.105515e+10 1.585914e+10
1.156280e+00 1.086086e+10 1.556383e+10
1.164303e+00 1.067016e+10 1.527402e+10
1.172382e+00 1.048228e+10 1.499219e+10
1.180517e+00 1.029663e+10 1.471880e+10
1.188708e+00 1.011462e+10 1.445039e+10
1.196956e+00 9.936073e+09 1.418607e+10
1.205261e+00 9.762287e+09 1.392615e+10
1.213624e+00 9.589497e+09 1.367449e+10
1.222045e+00 9.419764e+09 1.342738e+10
1.230524e+00 9.253345e+09 1.318002e+10
1.239062e+00 9.090065e+09 1.293995e+10
1.247660e+00 8.931913e+09 1.270779e+10
1.256317e+00 8.775551e+09 1.247512e+10
1.265034e+00 8.620518e+09 1.224199e+10
1.273811e+00 8.467889e+09 1.201264e+10
1.282650e+00 8.317976e+09 1.178758e+10
1.291550e+00 8.171325e+09 1.156674e+10
1.300511e+00 8.028131e+09 1.135004e+10
1.309535e+00 7.884376e+09 1.113739e+10
1.318621e+00 7.744822e+09 1.092853e+10
1.327771e+00 7.607843e+09 1.072299e+10
1.336984e+00 7.473286e+09 1.052136e+10
1.346261e+00 7.341107e+09 1.032731e+10
1.355602e+00 7.211264e+09 1.013678e+10
1.365008e+00 7.082107e+09 9.946505e+09
1.374479e+00 6.955242e+09 9.759802e+09
1.384016e+00 6.831499e+09 9.579317e+09
1.393619e+00 6.710656e+09 9.402942e+09
1.403289e+00 6.591269e+09 9.229604e+09
1.413026e+00 6.474338e+09 9.059460e+09
1.422830e+00 6.358845e+09 8.892451e+09
1.432703e+00 6.244896e+09 8.727708e+09
1.442644e+00 6.133589e+09 8.565187e+09
1.452654e+00 6.025979e+09 8.403577e+09
1.462733e+00 5.920263e+09 8.245015e+09
1.472883e+00 5.816205e+09 8.089444e+09
1.483103e+00 5.712079e+09 7.936808e+09
1.493393e+00 5.612320e+09 7.791656e+09
1.503755e+00 5.513036e+09 7.649835e+09
1.514189e+00 5.415613e+09 7.508349e+09
1.524696e+00 5.318628e+09 7.369411e+09
1.535275e+00 5.222904e+09 7.234321e+09
1.545928e+00 5.130499e+09 7.101128e+09
1.556654e+00 5.040095e+09 6.967239e+09
1.567455e+00 4.951566e+09 6.838570e+09
1.578331e+00 4.862576e+09 6.713311e+09
1.589283e+00 4.775094e+09 6.589745e+09
1.600310e+00 4.689905e+09 6.468928e+09
1.611414e+00 4.604636e+09 6.348743e+09
1.622595e+00 4.522021e+09 6.231411e+09
1.633854e+00 4.441529e+09 6.117445e+09
1.645191e+00 4.362371e+09 6.004954e+09
1.656606e+00 4.284124e+09 5.893114e+09
1.668101e+00 4.207496e+09 5.783355e+09
1.679675e+00 4.132244e+09 5.675640e+09
1.691330e+00 4.059674e+09 5.571716e+09
1.703065e+00 3.986662e+09 5.469364e+09
1.714882e+00 3.913437e+09 5.368870e+09
1.726781e+00 3.843579e+09 5.270073e+09
1.738762e+00 3.775165e+09 5.171426e+09
1.750827e+00 3.707967e+09 5.074919e+09
1.762975e+00 3.642198e+09 4.982118e+09
1.775208e+00 3.577619e+09 4.891013e+09
1.787526e+00 3.514703e+09 4.800182e+09
1.799929e+00 3.453254e+09 4.710781e+09
1.812418e+00 3.392908e+09 4.623044e+09
1.824993e+00 3.333713e+09 4.536940e+09
1.837656e+00 3.275631e+09 4.452439e+09
1.850407e+00 3.217938e+09 4.369837e+09
1.863246e+00 3.160762e+09 4.289278e+09
1.876175e+00 3.105341e+09 4.210361e+09
1.889193e+00 3.050912e+09 4.133820e+09
1.902301e+00 2.997155e+09 4.058373e+09
1.915501e+00 2.944638e+09 3.982654e+09
1.928792e+00 2.892540e+09 3.908893e+09
1.942175e+00 2.841481e+09 3.836268e+09
1.955651e+00 2.791482e+09 3.765043e+09
1.969220e+00 2.741951e+09 3.696088e+09
1.982884e+00 2.693774e+09 3.628994e+09
1.996642e+00 2.646477e+09 3.561938e+09
2.010496e+00 2.600162e+09 3.496512e+09
2.024447e+00 2.554465e+09 3.430543e+09
2.038493e+00 2.509511e+09 3.365691e+09
2.052638e+00 2.465488e+09 3.302490e+09
2.066880e+00 2.422243e+09 3.241976e+09
2.081222e+00 2.379859e+09 3.182570e+09
2.095662e+00 2.337924e+09 3.124252e+09
2.110203e+00 2.296283e+09 3.067002e+09
2.124845e+00 2.255190e+09 3.010614e+09
2.139589e+00 2.214866e+09 2.955225e+09
2.154435e+00 2.175406e+09 2.900963e+09
2.169384e+00 2.136438e+09 2.846501e+09
2.184436e+00 2.098228e+09 2.793474e+09
2.199593e+00 2.060700e+09 2.741133e+09
2.214855e+00 2.023615e+09 2.689179e+09
2.230223e+00 1.987536e+09 2.638391e+09
2.245698e+00 1.952193e+09 2.590010e+09
2.261280e+00 1.917349e+09 2.541756e+09
2.276970e+00 1.883256e+09 2.495189e+09
2.292769e+00 1.849830e+09 2.449291e+09
2.308678e+00 1.816997e+09 2.404637e+09
2.324697e+00 1.784512e+09 2.360796e+09
2.340827e+00 1.753313e+09 2.317753e+09
2.357069e+00 1.722090e+09 2.275438e+09
2.373424e+00 1.691004e+09 2.233654e+09
2.389893e+00 1.660385e+09 2.192636e+09
2.406475e+00 1.630438e+09 2.152282e+09
2.423173e+00 1.601553e+09 2.111946e+09
2.439986e+00 1.573203e+09 2.072366e+09
2.456916e+00 1.545275e+09 2.033394e+09
2.473964e+00 1.517827e+09 1.995116e+09
2.491130e+00 1.490866e+09 1.957548e+09
2.508415e+00 1.463769e+09 1.920594e+09
2.525820e+00 1.437061e+09 1.884681e+09
2.543346e+00 1.411497e+09 1.849700e+09
2.560993e+00 1.386551e+09 1.815553e+09
2.578763e+00 1.362046e+09 1.781936e+09
2.596656e+00 1.337974e+09 1.749032e+09
2.614673e+00 1.314326e+09 1.717273e+09
2.632815e+00 1.291095e+09 1.686196e+09
2.651084e+00 1.268274e+09 1.655605e+09
2.669478e+00 1.245880e+09 1.625568e+09
2.688001e+00 1.223890e+09 1.596422e+09
2.706652e+00 1.202287e+09 1.567071e+09
2.725433e+00 1.181055e+09 1.537590e+09
2.744343e+00 1.160217e+09 1.508917e+09
2.763385e+00 1.139762e+09 1.481333e+09
2.782559e+00 1.119718e+09 1.454253e+09
2.801867e+00 1.099714e+09 1.427707e+09
2.821308e+00 1.079608e+09 1.401816e+09
2.840884e+00 1.060355e+09 1.375769e+09
2.860596e+00 1.041851e+09 1.350675e+09
2.880444e+00 1.023520e+09 1.325811e+09
2.900430e+00 1.005537e+09 1.301560e+09
2.920556e+00 9.875371e+08 1.278135e+09
2.940820e+00 9.698752e+08 1.254469e+09
2.961225e+00 9.525480e+08 1.231545e+09
2.981772e+00 9.355299e+08 1.208899e+09
3.002462e+00 9.186254e+08 1.186211e+09
3.023295e+00 9.022868e+08 1.163948e+09
3.044272e+00 8.862567e+08 1.142756e+09
3.065395e+00 8.704365e+08 1.121722e+09
3.086665e+00 8.547960e+08 1.101408e+09
3.108082e+00 8.394662e+08 1.081460e+09
3.129648e+00 8.244925e+08 1.061698e+09
3.151363e+00 8.098070e+08 1.041887e+09
3.173230e+00 7.952840e+08 1.023161e+09
3.195248e+00 7.810449e+08 1.004770e+09
3.217418e+00 7.670723e+08 9.865249e+08
3.239743e+00 7.535585e+08 9.681872e+08
3.262222e+00 7.400674e+08 9.505707e+08
3.284857e+00 7.267086e+08 9.327084e+08
3.307650e+00 7.139617e+08 9.157693e+08
3.330600e+00 7.012511e+08 8.990636e+08
3.353710e+00 6.886937e+08 8.828004e+08
3.376980e+00 6.763446e+08 8.665224e+08
3.400412e+00 6.642665e+08 8.504542e+08
3.424006e+00 6.524742e+08 8.348040e+08
3.447764e+00 6.408651e+08 8.197271e+08
3.471687e+00 6.292343e+08 8.048999e+08
3.495776e+00 6.181939e+08 7.902170e+08
3.520031e+00 6.070618e+08 7.757442e+08
3.544456e+00 5.960395e+08 7.614722e+08
3.569049e+00 5.853357e+08 7.473744e+08
3.593814e+00 5.748597e+08 7.335953e+08
3.618750e+00 5.645793e+08 7.201405e+08
3.643859e+00 5.544640e+08 7.069323e+08
3.669142e+00 5.445807e+08 6.942185e+08
3.694601e+00 5.349249e+08 6.816901e+08
3.720237e+00 5.254380e+08 6.690218e+08
3.746050e+00 5.161189e+08 6.570098e+08
3.772042e+00 5.066011e+08 6.448611e+08
3.798215e+00 4.973760e+08 6.327714e+08
3.824570e+00 4.883812e+08 6.211372e+08
3.851107e+00 4.796586e+08 6.093691e+08
3.877828e+00 4.712123e+08 5.983285e+08
3.904735e+00 4.628891e+08 5.871246e+08
3.931829e+00 4.545029e+08 5.763874e+08
3.959110e+00 4.464245e+08 5.659017e+08
3.986581e+00 4.385553e+08 5.555819e+08
4.014242e+00 4.305578e+08 5.452511e+08
4.042096e+00 4.227820e+08 5.353257e+08
4.070142e+00 4.152015e+08 5.255547e+08
4.098384e+00 4.077624e+08 5.158305e+08
4.126821e+00 4.005454e+08 5.063361e+08
4.155455e+00 3.934355e+08 4.969999e+08
4.184289e+00 3.864614e+08 4.878799e+08
4.213322e+00 3.794648e+08 4.790128e+08
4.242556e+00 3.725663e+08 4.701339e+08
4.271994e+00 3.658522e+08 4.615377e+08
4.301636e+00 3.592955e+08 4.531209e+08
4.331483e+00 3.528613e+08 4.448079e+08
4.361538e+00 3.466341e+08 4.366495e+08
4.391801e+00 3.405855e+08 4.286378e+08
4.422274e+00 3.344613e+08 4.206893e+08
4.452959e+00 3.284366e+08 4.130482e+08
4.483856e+00 3.225202e+08 4.054735e+08
4.514968e+00 3.167107e+08 3.980514e+08
4.546295e+00 3.110393e+08 3.907389e+08
4.577841e+00 3.053845e+08 3.835839e+08
4.609604e+00 2.999179e+08 3.765505e+08
4.641589e+00 2.945707e+08 3.696929e+08
4.673795e+00 2.893422e+08 3.629521e+08
4.706225e+00 2.842670e+08 3.564627e+08
4.738880e+00 2.791958e+08 3.497635e+08
4.771761e+00 2.742149e+08 3.432709e+08
4.804870e+00 2.692790e+08 3.368240e+08
4.838210e+00 2.644151e+08 3.305445e+08
4.871780e+00 2.596900e+08 3.243591e+08
4.905584e+00 2.550122e+08 3.182893e+08
4.939622e+00 2.504738e+08 3.123305e+08
4.973896e+00 2.461028e+08 3.064963e+08
5.008408e+00 2.416651e+08 3.007955e+08
5.043159e+00 2.373978e+08 2.951688e+08
5.078152e+00 2.331109e+08 2.897663e+08
5.113388e+00 2.288875e+08 2.845398e+08
5.148867e+00 2.247627e+08 2.794964e+08
5.184594e+00 2.207354e+08 2.743534e+08
5.220568e+00 2.167176e+08 2.692827e+08
5.256791e+00 2.128353e+08 2.642391e+08
5.293266e+00 2.090213e+08 2.593107e+08
5.329994e+00 2.052614e+08 2.543981e+08
5.366977e+00 2.015649e+08 2.495635e+08
5.404216e+00 1.979430e+08 2.449697e+08
5.441714e+00 1.943457e+08 2.405310e+08
5.479472e+00 1.907671e+08 2.361190e+08
5.517492e+00 1.873154e+08 2.317703e+08
5.555776e+00 1.839926e+08 2.274492e+08
5.594326e+00 1.807193e+08 2.232256e+08
5.633143e+00 1.774053e+08 2.191417e+08
5.672229e+00 1.741657e+08 2.152063e+08
5.711586e+00 1.709861e+08 2.112657e+08
5.751217e+00 1.679395e+08 2.074845e+08
5.791123e+00 1.649741e+08 2.036419e+08
5.831305e+00 1.620058e+08 1.998515e+08
5.871766e+00 1.591199e+08 1.962021e+08
5.912508e+00 1.562528e+08 1.926609e+08
5.953533e+00 1.533926e+08 1.891514e+08
5.994843e+00 1.505537e+08 1.856697e+08
6.036439e+00 1.477529e+08 1.822933e+08
6.078323e+00 1.450622e+08 1.790130e+08
6.120498e+00 1.423605e+08 1.757542e+08
6.162966e+00 1.398026e+08 1.725670e+08
6.205729e+00 1.373083e+08 1.693862e+08
6.248788e+00 1.348719e+08 1.663145e+08
6.292146e+00 1.324523e+08 1.632792e+08
6.335805e+00 1.300853e+08 1.601886e+08
6.379767e+00 1.277755e+08 1.572606e+08
6.424034e+00 1.254779e+08 1.544459e+08
6.468608e+00 1.232165e+08 1.515529e+08
6.513491e+00 1.209509e+08 1.487609e+08
6.558686e+00 1.187438e+08 1.459562e+08
6.604194e+00 1.165855e+08 1.432637e+08
6.650018e+00 1.144768e+08 1.406768e+08
6.696160e+00 1.124525e+08 1.379903e+08
6.742622e+00 1.104227e+08 1.355106e+08
6.789407e+00 1.083832e+08 1.330179e+08
6.836516e+00 1.064854e+08 1.305641e+08
6.883952e+00 1.045792e+08 1.281554e+08
6.931717e+00 1.026780e+08 1.258461e+08
6.979814e+00 1.007943e+08 1.235574e+08
7.028244e+00 9.893970e+07 1.212209e+08
7.077011e+00 9.714491e+07 1.189556e+08
7.126115e+00 9.535080e+07 1.167085e+08
7.175561e+00 9.359535e+07 1.145780e+08
7.225349e+00 9.190913e+07 1.124843e+08
7.275484e+00 9.024764e+07 1.104199e+08
7.325965e+00 8.862251e+07 1.084248e+08
7.376798e+00 8.703681e+07 1.064078e+08
7.427982e+00 8.546882e+07 1.044610e+08
7.479523e+00 8.391463e+07 1.025154e+08
7.531420e+00 8.238204e+07 1.006002e+08
7.583678e+00 8.088870e+07 9.876330e+07
7.636298e+00 7.941570e+07 9.695580e+07
7.689284e+00 7.796902e+07 9.517227e+07
7.742637e+00 7.655914e+07 9.339815e+07
7.796360e+00 7.518464e+07 9.166989e+07
7.850456e+00 7.381310e+07 9.000001e+07
7.904928e+00 7.246420e+07 8.832049e+07
7.959777e+00 7.115103e+07 8.669458e+07
8.015007e+00 6.986158e+07 8.513230e+07
8.070620e+00 6.859386e+07 8.354083e+07
8.126619e+00 6.735081e+07 8.199360e+07
8.183007e+00 6.614184e+07 8.049852e+07
8.239786e+00 6.497452e+07 7.902251e+07
8.296959e+00 6.378478e+07 7.757867e+07
8.354528e+00 6.261932e+07 7.616024e+07
8.412497e+00 6.146880e+07 7.475197e+07
8.470868e+00 6.035492e+07 7.339303e+07
8.529644e+00 5.924747e+07 7.206414e+07
8.588829e+00 5.817369e+07 7.074275e+07
8.648423e+00 5.711221e+07 6.944633e+07
8.708431e+00 5.605754e+07 6.815227e+07
8.768856e+00 5.501037e+07 6.690979e+07
8.829700e+00 5.399825e+07 6.566782e+07
8.890966e+00 5.301917e+07 6.445449e+07
8.952657e+00 5.207459e+07 6.329223e+07
9.014776e+00 5.111395e+07 6.215766e+07
9.077327e+00 5.018573e+07 6.103359e+07
9.140311e+00 4.926911e+07 5.990833e+07
9.203732e+00 4.837497e+07 5.882189e+07
9.267593e+00 4.749207e+07 5.773103e+07
9.331898e+00 4.663898e+07 5.665013e+07
9.396648e+00 4.579465e+07 5.564437e+07
9.461848e+00 4.497350e+07 5.464986e+07
9.527500e+00 4.416220e+07 5.365226e+07
9.593608e+00 4.334483e+07 5.267038e+07
9.660175e+00 4.255301e+07 5.170426e+07
9.727203e+00 4.178231e+07 5.074691e+07
9.794697e+00 4.103597e+07 4.980973e+07
9.862658e+00 4.030010e+07 4.888313e+07
9.931092e+00 3.957407e+07 4.798990e+07
1.000000e+01 3.886132e+07 4.709602e+07
1.006939e+01 3.814604e+07 4.622439e+07
1.013925e+01 3.745081e+07 4.538173e+07
1.020961e+01 3.676025e+07 4.457119e+07
1.028045e+01 3.608524e+07 4.375954e+07
1.035178e+01 3.542784e+07 4.295275e+07
1.042361e+01 3.478402e+07 4.215658e+07
1.049593e+01 3.415134e+07 4.138423e+07
1.056876e+01 3.351800e+07 4.061450e+07
1.064209e+01 3.290184e+07 3.985898e+07
1.071593e+01 3.230761e+07 3.911394e+07
1.079029e+01 3.172296e+07 3.839040e+07
1.086516e+01 3.114271e+07 3.768705e+07
1.094055e+01 3.056465e+07 3.697857e+07
1.101646e+01 3.000406e+07 3.631348e+07
1.109290e+01 2.945779e+07 3.564302e+07
1.116987e+01 2.891435e+07 3.500215e+07
1.124737e+01 2.838552e+07 3.437049e+07
1.132541e+01 2.786379e+07 3.375015e+07
1.140400e+01 2.735491e+07 3.312956e+07
1.148312e+01 2.685280e+07 3.253313e+07
1.156280e+01 2.635986e+07 3.194702e+07
1.164303e+01 2.587262e+07 3.136054e+07
1.172382e+01 2.540083e+07 3.078791e+07
1.180517e+01 2.493750e+07 3.021338e+07
1.188708e+01 2.448408e+07 2.966128e+07
1.196956e+01 2.403448e+07 2.912640e+07
1.205261e+01 2.358255e+07 2.859468e+07
1.213624e+01 2.315149e+07 2.807103e+07
1.222045e+01 2.271772e+07 2.755450e+07
1.230524e+01 2.229056e+07 2.704899e+07
1.239062e+01 2.187762e+07 2.655774e+07
1.247660e+01 2.147533e+07 2.608143e+07
1.256317e+01 2.107625e+07 2.560579e+07
1.265034e+01 2.068555e+07 2.513003e+07
1.273811e+01 2.030523e+07 2.466836e+07
1.282650e+01 1.993931e+07 2.420800e+07
1.291550e+01 1.956470e+07 2.375979e+07
1.300511e+01 1.921299e+07 2.332582e+07
1.309535e+01 1.886268e+07 2.289796e+07
1.318621e+01 1.850753e+07 2.247469e+07
1.327771e+01 1.816583e+07 2.205587e+07
1.336984e+01 1.783632e+07 2.164137e+07
1.346261e+01 1.751770e+07 2.124327e+07
1.355602e+01 1.720087e+07 2.085993e+07
1.365008e+01 1.688754e+07 2.047875e+07
1.374479e+01 1.658124e+07 2.011274e+07
1.384016e+01 1.627004e+07 1.973949e+07
1.393619e+01 1.598226e+07 1.937703e+07
1.403289e+01 1.569562e+07 1.902325e+07
1.413026e+01 1.540906e+07 1.867741e+07
1.422830e+01 1.513153e+07 1.833040e+07
1.432703e+01 1.485041e+07 1.799793e+07
1.442644e+01 1.457150e+07 1.767188e+07
1.452654e+01 1.430164e+07 1.734317e+07
1.462733e+01 1.404304e+07 1.701786e+07
1.472883e+01 1.378722e+07 1.670134e+07
1.483103e+01 1.353276e+07 1.639959e+07
1.493393e+01 1.328223e+07 1.610430e+07
1.503755e+01 1.303512e+07 1.580609e+07
1.514189e+01 1.279326e+07 1.551501e+07
1.524696e+01 1.255353e+07 1.523108e+07
1.535275e+01 1.231879e+07 1.495336e+07
1.545928e+01 1.209682e+07 1.467755e+07
1.556654e+01 1.187539e+07 1.440603e+07
1.567455e+01 1.165390e+07 1.414088e+07
1.578331e+01 1.143746e+07 1.388112e+07
1.589283e+01 1.123127e+07 1.362773e+07
1.600310e+01 1.102396e+07 1.337880e+07
1.611414e+01 1.081562e+07 1.313586e+07
1.622595e+01 1.061068e+07 1.289127e+07
1.633854e+01 1.041218e+07 1.265086e+07
1.645191e+01 1.021284e+07 1.241730e+07
1.656606e+01 1.002379e+07 1.218996e+07
1.668101e+01 9.838776e+06 1.196421e+07
1.679675e+01 9.657552e+06 1.174262e+07
1.691330e+01 9.479888e+06 1.152380e+07
1.703065e+01 9.307782e+06 1.130895e+07
1.714882e+01 9.138858e+06 1.109809e+07
1.726781e+01 8.972637e+06 1.089185e+07
1.738762e+01 8.806985e+06 1.069352e+07
1.750827e+01 8.643450e+06 1.049389e+07
1.762975e+01 8.483024e+06 1.030163e+07
1.775208e+01 8.326876e+06 1.011318e+07
1.787526e+01 8.171726e+06 9.927498e+06
1.799929e+01 8.018902e+06 9.745566e+06
1.812418e+01 7.871020e+06 9.566915e+06
1.824993e+01 7.724480e+06 9.389941e+06
1.837656e+01 7.579726e+06 9.212829e+06
1.850407e+01 7.439368e+06 9.042589e+06
1.863246e+01 7.301783e+06 8.875541e+06
1.876175e+01 7.165548e+06 8.709195e+06
1.889193e+01 7.032110e+06 8.547643e+06
1.902301e+01 6.901638e+06 8.387144e+06
1.915501e+01 6.773840e+06 8.234406e+06
1.928792e+01 6.649114e+06 8.085938e+06
1.942175e+01 6.526722e+06 7.937959e+06
1.955651e+01 6.405267e+06 7.792130e+06
1.969220e+01 6.285276e+06 7.649664e+06
1.982884e+01 6.166289e+06 7.506196e+06
1.996642e+01 6.050044e+06 7.366499e+06
2.010496e+01 5.935518e+06 7.227983e+06
2.024447e+01 5.823390e+06 7.095638e+06
2.038493e+01 5.719111e+06 6.964943e+06
2.052638e+01 5.613746e+06 6.837694e+06
2.066880e+01 5.510943e+06 6.712988e+06
2.081222e+01 5.408481e+06 6.588837e+06
2.095662e+01 5.307651e+06 6.466430e+06
2.110203e+01 5.207817e+06 6.347065e+06
2.124845e+01 5.109370e+06 6.227922e+06
2.139589e+01 5.014677e+06 6.113669e+06
2.154435e+01 4.918196e+06 5.999470e+06
2.169384e+01 4.824576e+06 5.887281e+06
2.184436e+01 4.732785e+06 5.781013e+06
2.199593e+01 4.643387e+06 5.676334e+06
2.214855e+01 4.557024e+06 5.572464e+06
2.230223e+01 4.469917e+06 5.470737e+06
2.245698e+01 4.385710e+06 5.368217e+06
2.261280e+01 4.302348e+06 5.267399e+06
2.276970e+01 4.224142e+06 5.168294e+06
2.292769e+01 4.144039e+06 5.073557e+06
2.308678e+01 4.066136e+06 4.978282e+06
2.324697e+01 3.990204e+06 4.883689e+06
2.340827e+01 3.917975e+06 4.791822e+06
2.357069e+01 3.844838e+06 4.702647e+06
2.373424e+01 3.771831e+06 4.616005e+06
2.389893e+01 3.701119e+06 4.530922e+06
2.406475e+01 3.632392e+06 4.447322e+06
2.423173e+01 3.565092e+06 4.365074e+06
2.439986e+01 3.498147e+06 4.285143e+06
2.456916e+01 3.432400e+06 4.205032e+06
2.473964e+01 3.367125e+06 4.127795e+06
2.491130e+01 3.304321e+06 4.051645e+06
2.508415e+01 3.242862e+06 3.977068e+06
2.525820e+01 3.183523e+06 3.904376e+06
2.543346e+01 3.125146e+06 3.832464e+06
2.560993e+01 3.066786e+06 3.761590e+06
2.578763e+01 3.009353e+06 3.691744e+06
2.596656e+01 2.951553e+06 3.622638e+06
2.614673e+01 2.895274e+06 3.556223e+06
2.632815e+01 2.840107e+06 3.490399e+06
2.651084e+01 2.787039e+06 3.424739e+06
2.669478e+01 2.734568e+06 3.361516e+06
2.688001e+01 2.681987e+06 3.299751e+06
2.706652e+01 2.631336e+06 3.238182e+06
2.725433e+01 2.581182e+06 3.177037e+06
2.744343e+01 2.531517e+06 3.117878e+06
2.763385e+01 2.483314e+06 3.060299e+06
2.782559e+01 2.436304e+06 3.003804e+06
2.801867e+01 2.391251e+06 2.949001e+06
2.821308e+01 2.347093e+06 2.893929e+06
2.840884e+01 2.303470e+06 2.840361e+06
2.860596e+01 2.259466e+06 2.787621e+06
2.880444e+01 2.216375e+06 2.735848e+06
2.900430e+01 2.174515e+06 2.684730e+06
2.920556e+01 2.134646e+06 2.633388e+06
2.940820e+01 2.094108e+06 2.583768e+06
2.961225e+01 2.054452e+06 2.534877e+06
2.981772e+01 2.015640e+06 2.487711e+06
3.002462e+01 1.978224e+06 2.441281e+06
3.023295e+01 1.941563e+06 2.396031e+06
3.044272e+01 1.905492e+06 2.351576e+06
3.065395e+01 1.868973e+06 2.307874e+06
3.086665e+01 1.833833e+06 2.264450e+06
3.108082e+01 1.798921e+06 2.221760e+06
3.129648e+01 1.764658e+06 2.180170e+06
3.151363e+01 1.730459e+06 2.139627e+06
3.173230e+01 1.696727e+06 2.100330e+06
3.195248e+01 1.663780e+06 2.061072e+06
3.217418e+01 1.631822e+06 2.022375e+06
3.239743e+01 1.600433e+06 1.984235e+06
3.262222e+01 1.569826e+06 1.946851e+06
3.284857e+01 1.540253e+06 1.910363e+06
3.307650e+01 1.510995e+06 1.874393e+06
3.330600e+01 1.482382e+06 1.838950e+06
3.353710e+01 1.454235e+06 1.804336e+06
3.376980e+01 1.426651e+06 1.770260e+06
3.400412e+01 1.399589e+06 1.736623e+06
3.424006e+01 1.373096e+06 1.703826e+06
3.447764e+01 1.346960e+06 1.671640e+06
3.471687e+01 1.320860e+06 1.640054e+06
3.495776e+01 1.295757e+06 1.609057e+06
3.520031e+01 1.270720e+06 1.578638e+06
3.544456e+01 1.246696e+06 1.549232e+06
3.569049e+01 1.222995e+06 1.519933e+06
3.593814e+01 1.199844e+06 1.490889e+06
3.618750e+01 1.176842e+06 1.462384e+06
3.643859e+01 1.154750e+06 1.434461e+06
3.669142e+01 1.132728e+06 1.407641e+06
3.694601e+01 1.110455e+06 1.381165e+06
3.720237e+01 1.089108e+06 1.355540e+06
3.746050e+01 1.068257e+06 1.330408e+06
3.772042e+01 1.047802e+06 1.305576e+06
3.798215e+01 1.027735e+06 1.280886e+06
3.824570e+01 1.008049e+06 1.257041e+06
3.851107e+01 9.887444e+05 1.232868e+06
3.877828e+01 9.703512e+05 1.209256e+06
3.904735e+01 9.514167e+05 1.186446e+06
3.931829e+01 9.332134e+05 1.164216e+06
3.959110e+01 9.156171e+05 1.142638e+06
3.986581e+01 8.984030e+05 1.121382e+06
4.014242e+01 8.814545e+05 1.100491e+06
4.042096e+01 8.647878e+05 1.079864e+06
4.070142e+01 8.479910e+05 1.059120e+06
4.098384e+01 8.316952e+05 1.038944e+06
4.126821e+01 8.158404e+05 1.019069e+06
4.155455e+01 8.001252e+05 9.998137e+05
4.184289e+01 7.847233e+05 9.809961e+05
4.213322e+01 7.695864e+05 9.623423e+05
4.242556e+01 7.547048e+05 9.439163e+05
4.271994e+01 7.401985e+05 9.257543e+05
4.301636e+01 7.258827e+05 9.083520e+05
4.331483e+01 7.118484e+05 8.912567e+05
4.361538e+01 6.981193e+05 8.744333e+05
4.391801e+01 6.846609e+05 8.579496e+05
4.422274e+01 6.712561e+05 8.414776e+05
4.452959e+01 6.582209e+05 8.255362e+05
4.483856e+01 6.454809e+05 8.100667e+05
4.514968e+01 6.331191e+05 7.947035e+05
4.546295e+01 6.209378e+05 7.793723e+05
4.577841e+01 6.090333e+05 7.640228e+05
4.609604e+01 5.972733e+05 7.495512e+05
4.641589e+01 5.859070e+05 7.352616e+05
4.673795e+01 5.747691e+05 7.210771e+05
4.706225e+01 5.636178e+05 7.072277e+05
4.738880e+01 5.526801e+05 6.936877e+05
4.771761e+01 5.419680e+05 6.804990e+05
4.804870e+01 5.314599e+05 6.676240e+05
4.838210e+01 5.210589e+05 6.550688e+05
4.871780e+01 5.109558e+05 6.426624e+05
4.905584e+01 5.010979e+05 6.302723e+05
4.939622e+01 4.914229e+05 6.181234e+05
4.973896e+01 4.818958e+05 6.061666e+05
5.008408e+01 4.725390e+05 5.944274e+05
5.043159e+01 4.633091e+05 5.830003e+05
5.078152e+01 4.543311e+05 5.716990e+05
5.113388e+01 4.453561e+05 5.607648e+05
5.148867e+01 4.368569e+05 5.501212e+05
5.184594e+01 4.283767e+05 5.395482e+05
5.220568e+01 4.198932e+05 5.292541e+05
5.256791e+01 4.117376e+05 5.191639e+05
5.293266e+01 4.037439e+05 5.091589e+05
5.329994e+01 3.958845e+05 4.993054e+05
5.366977e+01 3.883739e+05 4.895442e+05
5.404216e+01 3.809517e+05 4.801427e+05
5.441714e+01 3.735177e+05 4.708850e+05
5.479472e+01 3.662733e+05 4.617607e+05
5.517492e+01 3.590628e+05 4.527819e+05
5.555776e+01 3.522127e+05 4.439730e+05
5.594326e+01 3.453707e+05 4.353443e+05
5.633143e+01 3.386484e+05 4.269201e+05
5.672229e+01 3.320546e+05 4.186581e+05
5.711586e+01 3.255869e+05 4.105428e+05
5.751217e+01 3.192073e+05 4.026328e+05
5.791123e+01 3.129491e+05 3.948144e+05
5.831305e+01 3.068201e+05 3.870148e+05
5.871766e+01 3.007957e+05 3.797645e+05
5.912508e+01 2.949414e+05 3.722726e+05
5.953533e+01 2.890968e+05 3.649977e+05
5.994843e+01 2.833794e+05 3.578102e+05
6.036439e+01 2.778336e+05 3.507052e+05
6.078323e+01 2.723845e+05 3.438445e+05
6.120498e+01 2.670320e+05 3.371718e+05
6.162966e+01 2.617851e+05 3.305617e+05
6.205729e+01 2.566792e+05 3.241346e+05
6.248788e+01 2.516634e+05 3.178877e+05
6.292146e+01 2.466929e+05 3.118623e+05
6.335805e+01 2.418797e+05 3.058185e+05
6.379767e+01 2.371109e+05 2.999087e+05
6.424034e+01 2.323649e+05 2.940819e+05
6.468608e+01 2.277858e+05 2.883015e+05
6.513491e+01 2.233321e+05 2.826599e+05
6.558686e+01 2.190224e+05 2.771163e+05
6.604194e+01 2.147369e+05 2.716706e+05
6.650018e+01 2.105129e+05 2.663282e+05
6.696160e+01 2.063744e+05 2.611093e+05
6.742622e+01 2.023277e+05 2.559751e+05
6.789407e+01 1.983607e+05 2.509385e+05
6.836516e+01 1.944375e+05 2.459978e+05
6.883952e+01 1.906095e+05 2.411481e+05
6.931717e+01 1.867069e+05 2.363578e+05
6.979814e+01 1.830737e+05 2.317065e+05
7.028244e+01 1.794087e+05 2.271906e+05
7.077011e+01 1.758947e+05 2.227709e+05
7.126115e+01 1.724480e+05 2.184421e+05
7.175561e+01 1.690671e+05 2.141700e+05
7.225349e+01 1.657510e+05 2.099586e+05
7.275484e+01 1.624916e+05 2.058189e+05
7.325965e+01 1.592139e+05 2.017353e+05
7.376798e+01 1.559656e+05 1.976954e+05
7.427982e+01 1.528443e+05 1.937439e+05
7.479523e+01 1.497823e+05 1.899579e+05
7.531420e+01 1.468472e+05 1.863199e+05
7.583678e+01 1.439676e+05 1.826749e+05
7.636298e+01 1.410904e+05 1.790850e+05
7.689284e+01 1.382692e+05 1.755500e+05
7.742637e+01 1.355087e+05 1.720977e+05
7.796360e+01 1.327040e+05 1.687083e+05
7.850456e+01 1.300408e+05 1.653730e+05
7.904928e+01 1.274513e+05 1.620847e+05
7.959777e+01 1.249121e+05 1.588954e+05
8.015007e+01 1.224224e+05 1.557590e+05
8.070620e+01 1.199804e+05 1.526827e+05
8.126619e+01 1.175784e+05 1.496462e+05
8.183007e+01 1.152308e+05 1.466780e+05
8.239786e+01 1.129242e+05 1.437168e+05
8.296959e+01 1.106618e+05 1.408856e+05
8.354528e+01 1.084483e+05 1.381255e+05
8.412497e+01 1.063018e+05 1.353885e+05
8.470868e+01 1.041550e+05 1.327347e+05
8.529644e+01 1.020458e+05 1.301006e+05
8.588829e+01 1.000076e+05 1.275188e+05
8.648423e+01 9.800888e+04 1.249793e+05
8.708431e+01 9.602807e+04 1.225048e+05
8.768856e+01 9.402104e+04 1.200843e+05
8.829700e+01 9.206596e+04 1.177085e+05
8.890966e+01 9.019922e+04 1.153761e+05
8.952657e+01 8.837450e+04 1.130795e+05
9.014776e+01 8.658102e+04 1.108543e+05
9.077327e+01 8.482771e+04 1.086626e+05
9.140311e+01 8.308642e+04 1.064895e+05
9.203732e+01 8.139914e+04 1.043632e+05
9.267593e+01 7.970459e+04 1.022823e+05
9.331898e+01 7.801122e+04 1.002505e+05
9.396648e+01 7.640467e+04 9.823050e+04
9.461848e+01 7.484349e+04 9.625485e+04
9.527500e+01 7.329378e+04 9.432553e+04
9.593608e+01 7.182013e+04 9.246601e+04
9.660175e+01 7.035373e+04 9.060703e+04
9.727203e+01 6.894233e+04 8.877735e+04
9.794697e+01 6.752614e+04 8.698065e+04
9.862658e+01 6.610618e+04 8.522746e+04
9.931092e+01 6.476655e+04 8.353752e+04
1.000000e+02 6.337819e+04 8.184622e+04
1.006939e+02 6.206798e+04 8.019737e+04
1.013925e+02 6.078962e+04 7.859055e+04
1.020961e+02 5.953113e+04 7.704639e+04
1.028045e+02 5.828598e+04 7.553169e+04
1.035178e+02 5.708691e+04 7.402762e+04
1.042361e+02 5.592622e+04 7.249515e+04
1.049593e+02 5.478256e+04 7.104261e+04
1.056876e+02 5.366214e+04 6.960508e+04
1.064209e+02 5.256053e+04 6.815700e+04
1.071593e+02 5.148734e+04 6.676609e+04
1.079029e+02 5.043206e+04 6.537490e+04
1.086516e+02 4.941221e+04 6.400878e+04
1.094055e+02 4.841976e+04 6.272664e+04
1.101646e+02 4.743045e+04 6.142936e+04
1.109290e+02 4.647312e+04 6.016825e+04
1.116987e+02 4.553309e+04 5.893951e+04
1.124737e+02 4.457928e+04 5.771835e+04
1.132541e+02 4.363971e+04 5.653370e+04
1.140400e+02 4.273103e+04 5.538716e+04
1.148312e+02 4.183041e+04 5.426895e+04
1.156280e+02 4.097827e+04 5.316337e+04
1.164303e+02 4.014100e+04 5.207575e+04
1.172382e+02 3.928279e+04 5.099323e+04
1.180517e+02 3.847407e+04 4.994221e+04
1.188708e+02 3.766802e+04 4.888925e+04
1.196956e+02 3.689053e+04 4.787271e+04
1.205261e+02 3.611852e+04 4.686566e+04
1.213624e+02 3.536406e+04 4.590843e+04
1.222045e+02 3.463898e+04 4.495949e+04
1.230524e+02 3.392320e+04 4.402788e+04
1.239062e+02 3.321155e+04 4.312141e+04
1.247660e+02 3.253084e+04 4.224394e+04
1.256317e+02 3.180673e+04 4.138351e+04
1.265034e+02 3.110170e+04 4.054833e+04
1.273811e+02 3.044941e+04 3.972441e+04
1.282650e+02 2.980272e+04 3.888541e+04
1.291550e+02 2.916975e+04 3.809011e+04
1.300511e+02 2.855199e+04 3.731075e+04
1.309535e+02 2.793259e+04 3.654706e+04
1.318621e+02 2.733117e+04 3.579820e+04
1.327771e+02 2.675281e+04 3.505904e+04
1.336984e+02 2.620204e+04 3.433759e+04
1.346261e+02 2.564502e+04 3.363032e+04
1.355602e+02 2.509161e+04 3.293576e+04
1.365008e+02 2.454911e+04 3.225321e+04
1.374479e+02 2.402137e+04 3.156158e+04
1.384016e+02 2.350881e+04 3.090042e+04
1.393619e+02 2.299942e+04 3.024771e+04
1.403289e+02 2.248033e+04 2.962209e+04
1.413026e+02 2.197213e+04 2.900374e+04
1.422830e+02 2.150770e+04 2.839455e+04
1.432703e+02 2.105532e+04 2.777100e+04
1.442644e+02 2.061232e+04 2.719020e+04
1.452654e+02 2.018008e+04 2.663342e+04
1.462733e+02 1.973482e+04 2.608537e+04
1.472883e+02 1.930065e+04 2.553415e+04
1.483103e+02 1.888351e+04 2.500036e+04
1.493393e+02 1.848650e+04 2.446528e+04
1.503755e+02 1.809712e+04 2.395355e+04
1.514189e+02 1.771062e+04 2.343652e+04
1.524696e+02 1.730869e+04 2.293427e+04
1.535275e+02 1.692623e+04 2.244707e+04
1.545928e+02 1.655172e+04 2.198515e+04
1.556654e+02 1.618680e+04 2.152802e+04
1.567455e+02 1.582702e+04 2.107058e+04
1.578331e+02 1.546037e+04 2.060702e+04
1.589283e+02 1.512589e+04 2.016152e+04
1.600310e+02 1.478786e+04 1.971274e+04
1.611414e+02 1.445477e+04 1.929084e+04
1.622595e+02 1.413131e+04 1.887210e+04
1.633854e+02 1.381100e+04 1.846334e+04
1.645191e+02 1.350596e+04 1.806369e+04
1.656606e+02 1.319993e+04 1.766755e+04
1.668101e+02 1.291107e+04 1.726816e+04
1.679675e+02 1.263047e+04 1.690233e+04
1.691330e+02 1.234051e+04 1.654686e+04
1.703065e+02 1.206847e+04 1.619855e+04
1.714882e+02 1.179038e+04 1.584854e+04
1.726781e+02 1.153401e+04 1.551395e+04
1.738762e+02 1.127648e+04 1.518710e+04
1.750827e+02 1.102003e+04 1.486674e+04
1.762975e+02 1.078100e+04 1.453363e+04
1.775208e+02 1.053048e+04 1.421229e+04
1.787526e+02 1.028913e+04 1.388904e+04
1.799929e+02 1.006581e+04 1.357616e+04
1.812418e+02 9.847828e+03 1.328038e+04
1.824993e+02 9.622692e+03 1.299490e+04
1.837656e+02 9.400593e+03 1.272138e+04
1.850407e+02 9.180636e+03 1.243769e+04
1.863246e+02 8.976047e+03 1.215964e+04
1.876175e+02 8.774039e+03 1.189775e+04
1.889193e+02 8.582525e+03 1.163777e+04
1.902301e+02 8.387721e+03 1.138297e+04
1.915501e+02 8.204063e+03 1.113020e+04
1.928792e+02 8.010420e+03 1.088019e+04
1.942175e+02 7.834764e+03 1.064828e+04
1.955651e+02 7.660479e+03 1.041691e+04
1.969220e+02 7.483712e+03 1.018943e+04
1.982884e+02 7.303923e+03 9.966667e+03
1.996642e+02 7.134023e+03 9.747542e+03
2.010496e+02 6.978939e+03 9.531967e+03
2.024447e+02 6.821458e+03 9.324877e+03
2.038493e+02 6.651583e+03 9.125574e+03
2.052638e+02 6.493348e+03 8.925040e+03
2.066880e+02 6.332507e+03 8.733776e+03
2.081222e+02 6.180627e+03 8.539588e+03
2.095662e+02 6.029844e+03 8.346809e+03
2.110203e+02 5.898039e+03 8.159278e+03
2.124845e+02 5.766102e+03 7.982757e+03
2.139589e+02 5.627868e+03 7.809159e+03
2.154435e+02 5.496302e+03 7.636790e+03
2.169384e+02 5.370675e+03 7.467836e+03
2.184436e+02 5.241497e+03 7.302085e+03
2.199593e+02 5.117838e+03 7.137329e+03
2.214855e+02 4.992027e+03 6.975104e+03
2.230223e+02 4.868746e+03 6.822382e+03
2.245698e+02 4.756978e+03 6.666482e+03
2.261280e+02 4.642014e+03 6.515142e+03
2.276970e+02 4.531436e+03 6.370606e+03
2.292769e+02 4.421626e+03 6.227456e+03
2.308678e+02 4.305376e+03 6.084473e+03
2.324697e+02 4.197404e+03 5.944419e+03
2.340827e+02 4.093396e+03 5.806874e+03
2.357069e+02 3.998127e+03 5.672651e+03
2.373424e+02 3.902970e+03 5.541138e+03
2.389893e+02 3.806575e+03 5.413254e+03
2.406475e+02 3.714347e+03 5.288937e+03
2.423173e+02 3.625479e+03 5.170794e+03
2.439986e+02 3.538857e+03 5.056640e+03
2.456916e+02 3.454520e+03 4.940280e+03
2.473964e+02 3.368270e+03 4.828246e+03
2.491130e+02 3.291046e+03 4.714406e+03
2.508415e+02 3.210615e+03 4.606593e+03
2.525820e+02 3.127722e+03 4.501241e+03
2.543346e+02 3.050325e+03 4.398301e+03
2.560993e+02 2.970776e+03 4.297041e+03
2.578763e+02 2.901506e+03 4.197940e+03
2.596656e+02 2.827915e+03 4.099820e+03
2.614673e+02 2.755878e+03 4.005270e+03
2.632815e+02 2.686826e+03 3.914055e+03
2.651084e+02 2.619459e+03 3.824469e+03
2.669478e+02 2.552144e+03 3.733442e+03
2.688001e+02 2.486247e+03 3.646273e+03
2.706652e+02 2.422728e+03 3.559263e+03
2.725433e+02 2.356414e+03 3.475905e+03
2.744343e+02 2.298210e+03 3.394772e+03
2.763385e+02 2.240254e+03 3.316669e+03
2.782559e+02 2.185296e+03 3.237401e+03
2.801867e+02 2.133274e+03 3.158819e+03
2.821308e+02 2.078890e+03 3.084804e+03
2.840884e+02 2.027023e+03 3.012334e+03
2.860596e+02 1.976415e+03 2.943216e+03
2.880444e+02 1.925280e+03 2.873653e+03
2.900430e+02 1.874624e+03 2.804453e+03
2.920556e+02 1.824802e+03 2.738310e+03
2.940820e+02 1.776340e+03 2.671836e+03
2.961225e+02 1.730079e+03 2.608467e+03
2.981772e+02 1.684029e+03 2.546990e+03
3.002462e+02 1.639210e+03 2.486815e+03
3.023295e+02 1.594408e+03 2.427371e+03
3.044272e+02 1.551513e+03 2.369136e+03
3.065395e+02 1.512193e+03 2.311866e+03
3.086665e+02 1.474717e+03 2.256714e+03
3.108082e+02 1.436072e+03 2.202467e+03
3.129648e+02 1.396858e+03 2.149300e+03
3.151363e+02 1.357782e+03 2.098225e+03
3.173230e+02 1.322248e+03 2.048779e+03
3.195248e+02 1.286232e+03 1.997365e+03
3.217418e+02 1.251931e+03 1.949098e+03
3.239743e+02 1.216295e+03 1.902398e+03
3.262222e+02 1.186825e+03 1.856720e+03
3.284857e+02 1.156316e+03 1.812093e+03
3.307650e+02 1.125010e+03 1.768532e+03
3.330600e+02 1.093655e+03 1.725438e+03
3.353710e+02 1.064611e+03 1.683184e+03
3.376980e+02 1.034957e+03 1.643085e+03
3.400412e+02 1.005594e+03 1.602682e+03
3.424006e+02 9.772016e+02 1.564401e+03
3.447764e+02 9.495756e+02 1.526076e+03
3.471687e+02 9.226637e+02 1.488674e+03
3.495776e+02 8.964491e+02 1.452766e+03
3.520031e+02 8.707604e+02 1.418071e+03
3.544456e+02 8.444122e+02 1.382259e+03
3.569049e+02 8.189950e+02 1.348466e+03
3.593814e+02 7.943717e+02 1.314720e+03
3.618750e+02 7.707105e+02 1.282136e+03
3.643859e+02 7.504118e+02 1.250165e+03
3.669142e+02 7.304143e+02 1.218970e+03
3.694601e+02 7.102463e+02 1.189158e+03
3.720237e+02 6.892688e+02 1.160239e+03
3.746050e+02 6.688578e+02 1.130996e+03
3.772042e+02 6.491274e+02 1.102502e+03
3.798215e+02 6.297485e+02 1.075373e+03
3.824570e+02 6.108722e+02 1.047970e+03
3.851107e+02 5.925823e+02 1.021902e+03
3.877828e+02 5.747906e+02 9.950432e+02
3.904735e+02 5.576454e+02 9.685630e+02
3.931829e+02 5.406735e+02 9.436609e+02
3.959110e+02 5.242047e+02 9.203964e+02
3.986581e+02 5.082449e+02 8.979514e+02
4.014242e+02 4.929041e+02 8.759355e+02
4.042096e+02 4.782918e+02 8.542199e+02
4.070142e+02 4.640586e+02 8.327928e+02
4.098384e+02 4.500544e+02 8.123336e+02
4.126821e+02 4.367823e+02 7.912030e+02
4.155455e+02 4.236901e+02 7.704029e+02
4.184289e+02 4.109549e+02 7.506992e+02
4.213322e+02 3.984750e+02 7.308072e+02
4.242556e+02 3.861250e+02 7.117988e+02
4.271994e+02 3.743142e+02 6.938320e+02
4.301636e+02 3.628322e+02 6.755448e+02
4.331483e+02 3.514630e+02 6.580216e+02
4.361538e+02 3.402638e+02 6.409636e+02
4.391801e+02 3.293877e+02 6.242626e+02
4.422274e+02 3.188440e+02 6.074453e+02
4.452959e+02 3.086144e+02 5.912422e+02
4.483856e+02 2.986822e+02 5.753662e+02
4.514968e+02 2.890391e+02 5.605545e+02
4.546295e+02 2.798970e+02 5.461875e+02
4.577841e+02 2.709972e+02 5.315611e+02
4.609604e+02 2.625216e+02 5.175182e+02
4.641589e+02 2.543921e+02 5.042464e+02
4.673795e+02 2.464921e+02 4.910401e+02
4.706225e+02 2.384695e+02 4.780168e+02
4.738880e+02 2.303085e+02 4.656585e+02
4.771761e+02 2.226191e+02 4.529138e+02
4.804870e+02 2.152889e+02 4.403404e+02
4.838210e+02 2.082240e+02 4.283070e+02
4.871780e+02 2.014149e+02 4.165046e+02
4.905584e+02 1.946529e+02 4.052802e+02
4.939622e+02 1.880902e+02 3.943288e+02
4.973896e+02 1.817330e+02 3.841172e+02
5.008408e+02 1.757423e+02 3.736131e+02
5.043159e+02 1.698433e+02 3.635949e+02
5.078152e+02 1.639838e+02 3.538997e+02
5.113388e+02 1.586491e+02 3.445407e+02
5.148867e+02 1.532262e+02 3.354414e+02
5.184594e+02 1.478069e+02 3.265852e+02
5.220568e+02 1.425969e+02 3.180501e+02
5.256791e+02 1.376153e+02 3.092350e+02
5.293266e+02 1.330013e+02 3.009150e+02
5.329994e+02 1.284235e+02 2.926593e+02
5.366977e+02 1.240090e+02 2.848633e+02
5.404216e+02 1.197322e+02 2.774345e+02
5.441714e+02 1.156347e+02 2.700396e+02
5.479472e+02 1.116841e+02 2.626971e+02
5.517492e+02 1.078560e+02 2.553531e+02
5.555776e+02 1.042274e+02 2.486157e+02
5.594326e+02 1.007485e+02 2.418638e+02
5.633143e+02 9.736307e+01 2.350913e+02
5.672229e+02 9.399191e+01 2.287129e+02
5.711586e+02 9.072666e+01 2.222936e+02
5.751217e+02 8.748306e+01 2.160829e+02
5.791123e+02 8.431247e+01 2.101053e+02
5.831305e+02 8.124608e+01 2.043700e+02
5.871766e+02 7.828084e+01 1.985156e+02
5.912508e+02 7.541375e+01 1.928670e+02
5.953533e+02 7.262261e+01 1.872934e+02
5.994843e+02 7.002348e+01 1.820302e+02
6.036439e+02 6.752083e+01 1.767905e+02
6.078323e+02 6.506421e+01 1.716490e+02
6.120498e+02 6.261394e+01 1.665094e+02
6.162966e+02 6.022141e+01 1.617910e+02
6.205729e+02 5.791154e+01 1.571972e+02
6.248788e+02 5.568178e+01 1.526705e+02
6.292146e+02 5.352966e+01 1.483714e+02
6.335805e+02 5.145277e+01 1.440598e+02
6.379767e+02 4.951090e+01 1.399567e+02
6.424034e+02 4.760763e+01 1.362034e+02
6.468608e+02 4.573932e+01 1.324287e+02
6.513491e+02 4.395900e+01 1.286357e+02
6.558686e+02 4.224489e+01 1.246936e+02
6.604194e+02 4.059145e+01 1.211015e+02
6.650018e+02 3.899673e+01 1.175279e+02
6.696160e+02 3.745887e+01 1.138952e+02
6.742622e+02 3.598746e+01 1.105421e+02
6.789407e+02 3.457376e+01 1.073299e+02
6.836516e+02 3.323509e+01 1.042963e+02
6.883952e+02 3.196529e+01 1.012449e+02
6.931717e+02 3.073964e+01 9.825268e+01
6.979814e+02 2.955676e+01 9.518234e+01
7.028244e+02 2.841531e+01 9.223321e+01
7.077011e+02 2.731398e+01 8.946917e+01
7.126115e+02 2.625151e+01 8.692958e+01
7.175561e+02 2.522496e+01 8.439766e+01
7.225349e+02 2.417620e+01 8.189717e+01
7.275484e+02 2.316922e+01 7.938884e+01
7.325965e+02 2.220408e+01 7.701152e+01
7.376798e+02 2.127547e+01 7.459612e+01
7.427982e+02 2.038214e+01 7.233008e+01
7.479523e+02 1.952289e+01 7.021811e+01
7.531420e+02 1.869657e+01 6.813642e+01
7.583678e+02 1.791304e+01 6.605264e+01
7.636298e+02 1.717880e+01 6.398403e+01
7.689284e+02 1.647198e+01 6.202274e+01
7.742637e+02 1.579164e+01 6.009866e+01
7.796360e+02 1.513957e+01 5.832778e+01
7.850456e+02 1.451547e+01 5.658164e+01
7.904928e+02 1.391480e+01 5.479629e+01
7.959777e+02 1.333679e+01 5.308044e+01
8.015007e+02 1.278065e+01 5.145269e+01
8.070620e+02 1.224565e+01 4.978981e+01
8.126619e+02 1.172946e+01 4.818098e+01
8.183007e+02 1.120455e+01 4.669107e+01
8.239786e+02 1.070105e+01 4.522327e+01
8.296959e+02 1.021819e+01 4.378049e+01
8.354528e+02 9.769219e+00 4.235440e+01
8.412497e+02 9.345188e+00 4.101883e+01
8.470868e+02 8.937950e+00 3.974534e+01
8.529644e+02 8.546905e+00 3.853997e+01
8.588829e+02 8.171818e+00 3.730155e+01
8.648423e+02 7.803428e+00 3.612785e+01
8.708431e+02 7.440799e+00 3.493380e+01
8.768856e+02 7.092532e+00 3.383361e+01
8.829700e+02 6.759145e+00 3.278659e+01
8.890966e+02 6.440066e+00 3.176614e+01
8.952657e+02 6.134743e+00 3.074285e+01
9.014776e+02 5.850770e+00 2.977612e+01
9.077327e+02 5.581767e+00 2.882238e+01
9.140311e+02 5.314078e+00 2.784587e+01
9.203732e+02 5.073482e+00 2.687388e+01
9.267593e+02 4.842851e+00 2.594521e+01
9.331898e+02 4.612714e+00 2.507377e+01
9.396648e+02 4.390545e+00 2.422101e+01
9.461848e+02 4.178164e+00 2.342213e+01
9.527500e+02 3.975183e+00 2.264677e+01
9.593608e+02 3.781226e+00 2.190012e+01
9.660175e+02 3.596494e+00 2.117435e+01
9.727203e+02 3.420829e+00 2.047002e+01
9.794697e+02 3.253018e+00 1.977115e+01
9.862658e+02 3.092745e+00 1.910479e+01
9.931092e+02 2.940111e+00 1.846987e+01
1.000000e+03 2.794456e+00 1.783695e+01
