# Energy(MeV) Phi16_Planar Phi84_Planar
5.000000e-02 3.141593e-20 3.141593e+20
5.083354e-02 3.141593e-20 3.141593e+20
5.168098e-02 3.141593e-20 3.141593e+20
5.254254e-02 3.141593e-20 3.141593e+20
5.341847e-02 3.141593e-20 3.141593e+20
5.430899e-02 3.141593e-20 3.141593e+20
5.521437e-02 3.141593e-20 3.141593e+20
5.613484e-02 3.141593e-20 3.141593e+20
5.707065e-02 3.141593e-20 3.141593e+20
5.802206e-02 3.141593e-20 3.141593e+20
5.898934e-02 3.141593e-20 3.141593e+20
5.997274e-02 3.141593e-20 3.141593e+20
6.097253e-02 3.141593e-20 3.141593e+20
6.198899e-02 3.141593e-20 3.141593e+20
6.302240e-02 3.141593e-20 3.141593e+20
6.407303e-02 3.141593e-20 3.141593e+20
6.514118e-02 3.141593e-20 3.141593e+20
6.622713e-02 3.141593e-20 3.141593e+20
6.733119e-02 3.141593e-20 3.141593e+20
6.845366e-02 3.141593e-20 3.141593e+20
6.959484e-02 3.141593e-20 3.141593e+20
7.075504e-02 3.141593e-20 3.141593e+20
7.193458e-02 3.141593e-20 3.141593e+20
7.313379e-02 3.141593e-20 3.141593e+20
7.435299e-02 3.141593e-20 3.141593e+20
7.559251e-02 3.141593e-20 3.141593e+20
7.685270e-02 3.141593e-20 3.141593e+20
7.813389e-02 3.141593e-20 3.141593e+20
7.943645e-02 3.141593e-20 3.141593e+20
8.076072e-02 3.141593e-20 3.141593e+20
8.210706e-02 3.141593e-20 3.141593e+20
8.347585e-02 3.141593e-20 3.141593e+20
8.486746e-02 3.141593e-20 3.141593e+20
8.628227e-02 3.141593e-20 3.141593e+20
8.772067e-02 3.141593e-20 3.141593e+20
8.918304e-02 3.141593e-20 3.141593e+20
9.066979e-02 3.141593e-20 3.141593e+20
9.218133e-02 3.141593e-20 3.141593e+20
9.371807e-02 3.141593e-20 3.141593e+20
9.528042e-02 3.141593e-20 3.141593e+20
9.686882e-02 3.141593e-20 3.141593e+20
9.848370e-02 3.141593e-20 3.141593e+20
1.001255e-01 3.141593e-20 3.141593e+20
1.017947e-01 3.141593e-20 3.141593e+20
1.034917e-01 3.141593e-20 3.141593e+20
1.052170e-01 3.141593e-20 3.141593e+20
1.069710e-01 3.141593e-20 3.141593e+20
1.087543e-01 3.141593e-20 3.141593e+20
1.105673e-01 3.141593e-20 3.141593e+20
1.124106e-01 3.141593e-20 3.141593e+20
1.142846e-01 3.141593e-20 3.141593e+20
1.161898e-01 3.141593e-20 3.141593e+20
1.181267e-01 3.141593e-20 3.141593e+20
1.200960e-01 3.141593e-20 3.141593e+20
1.220981e-01 3.141593e-20 3.141593e+20
1.241336e-01 3.141593e-20 3.141593e+20
1.262030e-01 3.141593e-20 3.141593e+20
1.283069e-01 3.141593e-20 3.141593e+20
1.304459e-01 3.141593e-20 3.141593e+20
1.326205e-01 3.141593e-20 3.141593e+20
1.348314e-01 3.141593e-20 3.141593e+20
1.370791e-01 3.141593e-20 3.141593e+20
1.393644e-01 3.141593e-20 3.141593e+20
1.416877e-01 3.141593e-20 3.141593e+20
1.440497e-01 3.141593e-20 3.141593e+20
1.464512e-01 3.141593e-20 3.141593e+20
1.488926e-01 3.141593e-20 3.141593e+20
1.513748e-01 3.141593e-20 3.141593e+20
1.538983e-01 3.141593e-20 3.141593e+20
1.564639e-01 3.141593e-20 3.141593e+20
1.590723e-01 3.141593e-20 3.141593e+20
1.617242e-01 3.141593e-20 3.141593e+20
1.644202e-01 3.141593e-20 3.141593e+20
1.671612e-01 3.141593e-20 3.141593e+20
1.699480e-01 3.141593e-20 3.141593e+20
1.727811e-01 3.141593e-20 3.141593e+20
1.756615e-01 3.141593e-20 3.141593e+20
1.785899e-01 3.141593e-20 3.141593e+20
1.815672e-01 3.141593e-20 3.141593e+20
1.845941e-01 3.141593e-20 3.141593e+20
1.876714e-01 3.141593e-20 3.141593e+20
1.908000e-01 3.141593e-20 3.141593e+20
1.939808e-01 3.141593e-20 3.141593e+20
1.972146e-01 3.141593e-20 3.141593e+20
2.005023e-01 3.141593e-20 3.141593e+20
2.038449e-01 3.141593e-20 3.141593e+20
2.072431e-01 3.141593e-20 3.141593e+20
2.106980e-01 3.141593e-20 3.141593e+20
2.142105e-01 3.141593e-20 3.141593e+20
2.177816e-01 3.141593e-20 3.141593e+20
2.214122e-01 3.141593e-20 3.141593e+20
2.251033e-01 3.141593e-20 3.141593e+20
2.288560e-01 3.141593e-20 3.141593e+20
2.326712e-01 3.141593e-20 3.141593e+20
2.365500e-01 3.141593e-20 3.141593e+20
2.404935e-01 3.141593e-20 3.141593e+20
2.445027e-01 3.141593e-20 3.141593e+20
2.485788e-01 3.141593e-20 3.141593e+20
2.527228e-01 3.141593e-20 3.141593e+20
2.569359e-01 3.141593e-20 3.141593e+20
2.612192e-01 3.141593e-20 3.141593e+20
2.655739e-01 3.141593e-20 3.141593e+20
2.700012e-01 3.141593e-20 3.141593e+20
2.745024e-01 3.141593e-20 3.141593e+20
2.790786e-01 3.141593e-20 3.141593e+20
2.837310e-01 3.141593e-20 3.141593e+20
2.884610e-01 3.141593e-20 3.141593e+20
2.932699e-01 3.141593e-20 3.141593e+20
2.981590e-01 3.141593e-20 3.141593e+20
3.031295e-01 3.141593e-20 3.141593e+20
3.081829e-01 3.141593e-20 3.141593e+20
3.133206e-01 3.141593e-20 3.141593e+20
3.185439e-01 3.141593e-20 3.141593e+20
3.238543e-01 3.141593e-20 3.141593e+20
3.292532e-01 3.141593e-20 3.141593e+20
3.347421e-01 3.141593e-20 3.141593e+20
3.403225e-01 3.141593e-20 3.141593e+20
3.459960e-01 3.141593e-20 3.141593e+20
3.517640e-01 3.141593e-20 3.141593e+20
3.576282e-01 3.141593e-20 3.141593e+20
3.635901e-01 3.141593e-20 3.141593e+20
3.696515e-01 3.141593e-20 3.141593e+20
3.758138e-01 3.141593e-20 3.141593e+20
3.820790e-01 3.141593e-20 3.141593e+20
3.884485e-01 3.141593e-20 3.141593e+20
3.949243e-01 3.141593e-20 3.141593e+20
4.015080e-01 3.141593e-20 3.141593e+20
4.082014e-01 3.141593e-20 3.141593e+20
4.150065e-01 3.141593e-20 3.141593e+20
4.219250e-01 3.141593e-20 3.141593e+20
4.289588e-01 3.141593e-20 3.141593e+20
4.361099e-01 3.141593e-20 3.141593e+20
4.433802e-01 3.141593e-20 3.141593e+20
4.507717e-01 3.141593e-20 3.141593e+20
4.582864e-01 3.141593e-20 3.141593e+20
4.659264e-01 3.141593e-20 3.141593e+20
4.736938e-01 3.141593e-20 3.141593e+20
4.815906e-01 3.141593e-20 3.141593e+20
4.896191e-01 3.141593e-20 3.141593e+20
4.977815e-01 3.141593e-20 3.141593e+20
5.060799e-01 3.141593e-20 3.141593e+20
5.145167e-01 3.141593e-20 3.141593e+20
5.230941e-01 3.141593e-20 3.141593e+20
5.318145e-01 3.141593e-20 3.141593e+20
5.406802e-01 3.141593e-20 3.141593e+20
5.496938e-01 3.141593e-20 3.141593e+20
5.588576e-01 3.141593e-20 3.141593e+20
5.681742e-01 3.141593e-20 3.141593e+20
5.776462e-01 3.141593e-20 3.141593e+20
5.872760e-01 3.141593e-20 3.141593e+20
5.970663e-01 3.141593e-20 3.141593e+20
6.070199e-01 3.141593e-20 3.141593e+20
6.171394e-01 3.141593e-20 3.141593e+20
6.274276e-01 3.141593e-20 3.141593e+20
6.378874e-01 3.141593e-20 3.141593e+20
6.485214e-01 3.141593e-20 3.141593e+20
6.593328e-01 3.141593e-20 3.141593e+20
6.703244e-01 3.141593e-20 3.141593e+20
6.814993e-01 3.141593e-20 3.141593e+20
6.928604e-01 3.141593e-20 3.141593e+20
7.044109e-01 3.141593e-20 3.141593e+20
7.161540e-01 3.141593e-20 3.141593e+20
7.280929e-01 3.141593e-20 3.141593e+20
7.402308e-01 3.141593e-20 3.141593e+20
7.525710e-01 3.141593e-20 3.141593e+20
7.651170e-01 3.141593e-20 3.141593e+20
7.778721e-01 3.141593e-20 3.141593e+20
7.908399e-01 3.141593e-20 3.141593e+20
8.040238e-01 3.141593e-20 3.141593e+20
8.174275e-01 3.141593e-20 3.141593e+20
8.310547e-01 3.141593e-20 3.141593e+20
8.449090e-01 3.141593e-20 3.141593e+20
8.589943e-01 3.141593e-20 3.141593e+20
8.733145e-01 3.141593e-20 3.141593e+20
8.878733e-01 3.141593e-20 3.141593e+20
9.026749e-01 3.141593e-20 3.141593e+20
9.177232e-01 3.141593e-20 3.141593e+20
9.330224e-01 3.141593e-20 3.141593e+20
9.485766e-01 3.141593e-20 3.141593e+20
9.643901e-01 3.141593e-20 3.141593e+20
9.804673e-01 3.141593e-20 3.141593e+20
9.968125e-01 3.141593e-20 3.141593e+20
1.013430e+00 3.141593e-20 3.141593e+20
1.030325e+00 3.141593e-20 3.141593e+20
1.047501e+00 3.141593e-20 3.141593e+20
1.064964e+00 3.141593e-20 3.141593e+20
1.082718e+00 3.141593e-20 3.141593e+20
1.100767e+00 3.141593e-20 3.141593e+20
1.119118e+00 3.141593e-20 3.141593e+20
1.137775e+00 3.141593e-20 3.141593e+20
1.156742e+00 3.141593e-20 3.141593e+20
1.176026e+00 3.141593e-20 3.141593e+20
1.195631e+00 3.141593e-20 3.141593e+20
1.215564e+00 3.141593e-20 3.141593e+20
1.235828e+00 3.141593e-20 3.141593e+20
1.256430e+00 3.141593e-20 3.141593e+20
1.277376e+00 3.141593e-20 3.141593e+20
1.298671e+00 3.141593e-20 3.141593e+20
1.320321e+00 3.141593e-20 3.141593e+20
1.342331e+00 3.141593e-20 3.141593e+20
1.364709e+00 3.141593e-20 3.141593e+20
1.387460e+00 3.141593e-20 3.141593e+20
1.410590e+00 3.141593e-20 3.141593e+20
1.434106e+00 3.141593e-20 3.141593e+20
1.458013e+00 3.141593e-20 3.141593e+20
1.482320e+00 3.141593e-20 3.141593e+20
1.507031e+00 3.141593e-20 3.141593e+20
1.532155e+00 3.141593e-20 3.141593e+20
1.557697e+00 3.141593e-20 3.141593e+20
1.583665e+00 3.141593e-20 3.141593e+20
1.610066e+00 3.141593e-20 3.141593e+20
1.636907e+00 3.141593e-20 3.141593e+20
1.664195e+00 3.141593e-20 3.141593e+20
1.691939e+00 3.141593e-20 3.141593e+20
1.720145e+00 3.141593e-20 3.141593e+20
1.748821e+00 3.141593e-20 3.141593e+20
1.777975e+00 3.141593e-20 3.141593e+20
1.807616e+00 3.141593e-20 3.141593e+20
1.837750e+00 3.141593e-20 3.141593e+20
1.868387e+00 3.141593e-20 3.141593e+20
1.899534e+00 3.141593e-20 3.141593e+20
1.931201e+00 3.141593e-20 3.141593e+20
1.963396e+00 3.141593e-20 3.141593e+20
1.996127e+00 3.141593e-20 3.141593e+20
2.029404e+00 3.141593e-20 3.141593e+20
2.063236e+00 3.141593e-20 3.141593e+20
2.097632e+00 3.141593e-20 3.141593e+20
2.132601e+00 3.141593e-20 3.141593e+20
2.168153e+00 3.141593e-20 3.141593e+20
2.204298e+00 3.141593e-20 3.141593e+20
2.241045e+00 3.141593e-20 3.141593e+20
2.278405e+00 3.141593e-20 3.141593e+20
2.316388e+00 3.141593e-20 3.141593e+20
2.355004e+00 3.141593e-20 3.141593e+20
2.394264e+00 3.141593e-20 3.141593e+20
2.434178e+00 3.141593e-20 3.141593e+20
2.474758e+00 3.141593e-20 3.141593e+20
2.516014e+00 3.141593e-20 3.141593e+20
2.557958e+00 3.141593e-20 3.141593e+20
2.600601e+00 3.141593e-20 3.141593e+20
2.643956e+00 3.141593e-20 3.141593e+20
2.688032e+00 3.141593e-20 3.141593e+20
2.732844e+00 3.141593e-20 3.141593e+20
2.778403e+00 3.141593e-20 3.141593e+20
2.824721e+00 3.141593e-20 3.141593e+20
2.871811e+00 3.141593e-20 3.141593e+20
2.919687e+00 3.141593e-20 3.141593e+20
2.968360e+00 3.141593e-20 3.141593e+20
3.017845e+00 3.141593e-20 3.141593e+20
3.068155e+00 3.141593e-20 3.141593e+20
3.119304e+00 3.141593e-20 3.141593e+20
3.171305e+00 3.141593e-20 3.141593e+20
3.224173e+00 3.141593e-20 3.141593e+20
3.277923e+00 3.141593e-20 3.141593e+20
3.332568e+00 3.141593e-20 3.141593e+20
3.388125e+00 3.141593e-20 3.141593e+20
3.444608e+00 3.141593e-20 3.141593e+20
3.502032e+00 3.141593e-20 3.141593e+20
3.560414e+00 3.141593e-20 3.141593e+20
3.619769e+00 3.141593e-20 3.141593e+20
3.680113e+00 3.141593e-20 3.141593e+20
3.741463e+00 3.141593e-20 3.141593e+20
3.803837e+00 3.141593e-20 3.141593e+20
3.867250e+00 3.141593e-20 3.141593e+20
3.931720e+00 3.141593e-20 3.141593e+20
3.997265e+00 3.141593e-20 3.141593e+20
4.063902e+00 3.141593e-20 3.141593e+20
4.131651e+00 3.141593e-20 3.141593e+20
4.200529e+00 3.141593e-20 3.141593e+20
4.270555e+00 3.141593e-20 3.141593e+20
4.341748e+00 3.141593e-20 3.141593e+20
4.414129e+00 3.141593e+20 3.141593e+20
4.487716e+00 3.141593e+20 3.141593e+20
4.562530e+00 3.141593e+20 3.141593e+20
4.638591e+00 3.141593e+20 3.141593e+20
4.715920e+00 3.141593e+20 3.141593e+20
4.794538e+00 3.141593e+20 3.141593e+20
4.874467e+00 3.141593e+20 3.141593e+20
4.955728e+00 3.141593e+20 3.141593e+20
5.038344e+00 3.141593e+20 3.141593e+20
5.122337e+00 3.141593e+20 3.141593e+20
5.207731e+00 3.141593e+20 3.141593e+20
5.294548e+00 3.141593e+20 3.141593e+20
5.382812e+00 3.141593e+20 3.141593e+20
5.472548e+00 3.141593e+20 3.141593e+20
5.563780e+00 3.141593e+20 3.141593e+20
5.656532e+00 3.141593e+20 3.141593e+20
5.750831e+00 3.141593e+20 3.141593e+20
5.846702e+00 3.141593e+20 3.141593e+20
5.944171e+00 3.141593e+20 3.141593e+20
6.043265e+00 3.141593e+20 3.141593e+20
6.144012e+00 3.141593e+20 3.141593e+20
6.246437e+00 3.141593e+20 3.141593e+20
6.350570e+00 3.141593e+20 3.141593e+20
6.456439e+00 3.141593e+20 3.141593e+20
6.564073e+00 3.141593e+20 3.141593e+20
6.673502e+00 3.141593e+20 3.141593e+20
6.784754e+00 3.141593e+20 3.141593e+20
6.897862e+00 3.141593e+20 3.141593e+20
7.012854e+00 3.141593e+20 3.141593e+20
7.129764e+00 3.141593e+20 3.141593e+20
7.248623e+00 3.141593e+20 3.141593e+20
7.369464e+00 3.141593e+20 3.141593e+20
7.492318e+00 3.141593e+20 3.141593e+20
7.617221e+00 3.141593e+20 3.141593e+20
7.744207e+00 3.141593e+20 3.141593e+20
7.873309e+00 3.141593e+20 3.141593e+20
8.004563e+00 3.141593e+20 3.141593e+20
8.138006e+00 3.141593e+20 3.141593e+20
8.273673e+00 3.141593e+20 3.141593e+20
8.411601e+00 3.141593e+20 3.141593e+20
8.551830e+00 3.141593e+20 3.141593e+20
8.694395e+00 3.141593e+20 3.141593e+20
8.839338e+00 3.141593e+20 3.141593e+20
8.986697e+00 3.141593e+20 3.141593e+20
9.136512e+00 3.141593e+20 3.141593e+20
9.288825e+00 3.141593e+20 3.141593e+20
9.443677e+00 3.141593e+20 3.141593e+20
9.601111e+00 3.141593e+20 3.141593e+20
9.761169e+00 3.141593e+20 3.141593e+20
9.923896e+00 3.141593e+20 3.141593e+20
1.008933e+01 3.141593e+20 3.141593e+20
1.025753e+01 3.141593e+20 3.141593e+20
1.042853e+01 3.141593e+20 3.141593e+20
1.060239e+01 3.141593e+20 3.141593e+20
1.077914e+01 3.141593e+20 3.141593e+20
1.095883e+01 3.141593e+20 3.141593e+20
1.114153e+01 3.141593e+20 3.141593e+20
1.132726e+01 3.141593e+20 3.141593e+20
1.151610e+01 3.141593e+20 3.141593e+20
1.170808e+01 3.141593e+20 3.141593e+20
1.190326e+01 3.141593e+20 3.141593e+20
1.210170e+01 3.141593e+20 3.141593e+20
1.230345e+01 3.141593e+20 3.141593e+20
1.250855e+01 3.141593e+20 3.141593e+20
1.271708e+01 3.141593e+20 3.141593e+20
1.292909e+01 3.141593e+20 3.141593e+20
1.314462e+01 3.141593e+20 3.141593e+20
1.336375e+01 3.141593e+20 3.141593e+20
1.358654e+01 3.141593e+20 3.141593e+20
1.381304e+01 3.141593e+20 3.141593e+20
1.404331e+01 3.141593e+20 3.141593e+20
1.427743e+01 3.141593e+20 3.141593e+20
1.451544e+01 3.141593e+20 3.141593e+20
1.475743e+01 3.141593e+20 3.141593e+20
1.500344e+01 3.141593e+20 3.141593e+20
1.525356e+01 3.141593e+20 3.141593e+20
1.550785e+01 3.141593e+20 3.141593e+20
1.576638e+01 3.141593e+20 3.141593e+20
1.602922e+01 3.141593e+20 3.141593e+20
1.629644e+01 3.141593e+20 3.141593e+20
1.656811e+01 3.141593e+20 3.141593e+20
1.684432e+01 3.141593e+20 3.141593e+20
1.712513e+01 3.141593e+20 3.141593e+20
1.741061e+01 3.141593e+20 3.141593e+20
1.770086e+01 3.141593e+20 3.141593e+20
1.799595e+01 3.141593e+20 3.141593e+20
1.829596e+01 3.141593e+20 3.141593e+20
1.860097e+01 3.141593e+20 3.141593e+20
1.891106e+01 3.141593e+20 3.141593e+20
1.922632e+01 3.141593e+20 3.141593e+20
1.954684e+01 3.141593e+20 3.141593e+20
1.987270e+01 3.141593e+20 3.141593e+20
2.020400e+01 3.141593e+20 3.141593e+20
2.054081e+01 3.141593e+20 3.141593e+20
2.088324e+01 3.141593e+20 3.141593e+20
2.123138e+01 3.141593e+20 3.141593e+20
2.158533e+01 3.141593e+20 3.141593e+20
2.194517e+01 3.141593e+20 3.141593e+20
2.231102e+01 3.141593e+20 3.141593e+20
2.268296e+01 3.141593e+20 3.141593e+20
2.306110e+01 3.141593e+20 3.141593e+20
2.344555e+01 3.141593e+20 3.141593e+20
2.383641e+01 3.141593e+20 3.141593e+20
2.423378e+01 3.141593e+20 3.141593e+20
2.463777e+01 3.141593e+20 3.141593e+20
2.504851e+01 3.141593e+20 3.141593e+20
2.546608e+01 3.141593e+20 3.141593e+20
2.589062e+01 3.141593e+20 3.141593e+20
2.632224e+01 3.141593e+20 3.141593e+20
2.676105e+01 3.141593e+20 3.141593e+20
2.720718e+01 3.141593e+20 3.141593e+20
2.766075e+01 3.141593e+20 3.141593e+20
2.812188e+01 3.141593e+20 3.141593e+20
2.859069e+01 3.141593e+20 3.141593e+20
2.906732e+01 3.141593e+20 3.141593e+20
2.955189e+01 3.141593e+20 3.141593e+20
3.004455e+01 3.141593e+20 3.141593e+20
3.054541e+01 3.141593e+20 3.141593e+20
3.105463e+01 3.141593e+20 3.141593e+20
3.157234e+01 3.141593e+20 3.141593e+20
3.209867e+01 3.141593e+20 3.141593e+20
3.263378e+01 3.141593e+20 3.141593e+20
3.317781e+01 3.141593e+20 3.141593e+20
3.373092e+01 3.141593e+20 3.141593e+20
3.429324e+01 3.141593e+20 3.141593e+20
3.486493e+01 3.141593e+20 3.141593e+20
3.544616e+01 3.141593e+20 3.141593e+20
3.603708e+01 3.141593e+20 3.141593e+20
3.663784e+01 3.141593e+20 3.141593e+20
3.724862e+01 3.141593e+20 3.141593e+20
3.786959e+01 3.141593e+20 3.141593e+20
3.850090e+01 3.141593e+20 3.141593e+20
3.914275e+01 3.141593e+20 3.141593e+20
3.979529e+01 3.141593e+20 3.141593e+20
4.045871e+01 3.141593e+20 3.141593e+20
4.113318e+01 3.141593e+20 3.141593e+20
4.181891e+01 3.141593e+20 3.141593e+20
4.251606e+01 3.141593e+20 3.141593e+20
4.322484e+01 3.141593e+20 3.141593e+20
4.394543e+01 3.141593e+20 3.141593e+20
4.467804e+01 3.141593e+20 3.141593e+20
4.542286e+01 3.141593e+20 3.141593e+20
4.618009e+01 3.141593e+20 3.141593e+20
4.694995e+01 3.141593e+20 3.141593e+20
4.773264e+01 3.141593e+20 3.141593e+20
4.852839e+01 3.141593e+20 3.141593e+20
4.933739e+01 3.141593e+20 3.141593e+20
5.015989e+01 3.141593e+20 3.141593e+20
5.099609e+01 3.141593e+20 3.141593e+20
5.184624e+01 3.141593e+20 3.141593e+20
5.271056e+01 3.141593e+20 3.141593e+20
5.358928e+01 3.141593e+20 3.141593e+20
5.448266e+01 3.141593e+20 3.141593e+20
5.539093e+01 3.141593e+20 3.141593e+20
5.631434e+01 3.141593e+20 3.141593e+20
5.725315e+01 3.141593e+20 3.141593e+20
5.820760e+01 3.141593e+20 3.141593e+20
5.917797e+01 3.141593e+20 3.141593e+20
6.016451e+01 3.141593e+20 3.141593e+20
6.116750e+01 3.141593e+20 3.141593e+20
6.218721e+01 3.141593e+20 3.141593e+20
6.322392e+01 3.141593e+20 3.141593e+20
6.427792e+01 3.141593e+20 3.141593e+20
6.534948e+01 3.141593e+20 3.141593e+20
6.643891e+01 3.141593e+20 3.141593e+20
6.754650e+01 3.141593e+20 3.141593e+20
6.867256e+01 3.141593e+20 3.141593e+20
6.981738e+01 3.141593e+20 3.141593e+20
7.098129e+01 3.141593e+20 3.141593e+20
7.216461e+01 3.141593e+20 3.141593e+20
7.336765e+01 3.141593e+20 3.141593e+20
7.459075e+01 3.141593e+20 3.141593e+20
7.583423e+01 3.141593e+20 3.141593e+20
7.709845e+01 3.141593e+20 3.141593e+20
7.838375e+01 3.141593e+20 3.141593e+20
7.969047e+01 3.141593e+20 3.141593e+20
8.101897e+01 3.141593e+20 3.141593e+20
8.236962e+01 3.141593e+20 3.141593e+20
8.374279e+01 3.141593e+20 3.141593e+20
8.513885e+01 3.141593e+20 3.141593e+20
8.655818e+01 3.141593e+20 3.141593e+20
8.800117e+01 3.141593e+20 3.141593e+20
8.946822e+01 3.141593e+20 3.141593e+20
9.095973e+01 3.141593e+20 3.141593e+20
9.247610e+01 3.141593e+20 3.141593e+20
9.401775e+01 3.141593e+20 3.141593e+20
9.558510e+01 3.141593e+20 3.141593e+20
9.717858e+01 3.141593e+20 3.141593e+20
9.879863e+01 3.141593e+20 3.141593e+20
1.004457e+02 3.141593e+20 3.141593e+20
1.021202e+02 3.141593e+20 3.141593e+20
1.038226e+02 3.141593e+20 3.141593e+20
1.055534e+02 3.141593e+20 3.141593e+20
1.073131e+02 3.141593e+20 3.141593e+20
1.091021e+02 3.141593e+20 3.141593e+20
1.109209e+02 3.141593e+20 3.141593e+20
1.127700e+02 3.141593e+20 3.141593e+20
1.146500e+02 3.141593e+20 3.141593e+20
1.165613e+02 3.141593e+20 3.141593e+20
1.185045e+02 3.141593e+20 3.141593e+20
1.204800e+02 3.141593e+20 3.141593e+20
1.224885e+02 3.141593e+20 3.141593e+20
1.245305e+02 3.141593e+20 3.141593e+20
1.266066e+02 3.141593e+20 3.141593e+20
1.287172e+02 3.141593e+20 3.141593e+20
1.308630e+02 3.141593e+20 3.141593e+20
1.330446e+02 3.141593e+20 3.141593e+20
1.352626e+02 3.141593e+20 3.141593e+20
1.375175e+02 3.141593e+20 3.141593e+20
1.398100e+02 3.141593e+20 3.141593e+20
1.421408e+02 3.141593e+20 3.141593e+20
1.445104e+02 3.141593e+20 3.141593e+20
1.469195e+02 3.141593e+20 3.141593e+20
1.493687e+02 3.141593e+20 3.141593e+20
1.518588e+02 3.141593e+20 3.141593e+20
1.543904e+02 3.141593e+20 3.141593e+20
1.569642e+02 3.141593e+20 3.141593e+20
1.595810e+02 3.141593e+20 3.141593e+20
1.622413e+02 3.141593e+20 3.141593e+20
1.649460e+02 3.141593e+20 3.141593e+20
1.676958e+02 3.141593e+20 3.141593e+20
1.704914e+02 3.141593e+20 3.141593e+20
1.733336e+02 3.141593e+20 3.141593e+20
1.762232e+02 3.141593e+20 3.141593e+20
1.791610e+02 3.141593e+20 3.141593e+20
1.821478e+02 3.141593e+20 3.141593e+20
1.851843e+02 3.141593e+20 3.141593e+20
1.882715e+02 3.141593e+20 3.141593e+20
1.914101e+02 3.141593e+20 3.141593e+20
1.946011e+02 3.141593e+20 3.141593e+20
1.978453e+02 3.141593e+20 3.141593e+20
2.011435e+02 3.141593e+20 3.141593e+20
2.044967e+02 3.141593e+20 3.141593e+20
2.079058e+02 3.141593e+20 3.141593e+20
2.113718e+02 3.141593e+20 3.141593e+20
2.148955e+02 3.141593e+20 3.141593e+20
2.184780e+02 3.141593e+20 3.141593e+20
2.221202e+02 3.141593e+20 3.141593e+20
2.258231e+02 3.141593e+20 3.141593e+20
2.295878e+02 3.141593e+20 3.141593e+20
2.334152e+02 3.141593e+20 3.141593e+20
2.373064e+02 3.141593e+20 3.141593e+20
2.412625e+02 3.141593e+20 3.141593e+20
2.452846e+02 3.141593e+20 3.141593e+20
2.493736e+02 3.141593e+20 3.141593e+20
2.535309e+02 3.141593e+20 3.141593e+20
2.577575e+02 3.141593e+20 3.141593e+20
2.620545e+02 3.141593e+20 3.141593e+20
2.664231e+02 3.141593e+20 3.141593e+20
2.708646e+02 3.141593e+20 3.141593e+20
2.753802e+02 3.141593e+20 3.141593e+20
2.799710e+02 3.141593e+20 3.141593e+20
2.846383e+02 3.141593e+20 3.141593e+20
2.893835e+02 3.141593e+20 3.141593e+20
2.942077e+02 3.141593e+20 3.141593e+20
2.991124e+02 3.141593e+20 3.141593e+20
3.040988e+02 3.141593e+20 3.141593e+20
3.091684e+02 3.141593e+20 3.141593e+20
3.143225e+02 3.141593e+20 3.141593e+20
3.195625e+02 3.141593e+20 3.141593e+20
3.248899e+02 3.141593e+20 3.141593e+20
3.303060e+02 3.141593e+20 3.141593e+20
3.358125e+02 3.141593e+20 3.141593e+20
3.414108e+02 3.141593e+20 3.141593e+20
3.471024e+02 3.141593e+20 3.141593e+20
3.528888e+02 3.141593e+20 3.141593e+20
3.587718e+02 3.141593e+20 3.141593e+20
3.647528e+02 3.141593e+20 3.141593e+20
3.708335e+02 3.141593e+20 3.141593e+20
3.770156e+02 3.141593e+20 3.141593e+20
3.833007e+02 3.141593e+20 3.141593e+20
3.896907e+02 3.141593e+20 3.141593e+20
3.961871e+02 3.141593e+20 3.141593e+20
4.027919e+02 3.141593e+20 3.141593e+20
4.095068e+02 3.141593e+20 3.141593e+20
4.163336e+02 3.141593e+20 3.141593e+20
4.232742e+02 3.141593e+20 3.141593e+20
4.303305e+02 3.141593e+20 3.141593e+20
4.375044e+02 3.141593e+20 3.141593e+20
4.447980e+02 3.141593e+20 3.141593e+20
4.522131e+02 3.141593e+20 3.141593e+20
4.597519e+02 3.141593e+20 3.141593e+20
4.674163e+02 3.141593e+20 3.141593e+20
4.752085e+02 3.141593e+20 3.141593e+20
4.831306e+02 3.141593e+20 3.141593e+20
4.911848e+02 3.141593e+20 3.141593e+20
4.993733e+02 3.141593e+20 3.141593e+20
5.076982e+02 3.141593e+20 3.141593e+20
5.161619e+02 3.141593e+20 3.141593e+20
5.247668e+02 3.141593e+20 3.141593e+20
5.335151e+02 3.141593e+20 3.141593e+20
5.424092e+02 3.141593e+20 3.141593e+20
5.514516e+02 3.141593e+20 3.141593e+20
5.606447e+02 3.141593e+20 3.141593e+20
5.699911e+02 3.141593e+20 3.141593e+20
5.794933e+02 3.141593e+20 3.141593e+20
5.891539e+02 3.141593e+20 3.141593e+20
5.989756e+02 3.141593e+20 3.141593e+20
6.089610e+02 3.141593e+20 3.141593e+20
6.191129e+02 3.141593e+20 3.141593e+20
6.294340e+02 3.141593e+20 3.141593e+20
6.399271e+02 3.141593e+20 3.141593e+20
6.505952e+02 3.141593e+20 3.141593e+20
6.614412e+02 3.141593e+20 3.141593e+20
6.724679e+02 3.141593e+20 3.141593e+20
6.836785e+02 3.141593e+20 3.141593e+20
6.950760e+02 3.141593e+20 3.141593e+20
7.066635e+02 3.141593e+20 3.141593e+20
7.184441e+02 3.141593e+20 3.141593e+20
7.304211e+02 3.141593e+20 3.141593e+20
7.425979e+02 3.141593e+20 3.141593e+20
7.549776e+02 3.141593e+20 3.141593e+20
7.675636e+02 3.141593e+20 3.141593e+20
7.803595e+02 3.141593e+20 3.141593e+20
7.933688e+02 3.141593e+20 3.141593e+20
8.065948e+02 3.141593e+20 3.141593e+20
8.200414e+02 3.141593e+20 3.141593e+20
8.337122e+02 3.141593e+20 3.141593e+20
8.476108e+02 3.141593e+20 3.141593e+20
8.617412e+02 3.141593e+20 3.141593e+20
8.761071e+02 3.141593e+20 3.141593e+20
8.907125e+02 3.141593e+20 3.141593e+20
9.055614e+02 3.141593e+20 3.141593e+20
9.206578e+02 3.141593e+20 3.141593e+20
9.360059e+02 3.141593e+20 3.141593e+20
9.516099e+02 3.141593e+20 3.141593e+20
9.674740e+02 3.141593e+20 3.141593e+20
9.836026e+02 3.141593e+20 3.141593e+20
1.000000e+03 3.141593e+20 3.141593e+20
