# Energy(MeV) Phi16_Planare Phi84_Planare
1.000000e+00 4.083736e+09 6.065801e+09
1.013939e+00 3.938541e+09 5.844900e+09
1.028073e+00 3.799888e+09 5.628971e+09
1.042404e+00 3.666105e+09 5.420802e+09
1.056935e+00 3.536763e+09 5.220569e+09
1.071668e+00 3.410319e+09 5.027659e+09
1.086606e+00 3.288395e+09 4.841449e+09
1.101753e+00 3.170829e+09 4.660499e+09
1.117111e+00 3.057732e+09 4.488596e+09
1.132683e+00 2.950372e+09 4.322364e+09
1.148472e+00 2.849299e+09 4.163746e+09
1.164481e+00 2.750524e+09 4.010673e+09
1.180713e+00 2.652411e+09 3.861101e+09
1.197171e+00 2.558326e+09 3.717341e+09
1.213859e+00 2.467252e+09 3.578794e+09
1.230780e+00 2.379568e+09 3.444370e+09
1.247936e+00 2.296746e+09 3.317012e+09
1.265332e+00 2.215405e+09 3.194633e+09
1.282970e+00 2.135454e+09 3.076890e+09
1.300854e+00 2.060543e+09 2.963389e+09
1.318987e+00 1.987040e+09 2.853876e+09
1.337373e+00 1.919353e+09 2.748409e+09
1.356015e+00 1.851603e+09 2.647346e+09
1.374917e+00 1.787953e+09 2.550265e+09
1.394083e+00 1.725066e+09 2.456622e+09
1.413516e+00 1.664032e+09 2.364418e+09
1.433219e+00 1.604883e+09 2.276669e+09
1.453198e+00 1.547830e+09 2.192303e+09
1.473454e+00 1.492798e+09 2.111782e+09
1.493993e+00 1.439725e+09 2.033728e+09
1.514819e+00 1.388598e+09 1.958596e+09
1.535935e+00 1.339280e+09 1.884956e+09
1.557345e+00 1.291976e+09 1.815067e+09
1.579053e+00 1.246661e+09 1.747436e+09
1.601064e+00 1.202818e+09 1.682973e+09
1.623382e+00 1.160204e+09 1.620506e+09
1.646012e+00 1.119495e+09 1.560358e+09
1.668956e+00 1.079515e+09 1.502441e+09
1.692220e+00 1.041412e+09 1.446673e+09
1.715809e+00 1.004854e+09 1.393261e+09
1.739726e+00 9.694790e+08 1.343224e+09
1.763977e+00 9.358380e+08 1.292594e+09
1.788566e+00 9.030892e+08 1.244560e+09
1.813498e+00 8.706734e+08 1.198866e+09
1.838777e+00 8.400730e+08 1.155508e+09
1.864409e+00 8.104554e+08 1.113437e+09
1.890397e+00 7.821283e+08 1.072548e+09
1.916748e+00 7.541946e+08 1.032824e+09
1.943467e+00 7.272567e+08 9.938368e+08
1.970558e+00 7.012258e+08 9.568314e+08
1.998026e+00 6.765500e+08 9.206045e+08
2.025878e+00 6.528497e+08 8.868705e+08
2.054117e+00 6.297590e+08 8.538032e+08
2.082751e+00 6.072859e+08 8.219259e+08
2.111783e+00 5.857958e+08 7.915795e+08
2.141220e+00 5.650936e+08 7.628154e+08
2.171068e+00 5.449143e+08 7.355048e+08
2.201331e+00 5.253319e+08 7.088881e+08
2.232016e+00 5.064781e+08 6.835334e+08
2.263130e+00 4.884299e+08 6.583051e+08
2.294676e+00 4.711111e+08 6.337501e+08
2.326663e+00 4.545086e+08 6.099730e+08
2.359095e+00 4.385001e+08 5.878732e+08
2.391980e+00 4.227668e+08 5.666893e+08
2.425323e+00 4.077415e+08 5.460170e+08
2.459130e+00 3.932416e+08 5.256982e+08
2.493409e+00 3.788408e+08 5.062231e+08
2.528166e+00 3.654801e+08 4.871462e+08
2.563407e+00 3.524754e+08 4.689070e+08
2.599140e+00 3.397533e+08 4.514741e+08
2.635371e+00 3.277545e+08 4.349131e+08
2.672106e+00 3.161201e+08 4.188060e+08
2.709354e+00 3.050290e+08 4.031377e+08
2.747121e+00 2.941543e+08 3.880770e+08
2.785414e+00 2.836453e+08 3.737150e+08
2.824241e+00 2.735111e+08 3.599923e+08
2.863610e+00 2.637457e+08 3.466393e+08
2.903527e+00 2.543938e+08 3.337914e+08
2.944000e+00 2.453731e+08 3.216390e+08
2.985038e+00 2.366719e+08 3.097776e+08
3.026648e+00 2.282941e+08 2.982648e+08
3.068838e+00 2.201657e+08 2.872232e+08
3.111616e+00 2.123347e+08 2.766026e+08
3.154990e+00 2.047792e+08 2.664571e+08
3.198969e+00 1.974502e+08 2.566301e+08
3.243561e+00 1.903966e+08 2.472957e+08
3.288774e+00 1.835948e+08 2.382112e+08
3.334618e+00 1.769867e+08 2.296038e+08
3.381101e+00 1.705962e+08 2.210643e+08
3.428231e+00 1.645058e+08 2.128115e+08
3.476019e+00 1.587013e+08 2.047423e+08
3.524473e+00 1.529771e+08 1.972342e+08
3.573602e+00 1.474802e+08 1.901221e+08
3.623416e+00 1.422278e+08 1.830523e+08
3.673925e+00 1.371814e+08 1.765374e+08
3.725137e+00 1.321610e+08 1.702508e+08
3.777064e+00 1.273224e+08 1.640395e+08
3.829714e+00 1.226567e+08 1.580391e+08
3.883098e+00 1.182023e+08 1.521909e+08
3.937226e+00 1.139289e+08 1.466700e+08
3.992109e+00 1.098550e+08 1.412208e+08
4.047757e+00 1.059192e+08 1.359526e+08
4.104181e+00 1.021399e+08 1.310075e+08
4.161391e+00 9.851106e+07 1.263650e+08
4.219398e+00 9.498727e+07 1.218097e+08
4.278214e+00 9.155711e+07 1.174688e+08
4.337850e+00 8.823215e+07 1.131387e+08
4.398317e+00 8.506653e+07 1.090882e+08
4.459628e+00 8.200880e+07 1.051959e+08
4.521792e+00 7.906113e+07 1.013511e+08
4.584824e+00 7.622682e+07 9.754175e+07
4.648734e+00 7.350839e+07 9.400961e+07
4.713535e+00 7.087157e+07 9.047639e+07
4.779239e+00 6.831681e+07 8.706237e+07
4.845859e+00 6.586691e+07 8.378711e+07
4.913407e+00 6.349852e+07 8.070812e+07
4.981898e+00 6.121512e+07 7.780749e+07
5.051342e+00 5.900676e+07 7.487861e+07
5.121755e+00 5.686445e+07 7.199989e+07
5.193150e+00 5.479672e+07 6.946136e+07
5.265540e+00 5.279657e+07 6.690533e+07
5.338938e+00 5.086889e+07 6.451104e+07
5.413360e+00 4.899428e+07 6.211576e+07
5.488820e+00 4.722483e+07 5.985834e+07
5.565331e+00 4.549330e+07 5.765341e+07
5.642908e+00 4.387251e+07 5.556009e+07
5.721568e+00 4.225953e+07 5.353439e+07
5.801323e+00 4.072582e+07 5.159564e+07
5.882190e+00 3.922812e+07 4.972460e+07
5.964185e+00 3.777090e+07 4.791876e+07
6.047322e+00 3.638735e+07 4.618427e+07
6.131619e+00 3.509526e+07 4.449687e+07
6.217090e+00 3.380863e+07 4.284542e+07
6.303753e+00 3.259020e+07 4.124461e+07
6.391624e+00 3.143244e+07 3.971892e+07
6.480720e+00 3.029233e+07 3.827522e+07
6.571058e+00 2.919465e+07 3.688387e+07
6.662655e+00 2.814025e+07 3.554298e+07
6.755528e+00 2.713371e+07 3.427266e+07
6.849697e+00 2.616096e+07 3.303011e+07
6.945178e+00 2.521438e+07 3.184370e+07
7.041990e+00 2.431233e+07 3.067626e+07
7.140151e+00 2.340638e+07 2.953991e+07
7.239681e+00 2.256142e+07 2.846618e+07
7.340598e+00 2.175185e+07 2.741765e+07
7.442922e+00 2.098610e+07 2.641956e+07
7.546673e+00 2.023363e+07 2.546398e+07
7.651869e+00 1.949588e+07 2.453276e+07
7.758532e+00 1.879746e+07 2.361466e+07
7.866682e+00 1.812401e+07 2.275442e+07
7.976339e+00 1.746556e+07 2.191533e+07
8.087525e+00 1.682814e+07 2.112744e+07
8.200261e+00 1.621533e+07 2.036004e+07
8.314568e+00 1.561431e+07 1.960005e+07
8.430468e+00 1.503952e+07 1.887135e+07
8.547985e+00 1.449933e+07 1.818706e+07
8.667139e+00 1.397162e+07 1.752151e+07
8.787954e+00 1.346003e+07 1.687136e+07
8.910453e+00 1.296158e+07 1.624751e+07
9.034660e+00 1.248099e+07 1.564940e+07
9.160598e+00 1.203056e+07 1.509220e+07
9.288292e+00 1.158986e+07 1.453230e+07
9.417766e+00 1.116885e+07 1.399763e+07
9.549045e+00 1.075889e+07 1.348981e+07
9.682153e+00 1.036444e+07 1.300284e+07
9.817117e+00 9.978861e+06 1.252826e+07
9.953962e+00 9.611181e+06 1.206860e+07
1.009272e+01 9.259698e+06 1.162523e+07
1.023340e+01 8.924007e+06 1.120352e+07
1.037605e+01 8.596928e+06 1.079055e+07
1.052069e+01 8.280814e+06 1.038658e+07
1.066734e+01 7.973432e+06 1.000259e+07
1.081604e+01 7.678567e+06 9.647668e+06
1.096681e+01 7.396553e+06 9.300886e+06
1.111968e+01 7.126708e+06 8.956224e+06
1.127468e+01 6.859044e+06 8.617833e+06
1.143184e+01 6.611505e+06 8.290650e+06
1.159120e+01 6.366743e+06 7.983648e+06
1.175277e+01 6.126776e+06 7.689775e+06
1.191660e+01 5.901748e+06 7.404484e+06
1.208271e+01 5.688601e+06 7.128305e+06
1.225114e+01 5.478641e+06 6.867281e+06
1.242191e+01 5.274687e+06 6.614623e+06
1.259506e+01 5.080380e+06 6.370975e+06
1.277063e+01 4.893983e+06 6.136179e+06
1.294865e+01 4.714833e+06 5.908224e+06
1.312915e+01 4.543469e+06 5.694926e+06
1.331216e+01 4.377865e+06 5.486598e+06
1.349772e+01 4.217155e+06 5.280572e+06
1.368587e+01 4.058492e+06 5.089823e+06
1.387665e+01 3.906058e+06 4.906184e+06
1.407008e+01 3.763527e+06 4.724680e+06
1.426621e+01 3.623314e+06 4.553330e+06
1.446507e+01 3.488405e+06 4.383089e+06
1.466671e+01 3.359389e+06 4.220189e+06
1.487115e+01 3.235116e+06 4.067042e+06
1.507845e+01 3.115106e+06 3.921377e+06
1.528864e+01 3.000302e+06 3.779928e+06
1.550175e+01 2.889586e+06 3.644872e+06
1.571784e+01 2.780785e+06 3.514334e+06
1.593694e+01 2.678009e+06 3.384131e+06
1.615909e+01 2.576834e+06 3.259638e+06
1.638434e+01 2.479196e+06 3.143394e+06
1.661273e+01 2.386492e+06 3.027094e+06
1.684430e+01 2.295459e+06 2.913116e+06
1.707910e+01 2.209897e+06 2.803319e+06
1.731717e+01 2.127339e+06 2.698419e+06
1.755856e+01 2.050198e+06 2.600726e+06
1.780332e+01 1.973435e+06 2.506536e+06
1.805149e+01 1.898421e+06 2.415725e+06
1.830312e+01 1.826507e+06 2.327452e+06
1.855825e+01 1.758791e+06 2.240675e+06
1.881694e+01 1.692585e+06 2.156825e+06
1.907924e+01 1.631165e+06 2.076097e+06
1.934520e+01 1.570469e+06 1.998916e+06
1.961486e+01 1.511449e+06 1.925581e+06
1.988828e+01 1.454315e+06 1.855307e+06
2.016551e+01 1.398806e+06 1.786657e+06
2.044661e+01 1.346017e+06 1.720780e+06
2.073162e+01 1.295993e+06 1.655934e+06
2.102061e+01 1.247785e+06 1.593823e+06
2.131362e+01 1.201337e+06 1.534030e+06
2.161073e+01 1.156829e+06 1.478272e+06
2.191197e+01 1.111740e+06 1.423545e+06
2.221741e+01 1.068647e+06 1.371661e+06
2.252711e+01 1.028152e+06 1.319807e+06
2.284112e+01 9.901107e+05 1.270424e+06
2.315951e+01 9.534717e+05 1.223624e+06
2.348235e+01 9.173656e+05 1.177718e+06
2.380968e+01 8.833930e+05 1.134746e+06
2.414157e+01 8.504119e+05 1.093150e+06
2.447809e+01 8.182893e+05 1.052250e+06
2.481930e+01 7.867244e+05 1.011886e+06
2.516527e+01 7.577297e+05 9.730329e+05
2.551606e+01 7.281021e+05 9.364795e+05
2.587174e+01 7.009252e+05 9.033375e+05
2.623238e+01 6.741596e+05 8.700002e+05
2.659804e+01 6.487147e+05 8.374859e+05
2.696881e+01 6.244245e+05 8.069672e+05
2.734474e+01 6.011737e+05 7.767753e+05
2.772591e+01 5.782471e+05 7.476679e+05
2.811239e+01 5.568935e+05 7.195715e+05
2.850426e+01 5.359665e+05 6.927446e+05
2.890160e+01 5.156367e+05 6.668498e+05
2.930447e+01 4.957260e+05 6.420790e+05
2.971296e+01 4.770107e+05 6.186142e+05
3.012714e+01 4.586234e+05 5.958565e+05
3.054710e+01 4.419744e+05 5.735923e+05
3.097291e+01 4.251904e+05 5.519913e+05
3.140465e+01 4.088515e+05 5.312488e+05
3.184242e+01 3.923890e+05 5.117200e+05
3.228628e+01 3.774717e+05 4.935142e+05
3.273634e+01 3.632253e+05 4.748533e+05
3.319266e+01 3.492894e+05 4.570231e+05
3.365535e+01 3.361589e+05 4.401183e+05
3.412449e+01 3.233778e+05 4.238306e+05
3.460016e+01 3.107677e+05 4.081375e+05
3.508247e+01 2.992541e+05 3.930216e+05
3.557150e+01 2.881418e+05 3.784703e+05
3.606735e+01 2.772449e+05 3.644134e+05
3.657011e+01 2.668764e+05 3.508844e+05
3.707988e+01 2.565434e+05 3.378052e+05
3.759675e+01 2.468602e+05 3.253595e+05
3.812083e+01 2.374772e+05 3.133225e+05
3.865221e+01 2.284758e+05 3.016678e+05
3.919100e+01 2.198105e+05 2.903485e+05
3.973730e+01 2.109383e+05 2.795379e+05
4.029122e+01 2.029328e+05 2.687474e+05
4.085286e+01 1.952346e+05 2.585246e+05
4.142232e+01 1.876272e+05 2.488264e+05
4.199973e+01 1.801811e+05 2.396057e+05
4.258518e+01 1.730487e+05 2.306990e+05
4.317880e+01 1.662942e+05 2.221609e+05
4.378069e+01 1.599389e+05 2.138370e+05
4.439097e+01 1.537028e+05 2.058880e+05
4.500975e+01 1.475697e+05 1.982563e+05
4.563716e+01 1.416722e+05 1.908986e+05
4.627332e+01 1.362052e+05 1.836687e+05
4.691835e+01 1.309496e+05 1.767085e+05
4.757236e+01 1.259096e+05 1.700079e+05
4.823549e+01 1.210758e+05 1.635435e+05
4.890787e+01 1.164325e+05 1.573085e+05
4.958962e+01 1.119666e+05 1.514207e+05
5.028087e+01 1.076633e+05 1.457745e+05
5.098176e+01 1.033783e+05 1.403068e+05
5.169242e+01 9.923677e+04 1.350682e+05
5.241298e+01 9.535040e+04 1.299179e+05
5.314359e+01 9.159742e+04 1.250489e+05
5.388438e+01 8.804137e+04 1.204276e+05
5.463550e+01 8.461781e+04 1.159373e+05
5.539709e+01 8.118784e+04 1.115023e+05
5.616930e+01 7.797391e+04 1.072712e+05
5.695227e+01 7.492686e+04 1.032137e+05
5.774615e+01 7.198055e+04 9.939361e+04
5.855110e+01 6.920469e+04 9.565572e+04
5.936727e+01 6.637190e+04 9.200108e+04
6.019482e+01 6.380684e+04 8.846796e+04
6.103390e+01 6.133556e+04 8.509991e+04
6.188468e+01 5.896694e+04 8.192161e+04
6.274732e+01 5.669236e+04 7.885828e+04
6.362198e+01 5.450643e+04 7.584923e+04
6.450884e+01 5.241290e+04 7.298690e+04
6.540806e+01 5.027235e+04 7.023607e+04
6.631981e+01 4.834442e+04 6.757996e+04
6.724427e+01 4.642894e+04 6.503309e+04
6.818162e+01 4.462819e+04 6.255659e+04
6.913204e+01 4.285897e+04 6.015951e+04
7.009570e+01 4.115952e+04 5.785921e+04
7.107280e+01 3.956152e+04 5.561783e+04
7.206351e+01 3.801523e+04 5.348333e+04
7.306804e+01 3.645432e+04 5.141805e+04
7.408657e+01 3.503146e+04 4.944485e+04
7.511929e+01 3.366151e+04 4.750123e+04
7.616642e+01 3.234842e+04 4.564461e+04
7.722814e+01 3.109441e+04 4.389244e+04
7.830465e+01 2.986388e+04 4.223384e+04
7.939618e+01 2.868081e+04 4.061477e+04
8.050292e+01 2.756052e+04 3.908513e+04
8.162509e+01 2.647828e+04 3.752460e+04
8.276289e+01 2.542458e+04 3.606360e+04
8.391656e+01 2.443040e+04 3.468060e+04
8.508632e+01 2.347067e+04 3.330627e+04
8.627237e+01 2.250807e+04 3.203567e+04
8.747496e+01 2.161783e+04 3.084433e+04
8.869432e+01 2.077238e+04 2.962035e+04
8.993067e+01 1.991080e+04 2.846193e+04
9.118425e+01 1.911594e+04 2.738626e+04
9.245531e+01 1.837166e+04 2.634729e+04
9.374409e+01 1.762939e+04 2.534687e+04
9.505083e+01 1.689660e+04 2.437900e+04
9.637579e+01 1.618775e+04 2.342230e+04
9.771921e+01 1.553401e+04 2.248391e+04
9.908137e+01 1.487050e+04 2.158135e+04
1.004625e+02 1.428834e+04 2.072609e+04
1.018629e+02 1.369651e+04 1.989209e+04
1.032828e+02 1.314424e+04 1.911605e+04
1.047225e+02 1.262121e+04 1.837648e+04
1.061823e+02 1.211098e+04 1.763954e+04
1.076624e+02 1.161189e+04 1.694299e+04
1.091632e+02 1.115455e+04 1.628089e+04
1.106848e+02 1.071847e+04 1.565652e+04
1.122277e+02 1.028834e+04 1.503584e+04
1.137921e+02 9.845742e+03 1.444649e+04
1.153783e+02 9.452336e+03 1.385186e+04
1.169866e+02 9.070978e+03 1.331173e+04
1.186174e+02 8.710451e+03 1.279317e+04
1.202708e+02 8.351728e+03 1.228321e+04
1.219473e+02 7.996240e+03 1.179273e+04
1.236472e+02 7.652146e+03 1.132673e+04
1.253708e+02 7.318696e+03 1.086831e+04
1.271184e+02 6.993395e+03 1.043480e+04
1.288904e+02 6.680907e+03 1.000955e+04
1.306870e+02 6.397256e+03 9.600954e+03
1.325087e+02 6.118973e+03 9.210860e+03
1.343558e+02 5.857536e+03 8.842759e+03
1.362287e+02 5.604105e+03 8.488591e+03
1.381276e+02 5.363471e+03 8.151195e+03
1.400531e+02 5.141261e+03 7.825372e+03
1.420053e+02 4.925628e+03 7.517818e+03
1.439848e+02 4.722208e+03 7.210985e+03
1.459919e+02 4.526264e+03 6.921155e+03
1.480269e+02 4.345466e+03 6.641915e+03
1.500903e+02 4.169138e+03 6.380280e+03
1.521825e+02 4.001531e+03 6.121508e+03
1.543038e+02 3.837478e+03 5.868937e+03
1.564548e+02 3.660769e+03 5.628831e+03
1.586357e+02 3.495826e+03 5.395011e+03
1.608469e+02 3.331848e+03 5.177899e+03
1.630891e+02 3.189839e+03 4.969118e+03
1.653624e+02 3.058286e+03 4.766505e+03
1.676675e+02 2.926723e+03 4.568642e+03
1.700047e+02 2.791256e+03 4.383166e+03
1.723745e+02 2.665518e+03 4.202819e+03
1.747773e+02 2.545994e+03 4.027457e+03
1.772136e+02 2.433191e+03 3.862691e+03
1.796838e+02 2.325365e+03 3.703201e+03
1.821885e+02 2.222976e+03 3.550682e+03
1.847281e+02 2.125965e+03 3.403513e+03
1.873032e+02 2.035592e+03 3.265560e+03
1.899141e+02 1.944345e+03 3.132488e+03
1.925614e+02 1.851209e+03 3.004310e+03
1.952456e+02 1.772166e+03 2.882384e+03
1.979672e+02 1.698843e+03 2.761291e+03
2.007267e+02 1.623305e+03 2.648457e+03
2.035248e+02 1.546879e+03 2.539478e+03
2.063618e+02 1.474234e+03 2.435126e+03
2.092383e+02 1.404781e+03 2.335238e+03
2.121550e+02 1.338388e+03 2.239152e+03
2.151123e+02 1.273882e+03 2.146497e+03
2.181109e+02 1.208831e+03 2.056438e+03
2.211512e+02 1.150764e+03 1.971508e+03
2.242340e+02 1.102273e+03 1.889420e+03
2.273597e+02 1.050825e+03 1.810593e+03
2.305289e+02 1.005190e+03 1.731680e+03
2.337424e+02 9.557034e+02 1.655922e+03
2.370006e+02 9.084817e+02 1.585796e+03
2.403043e+02 8.639022e+02 1.518629e+03
2.436540e+02 8.204501e+02 1.453524e+03
2.470504e+02 7.799887e+02 1.391568e+03
2.504942e+02 7.413030e+02 1.331877e+03
2.539859e+02 7.048518e+02 1.274434e+03
2.575263e+02 6.700908e+02 1.220113e+03
2.611161e+02 6.382060e+02 1.168106e+03
2.647559e+02 6.065274e+02 1.119038e+03
2.684465e+02 5.753172e+02 1.072370e+03
2.721885e+02 5.460068e+02 1.027016e+03
2.759826e+02 5.170778e+02 9.821329e+02
2.798297e+02 4.896200e+02 9.406891e+02
2.837304e+02 4.653719e+02 9.006950e+02
2.876854e+02 4.411523e+02 8.622472e+02
2.916956e+02 4.196480e+02 8.248926e+02
2.957617e+02 3.970032e+02 7.893805e+02
2.998844e+02 3.754952e+02 7.565144e+02
3.040646e+02 3.573524e+02 7.242168e+02
3.083031e+02 3.376692e+02 6.926209e+02
3.126007e+02 3.189773e+02 6.615727e+02
3.169582e+02 3.013733e+02 6.321556e+02
3.213764e+02 2.850038e+02 6.046492e+02
3.258562e+02 2.692118e+02 5.780891e+02
3.303985e+02 2.540963e+02 5.511569e+02
3.350041e+02 2.397570e+02 5.260178e+02
3.396739e+02 2.262622e+02 5.019663e+02
3.444087e+02 2.135392e+02 4.790628e+02
3.492096e+02 2.031092e+02 4.570675e+02
3.540774e+02 1.918400e+02 4.365479e+02
3.590130e+02 1.809206e+02 4.163798e+02
3.640175e+02 1.704677e+02 3.979636e+02
3.690917e+02 1.605682e+02 3.803543e+02
3.742366e+02 1.510879e+02 3.634063e+02
3.794533e+02 1.419809e+02 3.473359e+02
3.847427e+02 1.333739e+02 3.314138e+02
3.901058e+02 1.252422e+02 3.167014e+02
3.955436e+02 1.176052e+02 3.021520e+02
4.010573e+02 1.108245e+02 2.881442e+02
4.066478e+02 1.044065e+02 2.755254e+02
4.123163e+02 9.832839e+01 2.632937e+02
4.180637e+02 9.257382e+01 2.518461e+02
4.238913e+02 8.703595e+01 2.404926e+02
4.298001e+02 8.149664e+01 2.295208e+02
4.357913e+02 7.641393e+01 2.185955e+02
4.418660e+02 7.170372e+01 2.085877e+02
4.480254e+02 6.725887e+01 1.988534e+02
4.542706e+02 6.306581e+01 1.891831e+02
4.606029e+02 5.898310e+01 1.799383e+02
4.670234e+02 5.515793e+01 1.713973e+02
4.735335e+02 5.155865e+01 1.633815e+02
4.801343e+02 4.817321e+01 1.558506e+02
4.868271e+02 4.499018e+01 1.486271e+02
4.936132e+02 4.201608e+01 1.417460e+02
5.004939e+02 3.927479e+01 1.349151e+02
5.074705e+02 3.654816e+01 1.283576e+02
5.145444e+02 3.412417e+01 1.222882e+02
5.217169e+02 3.194677e+01 1.165219e+02
5.289893e+02 2.974892e+01 1.110448e+02
5.363631e+02 2.767562e+01 1.058623e+02
5.438397e+02 2.573394e+01 1.007525e+02
5.514206e+02 2.391636e+01 9.574806e+01
5.591071e+02 2.221573e+01 9.120987e+01
5.669007e+02 2.062527e+01 8.680607e+01
5.748030e+02 1.913856e+01 8.266986e+01
5.828155e+02 1.774951e+01 7.860039e+01
5.909396e+02 1.645474e+01 7.474652e+01
5.991770e+02 1.525190e+01 7.105531e+01
6.075292e+02 1.412923e+01 6.738765e+01
6.159978e+02 1.308894e+01 6.408112e+01
6.245845e+02 1.214087e+01 6.083406e+01
6.332908e+02 1.125714e+01 5.782823e+01
6.421186e+02 1.043765e+01 5.499548e+01
6.510694e+02 9.672588e+00 5.225101e+01
6.601449e+02 8.958687e+00 4.972272e+01
6.693470e+02 8.286490e+00 4.722922e+01
6.786773e+02 7.650363e+00 4.480283e+01
6.881377e+02 7.073773e+00 4.251098e+01
6.977300e+02 6.536886e+00 4.038100e+01
7.074559e+02 6.036141e+00 3.830984e+01
7.173175e+02 5.548478e+00 3.637433e+01
7.273165e+02 5.096743e+00 3.448986e+01
7.374549e+02 4.678555e+00 3.269714e+01
7.477346e+02 4.291674e+00 3.096572e+01
7.581576e+02 3.933992e+00 2.934032e+01
7.687260e+02 3.603526e+00 2.787045e+01
7.794416e+02 3.298412e+00 2.641983e+01
7.903066e+02 3.017536e+00 2.504642e+01
8.013230e+02 2.759993e+00 2.371964e+01
8.124930e+02 2.526000e+00 2.243396e+01
8.238187e+02 2.315656e+00 2.127272e+01
8.353023e+02 2.122835e+00 2.022484e+01
8.469460e+02 1.944717e+00 1.915443e+01
8.587519e+02 1.780286e+00 1.818171e+01
8.707225e+02 1.629315e+00 1.721252e+01
8.828599e+02 1.490157e+00 1.628017e+01
8.951665e+02 1.361894e+00 1.540339e+01
9.076446e+02 1.240473e+00 1.456069e+01
9.202967e+02 1.122401e+00 1.376708e+01
9.331251e+02 1.020776e+00 1.303412e+01
9.461324e+02 9.216275e-01 1.233154e+01
9.593209e+02 8.315252e-01 1.167485e+01
9.726934e+02 7.508993e-01 1.103744e+01
9.862522e+02 6.774610e-01 1.043657e+01
1.000000e+03 6.106290e-01 9.855246e+00
