# Energy(MeV) Sferica_Fluence(cm^-2*MeV^-1)
5.000000e-02 7.615996e+11
5.100225e-02 7.461377e+11
5.202458e-02 7.314310e+11
5.306741e-02 7.170352e+11
5.413114e-02 7.028092e+11
5.521620e-02 6.887872e+11
5.632300e-02 6.751962e+11
5.745199e-02 6.621181e+11
5.860361e-02 6.486333e+11
5.977832e-02 6.358405e+11
6.097657e-02 6.232336e+11
6.219884e-02 6.109349e+11
6.344561e-02 5.989099e+11
6.471737e-02 5.869723e+11
6.601463e-02 5.751039e+11
6.733789e-02 5.632706e+11
6.868767e-02 5.519772e+11
7.006451e-02 5.412180e+11
7.146895e-02 5.305828e+11
7.290154e-02 5.201267e+11
7.436284e-02 5.097480e+11
7.585344e-02 4.995486e+11
7.737392e-02 4.896351e+11
7.892487e-02 4.797213e+11
8.050691e-02 4.701035e+11
8.212067e-02 4.606839e+11
8.376677e-02 4.514471e+11
8.544587e-02 4.424078e+11
8.715862e-02 4.335906e+11
8.890571e-02 4.247658e+11
9.068782e-02 4.163378e+11
9.250565e-02 4.078822e+11
9.435992e-02 3.998127e+11
9.625136e-02 3.917459e+11
9.818071e-02 3.841120e+11
1.001487e-01 3.763719e+11
1.021562e-01 3.687268e+11
1.042039e-01 3.614098e+11
1.062927e-01 3.541998e+11
1.084233e-01 3.471009e+11
1.105966e-01 3.401721e+11
1.128135e-01 3.332843e+11
1.150749e-01 3.265761e+11
1.173816e-01 3.199526e+11
1.197345e-01 3.134176e+11
1.221345e-01 3.071785e+11
1.245827e-01 3.009466e+11
1.270800e-01 2.948789e+11
1.296273e-01 2.888597e+11
1.322256e-01 2.829812e+11
1.348761e-01 2.773292e+11
1.375797e-01 2.717215e+11
1.403374e-01 2.662362e+11
1.431505e-01 2.609605e+11
1.460199e-01 2.557255e+11
1.489469e-01 2.506612e+11
1.519325e-01 2.456596e+11
1.549780e-01 2.407222e+11
1.580845e-01 2.358832e+11
1.612533e-01 2.311405e+11
1.644856e-01 2.264960e+11
1.677827e-01 2.219220e+11
1.711459e-01 2.174694e+11
1.745765e-01 2.130648e+11
1.780759e-01 2.087945e+11
1.816454e-01 2.046324e+11
1.852865e-01 2.005103e+11
1.890005e-01 1.964263e+11
1.927890e-01 1.925604e+11
1.966535e-01 1.886915e+11
2.005954e-01 1.848947e+11
2.046163e-01 1.811618e+11
2.087178e-01 1.774736e+11
2.129015e-01 1.739327e+11
2.171691e-01 1.704180e+11
2.215223e-01 1.669887e+11
2.259627e-01 1.636680e+11
2.304921e-01 1.603518e+11
2.351123e-01 1.571749e+11
2.398251e-01 1.540626e+11
2.446324e-01 1.509792e+11
2.495360e-01 1.479066e+11
2.545379e-01 1.448024e+11
2.596401e-01 1.419269e+11
2.648446e-01 1.390524e+11
2.701534e-01 1.361972e+11
2.755686e-01 1.334453e+11
2.810923e-01 1.307444e+11
2.867268e-01 1.281961e+11
2.924742e-01 1.256684e+11
2.983368e-01 1.231395e+11
3.043170e-01 1.207045e+11
3.104170e-01 1.183005e+11
3.166393e-01 1.160092e+11
3.229863e-01 1.137099e+11
3.294605e-01 1.113711e+11
3.360645e-01 1.091208e+11
3.428009e-01 1.068711e+11
3.496723e-01 1.046792e+11
3.566815e-01 1.025876e+11
3.638311e-01 1.004256e+11
3.711241e-01 9.836959e+10
3.785633e-01 9.638310e+10
3.861515e-01 9.439540e+10
3.938919e-01 9.248641e+10
4.017874e-01 9.061176e+10
4.098412e-01 8.871871e+10
4.180565e-01 8.692843e+10
4.264364e-01 8.510798e+10
4.349843e-01 8.336202e+10
4.437035e-01 8.166732e+10
4.525975e-01 8.003896e+10
4.616698e-01 7.837027e+10
4.709239e-01 7.677779e+10
4.803635e-01 7.521288e+10
4.899924e-01 7.369908e+10
4.998143e-01 7.214375e+10
5.098330e-01 7.063212e+10
5.200526e-01 6.916949e+10
5.304770e-01 6.773968e+10
5.411103e-01 6.636182e+10
5.519569e-01 6.501196e+10
5.630208e-01 6.368762e+10
5.743065e-01 6.237573e+10
5.858184e-01 6.105619e+10
5.975611e-01 5.981646e+10
6.095392e-01 5.863069e+10
6.217573e-01 5.741695e+10
6.342204e-01 5.623251e+10
6.469333e-01 5.506021e+10
6.599011e-01 5.390350e+10
6.731287e-01 5.281842e+10
6.866215e-01 5.169817e+10
7.003848e-01 5.059355e+10
7.144240e-01 4.956784e+10
7.287445e-01 4.854149e+10
7.433522e-01 4.755142e+10
7.582526e-01 4.657227e+10
7.734517e-01 4.559776e+10
7.889555e-01 4.464733e+10
8.047701e-01 4.368842e+10
8.209016e-01 4.276786e+10
8.373565e-01 4.186952e+10
8.541413e-01 4.098961e+10
8.712625e-01 4.012542e+10
8.887268e-01 3.926728e+10
9.065413e-01 3.842500e+10
9.247129e-01 3.764276e+10
9.432487e-01 3.686225e+10
9.621560e-01 3.606294e+10
9.814423e-01 3.529706e+10
1.001115e+00 3.457069e+10
1.021183e+00 3.385789e+10
1.041652e+00 3.311699e+10
1.062532e+00 3.242214e+10
1.083830e+00 3.172701e+10
1.105556e+00 3.105490e+10
1.127716e+00 3.040656e+10
1.150321e+00 2.975955e+10
1.173379e+00 2.911835e+10
1.196900e+00 2.849185e+10
1.220892e+00 2.789623e+10
1.245364e+00 2.727471e+10
1.270327e+00 2.668915e+10
1.295791e+00 2.610469e+10
1.321765e+00 2.555997e+10
1.348260e+00 2.501883e+10
1.375286e+00 2.446095e+10
1.402853e+00 2.393756e+10
1.430973e+00 2.342805e+10
1.459657e+00 2.292778e+10
1.488916e+00 2.243304e+10
1.518761e+00 2.194389e+10
1.549204e+00 2.147321e+10
1.580258e+00 2.099868e+10
1.611934e+00 2.054250e+10
1.644245e+00 2.009488e+10
1.677204e+00 1.966437e+10
1.710823e+00 1.923556e+10
1.745117e+00 1.881460e+10
1.780097e+00 1.839120e+10
1.815779e+00 1.798476e+10
1.852176e+00 1.758939e+10
1.889303e+00 1.720913e+10
1.927174e+00 1.683892e+10
1.965804e+00 1.646578e+10
2.005209e+00 1.609275e+10
2.045403e+00 1.573677e+10
2.086403e+00 1.539073e+10
2.128224e+00 1.504373e+10
2.170885e+00 1.470902e+10
2.214400e+00 1.437693e+10
2.258787e+00 1.404923e+10
2.304064e+00 1.373174e+10
2.350249e+00 1.341951e+10
2.397360e+00 1.311392e+10
2.445415e+00 1.281343e+10
2.494433e+00 1.251893e+10
2.544434e+00 1.223012e+10
2.595437e+00 1.195017e+10
2.647462e+00 1.167276e+10
2.700530e+00 1.139965e+10
2.754662e+00 1.113776e+10
2.809879e+00 1.087855e+10
2.866203e+00 1.062953e+10
2.923656e+00 1.038624e+10
2.982260e+00 1.015247e+10
3.042039e+00 9.912378e+09
3.103017e+00 9.675203e+09
3.165216e+00 9.448991e+09
3.228663e+00 9.228096e+09
3.293381e+00 9.009172e+09
3.359397e+00 8.793526e+09
3.426736e+00 8.580678e+09
3.495424e+00 8.376433e+09
3.565490e+00 8.173798e+09
3.636960e+00 7.979129e+09
3.709862e+00 7.782159e+09
3.784226e+00 7.591825e+09
3.860081e+00 7.408599e+09
3.937456e+00 7.227605e+09
4.016382e+00 7.048554e+09
4.096890e+00 6.872052e+09
4.179012e+00 6.703275e+09
4.262780e+00 6.533796e+09
4.348227e+00 6.369695e+09
4.435387e+00 6.207958e+09
4.524294e+00 6.048238e+09
4.614983e+00 5.894205e+09
4.707490e+00 5.742894e+09
4.801851e+00 5.595723e+09
4.898104e+00 5.450573e+09
4.996286e+00 5.307715e+09
5.096436e+00 5.167297e+09
5.198594e+00 5.030930e+09
5.302799e+00 4.898049e+09
5.409093e+00 4.769669e+09
5.517518e+00 4.643841e+09
5.628116e+00 4.521000e+09
5.740932e+00 4.399160e+09
5.856008e+00 4.280195e+09
5.973391e+00 4.162127e+09
6.093127e+00 4.048514e+09
6.215264e+00 3.935760e+09
6.339848e+00 3.825506e+09
6.466930e+00 3.718058e+09
6.596559e+00 3.613825e+09
6.728787e+00 3.511892e+09
6.863665e+00 3.414478e+09
7.001246e+00 3.319648e+09
7.141586e+00 3.226192e+09
7.284738e+00 3.132787e+09
7.430760e+00 3.043094e+09
7.579709e+00 2.956022e+09
7.731644e+00 2.870167e+09
7.886624e+00 2.786888e+09
8.044711e+00 2.703586e+09
8.205967e+00 2.623713e+09
8.370455e+00 2.544575e+09
8.538240e+00 2.467942e+09
8.709388e+00 2.393353e+09
8.883967e+00 2.319732e+09
9.062045e+00 2.248525e+09
9.243693e+00 2.178975e+09
9.428983e+00 2.111929e+09
9.617986e+00 2.043908e+09
9.810778e+00 1.977290e+09
1.000743e+01 1.914647e+09
1.020803e+01 1.852861e+09
1.041265e+01 1.792282e+09
1.062137e+01 1.732528e+09
1.083428e+01 1.674565e+09
1.105145e+01 1.617190e+09
1.127297e+01 1.562292e+09
1.149894e+01 1.509521e+09
1.172944e+01 1.457946e+09
1.196455e+01 1.406719e+09
1.220438e+01 1.357123e+09
1.244902e+01 1.311021e+09
1.269856e+01 1.264666e+09
1.295310e+01 1.219295e+09
1.321274e+01 1.175138e+09
1.347759e+01 1.132995e+09
1.374775e+01 1.091179e+09
1.402332e+01 1.050951e+09
1.430442e+01 1.010884e+09
1.459115e+01 9.726681e+08
1.488362e+01 9.342870e+08
1.518197e+01 8.983650e+08
1.548629e+01 8.633873e+08
1.579671e+01 8.291004e+08
1.611335e+01 7.957884e+08
1.643634e+01 7.635070e+08
1.676581e+01 7.328010e+08
1.710188e+01 7.028957e+08
1.744468e+01 6.737970e+08
1.779436e+01 6.452476e+08
1.815105e+01 6.177378e+08
1.851488e+01 5.915776e+08
1.888601e+01 5.671394e+08
1.926458e+01 5.422600e+08
1.965074e+01 5.180152e+08
2.004464e+01 4.953755e+08
2.044643e+01 4.728350e+08
2.085628e+01 4.509233e+08
2.127434e+01 4.299562e+08
2.170078e+01 4.103889e+08
2.213577e+01 3.912906e+08
2.257948e+01 3.722196e+08
2.303209e+01 3.545410e+08
2.349376e+01 3.374162e+08
2.396469e+01 3.212245e+08
2.444506e+01 3.052864e+08
2.493506e+01 2.901393e+08
2.543488e+01 2.755563e+08
2.594472e+01 2.615780e+08
2.646478e+01 2.485836e+08
2.699527e+01 2.360372e+08
2.753639e+01 2.238267e+08
2.808835e+01 2.111891e+08
2.865138e+01 1.999804e+08
2.922570e+01 1.891475e+08
2.981152e+01 1.790571e+08
3.040909e+01 1.691616e+08
3.101864e+01 1.596244e+08
3.164041e+01 1.504661e+08
3.227464e+01 1.415626e+08
3.292158e+01 1.330988e+08
3.358149e+01 1.249958e+08
3.425463e+01 1.174092e+08
3.494126e+01 1.104118e+08
3.564165e+01 1.036888e+08
3.635609e+01 9.724189e+07
3.708484e+01 9.112598e+07
3.782820e+01 8.523695e+07
3.858647e+01 7.977731e+07
3.935993e+01 7.469041e+07
4.014890e+01 6.980151e+07
4.095368e+01 6.516767e+07
4.177459e+01 6.075576e+07
4.261196e+01 5.661008e+07
4.346611e+01 5.268635e+07
4.433739e+01 4.909654e+07
4.522613e+01 4.568333e+07
4.613268e+01 4.246997e+07
4.705741e+01 3.947409e+07
4.800067e+01 3.664682e+07
4.896284e+01 3.402012e+07
4.994430e+01 3.157832e+07
5.094543e+01 2.934102e+07
5.196662e+01 2.725943e+07
5.300829e+01 2.531359e+07
5.407084e+01 2.351359e+07
5.515468e+01 2.183616e+07
5.626026e+01 2.028219e+07
5.738799e+01 1.882923e+07
5.853833e+01 1.749747e+07
5.971172e+01 1.627834e+07
6.090864e+01 1.512494e+07
6.212955e+01 1.405032e+07
6.337493e+01 1.306022e+07
6.464528e+01 1.213142e+07
6.594109e+01 1.127573e+07
6.726287e+01 1.048987e+07
6.861115e+01 9.763251e+06
6.998645e+01 9.067116e+06
7.138933e+01 8.426537e+06
7.282032e+01 7.837943e+06
7.428000e+01 7.274606e+06
7.576894e+01 6.758175e+06
7.728772e+01 6.284459e+06
7.883694e+01 5.837076e+06
8.041722e+01 5.425379e+06
8.202918e+01 5.035300e+06
8.367345e+01 4.676759e+06
8.535068e+01 4.347511e+06
8.706153e+01 4.041187e+06
8.880667e+01 3.753117e+06
9.058679e+01 3.486787e+06
9.240260e+01 3.237670e+06
9.425480e+01 3.006851e+06
9.614413e+01 2.795152e+06
9.807133e+01 2.598959e+06
1.000372e+02 2.412078e+06
1.020424e+02 2.240966e+06
1.040878e+02 2.080847e+06
1.061743e+02 1.934034e+06
1.083025e+02 1.795251e+06
1.104734e+02 1.667379e+06
1.126879e+02 1.548800e+06
1.149467e+02 1.438165e+06
1.172508e+02 1.338744e+06
1.196011e+02 1.245865e+06
1.219985e+02 1.155409e+06
1.244439e+02 1.075714e+06
1.269384e+02 9.986105e+05
1.294828e+02 9.269376e+05
1.320783e+02 8.614485e+05
1.347258e+02 8.002207e+05
1.374264e+02 7.439329e+05
1.401811e+02 6.924738e+05
1.429910e+02 6.436638e+05
1.458573e+02 5.974876e+05
1.487810e+02 5.550634e+05
1.517633e+02 5.155982e+05
1.548053e+02 4.782431e+05
1.579084e+02 4.446658e+05
1.610737e+02 4.132881e+05
1.643024e+02 3.838088e+05
1.675958e+02 3.566285e+05
1.709552e+02 3.313911e+05
1.743820e+02 3.077580e+05
1.778775e+02 2.860592e+05
1.814430e+02 2.654313e+05
1.850801e+02 2.463508e+05
1.887900e+02 2.288558e+05
1.925743e+02 2.126996e+05
1.964344e+02 1.975831e+05
2.003719e+02 1.837406e+05
2.043883e+02 1.707647e+05
2.084853e+02 1.588137e+05
2.126644e+02 1.475469e+05
2.169272e+02 1.369417e+05
2.212755e+02 1.272368e+05
2.257109e+02 1.182789e+05
2.302353e+02 1.099568e+05
2.348503e+02 1.021101e+05
2.395579e+02 9.482260e+04
2.443598e+02 8.797831e+04
2.492580e+02 8.171293e+04
2.542544e+02 7.587275e+04
2.593509e+02 7.048948e+04
2.645495e+02 6.554460e+04
2.698524e+02 6.089446e+04
2.752616e+02 5.659028e+04
2.807792e+02 5.260508e+04
2.864074e+02 4.886575e+04
2.921484e+02 4.541441e+04
2.980045e+02 4.220707e+04
3.039780e+02 3.916488e+04
3.100712e+02 3.639372e+04
3.162865e+02 3.381961e+04
3.226265e+02 3.142968e+04
3.290935e+02 2.920493e+04
3.356901e+02 2.712208e+04
3.424190e+02 2.520024e+04
3.492828e+02 2.341373e+04
3.562841e+02 2.175224e+04
3.634258e+02 2.020238e+04
3.707107e+02 1.876570e+04
3.781415e+02 1.742986e+04
3.857213e+02 1.618988e+04
3.934531e+02 1.503371e+04
4.013398e+02 1.396511e+04
4.093847e+02 1.298351e+04
4.175907e+02 1.204716e+04
4.259613e+02 1.119445e+04
4.344997e+02 1.040937e+04
4.432092e+02 9.655190e+03
4.520933e+02 8.969936e+03
4.611555e+02 8.334576e+03
4.703993e+02 7.741272e+03
4.798284e+02 7.189211e+03
4.894465e+02 6.670145e+03
4.992574e+02 6.197432e+03
5.092650e+02 5.757503e+03
5.194732e+02 5.351674e+03
5.298860e+02 4.971171e+03
5.405075e+02 4.618512e+03
5.513420e+02 4.291206e+03
5.623936e+02 3.989550e+03
5.736667e+02 3.707418e+03
5.851658e+02 3.446194e+03
5.968954e+02 3.202235e+03
6.088601e+02 2.975224e+03
6.210647e+02 2.765113e+03
6.335139e+02 2.569295e+03
6.462126e+02 2.388003e+03
6.591659e+02 2.220644e+03
6.723788e+02 2.061740e+03
6.858566e+02 1.915846e+03
6.996046e+02 1.780625e+03
7.136281e+02 1.654699e+03
7.279327e+02 1.537455e+03
7.425240e+02 1.428747e+03
7.574079e+02 1.327884e+03
7.725901e+02 1.232757e+03
7.880766e+02 1.144894e+03
8.038735e+02 1.063749e+03
8.199871e+02 9.889014e+02
8.364237e+02 9.189566e+02
8.531897e+02 8.548941e+02
8.702918e+02 7.950815e+02
8.877368e+02 7.384774e+02
9.055314e+02 6.861215e+02
9.236827e+02 6.376576e+02
9.421978e+02 5.921551e+02
9.610841e+02 5.498330e+02
9.803490e+02 5.107656e+02
1.000000e+03 4.745075e+02
