1.000000e+00 5.221073e+09
1.017463e+00 4.984964e+09
1.035232e+00 4.759323e+09
1.053310e+00 4.543400e+09
1.071705e+00 4.337201e+09
1.090420e+00 4.140897e+09
1.109463e+00 3.953853e+09
1.128838e+00 3.774788e+09
1.148551e+00 3.603555e+09
1.168609e+00 3.440561e+09
1.189017e+00 3.285390e+09
1.209781e+00 3.136781e+09
1.230908e+00 2.995486e+09
1.252404e+00 2.859787e+09
1.274275e+00 2.730124e+09
1.296528e+00 2.606357e+09
1.319170e+00 2.487931e+09
1.342207e+00 2.375157e+09
1.365647e+00 2.267147e+09
1.389495e+00 2.164272e+09
1.413761e+00 2.065924e+09
1.438450e+00 1.972301e+09
1.463570e+00 1.883471e+09
1.489129e+00 1.798111e+09
1.515134e+00 1.716398e+09
1.541594e+00 1.638668e+09
1.568515e+00 1.564101e+09
1.595907e+00 1.493293e+09
1.623777e+00 1.426057e+09
1.652133e+00 1.361395e+09
1.680985e+00 1.299447e+09
1.710341e+00 1.240417e+09
1.740209e+00 1.184280e+09
1.770599e+00 1.130682e+09
1.801520e+00 1.079509e+09
1.832981e+00 1.030650e+09
1.864991e+00 9.834602e+08
1.897560e+00 9.387804e+08
1.930698e+00 8.962163e+08
1.964414e+00 8.556481e+08
1.998720e+00 8.167995e+08
2.033624e+00 7.798239e+08
2.069138e+00 7.445519e+08
2.105272e+00 7.107385e+08
2.142037e+00 6.783427e+08
2.179445e+00 6.475545e+08
2.217505e+00 6.181981e+08
2.256230e+00 5.901464e+08
2.295632e+00 5.634243e+08
2.335721e+00 5.379112e+08
2.376511e+00 5.135525e+08
2.418013e+00 4.902958e+08
2.460240e+00 4.680724e+08
2.503204e+00 4.468612e+08
2.546918e+00 4.266222e+08
2.591396e+00 4.072991e+08
2.636651e+00 3.888503e+08
2.682696e+00 3.712269e+08
2.729545e+00 3.543219e+08
2.777212e+00 3.381878e+08
2.825712e+00 3.228523e+08
2.875058e+00 3.082346e+08
2.925266e+00 2.942602e+08
2.976351e+00 2.808677e+08
3.028329e+00 2.680878e+08
3.081214e+00 2.559138e+08
3.135022e+00 2.443266e+08
3.189770e+00 2.332425e+08
3.245474e+00 2.226063e+08
3.302151e+00 2.124958e+08
3.359818e+00 2.028624e+08
3.418492e+00 1.936588e+08
3.478191e+00 1.848651e+08
3.538932e+00 1.764554e+08
3.600733e+00 1.684273e+08
3.663615e+00 1.607662e+08
3.727594e+00 1.534456e+08
3.792690e+00 1.464547e+08
3.858923e+00 1.397819e+08
3.926313e+00 1.334423e+08
3.994880e+00 1.274163e+08
4.064644e+00 1.215808e+08
4.135627e+00 1.160113e+08
4.207849e+00 1.107300e+08
4.281332e+00 1.056914e+08
4.356099e+00 1.008856e+08
4.432171e+00 9.631069e+07
4.509572e+00 9.194222e+07
4.588325e+00 8.776843e+07
4.668452e+00 8.375974e+07
4.749979e+00 7.994864e+07
4.832930e+00 7.629431e+07
4.917330e+00 7.280142e+07
5.003203e+00 6.947163e+07
5.090576e+00 6.628978e+07
5.179475e+00 6.326495e+07
5.269926e+00 6.038179e+07
5.361957e+00 5.763079e+07
5.455595e+00 5.499472e+07
5.550868e+00 5.248899e+07
5.647805e+00 5.010261e+07
5.746435e+00 4.781747e+07
5.846787e+00 4.564628e+07
5.948892e+00 4.357560e+07
6.052780e+00 4.156921e+07
6.158482e+00 3.965806e+07
6.266030e+00 3.783261e+07
6.375456e+00 3.610795e+07
6.486794e+00 3.446651e+07
6.600075e+00 3.288167e+07
6.715335e+00 3.138181e+07
6.832607e+00 2.994952e+07
6.951928e+00 2.858699e+07
7.073332e+00 2.728067e+07
7.196857e+00 2.602782e+07
7.322538e+00 2.483687e+07
7.450415e+00 2.370842e+07
7.580524e+00 2.262934e+07
7.712906e+00 2.159675e+07
7.847600e+00 2.061018e+07
7.984645e+00 1.968137e+07
8.124085e+00 1.878328e+07
8.265959e+00 1.792217e+07
8.410311e+00 1.709996e+07
8.557183e+00 1.631869e+07
8.706621e+00 1.557519e+07
8.858668e+00 1.486647e+07
9.013370e+00 1.418422e+07
9.170775e+00 1.353613e+07
9.330927e+00 1.292050e+07
9.493877e+00 1.233712e+07
9.659673e+00 1.176840e+07
9.828363e+00 1.123156e+07
1.000000e+01 1.072628e+07
1.017463e+01 1.023926e+07
1.035232e+01 9.768984e+06
1.053310e+01 9.320070e+06
1.071705e+01 8.894184e+06
1.090420e+01 8.486097e+06
1.109463e+01 8.099789e+06
1.128838e+01 7.728508e+06
1.148551e+01 7.374624e+06
1.168609e+01 7.036792e+06
1.189017e+01 6.714840e+06
1.209781e+01 6.406073e+06
1.230908e+01 6.110084e+06
1.252404e+01 5.828935e+06
1.274275e+01 5.561805e+06
1.296528e+01 5.308455e+06
1.319170e+01 5.063759e+06
1.342207e+01 4.833325e+06
1.365647e+01 4.613187e+06
1.389495e+01 4.403450e+06
1.413761e+01 4.203711e+06
1.438450e+01 4.012115e+06
1.463570e+01 3.829314e+06
1.489129e+01 3.653258e+06
1.515134e+01 3.486716e+06
1.541594e+01 3.327543e+06
1.568515e+01 3.174814e+06
1.595907e+01 3.028091e+06
1.623777e+01 2.888578e+06
1.652133e+01 2.756097e+06
1.680985e+01 2.630192e+06
1.710341e+01 2.510593e+06
1.740209e+01 2.395424e+06
1.770599e+01 2.285963e+06
1.801520e+01 2.181468e+06
1.832981e+01 2.081715e+06
1.864991e+01 1.986489e+06
1.897560e+01 1.895258e+06
1.930698e+01 1.808753e+06
1.964414e+01 1.725973e+06
1.998720e+01 1.646900e+06
2.033624e+01 1.570826e+06
2.069138e+01 1.498303e+06
2.105272e+01 1.429395e+06
2.142037e+01 1.363570e+06
2.179445e+01 1.300876e+06
2.217505e+01 1.241254e+06
2.256230e+01 1.184742e+06
2.295632e+01 1.130315e+06
2.335721e+01 1.078147e+06
2.376511e+01 1.028486e+06
2.418013e+01 9.813755e+05
2.460240e+01 9.361802e+05
2.503204e+01 8.930488e+05
2.546918e+01 8.518848e+05
2.591396e+01 8.124698e+05
2.636651e+01 7.750909e+05
2.682696e+01 7.393346e+05
2.729545e+01 7.051745e+05
2.777212e+01 6.727711e+05
2.825712e+01 6.417074e+05
2.875058e+01 6.120347e+05
2.925266e+01 5.836591e+05
2.976351e+01 5.566330e+05
3.028329e+01 5.307509e+05
3.081214e+01 5.061327e+05
3.135022e+01 4.826600e+05
3.189770e+01 4.602527e+05
3.245474e+01 4.388883e+05
3.302151e+01 4.184293e+05
3.359818e+01 3.989391e+05
3.418492e+01 3.803762e+05
3.478191e+01 3.627196e+05
3.538932e+01 3.458143e+05
3.600733e+01 3.296855e+05
3.663615e+01 3.143718e+05
3.727594e+01 2.997817e+05
3.792690e+01 2.857887e+05
3.858923e+01 2.724139e+05
3.926313e+01 2.597255e+05
3.994880e+01 2.475620e+05
4.064644e+01 2.359863e+05
4.135627e+01 2.249505e+05
4.207849e+01 2.143759e+05
4.281332e+01 2.043208e+05
4.356099e+01 1.947331e+05
4.432171e+01 1.856184e+05
4.509572e+01 1.769275e+05
4.588325e+01 1.685808e+05
4.668452e+01 1.606471e+05
4.749979e+01 1.530822e+05
4.832930e+01 1.458473e+05
4.917330e+01 1.389558e+05
5.003203e+01 1.324045e+05
5.090576e+01 1.261473e+05
5.179475e+01 1.201932e+05
5.269926e+01 1.145151e+05
5.361957e+01 1.090980e+05
5.455595e+01 1.039161e+05
5.550868e+01 9.900881e+04
5.647805e+01 9.428701e+04
5.746435e+01 8.981267e+04
5.846787e+01 8.556685e+04
5.948892e+01 8.150230e+04
6.052780e+01 7.760761e+04
6.158482e+01 7.390604e+04
6.266030e+01 7.038105e+04
6.375456e+01 6.703546e+04
6.486794e+01 6.382950e+04
6.600075e+01 6.078587e+04
6.715335e+01 5.786278e+04
6.832607e+01 5.508433e+04
6.951928e+01 5.243356e+04
7.073332e+01 4.992883e+04
7.196857e+01 4.753302e+04
7.322538e+01 4.526379e+04
7.450415e+01 4.307675e+04
7.580524e+01 4.099185e+04
7.712906e+01 3.901276e+04
7.847600e+01 3.712943e+04
7.984645e+01 3.533859e+04
8.124085e+01 3.363905e+04
8.265959e+01 3.199942e+04
8.410311e+01 3.044415e+04
8.557183e+01 2.895631e+04
8.706621e+01 2.755271e+04
8.858668e+01 2.620837e+04
9.013370e+01 2.493586e+04
9.170775e+01 2.371627e+04
9.330927e+01 2.254820e+04
9.493877e+01 2.144757e+04
9.659673e+01 2.038064e+04
9.828363e+01 1.937919e+04
1.000000e+02 1.841931e+04
1.017463e+02 1.750868e+04
1.035232e+02 1.663694e+04
1.053310e+02 1.581088e+04
1.071705e+02 1.503417e+04
1.090420e+02 1.428334e+04
1.109463e+02 1.357481e+04
1.128838e+02 1.289886e+04
1.148551e+02 1.225227e+04
1.168609e+02 1.164255e+04
1.189017e+02 1.106563e+04
1.209781e+02 1.050936e+04
1.230908e+02 9.981412e+03
1.252404e+02 9.484207e+03
1.274275e+02 9.006819e+03
1.296528e+02 8.551147e+03
1.319170e+02 8.124015e+03
1.342207e+02 7.711215e+03
1.365647e+02 7.323594e+03
1.389495e+02 6.952219e+03
1.413761e+02 6.602059e+03
1.438450e+02 6.263602e+03
1.463570e+02 5.944302e+03
1.489129e+02 5.637882e+03
1.515134e+02 5.346467e+03
1.541594e+02 5.071691e+03
1.568515e+02 4.811548e+03
1.595907e+02 4.562233e+03
1.623777e+02 4.325543e+03
1.652133e+02 4.102785e+03
1.680985e+02 3.889408e+03
1.710341e+02 3.686668e+03
1.740209e+02 3.494653e+03
1.770599e+02 3.312120e+03
1.801520e+02 3.137497e+03
1.832981e+02 2.971637e+03
1.864991e+02 2.814330e+03
1.897560e+02 2.663884e+03
1.930698e+02 2.522640e+03
1.964414e+02 2.388091e+03
1.998720e+02 2.261226e+03
2.033624e+02 2.139157e+03
2.069138e+02 2.023351e+03
2.105272e+02 1.914079e+03
2.142037e+02 1.809705e+03
2.179445e+02 1.710832e+03
2.217505e+02 1.617754e+03
2.256230e+02 1.531487e+03
2.295632e+02 1.447146e+03
2.335721e+02 1.369010e+03
2.376511e+02 1.295110e+03
2.418013e+02 1.223506e+03
2.460240e+02 1.156077e+03
2.503204e+02 1.092280e+03
2.546918e+02 1.030959e+03
2.591396e+02 9.738399e+02
2.636651e+02 9.194653e+02
2.682696e+02 8.689002e+02
2.729545e+02 8.206880e+02
2.777212e+02 7.744002e+02
2.825712e+02 7.303043e+02
2.875058e+02 6.885488e+02
2.925266e+02 6.491928e+02
2.976351e+02 6.123689e+02
3.028329e+02 5.769617e+02
3.081214e+02 5.435337e+02
3.135022e+02 5.116681e+02
3.189770e+02 4.818480e+02
3.245474e+02 4.540402e+02
3.302151e+02 4.274540e+02
3.359818e+02 4.025852e+02
3.418492e+02 3.786927e+02
3.478191e+02 3.560743e+02
3.538932e+02 3.349938e+02
3.600733e+02 3.146708e+02
3.663615e+02 2.961680e+02
3.727594e+02 2.781843e+02
3.792690e+02 2.613508e+02
3.858923e+02 2.457945e+02
3.926313e+02 2.309811e+02
3.994880e+02 2.167569e+02
4.064644e+02 2.033416e+02
4.135627e+02 1.905985e+02
4.207849e+02 1.786089e+02
4.281332e+02 1.673168e+02
4.356099e+02 1.566032e+02
4.432171e+02 1.466172e+02
4.509572e+02 1.373165e+02
4.588325e+02 1.285107e+02
4.668452e+02 1.201933e+02
4.749979e+02 1.125120e+02
4.832930e+02 1.053063e+02
4.917330e+02 9.845248e+01
5.003203e+02 9.188193e+01
5.090576e+02 8.581848e+01
5.179475e+02 8.007589e+01
5.269926e+02 7.471224e+01
5.361957e+02 6.971405e+01
5.455595e+02 6.494692e+01
5.550868e+02 6.056688e+01
5.647805e+02 5.648987e+01
5.746435e+02 5.255546e+01
5.846787e+02 4.889143e+01
5.948892e+02 4.550464e+01
6.052780e+02 4.227563e+01
6.158482e+02 3.930160e+01
6.266030e+02 3.649933e+01
6.375456e+02 3.386152e+01
6.486794e+02 3.147364e+01
6.600075e+02 2.919585e+01
6.715335e+02 2.706264e+01
6.832607e+02 2.505802e+01
6.951928e+02 2.321552e+01
7.073332e+02 2.153658e+01
7.196857e+02 1.995564e+01
7.322538e+02 1.844852e+01
7.450415e+02 1.707659e+01
7.580524e+02 1.577836e+01
7.712906e+02 1.457434e+01
7.847600e+02 1.342952e+01
7.984645e+02 1.236691e+01
8.124085e+02 1.138115e+01
8.265959e+02 1.046721e+01
8.410311e+02 9.624735e+00
8.557183e+02 8.852730e+00
8.706621e+02 8.125395e+00
8.858668e+02 7.451494e+00
9.013370e+02 6.828672e+00
9.170775e+02 6.253423e+00
9.330927e+02 5.722879e+00
9.493877e+02 5.233873e+00
9.659673e+02 4.782310e+00
9.828363e+02 4.366350e+00
1.000000e+03 3.986529e+00
