1.000000e+00 4.520163e+09 5.605260e+09
1.017463e+00 4.318029e+09 5.350474e+09
1.035232e+00 4.125925e+09 5.106903e+09
1.053310e+00 3.942545e+09 4.873752e+09
1.071705e+00 3.767312e+09 4.650488e+09
1.090420e+00 3.599307e+09 4.437865e+09
1.109463e+00 3.437342e+09 4.236003e+09
1.128838e+00 3.282994e+09 4.041773e+09
1.148551e+00 3.136196e+09 3.856885e+09
1.168609e+00 2.995959e+09 3.681656e+09
1.189017e+00 2.862467e+09 3.515736e+09
1.209781e+00 2.734599e+09 3.357290e+09
1.230908e+00 2.612244e+09 3.205406e+09
1.252404e+00 2.495361e+09 3.058705e+09
1.274275e+00 2.383612e+09 2.918104e+09
1.296528e+00 2.276103e+09 2.785352e+09
1.319170e+00 2.173442e+09 2.659416e+09
1.342207e+00 2.076253e+09 2.538747e+09
1.365647e+00 1.983785e+09 2.422999e+09
1.389495e+00 1.895434e+09 2.312464e+09
1.413761e+00 1.811016e+09 2.207520e+09
1.438450e+00 1.729894e+09 2.106831e+09
1.463570e+00 1.651674e+09 2.010121e+09
1.489129e+00 1.576979e+09 1.918198e+09
1.515134e+00 1.505956e+09 1.830588e+09
1.541594e+00 1.438651e+09 1.747298e+09
1.568515e+00 1.374037e+09 1.666840e+09
1.595907e+00 1.312773e+09 1.591301e+09
1.623777e+00 1.254359e+09 1.518672e+09
1.652133e+00 1.198542e+09 1.449644e+09
1.680985e+00 1.145285e+09 1.383756e+09
1.710341e+00 1.094194e+09 1.320066e+09
1.740209e+00 1.045016e+09 1.259781e+09
1.770599e+00 9.979024e+08 1.202516e+09
1.801520e+00 9.531935e+08 1.147823e+09
1.832981e+00 9.105755e+08 1.095174e+09
1.864991e+00 8.698826e+08 1.045544e+09
1.897560e+00 8.308453e+08 9.982198e+08
1.930698e+00 7.935092e+08 9.526676e+08
1.964414e+00 7.576049e+08 9.093167e+08
1.998720e+00 7.236879e+08 8.676761e+08
2.033624e+00 6.914018e+08 8.283972e+08
2.069138e+00 6.604147e+08 7.909413e+08
2.105272e+00 6.307502e+08 7.550896e+08
2.142037e+00 6.024169e+08 7.209038e+08
2.179445e+00 5.753929e+08 6.880389e+08
2.217505e+00 5.496317e+08 6.567325e+08
2.256230e+00 5.248664e+08 6.267302e+08
2.295632e+00 5.011882e+08 5.982860e+08
2.335721e+00 4.784161e+08 5.709521e+08
2.376511e+00 4.571262e+08 5.448202e+08
2.418013e+00 4.365995e+08 5.196694e+08
2.460240e+00 4.169370e+08 4.960849e+08
2.503204e+00 3.981880e+08 4.735747e+08
2.546918e+00 3.802815e+08 4.519434e+08
2.591396e+00 3.631798e+08 4.314813e+08
2.636651e+00 3.469068e+08 4.120085e+08
2.682696e+00 3.313138e+08 3.933393e+08
2.729545e+00 3.164696e+08 3.755306e+08
2.777212e+00 3.023285e+08 3.584495e+08
2.825712e+00 2.888035e+08 3.421869e+08
2.875058e+00 2.758712e+08 3.266656e+08
2.925266e+00 2.634494e+08 3.116967e+08
2.976351e+00 2.516308e+08 2.972859e+08
3.028329e+00 2.403137e+08 2.837708e+08
3.081214e+00 2.295770e+08 2.708100e+08
3.135022e+00 2.191883e+08 2.585809e+08
3.189770e+00 2.094458e+08 2.467931e+08
3.245474e+00 1.999946e+08 2.355380e+08
3.302151e+00 1.909266e+08 2.248553e+08
3.359818e+00 1.823766e+08 2.145252e+08
3.418492e+00 1.741391e+08 2.047752e+08
3.478191e+00 1.663087e+08 1.954754e+08
3.538932e+00 1.588293e+08 1.866136e+08
3.600733e+00 1.517857e+08 1.781066e+08
3.663615e+00 1.450868e+08 1.700401e+08
3.727594e+00 1.385215e+08 1.622284e+08
3.792690e+00 1.322559e+08 1.548667e+08
3.858923e+00 1.263026e+08 1.477982e+08
3.926313e+00 1.206744e+08 1.411072e+08
3.994880e+00 1.153412e+08 1.346837e+08
4.064644e+00 1.101850e+08 1.284586e+08
4.135627e+00 1.053098e+08 1.225960e+08
4.207849e+00 1.006822e+08 1.169690e+08
4.281332e+00 9.625022e+07 1.116303e+08
4.356099e+00 9.189504e+07 1.065511e+08
4.432171e+00 8.773670e+07 1.016955e+08
4.509572e+00 8.377745e+07 9.705972e+07
4.588325e+00 8.005660e+07 9.264577e+07
4.668452e+00 7.643660e+07 8.844582e+07
4.749979e+00 7.291115e+07 8.442130e+07
4.832930e+00 6.961958e+07 8.059166e+07
4.917330e+00 6.645961e+07 7.692784e+07
5.003203e+00 6.344326e+07 7.343407e+07
5.090576e+00 6.058037e+07 7.007947e+07
5.179475e+00 5.784399e+07 6.688749e+07
5.269926e+00 5.522657e+07 6.384453e+07
5.361957e+00 5.276311e+07 6.094628e+07
5.455595e+00 5.040590e+07 5.817122e+07
5.550868e+00 4.812335e+07 5.551376e+07
5.647805e+00 4.592094e+07 5.299037e+07
5.746435e+00 4.386497e+07 5.057866e+07
5.846787e+00 4.186832e+07 4.827441e+07
5.948892e+00 3.996530e+07 4.606976e+07
6.052780e+00 3.814562e+07 4.397652e+07
6.158482e+00 3.641621e+07 4.197369e+07
6.266030e+00 3.478923e+07 4.006214e+07
6.375456e+00 3.320623e+07 3.823736e+07
6.486794e+00 3.169967e+07 3.650179e+07
6.600075e+00 3.028207e+07 3.483927e+07
6.715335e+00 2.891627e+07 3.324734e+07
6.832607e+00 2.761639e+07 3.173139e+07
6.951928e+00 2.637534e+07 3.028700e+07
7.073332e+00 2.519507e+07 2.891075e+07
7.196857e+00 2.406558e+07 2.759662e+07
7.322538e+00 2.298127e+07 2.633873e+07
7.450415e+00 2.195234e+07 2.513937e+07
7.580524e+00 2.096420e+07 2.399002e+07
7.712906e+00 2.002312e+07 2.289576e+07
7.847600e+00 1.912474e+07 2.185129e+07
7.984645e+00 1.825641e+07 2.084828e+07
8.124085e+00 1.743417e+07 1.989999e+07
8.265959e+00 1.663885e+07 1.899241e+07
8.410311e+00 1.587832e+07 1.812387e+07
8.557183e+00 1.515750e+07 1.729726e+07
8.706621e+00 1.447040e+07 1.650553e+07
8.858668e+00 1.381822e+07 1.575376e+07
9.013370e+00 1.319533e+07 1.503429e+07
9.170775e+00 1.259195e+07 1.435104e+07
9.330927e+00 1.201898e+07 1.369204e+07
9.493877e+00 1.147179e+07 1.306526e+07
9.659673e+00 1.095052e+07 1.247142e+07
9.828363e+00 1.045661e+07 1.190282e+07
1.000000e+01 9.983396e+06 1.136025e+07
1.017463e+01 9.527244e+06 1.084233e+07
1.035232e+01 9.094042e+06 1.034813e+07
1.053310e+01 8.678437e+06 9.878123e+06
1.071705e+01 8.282267e+06 9.429404e+06
1.090420e+01 7.904706e+06 8.999108e+06
1.109463e+01 7.544171e+06 8.588776e+06
1.128838e+01 7.202330e+06 8.196887e+06
1.148551e+01 6.874032e+06 7.822295e+06
1.168609e+01 6.560125e+06 7.464431e+06
1.189017e+01 6.262885e+06 7.122513e+06
1.209781e+01 5.979800e+06 6.793994e+06
1.230908e+01 5.710398e+06 6.483110e+06
1.252404e+01 5.451365e+06 6.186865e+06
1.274275e+01 5.201532e+06 5.903912e+06
1.296528e+01 4.965114e+06 5.634024e+06
1.319170e+01 4.739178e+06 5.376645e+06
1.342207e+01 4.523134e+06 5.130971e+06
1.365647e+01 4.316592e+06 4.896470e+06
1.389495e+01 4.118629e+06 4.672535e+06
1.413761e+01 3.931285e+06 4.459531e+06
1.438450e+01 3.751598e+06 4.255439e+06
1.463570e+01 3.580195e+06 4.061124e+06
1.489129e+01 3.417132e+06 3.875103e+06
1.515134e+01 3.261353e+06 3.697855e+06
1.541594e+01 3.112494e+06 3.529777e+06
1.568515e+01 2.969424e+06 3.369005e+06
1.595907e+01 2.833843e+06 3.214454e+06
1.623777e+01 2.703835e+06 3.066954e+06
1.652133e+01 2.579100e+06 2.926175e+06
1.680985e+01 2.461552e+06 2.791839e+06
1.710341e+01 2.348840e+06 2.663627e+06
1.740209e+01 2.240241e+06 2.541229e+06
1.770599e+01 2.136706e+06 2.424532e+06
1.801520e+01 2.039297e+06 2.313583e+06
1.832981e+01 1.946216e+06 2.207412e+06
1.864991e+01 1.856365e+06 2.106587e+06
1.897560e+01 1.770977e+06 2.009376e+06
1.930698e+01 1.688670e+06 1.916745e+06
1.964414e+01 1.611067e+06 1.828603e+06
1.998720e+01 1.536399e+06 1.744567e+06
2.033624e+01 1.466146e+06 1.663920e+06
2.069138e+01 1.398182e+06 1.586881e+06
2.105272e+01 1.333265e+06 1.513480e+06
2.142037e+01 1.271513e+06 1.443879e+06
2.179445e+01 1.212871e+06 1.378093e+06
2.217505e+01 1.157240e+06 1.315079e+06
2.256230e+01 1.103474e+06 1.254996e+06
2.295632e+01 1.052343e+06 1.197096e+06
2.335721e+01 1.003810e+06 1.141757e+06
2.376511e+01 9.571460e+05 1.088778e+06
2.418013e+01 9.129317e+05 1.038658e+06
2.460240e+01 8.705934e+05 9.908190e+05
2.503204e+01 8.302089e+05 9.449258e+05
2.546918e+01 7.918177e+05 9.011947e+05
2.591396e+01 7.549832e+05 8.595272e+05
2.636651e+01 7.199748e+05 8.199299e+05
2.682696e+01 6.866554e+05 7.822206e+05
2.729545e+01 6.545780e+05 7.459902e+05
2.777212e+01 6.241527e+05 7.113855e+05
2.825712e+01 5.951552e+05 6.783710e+05
2.875058e+01 5.675471e+05 6.472848e+05
2.925266e+01 5.410889e+05 6.177392e+05
2.976351e+01 5.161776e+05 5.893975e+05
3.028329e+01 4.924434e+05 5.618544e+05
3.081214e+01 4.695596e+05 5.359325e+05
3.135022e+01 4.478325e+05 5.109745e+05
3.189770e+01 4.269479e+05 4.873520e+05
3.245474e+01 4.070359e+05 4.646262e+05
3.302151e+01 3.880108e+05 4.428788e+05
3.359818e+01 3.699211e+05 4.223415e+05
3.418492e+01 3.526998e+05 4.027858e+05
3.478191e+01 3.362002e+05 3.841834e+05
3.538932e+01 3.204164e+05 3.662350e+05
3.600733e+01 3.054642e+05 3.491456e+05
3.663615e+01 2.911626e+05 3.328433e+05
3.727594e+01 2.774517e+05 3.172630e+05
3.792690e+01 2.644181e+05 3.024090e+05
3.858923e+01 2.520553e+05 2.882389e+05
3.926313e+01 2.401833e+05 2.747244e+05
3.994880e+01 2.289753e+05 2.618353e+05
4.064644e+01 2.182341e+05 2.495431e+05
4.135627e+01 2.080209e+05 2.378202e+05
4.207849e+01 1.983182e+05 2.266405e+05
4.281332e+01 1.890379e+05 2.159610e+05
4.356099e+01 1.801948e+05 2.057950e+05
4.432171e+01 1.717059e+05 1.960838e+05
4.509572e+01 1.636797e+05 1.868405e+05
4.588325e+01 1.560001e+05 1.780265e+05
4.668452e+01 1.486253e+05 1.696368e+05
4.749979e+01 1.415695e+05 1.616361e+05
4.832930e+01 1.349078e+05 1.540010e+05
4.917330e+01 1.285884e+05 1.467604e+05
5.003203e+01 1.225180e+05 1.398542e+05
5.090576e+01 1.167017e+05 1.332429e+05
5.179475e+01 1.112157e+05 1.269956e+05
5.269926e+01 1.059851e+05 1.209860e+05
5.361957e+01 1.009632e+05 1.152693e+05
5.455595e+01 9.616183e+04 1.098374e+05
5.550868e+01 9.161040e+04 1.046641e+05
5.647805e+01 8.729450e+04 9.969180e+04
5.746435e+01 8.313469e+04 9.491265e+04
5.846787e+01 7.916902e+04 9.039911e+04
5.948892e+01 7.538355e+04 8.612559e+04
6.052780e+01 7.180537e+04 8.205110e+04
6.158482e+01 6.836660e+04 7.815459e+04
6.266030e+01 6.511432e+04 7.436620e+04
6.375456e+01 6.202357e+04 7.088726e+04
6.486794e+01 5.906514e+04 6.748115e+04
6.600075e+01 5.625386e+04 6.424527e+04
6.715335e+01 5.354463e+04 6.115529e+04
6.832607e+01 5.097095e+04 5.824403e+04
6.951928e+01 4.852437e+04 5.544411e+04
7.073332e+01 4.621302e+04 5.278225e+04
7.196857e+01 4.399469e+04 5.025489e+04
7.322538e+01 4.188689e+04 4.782531e+04
7.450415e+01 3.986542e+04 4.553066e+04
7.580524e+01 3.795399e+04 4.332627e+04
7.712906e+01 3.611549e+04 4.122364e+04
7.847600e+01 3.437792e+04 3.923107e+04
7.984645e+01 3.271610e+04 3.732591e+04
8.124085e+01 3.112609e+04 3.551071e+04
8.265959e+01 2.961666e+04 3.378335e+04
8.410311e+01 2.818491e+04 3.214162e+04
8.557183e+01 2.680512e+04 3.057902e+04
8.706621e+01 2.550768e+04 2.908997e+04
8.858668e+01 2.427368e+04 2.768083e+04
9.013370e+01 2.309158e+04 2.634215e+04
9.170775e+01 2.195806e+04 2.504927e+04
9.330927e+01 2.088761e+04 2.382797e+04
9.493877e+01 1.986335e+04 2.265948e+04
9.659673e+01 1.889539e+04 2.154890e+04
9.828363e+01 1.796577e+04 2.048341e+04
1.000000e+02 1.707378e+04 1.946909e+04
1.017463e+02 1.624267e+04 1.850952e+04
1.035232e+02 1.544274e+04 1.759011e+04
1.053310e+02 1.468714e+04 1.671641e+04
1.071705e+02 1.395718e+04 1.588416e+04
1.090420e+02 1.326406e+04 1.510095e+04
1.109463e+02 1.260315e+04 1.435006e+04
1.128838e+02 1.197863e+04 1.363738e+04
1.148551e+02 1.138509e+04 1.295990e+04
1.168609e+02 1.081700e+04 1.231191e+04
1.189017e+02 1.027780e+04 1.170526e+04
1.209781e+02 9.754632e+03 1.112236e+04
1.230908e+02 9.267880e+03 1.058069e+04
1.252404e+02 8.797597e+03 1.005250e+04
1.274275e+02 8.356454e+03 9.540790e+03
1.296528e+02 7.935544e+03 9.046925e+03
1.319170e+02 7.534633e+03 8.595486e+03
1.342207e+02 7.149868e+03 8.166208e+03
1.365647e+02 6.786736e+03 7.754559e+03
1.389495e+02 6.442172e+03 7.363599e+03
1.413761e+02 6.113453e+03 6.990406e+03
1.438450e+02 5.793276e+03 6.636643e+03
1.463570e+02 5.489731e+03 6.296938e+03
1.489129e+02 5.209813e+03 5.978830e+03
1.515134e+02 4.938332e+03 5.674377e+03
1.541594e+02 4.683569e+03 5.384593e+03
1.568515e+02 4.441577e+03 5.111432e+03
1.595907e+02 4.209580e+03 4.849381e+03
1.623777e+02 3.992799e+03 4.602337e+03
1.652133e+02 3.786306e+03 4.365074e+03
1.680985e+02 3.589993e+03 4.144776e+03
1.710341e+02 3.401169e+03 3.931647e+03
1.740209e+02 3.218450e+03 3.729021e+03
1.770599e+02 3.046511e+03 3.538092e+03
1.801520e+02 2.883841e+03 3.357174e+03
1.832981e+02 2.728429e+03 3.184550e+03
1.864991e+02 2.585812e+03 3.019615e+03
1.897560e+02 2.448933e+03 2.863045e+03
1.930698e+02 2.317275e+03 2.714983e+03
1.964414e+02 2.191917e+03 2.574769e+03
1.998720e+02 2.075948e+03 2.442221e+03
2.033624e+02 1.963869e+03 2.315996e+03
2.069138e+02 1.858285e+03 2.194838e+03
2.105272e+02 1.756467e+03 2.080027e+03
2.142037e+02 1.660884e+03 1.969883e+03
2.179445e+02 1.570840e+03 1.865177e+03
2.217505e+02 1.485812e+03 1.766226e+03
2.256230e+02 1.405214e+03 1.672443e+03
2.295632e+02 1.326340e+03 1.581871e+03
2.335721e+02 1.252161e+03 1.497143e+03
2.376511e+02 1.183090e+03 1.417338e+03
2.418013e+02 1.118201e+03 1.342372e+03
2.460240e+02 1.056210e+03 1.269737e+03
2.503204e+02 9.981597e+02 1.201059e+03
2.546918e+02 9.416238e+02 1.136155e+03
2.591396e+02 8.873503e+02 1.074522e+03
2.636651e+02 8.373043e+02 1.015667e+03
2.682696e+02 7.888400e+02 9.607928e+02
2.729545e+02 7.451522e+02 9.093284e+02
2.777212e+02 7.006920e+02 8.594885e+02
2.825712e+02 6.607881e+02 8.131935e+02
2.875058e+02 6.227942e+02 7.687655e+02
2.925266e+02 5.870634e+02 7.258855e+02
2.976351e+02 5.528895e+02 6.851647e+02
3.028329e+02 5.194099e+02 6.475653e+02
3.081214e+02 4.887317e+02 6.114717e+02
3.135022e+02 4.593968e+02 5.770809e+02
3.189770e+02 4.319255e+02 5.443967e+02
3.245474e+02 4.055413e+02 5.132173e+02
3.302151e+02 3.811693e+02 4.840709e+02
3.359818e+02 3.579327e+02 4.560672e+02
3.418492e+02 3.371035e+02 4.305011e+02
3.478191e+02 3.167367e+02 4.065185e+02
3.538932e+02 2.971919e+02 3.836001e+02
3.600733e+02 2.787836e+02 3.610367e+02
3.663615e+02 2.614314e+02 3.407586e+02
3.727594e+02 2.449845e+02 3.204802e+02
3.792690e+02 2.294753e+02 3.021336e+02
3.858923e+02 2.149393e+02 2.843802e+02
3.926313e+02 2.012796e+02 2.677178e+02
3.994880e+02 1.884776e+02 2.521156e+02
4.064644e+02 1.762224e+02 2.375697e+02
4.135627e+02 1.647664e+02 2.239821e+02
4.207849e+02 1.540242e+02 2.110695e+02
4.281332e+02 1.439133e+02 1.987686e+02
4.356099e+02 1.343173e+02 1.868941e+02
4.432171e+02 1.254900e+02 1.757211e+02
4.509572e+02 1.171113e+02 1.651040e+02
4.588325e+02 1.092897e+02 1.553021e+02
4.668452e+02 1.021454e+02 1.459393e+02
4.749979e+02 9.507383e+01 1.372565e+02
4.832930e+02 8.850679e+01 1.289068e+02
4.917330e+02 8.242974e+01 1.212257e+02
5.003203e+02 7.685323e+01 1.135427e+02
5.090576e+02 7.159554e+01 1.064018e+02
5.179475e+02 6.680336e+01 9.992493e+01
5.269926e+02 6.224944e+01 9.379263e+01
5.361957e+02 5.777498e+01 8.790646e+01
5.455595e+02 5.379752e+01 8.242599e+01
5.550868e+02 5.004695e+01 7.731836e+01
5.647805e+02 4.651077e+01 7.232253e+01
5.746435e+02 4.311909e+01 6.776732e+01
5.846787e+02 3.998426e+01 6.349792e+01
5.948892e+02 3.711273e+01 5.960068e+01
6.052780e+02 3.434670e+01 5.577985e+01
6.158482e+02 3.172073e+01 5.224691e+01
6.266030e+02 2.929996e+01 4.887937e+01
6.375456e+02 2.703799e+01 4.574722e+01
6.486794e+02 2.499105e+01 4.285948e+01
6.600075e+02 2.310002e+01 4.002119e+01
6.715335e+02 2.131574e+01 3.745049e+01
6.832607e+02 1.967894e+01 3.508174e+01
6.951928e+02 1.814698e+01 3.287364e+01
7.073332e+02 1.669260e+01 3.066898e+01
7.196857e+02 1.534446e+01 2.861207e+01
7.322538e+02 1.410521e+01 2.665715e+01
7.450415e+02 1.297500e+01 2.492425e+01
7.580524e+02 1.192878e+01 2.322967e+01
7.712906e+02 1.095960e+01 2.162739e+01
7.847600e+02 1.006232e+01 2.016368e+01
7.984645e+02 9.235174e+00 1.875598e+01
8.124085e+02 8.455780e+00 1.742750e+01
8.265959e+02 7.745527e+00 1.618542e+01
8.410311e+02 7.099393e+00 1.502460e+01
8.557183e+02 6.488838e+00 1.394420e+01
8.706621e+02 5.925761e+00 1.298569e+01
8.858668e+02 5.399315e+00 1.203571e+01
9.013370e+02 4.918281e+00 1.120180e+01
9.170775e+02 4.477697e+00 1.041191e+01
9.330927e+02 4.079380e+00 9.648323e+00
9.493877e+02 3.715482e+00 8.938941e+00
9.659673e+02 3.381243e+00 8.289824e+00
9.828363e+02 3.074477e+00 7.667352e+00
1.000000e+03 2.793146e+00 7.078898e+00
