Energy(MeV)	Incoming Spectral Fluence(MeV-1 cm-2)	Residual Spectral Fluence(MeV-1 cm-2)(MeV-1 cm-2)
1.0000e-03	0.0000e+00	1.7240e+04
1.5000e-03	0.0000e+00	1.7244e+04
2.0000e-03	0.0000e+00	1.7246e+04
2.5000e-03	0.0000e+00	1.7248e+04
3.0000e-03	0.0000e+00	1.7250e+04
3.5000e-03	0.0000e+00	1.7252e+04
4.0000e-03	0.0000e+00	1.7253e+04
4.5000e-03	0.0000e+00	1.7254e+04
5.0000e-03	0.0000e+00	1.7255e+04
5.5000e-03	0.0000e+00	1.7256e+04
6.0000e-03	0.0000e+00	1.7257e+04
6.5000e-03	0.0000e+00	1.7257e+04
7.0000e-03	0.0000e+00	1.7258e+04
7.5000e-03	0.0000e+00	1.7259e+04
8.0000e-03	0.0000e+00	1.7259e+04
8.5000e-03	0.0000e+00	1.7260e+04
9.0000e-03	0.0000e+00	1.7261e+04
9.5000e-03	0.0000e+00	1.7261e+04
1.0000e-02	0.0000e+00	1.7262e+04
1.5000e-02	0.0000e+00	1.7265e+04
2.0000e-02	0.0000e+00	1.7268e+04
2.5000e-02	0.0000e+00	1.7270e+04
3.0000e-02	0.0000e+00	1.7272e+04
3.5000e-02	0.0000e+00	1.7274e+04
4.0000e-02	0.0000e+00	1.7281e+04
4.5000e-02	0.0000e+00	1.7286e+04
5.0000e-02	0.0000e+00	1.7291e+04
5.5000e-02	0.0000e+00	1.7296e+04
6.0000e-02	0.0000e+00	1.7300e+04
6.5000e-02	0.0000e+00	1.7304e+04
7.0000e-02	0.0000e+00	1.7307e+04
7.5000e-02	0.0000e+00	1.7311e+04
8.0000e-02	0.0000e+00	1.7314e+04
8.5000e-02	0.0000e+00	1.7317e+04
9.0000e-02	0.0000e+00	1.7320e+04
9.5000e-02	0.0000e+00	1.7325e+04
1.0000e-01	0.0000e+00	1.7330e+04
1.5000e-01	0.0000e+00	1.7370e+04
2.0000e-01	0.0000e+00	1.7411e+04
2.5000e-01	0.0000e+00	1.7453e+04
3.0000e-01	0.0000e+00	1.7495e+04
3.5000e-01	0.0000e+00	1.7537e+04
4.0000e-01	0.0000e+00	1.7578e+04
4.5000e-01	0.0000e+00	1.7620e+04
5.0000e-01	0.0000e+00	1.7661e+04
5.5000e-01	0.0000e+00	1.7702e+04
6.0000e-01	0.0000e+00	1.7742e+04
6.5000e-01	0.0000e+00	1.7781e+04
7.0000e-01	0.0000e+00	1.7820e+04
7.5000e-01	0.0000e+00	1.7859e+04
8.0000e-01	0.0000e+00	1.7900e+04
8.5000e-01	0.0000e+00	1.7942e+04
9.0000e-01	0.0000e+00	1.7983e+04
9.5000e-01	0.0000e+00	1.8024e+04
1.0000e+00	6.1884e+08	1.8066e+04
1.0116e+00	6.0569e+08	1.8076e+04
1.0233e+00	5.9283e+08	1.8085e+04
1.0352e+00	5.8024e+08	1.8095e+04
1.0472e+00	5.6791e+08	1.8105e+04
1.0594e+00	5.5585e+08	1.8115e+04
1.0716e+00	5.4404e+08	1.8126e+04
1.0841e+00	5.3248e+08	1.8136e+04
1.0966e+00	5.2116e+08	1.8146e+04
1.1094e+00	5.1009e+08	1.8157e+04
1.1222e+00	4.9925e+08	1.8168e+04
1.1353e+00	4.8863e+08	1.8179e+04
1.1484e+00	4.7824e+08	1.8190e+04
1.1617e+00	4.6808e+08	1.8201e+04
1.1752e+00	4.5812e+08	1.8212e+04
1.1888e+00	4.4838e+08	1.8223e+04
1.2026e+00	4.3884e+08	1.8235e+04
1.2166e+00	4.2951e+08	1.8247e+04
1.2307e+00	4.2037e+08	1.8259e+04
1.2450e+00	4.1143e+08	1.8270e+04
1.2594e+00	4.0267e+08	1.8282e+04
1.2740e+00	3.9410e+08	1.8295e+04
1.2888e+00	3.8571e+08	1.8307e+04
1.3037e+00	3.7750e+08	1.8319e+04
1.3189e+00	3.6946e+08	1.8332e+04
1.3342e+00	3.6160e+08	1.8345e+04
1.3496e+00	3.5390e+08	1.8358e+04
1.3653e+00	3.4636e+08	1.8371e+04
1.3811e+00	3.3895e+08	1.8384e+04
1.3971e+00	3.3167e+08	1.8398e+04
1.4134e+00	3.2454e+08	1.8411e+04
1.4297e+00	3.1756e+08	1.8425e+04
1.4463e+00	3.1074e+08	1.8439e+04
1.4631e+00	3.0405e+08	1.8453e+04
1.4801e+00	2.9752e+08	1.8467e+04
1.4972e+00	2.9115e+08	1.8481e+04
1.5146e+00	2.8494e+08	1.8496e+04
1.5322e+00	2.7886e+08	1.8511e+04
1.5499e+00	2.7291e+08	1.8526e+04
1.5679e+00	2.6709e+08	1.8541e+04
1.5861e+00	2.6139e+08	1.8556e+04
1.6045e+00	2.5581e+08	1.8571e+04
1.6231e+00	2.5035e+08	1.8587e+04
1.6419e+00	2.4500e+08	1.8603e+04
1.6610e+00	2.3977e+08	1.8619e+04
1.6803e+00	2.3465e+08	1.8635e+04
1.6997e+00	2.2964e+08	1.8651e+04
1.7195e+00	2.2473e+08	1.8668e+04
1.7394e+00	2.1993e+08	1.8684e+04
1.7596e+00	2.1523e+08	1.8701e+04
1.7800e+00	2.1063e+08	1.8718e+04
1.8006e+00	2.0613e+08	1.8736e+04
1.8215e+00	2.0172e+08	1.8753e+04
1.8426e+00	1.9741e+08	1.8771e+04
1.8640e+00	1.9318e+08	1.8789e+04
1.8856e+00	1.8905e+08	1.8807e+04
1.9075e+00	1.8501e+08	1.8826e+04
1.9296e+00	1.8105e+08	1.8844e+04
1.9520e+00	1.7717e+08	1.8863e+04
1.9747e+00	1.7338e+08	1.8882e+04
1.9976e+00	1.6966e+08	1.8901e+04
2.0207e+00	1.6603e+08	1.8921e+04
2.0442e+00	1.6247e+08	1.8940e+04
2.0679e+00	1.5899e+08	1.8960e+04
2.0919e+00	1.5559e+08	1.8980e+04
2.1161e+00	1.5225e+08	1.9001e+04
2.1407e+00	1.4899e+08	1.9021e+04
2.1655e+00	1.4579e+08	1.9042e+04
2.1906e+00	1.4267e+08	1.9063e+04
2.2160e+00	1.3960e+08	1.9085e+04
2.2417e+00	1.3661e+08	1.9106e+04
2.2677e+00	1.3368e+08	1.9128e+04
2.2940e+00	1.3081e+08	1.9150e+04
2.3206e+00	1.2800e+08	1.9173e+04
2.3476e+00	1.2525e+08	1.9196e+04
2.3748e+00	1.2256e+08	1.9218e+04
2.4023e+00	1.1994e+08	1.9242e+04
2.4302e+00	1.1737e+08	1.9265e+04
2.4584e+00	1.1486e+08	1.9289e+04
2.4869e+00	1.1240e+08	1.9313e+04
2.5158e+00	1.1000e+08	1.9337e+04
2.5449e+00	1.0764e+08	1.9362e+04
2.5745e+00	1.0534e+08	1.9347e+04
2.6043e+00	1.0308e+08	1.9329e+04
2.6345e+00	1.0088e+08	1.9348e+04
2.6651e+00	9.8719e+07	1.9369e+04
2.6960e+00	9.6606e+07	1.9396e+04
2.7273e+00	9.4537e+07	1.9422e+04
2.7589e+00	9.2497e+07	1.9449e+04
2.7909e+00	9.0500e+07	1.9476e+04
2.8233e+00	8.8545e+07	1.9503e+04
2.8560e+00	8.6633e+07	1.9531e+04
2.8891e+00	8.4762e+07	1.9558e+04
2.9226e+00	8.2931e+07	1.9587e+04
2.9565e+00	8.1139e+07	1.9615e+04
2.9908e+00	7.9398e+07	1.9644e+04
3.0255e+00	7.7694e+07	1.9674e+04
3.0606e+00	7.6026e+07	1.9703e+04
3.0961e+00	7.4395e+07	1.9733e+04
3.1320e+00	7.2798e+07	1.9764e+04
3.1684e+00	7.1236e+07	1.9794e+04
3.2051e+00	6.9707e+07	1.9825e+04
3.2423e+00	6.8211e+07	1.9857e+04
3.2799e+00	6.6747e+07	1.9889e+04
3.3179e+00	6.5315e+07	1.9921e+04
3.3564e+00	6.3913e+07	1.9953e+04
3.3954e+00	6.2541e+07	1.9986e+04
3.4347e+00	6.1199e+07	2.0020e+04
3.4746e+00	5.9886e+07	2.0053e+04
3.5149e+00	5.8591e+07	2.0087e+04
3.5556e+00	5.7323e+07	2.0122e+04
3.5969e+00	5.6083e+07	2.0157e+04
3.6386e+00	5.4870e+07	2.0192e+04
3.6808e+00	5.3682e+07	2.0228e+04
3.7235e+00	5.2519e+07	2.0264e+04
3.7667e+00	5.1378e+07	2.0301e+04
3.8104e+00	5.0268e+07	2.0338e+04
3.8546e+00	4.9181e+07	2.0375e+04
3.8993e+00	4.8118e+07	2.0413e+04
3.9445e+00	4.7078e+07	2.0452e+04
3.9903e+00	4.6061e+07	2.0491e+04
4.0365e+00	4.5065e+07	2.0530e+04
4.0834e+00	4.4091e+07	2.0570e+04
4.1307e+00	4.3138e+07	2.0610e+04
4.1786e+00	4.2205e+07	2.0651e+04
4.2271e+00	4.1293e+07	2.0692e+04
4.2761e+00	4.0402e+07	2.0734e+04
4.3257e+00	3.9530e+07	2.0776e+04
4.3759e+00	3.8676e+07	2.0819e+04
4.4267e+00	3.7841e+07	2.0862e+04
4.4780e+00	3.7024e+07	2.0906e+04
4.5300e+00	3.6221e+07	2.0950e+04
4.5825e+00	3.5435e+07	2.0995e+04
4.6356e+00	3.4669e+07	2.1040e+04
4.6894e+00	3.3921e+07	2.1086e+04
4.7438e+00	3.3189e+07	2.1132e+04
4.7988e+00	3.2471e+07	2.1179e+04
4.8545e+00	3.1768e+07	2.1226e+04
4.9108e+00	3.1081e+07	2.1274e+04
4.9678e+00	3.0409e+07	2.1323e+04
5.0254e+00	2.9751e+07	2.1372e+04
5.0837e+00	2.9107e+07	2.1421e+04
5.1426e+00	2.8477e+07	2.1471e+04
5.2023e+00	2.7861e+07	2.1522e+04
5.2626e+00	2.7263e+07	2.1569e+04
5.3237e+00	2.6670e+07	2.1614e+04
5.3854e+00	2.6106e+07	2.1666e+04
5.4479e+00	2.5544e+07	2.1719e+04
5.5111e+00	2.4987e+07	2.1772e+04
5.5750e+00	2.4445e+07	2.1826e+04
5.6396e+00	2.3918e+07	2.1881e+04
5.7051e+00	2.3402e+07	2.1937e+04
5.7712e+00	2.2898e+07	2.1993e+04
5.8382e+00	2.2404e+07	2.2050e+04
5.9059e+00	2.1921e+07	2.2107e+04
5.9744e+00	2.1450e+07	2.2165e+04
6.0437e+00	2.0995e+07	2.2224e+04
6.1138e+00	2.0551e+07	2.2283e+04
6.1847e+00	2.0112e+07	2.2343e+04
6.2564e+00	1.9679e+07	2.2404e+04
6.3290e+00	1.9259e+07	2.2466e+04
6.4024e+00	1.8850e+07	2.2528e+04
6.4767e+00	1.8445e+07	2.2591e+04
6.5518e+00	1.8044e+07	2.2654e+04
6.6278e+00	1.7653e+07	2.2718e+04
6.7047e+00	1.7273e+07	2.2783e+04
6.7824e+00	1.6901e+07	2.2849e+04
6.8611e+00	1.6537e+07	2.2916e+04
6.9407e+00	1.6180e+07	2.2983e+04
7.0212e+00	1.5831e+07	2.3051e+04
7.1026e+00	1.5486e+07	2.3120e+04
7.1850e+00	1.5148e+07	2.3190e+04
7.2683e+00	1.4822e+07	2.3260e+04
7.3527e+00	1.4503e+07	2.3331e+04
7.4379e+00	1.4185e+07	2.3403e+04
7.5242e+00	1.3875e+07	2.3476e+04
7.6115e+00	1.3576e+07	2.3549e+04
7.6998e+00	1.3282e+07	2.3624e+04
7.7891e+00	1.2992e+07	2.3699e+04
7.8794e+00	1.2709e+07	2.3775e+04
7.9708e+00	1.2429e+07	2.3852e+04
8.0633e+00	1.2160e+07	2.3930e+04
8.1568e+00	1.1895e+07	2.4008e+04
8.2514e+00	1.1640e+07	2.4088e+04
8.3471e+00	1.1388e+07	2.4168e+04
8.4439e+00	1.1144e+07	2.4249e+04
8.5419e+00	1.0906e+07	2.4331e+04
8.6409e+00	1.0673e+07	2.4415e+04
8.7412e+00	1.0445e+07	2.4499e+04
8.8426e+00	1.0219e+07	2.4584e+04
8.9451e+00	9.9962e+06	2.4670e+04
9.0489e+00	9.7788e+06	2.4757e+04
9.1538e+00	9.5689e+06	2.4845e+04
9.2600e+00	9.3659e+06	2.4934e+04
9.3674e+00	9.1665e+06	2.5024e+04
9.4761e+00	8.9683e+06	2.5114e+04
9.5860e+00	8.7752e+06	2.5207e+04
9.6972e+00	8.5848e+06	2.5303e+04
9.8096e+00	8.3998e+06	2.5401e+04
9.9234e+00	8.2188e+06	2.5499e+04
1.0039e+01	8.0417e+06	2.5596e+04
1.0155e+01	7.8684e+06	2.5698e+04
1.0273e+01	7.7008e+06	2.5795e+04
1.0392e+01	7.5342e+06	2.5890e+04
1.0512e+01	7.3707e+06	2.5988e+04
1.0634e+01	7.2131e+06	2.6088e+04
1.0758e+01	7.0588e+06	2.6188e+04
1.0882e+01	6.9085e+06	2.6289e+04
1.1009e+01	6.7634e+06	2.6392e+04
1.1136e+01	6.6205e+06	2.6495e+04
1.1266e+01	6.4812e+06	2.6600e+04
1.1396e+01	6.3449e+06	2.6707e+04
1.1528e+01	6.2060e+06	2.6815e+04
1.1662e+01	6.0730e+06	2.6940e+04
1.1797e+01	5.9428e+06	2.7072e+04
1.1934e+01	5.8166e+06	2.7184e+04
1.2073e+01	5.6894e+06	2.7295e+04
1.2213e+01	5.5642e+06	2.7407e+04
1.2354e+01	5.4446e+06	2.7519e+04
1.2498e+01	5.3281e+06	2.7632e+04
1.2643e+01	5.2133e+06	2.7747e+04
1.2789e+01	5.1012e+06	2.7863e+04
1.2938e+01	4.9926e+06	2.7980e+04
1.3088e+01	4.8857e+06	2.8099e+04
1.3239e+01	4.7808e+06	2.8220e+04
1.3393e+01	4.6770e+06	2.8343e+04
1.3548e+01	4.5740e+06	2.8468e+04
1.3706e+01	4.4742e+06	2.8594e+04
1.3864e+01	4.3774e+06	2.8710e+04
1.4025e+01	4.2818e+06	2.8828e+04
1.4188e+01	4.1890e+06	2.8955e+04
1.4353e+01	4.0987e+06	2.9083e+04
1.4519e+01	4.0118e+06	2.9211e+04
1.4687e+01	3.9267e+06	2.9340e+04
1.4858e+01	3.8433e+06	2.9470e+04
1.5030e+01	3.7604e+06	2.9600e+04
1.5204e+01	3.6796e+06	2.9732e+04
1.5381e+01	3.5995e+06	2.9864e+04
1.5559e+01	3.5213e+06	2.9996e+04
1.5740e+01	3.4442e+06	3.0130e+04
1.5922e+01	3.3679e+06	3.0265e+04
1.6107e+01	3.2924e+06	3.0402e+04
1.6294e+01	3.2201e+06	3.0539e+04
1.6483e+01	3.1493e+06	3.0677e+04
1.6674e+01	3.0795e+06	3.0807e+04
1.6867e+01	3.0118e+06	3.0937e+04
1.7063e+01	2.9456e+06	3.1077e+04
1.7261e+01	2.8824e+06	3.1217e+04
1.7461e+01	2.8201e+06	3.1359e+04
1.7664e+01	2.7590e+06	3.1502e+04
1.7868e+01	2.6993e+06	3.1645e+04
1.8076e+01	2.6411e+06	3.1790e+04
1.8285e+01	2.5843e+06	3.1935e+04
1.8497e+01	2.5286e+06	3.2082e+04
1.8712e+01	2.4742e+06	3.2230e+04
1.8929e+01	2.4209e+06	3.2379e+04
1.9149e+01	2.3690e+06	3.2530e+04
1.9371e+01	2.3178e+06	3.2682e+04
1.9595e+01	2.2673e+06	3.2836e+04
1.9823e+01	2.2179e+06	3.3002e+04
2.0053e+01	2.1695e+06	3.3161e+04
2.0285e+01	2.1225e+06	3.3309e+04
2.0520e+01	2.0774e+06	3.3461e+04
2.0758e+01	2.0329e+06	3.3615e+04
2.0999e+01	1.9894e+06	3.3771e+04
2.1243e+01	1.9468e+06	3.3980e+04
2.1489e+01	1.9053e+06	3.4137e+04
2.1738e+01	1.8644e+06	3.4292e+04
2.1991e+01	1.8245e+06	3.4448e+04
2.2246e+01	1.7850e+06	3.4606e+04
2.2504e+01	1.7460e+06	3.4773e+04
2.2765e+01	1.7092e+06	3.4932e+04
2.3029e+01	1.6732e+06	3.5082e+04
2.3296e+01	1.6375e+06	3.5243e+04
2.3566e+01	1.6017e+06	3.5404e+04
2.3839e+01	1.5667e+06	3.5563e+04
2.4116e+01	1.5336e+06	3.5721e+04
2.4396e+01	1.5006e+06	3.5880e+04
2.4679e+01	1.4679e+06	3.6041e+04
2.4965e+01	1.4366e+06	3.6200e+04
2.5254e+01	1.4058e+06	3.6357e+04
2.5547e+01	1.3757e+06	3.6514e+04
2.5844e+01	1.3464e+06	3.6672e+04
2.6143e+01	1.3177e+06	3.6830e+04
2.6447e+01	1.2889e+06	3.6988e+04
2.6753e+01	1.2614e+06	3.7148e+04
2.7064e+01	1.2340e+06	3.7311e+04
2.7378e+01	1.2071e+06	3.7477e+04
2.7695e+01	1.1810e+06	3.7657e+04
2.8016e+01	1.1554e+06	3.7809e+04
2.8341e+01	1.1309e+06	3.7965e+04
2.8670e+01	1.1069e+06	3.8183e+04
2.9003e+01	1.0836e+06	3.8340e+04
2.9339e+01	1.0608e+06	3.8494e+04
2.9679e+01	1.0382e+06	3.8658e+04
3.0024e+01	1.0156e+06	3.8828e+04
3.0372e+01	9.9345e+05	3.8989e+04
3.0724e+01	9.7198e+05	3.9143e+04
3.1080e+01	9.5126e+05	3.9293e+04
3.1441e+01	9.3097e+05	3.9443e+04
3.1806e+01	9.1088e+05	3.9591e+04
3.2175e+01	8.9122e+05	3.9735e+04
3.2548e+01	8.7197e+05	3.9878e+04
3.2925e+01	8.5341e+05	4.0021e+04
3.3307e+01	8.3519e+05	4.0165e+04
3.3693e+01	8.1706e+05	4.0313e+04
3.4084e+01	7.9961e+05	4.0482e+04
3.4480e+01	7.8253e+05	4.0616e+04
3.4880e+01	7.6563e+05	4.0756e+04
3.5284e+01	7.4896e+05	4.0892e+04
3.5693e+01	7.3264e+05	4.1025e+04
3.6107e+01	7.1660e+05	4.1180e+04
3.6526e+01	7.0123e+05	4.1323e+04
3.6950e+01	6.8623e+05	4.1453e+04
3.7378e+01	6.7155e+05	4.1578e+04
3.7812e+01	6.5699e+05	4.1702e+04
3.8251e+01	6.4272e+05	4.1817e+04
3.8694e+01	6.2876e+05	4.1933e+04
3.9143e+01	6.1509e+05	4.2049e+04
3.9597e+01	6.0176e+05	4.2170e+04
4.0056e+01	5.8882e+05	4.2318e+04
4.0521e+01	5.7616e+05	4.2427e+04
4.0991e+01	5.6388e+05	4.2533e+04
4.1466e+01	5.5191e+05	4.2644e+04
4.1947e+01	5.4007e+05	4.2771e+04
4.2434e+01	5.2845e+05	4.2871e+04
4.2926e+01	5.1691e+05	4.2965e+04
4.3424e+01	5.0554e+05	4.3051e+04
4.3928e+01	4.9443e+05	4.3133e+04
4.4437e+01	4.8356e+05	4.3216e+04
4.4953e+01	4.7293e+05	4.3304e+04
4.5474e+01	4.6262e+05	4.3385e+04
4.6001e+01	4.5257e+05	4.3463e+04
4.6535e+01	4.4268e+05	4.3539e+04
4.7075e+01	4.3299e+05	4.3635e+04
4.7621e+01	4.2351e+05	4.3698e+04
4.8173e+01	4.1446e+05	4.3756e+04
4.8732e+01	4.0551e+05	4.3801e+04
4.9297e+01	3.9679e+05	4.3850e+04
4.9869e+01	3.8825e+05	4.3903e+04
5.0447e+01	3.7990e+05	4.3943e+04
5.1032e+01	3.7173e+05	4.3980e+04
5.1624e+01	3.6373e+05	4.4049e+04
5.2223e+01	3.5582e+05	4.4081e+04
5.2829e+01	3.4807e+05	4.4104e+04
5.3442e+01	3.4048e+05	4.4115e+04
5.4062e+01	3.3305e+05	4.4134e+04
5.4689e+01	3.2577e+05	4.4143e+04
5.5323e+01	3.1864e+05	4.4138e+04
5.5965e+01	3.1167e+05	4.4173e+04
5.6614e+01	3.0486e+05	4.4176e+04
5.7270e+01	2.9819e+05	4.4165e+04
5.7935e+01	2.9167e+05	4.4144e+04
5.8607e+01	2.8529e+05	4.4134e+04
5.9286e+01	2.7908e+05	4.4100e+04
5.9974e+01	2.7301e+05	4.4078e+04
6.0670e+01	2.6708e+05	4.4060e+04
6.1373e+01	2.6127e+05	4.4017e+04
6.2085e+01	2.5560e+05	4.3965e+04
6.2805e+01	2.5012e+05	4.3923e+04
6.3534e+01	2.4471e+05	4.3855e+04
6.4271e+01	2.3943e+05	4.3820e+04
6.5016e+01	2.3428e+05	4.3750e+04
6.5770e+01	2.2923e+05	4.3667e+04
6.6533e+01	2.2430e+05	4.3599e+04
6.7305e+01	2.1948e+05	4.3503e+04
6.8086e+01	2.1475e+05	4.3441e+04
6.8875e+01	2.1013e+05	4.3341e+04
6.9674e+01	2.0561e+05	4.3232e+04
7.0482e+01	2.0121e+05	4.3121e+04
7.1300e+01	1.9694e+05	4.3003e+04
7.2127e+01	1.9276e+05	4.2912e+04
7.2963e+01	1.8867e+05	4.2774e+04
7.3810e+01	1.8467e+05	4.2643e+04
7.4666e+01	1.8075e+05	4.2496e+04
7.5532e+01	1.7691e+05	4.2377e+04
7.6408e+01	1.7315e+05	4.2217e+04
7.7294e+01	1.6948e+05	4.2065e+04
7.8191e+01	1.6584e+05	4.1897e+04
7.9098e+01	1.6226e+05	4.1755e+04
8.0015e+01	1.5877e+05	4.1572e+04
8.0943e+01	1.5535e+05	4.1394e+04
8.1882e+01	1.5200e+05	4.1228e+04
8.2832e+01	1.4873e+05	4.1041e+04
8.3793e+01	1.4552e+05	4.0845e+04
8.4764e+01	1.4241e+05	4.0642e+04
8.5748e+01	1.3936e+05	4.0454e+04
8.6742e+01	1.3637e+05	4.0237e+04
8.7748e+01	1.3345e+05	4.0021e+04
8.8766e+01	1.3056e+05	3.9822e+04
8.9796e+01	1.2771e+05	3.9588e+04
9.0837e+01	1.2492e+05	3.9351e+04
9.1891e+01	1.2219e+05	3.9137e+04
9.2957e+01	1.1952e+05	3.8890e+04
9.4035e+01	1.1691e+05	3.8647e+04
9.5126e+01	1.1436e+05	3.8412e+04
9.6229e+01	1.1189e+05	3.8152e+04
9.7345e+01	1.0950e+05	3.7918e+04
9.8474e+01	1.0716e+05	3.7649e+04
9.9616e+01	1.0485e+05	3.7377e+04
1.0077e+02	1.0258e+05	3.7103e+04
1.0194e+02	1.0035e+05	3.6839e+04
1.0312e+02	9.8176e+04	3.6566e+04
1.0432e+02	9.6046e+04	3.6288e+04
1.0553e+02	9.3963e+04	3.6011e+04
1.0675e+02	9.1925e+04	3.5723e+04
1.0799e+02	8.9928e+04	3.5441e+04
1.0924e+02	8.7974e+04	3.5147e+04
1.1051e+02	8.6062e+04	3.4861e+04
1.1179e+02	8.4192e+04	3.4564e+04
1.1309e+02	8.2362e+04	3.4275e+04
1.1440e+02	8.0573e+04	3.3973e+04
1.1573e+02	7.8822e+04	3.3682e+04
1.1707e+02	7.7109e+04	3.3379e+04
1.1843e+02	7.5437e+04	3.3086e+04
1.1980e+02	7.3806e+04	3.2781e+04
1.2119e+02	7.2210e+04	3.2482e+04
1.2260e+02	7.0648e+04	3.2177e+04
1.2402e+02	6.9121e+04	3.1869e+04
1.2546e+02	6.7626e+04	3.1564e+04
1.2691e+02	6.6164e+04	3.1247e+04
1.2838e+02	6.4731e+04	3.0939e+04
1.2987e+02	6.3325e+04	3.0625e+04
1.3138e+02	6.1949e+04	3.0306e+04
1.3290e+02	6.0604e+04	2.9995e+04
1.3445e+02	5.9289e+04	2.9677e+04
1.3601e+02	5.8004e+04	2.9356e+04
1.3758e+02	5.6745e+04	2.9043e+04
1.3918e+02	5.5515e+04	2.8726e+04
1.4079e+02	5.4311e+04	2.8401e+04
1.4243e+02	5.3133e+04	2.8084e+04
1.4408e+02	5.1980e+04	2.7770e+04
1.4575e+02	5.0853e+04	2.7451e+04
1.4744e+02	4.9750e+04	2.7124e+04
1.4915e+02	4.8671e+04	2.6806e+04
1.5088e+02	4.7616e+04	2.6473e+04
1.5263e+02	4.6578e+04	2.6141e+04
1.5440e+02	4.5560e+04	2.5810e+04
1.5619e+02	4.4565e+04	2.5480e+04
1.5800e+02	4.3597e+04	2.5151e+04
1.5984e+02	4.2652e+04	2.4824e+04
1.6169e+02	4.1733e+04	2.4501e+04
1.6356e+02	4.0838e+04	2.4185e+04
1.6546e+02	3.9962e+04	2.3870e+04
1.6738e+02	3.9105e+04	2.3557e+04
1.6932e+02	3.8260e+04	2.3245e+04
1.7129e+02	3.7434e+04	2.2935e+04
1.7327e+02	3.6625e+04	2.2625e+04
1.7528e+02	3.5834e+04	2.2317e+04
1.7732e+02	3.5060e+04	2.2010e+04
1.7937e+02	3.4302e+04	2.1705e+04
1.8145e+02	3.3561e+04	2.1402e+04
1.8356e+02	3.2836e+04	2.1102e+04
1.8569e+02	3.2127e+04	2.0803e+04
1.8784e+02	3.1433e+04	2.0506e+04
1.9002e+02	3.0754e+04	2.0210e+04
1.9222e+02	3.0089e+04	1.9918e+04
1.9445e+02	2.9439e+04	1.9632e+04
1.9671e+02	2.8803e+04	1.9346e+04
1.9899e+02	2.8181e+04	1.9060e+04
2.0130e+02	2.7572e+04	1.8769e+04
2.0363e+02	2.6976e+04	1.8480e+04
2.0599e+02	2.6393e+04	1.8194e+04
2.0838e+02	2.5822e+04	1.7911e+04
2.1080e+02	2.5263e+04	1.7631e+04
2.1325e+02	2.4715e+04	1.7354e+04
2.1572e+02	2.4180e+04	1.7079e+04
2.1822e+02	2.3656e+04	1.6811e+04
2.2075e+02	2.3143e+04	1.6549e+04
2.2331e+02	2.2642e+04	1.6290e+04
2.2590e+02	2.2153e+04	1.6033e+04
2.2852e+02	2.1676e+04	1.5778e+04
2.3117e+02	2.1210e+04	1.5527e+04
2.3386e+02	2.0754e+04	1.5278e+04
2.3657e+02	2.0307e+04	1.5032e+04
2.3931e+02	1.9870e+04	1.4788e+04
2.4209e+02	1.9443e+04	1.4548e+04
2.4490e+02	1.9024e+04	1.4309e+04
2.4774e+02	1.8615e+04	1.4073e+04
2.5061e+02	1.8215e+04	1.3837e+04
2.5352e+02	1.7823e+04	1.3600e+04
2.5646e+02	1.7439e+04	1.3367e+04
2.5943e+02	1.7064e+04	1.3137e+04
2.6244e+02	1.6697e+04	1.2911e+04
2.6549e+02	1.6338e+04	1.2687e+04
2.6856e+02	1.5986e+04	1.2467e+04
2.7168e+02	1.5642e+04	1.2252e+04
2.7483e+02	1.5306e+04	1.2042e+04
2.7802e+02	1.4976e+04	1.1835e+04
2.8124e+02	1.4653e+04	1.1631e+04
2.8451e+02	1.4338e+04	1.1429e+04
2.8781e+02	1.4030e+04	1.1230e+04
2.9114e+02	1.3729e+04	1.1034e+04
2.9452e+02	1.3434e+04	1.0841e+04
2.9794e+02	1.3146e+04	1.0650e+04
3.0139e+02	1.2863e+04	1.0459e+04
3.0489e+02	1.2587e+04	1.0269e+04
3.0842e+02	1.2317e+04	1.0082e+04
3.1200e+02	1.2053e+04	9.8983e+03
3.1562e+02	1.1794e+04	9.7172e+03
3.1928e+02	1.1541e+04	9.5390e+03
3.2298e+02	1.1293e+04	9.3642e+03
3.2673e+02	1.1051e+04	9.1944e+03
3.3052e+02	1.0813e+04	9.0278e+03
3.3435e+02	1.0581e+04	8.8636e+03
3.3823e+02	1.0354e+04	8.7020e+03
3.4216e+02	1.0132e+04	8.5429e+03
3.4612e+02	9.9143e+03	8.3862e+03
3.5014e+02	9.7014e+03	8.2306e+03
3.5420e+02	9.4932e+03	8.0743e+03
3.5831e+02	9.2894e+03	7.9205e+03
3.6246e+02	9.0900e+03	7.7692e+03
3.6667e+02	8.8948e+03	7.6205e+03
3.7092e+02	8.7039e+03	7.4741e+03
3.7522e+02	8.5168e+03	7.3308e+03
3.7958e+02	8.3325e+03	7.1920e+03
3.8398e+02	8.1522e+03	7.0566e+03
3.8843e+02	7.9758e+03	6.9238e+03
3.9294e+02	7.8031e+03	6.7933e+03
3.9750e+02	7.6338e+03	6.6649e+03
4.0211e+02	7.4681e+03	6.5366e+03
4.0677e+02	7.3073e+03	6.4097e+03
4.1149e+02	7.1506e+03	6.2849e+03
4.1626e+02	6.9973e+03	6.1622e+03
4.2109e+02	6.8472e+03	6.0416e+03
4.2597e+02	6.7001e+03	5.9231e+03
4.3091e+02	6.5559e+03	5.8078e+03
4.3591e+02	6.4147e+03	5.6946e+03
4.4097e+02	6.2764e+03	5.5834e+03
4.4608e+02	6.1410e+03	5.4741e+03
4.5126e+02	6.0079e+03	5.3660e+03
4.5649e+02	5.8774e+03	5.2588e+03
4.6179e+02	5.7497e+03	5.1536e+03
4.6714e+02	5.6248e+03	5.0503e+03
4.7256e+02	5.5026e+03	4.9490e+03
4.7804e+02	5.3831e+03	4.8500e+03
4.8359e+02	5.2661e+03	4.7538e+03
4.8920e+02	5.1517e+03	4.6595e+03
4.9487e+02	5.0398e+03	4.5669e+03
5.0061e+02	4.9303e+03	4.4756e+03
5.0642e+02	4.8232e+03	4.3849e+03
5.1229e+02	4.7184e+03	4.2960e+03
5.1823e+02	4.6159e+03	4.2088e+03
5.2424e+02	4.5157e+03	4.1233e+03
5.3032e+02	4.4176e+03	4.0401e+03
5.3647e+02	4.3216e+03	3.9595e+03
5.4270e+02	4.2277e+03	3.8807e+03
5.4899e+02	4.1359e+03	3.8033e+03
5.5536e+02	4.0462e+03	3.7262e+03
5.6180e+02	3.9591e+03	3.6506e+03
5.6832e+02	3.8738e+03	3.5764e+03
5.7491e+02	3.7904e+03	3.5036e+03
5.8158e+02	3.7088e+03	3.4327e+03
5.8832e+02	3.6289e+03	3.3637e+03
5.9515e+02	3.5507e+03	3.2959e+03
6.0205e+02	3.4743e+03	3.2291e+03
6.0903e+02	3.3995e+03	3.1630e+03
6.1610e+02	3.3262e+03	3.0983e+03
6.2324e+02	3.2546e+03	3.0351e+03
6.3047e+02	3.1845e+03	2.9735e+03
6.3779e+02	3.1159e+03	2.9134e+03
6.4518e+02	3.0493e+03	2.8546e+03
6.5267e+02	2.9841e+03	2.7966e+03
6.6024e+02	2.9203e+03	2.7395e+03
6.6789e+02	2.8579e+03	2.6835e+03
6.7564e+02	2.7968e+03	2.6286e+03
6.8348e+02	2.7370e+03	2.5752e+03
6.9141e+02	2.6785e+03	2.5232e+03
6.9943e+02	2.6212e+03	2.4722e+03
7.0754e+02	2.5652e+03	2.4214e+03
7.1574e+02	2.5104e+03	2.3716e+03
7.2405e+02	2.4567e+03	2.3229e+03
7.3244e+02	2.4042e+03	2.2752e+03
7.4094e+02	2.3528e+03	2.2287e+03
7.4953e+02	2.3025e+03	2.1831e+03
7.5823e+02	2.2533e+03	2.1381e+03
7.6702e+02	2.2051e+03	2.0940e+03
7.7592e+02	2.1580e+03	2.0508e+03
7.8492e+02	2.1119e+03	2.0086e+03
7.9402e+02	2.0667e+03	1.9675e+03
8.0323e+02	2.0225e+03	1.9267e+03
8.1255e+02	1.9792e+03	1.8864e+03
8.2197e+02	1.9365e+03	1.8469e+03
8.3151e+02	1.8947e+03	1.8084e+03
8.4115e+02	1.8538e+03	1.7708e+03
8.5091e+02	1.8138e+03	1.7340e+03
8.6078e+02	1.7747e+03	1.6977e+03
8.7076e+02	1.7364e+03	1.6621e+03
8.8086e+02	1.6989e+03	1.6272e+03
8.9108e+02	1.6622e+03	1.5933e+03
9.0142e+02	1.6263e+03	1.5599e+03
9.1187e+02	1.5912e+03	1.5270e+03
9.2245e+02	1.5568e+03	1.4948e+03
9.3315e+02	1.5231e+03	1.4634e+03
9.4397e+02	1.4901e+03	1.4329e+03
9.5492e+02	1.4579e+03	1.4030e+03
9.6600e+02	1.4265e+03	1.3735e+03
9.7720e+02	1.3959e+03	1.3447e+03
9.8853e+02	1.3658e+03	1.3164e+03
1.0000e+03	1.3364e+03	1.2887e+03