Energy(MeV)	Incoming Spectral Fluence(MeV-1 cm-2)	Residual Spectral Fluence(MeV-1 cm-2)
1.0000e-03	0.0000e+00	1.8388e+04
1.5000e-03	0.0000e+00	1.8392e+04
2.0000e-03	0.0000e+00	1.8395e+04
2.5000e-03	0.0000e+00	1.8397e+04
3.0000e-03	0.0000e+00	1.8399e+04
3.5000e-03	0.0000e+00	1.8401e+04
4.0000e-03	0.0000e+00	1.8402e+04
4.5000e-03	0.0000e+00	1.8403e+04
5.0000e-03	0.0000e+00	1.8404e+04
5.5000e-03	0.0000e+00	1.8405e+04
6.0000e-03	0.0000e+00	1.8406e+04
6.5000e-03	0.0000e+00	1.8407e+04
7.0000e-03	0.0000e+00	1.8408e+04
7.5000e-03	0.0000e+00	1.8408e+04
8.0000e-03	0.0000e+00	1.8409e+04
8.5000e-03	0.0000e+00	1.8410e+04
9.0000e-03	0.0000e+00	1.8410e+04
9.5000e-03	0.0000e+00	1.8411e+04
1.0000e-02	0.0000e+00	1.8411e+04
1.5000e-02	0.0000e+00	1.8415e+04
2.0000e-02	0.0000e+00	1.8418e+04
2.5000e-02	0.0000e+00	1.8421e+04
3.0000e-02	0.0000e+00	1.8422e+04
3.5000e-02	0.0000e+00	1.8425e+04
4.0000e-02	0.0000e+00	1.8432e+04
4.5000e-02	0.0000e+00	1.8438e+04
5.0000e-02	0.0000e+00	1.8443e+04
5.5000e-02	0.0000e+00	1.8448e+04
6.0000e-02	0.0000e+00	1.8452e+04
6.5000e-02	0.0000e+00	1.8456e+04
7.0000e-02	0.0000e+00	1.8460e+04
7.5000e-02	0.0000e+00	1.8464e+04
8.0000e-02	0.0000e+00	1.8467e+04
8.5000e-02	0.0000e+00	1.8470e+04
9.0000e-02	0.0000e+00	1.8473e+04
9.5000e-02	0.0000e+00	1.8479e+04
1.0000e-01	0.0000e+00	1.8484e+04
1.5000e-01	0.0000e+00	1.8527e+04
2.0000e-01	0.0000e+00	1.8571e+04
2.5000e-01	0.0000e+00	1.8616e+04
3.0000e-01	0.0000e+00	1.8660e+04
3.5000e-01	0.0000e+00	1.8705e+04
4.0000e-01	0.0000e+00	1.8750e+04
4.5000e-01	0.0000e+00	1.8794e+04
5.0000e-01	0.0000e+00	1.8838e+04
5.5000e-01	0.0000e+00	1.8881e+04
6.0000e-01	0.0000e+00	1.8924e+04
6.5000e-01	0.0000e+00	1.8967e+04
7.0000e-01	0.0000e+00	1.9008e+04
7.5000e-01	0.0000e+00	1.9050e+04
8.0000e-01	0.0000e+00	1.9094e+04
8.5000e-01	0.0000e+00	1.9138e+04
9.0000e-01	0.0000e+00	1.9182e+04
9.5000e-01	0.0000e+00	1.9226e+04
1.0000e+00	6.9213e+08	1.9271e+04
1.0116e+00	6.7720e+08	1.9281e+04
1.0233e+00	6.6257e+08	1.9291e+04
1.0352e+00	6.4825e+08	1.9302e+04
1.0472e+00	6.3424e+08	1.9313e+04
1.0594e+00	6.2053e+08	1.9324e+04
1.0716e+00	6.0712e+08	1.9334e+04
1.0841e+00	5.9400e+08	1.9345e+04
1.0966e+00	5.8116e+08	1.9357e+04
1.1094e+00	5.6859e+08	1.9368e+04
1.1222e+00	5.5630e+08	1.9380e+04
1.1353e+00	5.4427e+08	1.9391e+04
1.1484e+00	5.3250e+08	1.9403e+04
1.1617e+00	5.2098e+08	1.9415e+04
1.1752e+00	5.0971e+08	1.9427e+04
1.1888e+00	4.9868e+08	1.9439e+04
1.2026e+00	4.8789e+08	1.9451e+04
1.2166e+00	4.7729e+08	1.9464e+04
1.2307e+00	4.6692e+08	1.9476e+04
1.2450e+00	4.5677e+08	1.9489e+04
1.2594e+00	4.4685e+08	1.9502e+04
1.2740e+00	4.3713e+08	1.9515e+04
1.2888e+00	4.2764e+08	1.9528e+04
1.3037e+00	4.1852e+08	1.9542e+04
1.3189e+00	4.0960e+08	1.9555e+04
1.3342e+00	4.0076e+08	1.9569e+04
1.3496e+00	3.9211e+08	1.9583e+04
1.3653e+00	3.8365e+08	1.9597e+04
1.3811e+00	3.7536e+08	1.9611e+04
1.3971e+00	3.6723e+08	1.9625e+04
1.4134e+00	3.5927e+08	1.9640e+04
1.4297e+00	3.5148e+08	1.9654e+04
1.4463e+00	3.4386e+08	1.9669e+04
1.4631e+00	3.3640e+08	1.9684e+04
1.4801e+00	3.2911e+08	1.9699e+04
1.4972e+00	3.2197e+08	1.9715e+04
1.5146e+00	3.1499e+08	1.9730e+04
1.5322e+00	3.0817e+08	1.9746e+04
1.5499e+00	3.0150e+08	1.9762e+04
1.5679e+00	2.9494e+08	1.9778e+04
1.5861e+00	2.8854e+08	1.9794e+04
1.6045e+00	2.8228e+08	1.9811e+04
1.6231e+00	2.7616e+08	1.9827e+04
1.6419e+00	2.7018e+08	1.9844e+04
1.6610e+00	2.6432e+08	1.9861e+04
1.6803e+00	2.5858e+08	1.9879e+04
1.6997e+00	2.5299e+08	1.9896e+04
1.7195e+00	2.4753e+08	1.9914e+04
1.7394e+00	2.4218e+08	1.9932e+04
1.7596e+00	2.3695e+08	1.9950e+04
1.7800e+00	2.3183e+08	1.9968e+04
1.8006e+00	2.2682e+08	1.9986e+04
1.8215e+00	2.2191e+08	2.0005e+04
1.8426e+00	2.1712e+08	2.0024e+04
1.8640e+00	2.1242e+08	2.0043e+04
1.8856e+00	2.0783e+08	2.0063e+04
1.9075e+00	2.0333e+08	2.0082e+04
1.9296e+00	1.9893e+08	2.0102e+04
1.9520e+00	1.9462e+08	2.0122e+04
1.9747e+00	1.9040e+08	2.0143e+04
1.9976e+00	1.8627e+08	2.0163e+04
2.0207e+00	1.8224e+08	2.0184e+04
2.0442e+00	1.7828e+08	2.0205e+04
2.0679e+00	1.7442e+08	2.0226e+04
2.0919e+00	1.7063e+08	2.0248e+04
2.1161e+00	1.6693e+08	2.0270e+04
2.1407e+00	1.6330e+08	2.0292e+04
2.1655e+00	1.5976e+08	2.0314e+04
2.1906e+00	1.5629e+08	2.0337e+04
2.2160e+00	1.5290e+08	2.0359e+04
2.2417e+00	1.4958e+08	2.0383e+04
2.2677e+00	1.4633e+08	2.0406e+04
2.2940e+00	1.4315e+08	2.0430e+04
2.3206e+00	1.4003e+08	2.0454e+04
2.3476e+00	1.3699e+08	2.0478e+04
2.3748e+00	1.3402e+08	2.0502e+04
2.4023e+00	1.3113e+08	2.0527e+04
2.4302e+00	1.2829e+08	2.0552e+04
2.4584e+00	1.2551e+08	2.0578e+04
2.4869e+00	1.2280e+08	2.0603e+04
2.5158e+00	1.2014e+08	2.0629e+04
2.5449e+00	1.1754e+08	2.0656e+04
2.5745e+00	1.1499e+08	2.0640e+04
2.6043e+00	1.1249e+08	2.0620e+04
2.6345e+00	1.1002e+08	2.0641e+04
2.6651e+00	1.0761e+08	2.0664e+04
2.6960e+00	1.0525e+08	2.0692e+04
2.7273e+00	1.0294e+08	2.0720e+04
2.7589e+00	1.0068e+08	2.0749e+04
2.7909e+00	9.8464e+07	2.0777e+04
2.8233e+00	9.6308e+07	2.0807e+04
2.8560e+00	9.4206e+07	2.0836e+04
2.8891e+00	9.2149e+07	2.0866e+04
2.9226e+00	9.0137e+07	2.0896e+04
2.9565e+00	8.8168e+07	2.0927e+04
2.9908e+00	8.6241e+07	2.0958e+04
3.0255e+00	8.4351e+07	2.0989e+04
3.0606e+00	8.2498e+07	2.1021e+04
3.0961e+00	8.0686e+07	2.1053e+04
3.1320e+00	7.8905e+07	2.1085e+04
3.1684e+00	7.7139e+07	2.1118e+04
3.2051e+00	7.5413e+07	2.1151e+04
3.2423e+00	7.3725e+07	2.1185e+04
3.2799e+00	7.2077e+07	2.1219e+04
3.3179e+00	7.0486e+07	2.1253e+04
3.3564e+00	6.8930e+07	2.1288e+04
3.3954e+00	6.7409e+07	2.1323e+04
3.4347e+00	6.5920e+07	2.1359e+04
3.4746e+00	6.4463e+07	2.1395e+04
3.5149e+00	6.3039e+07	2.1431e+04
3.5556e+00	6.1645e+07	2.1468e+04
3.5969e+00	6.0282e+07	2.1506e+04
3.6386e+00	5.8949e+07	2.1544e+04
3.6808e+00	5.7644e+07	2.1582e+04
3.7235e+00	5.6368e+07	2.1621e+04
3.7667e+00	5.5120e+07	2.1660e+04
3.8104e+00	5.3900e+07	2.1699e+04
3.8546e+00	5.2706e+07	2.1739e+04
3.8993e+00	5.1539e+07	2.1780e+04
3.9445e+00	5.0409e+07	2.1821e+04
3.9903e+00	4.9304e+07	2.1863e+04
4.0365e+00	4.8223e+07	2.1905e+04
4.0834e+00	4.7165e+07	2.1947e+04
4.1307e+00	4.6131e+07	2.1990e+04
4.1786e+00	4.5119e+07	2.2034e+04
4.2271e+00	4.4129e+07	2.2078e+04
4.2761e+00	4.3161e+07	2.2123e+04
4.3257e+00	4.2214e+07	2.2168e+04
4.3759e+00	4.1288e+07	2.2213e+04
4.4267e+00	4.0382e+07	2.2260e+04
4.4780e+00	3.9496e+07	2.2306e+04
4.5300e+00	3.8630e+07	2.2354e+04
4.5825e+00	3.7782e+07	2.2402e+04
4.6356e+00	3.6953e+07	2.2450e+04
4.6894e+00	3.6143e+07	2.2499e+04
4.7438e+00	3.5350e+07	2.2549e+04
4.7988e+00	3.4574e+07	2.2599e+04
4.8545e+00	3.3815e+07	2.2649e+04
4.9108e+00	3.3073e+07	2.2701e+04
4.9678e+00	3.2347e+07	2.2753e+04
5.0254e+00	3.1637e+07	2.2805e+04
5.0837e+00	3.0942e+07	2.2858e+04
5.1426e+00	3.0263e+07	2.2911e+04
5.2023e+00	2.9599e+07	2.2965e+04
5.2626e+00	2.8949e+07	2.3016e+04
5.3237e+00	2.8314e+07	2.3065e+04
5.3854e+00	2.7692e+07	2.3119e+04
5.4479e+00	2.7084e+07	2.3176e+04
5.5111e+00	2.6490e+07	2.3233e+04
5.5750e+00	2.5908e+07	2.3291e+04
5.6396e+00	2.5340e+07	2.3350e+04
5.7051e+00	2.4783e+07	2.3409e+04
5.7712e+00	2.4239e+07	2.3470e+04
5.8382e+00	2.3707e+07	2.3530e+04
5.9059e+00	2.3185e+07	2.3592e+04
5.9744e+00	2.2673e+07	2.3654e+04
6.0437e+00	2.2173e+07	2.3717e+04
6.1138e+00	2.1683e+07	2.3780e+04
6.1847e+00	2.1204e+07	2.3844e+04
6.2564e+00	2.0734e+07	2.3909e+04
6.3290e+00	2.0275e+07	2.3975e+04
6.4024e+00	1.9828e+07	2.4042e+04
6.4767e+00	1.9392e+07	2.4109e+04
6.5518e+00	1.8965e+07	2.4177e+04
6.6278e+00	1.8550e+07	2.4246e+04
6.7047e+00	1.8152e+07	2.4316e+04
6.7824e+00	1.7762e+07	2.4386e+04
6.8611e+00	1.7381e+07	2.4457e+04
6.9407e+00	1.7001e+07	2.4529e+04
7.0212e+00	1.6627e+07	2.4602e+04
7.1026e+00	1.6261e+07	2.4676e+04
7.1850e+00	1.5908e+07	2.4750e+04
7.2683e+00	1.5557e+07	2.4826e+04
7.3527e+00	1.5216e+07	2.4902e+04
7.4379e+00	1.4883e+07	2.4979e+04
7.5242e+00	1.4549e+07	2.5057e+04
7.6115e+00	1.4229e+07	2.5135e+04
7.6998e+00	1.3916e+07	2.5215e+04
7.7891e+00	1.3609e+07	2.5296e+04
7.8794e+00	1.3310e+07	2.5377e+04
7.9708e+00	1.3018e+07	2.5459e+04
8.0633e+00	1.2739e+07	2.5543e+04
8.1568e+00	1.2466e+07	2.5627e+04
8.2514e+00	1.2193e+07	2.5712e+04
8.3471e+00	1.1925e+07	2.5798e+04
8.4439e+00	1.1661e+07	2.5885e+04
8.5419e+00	1.1401e+07	2.5973e+04
8.6409e+00	1.1151e+07	2.6062e+04
8.7412e+00	1.0908e+07	2.6153e+04
8.8426e+00	1.0669e+07	2.6244e+04
8.9451e+00	1.0436e+07	2.6336e+04
9.0489e+00	1.0209e+07	2.6430e+04
9.1538e+00	9.9874e+06	2.6524e+04
9.2600e+00	9.7691e+06	2.6619e+04
9.3674e+00	9.5555e+06	2.6715e+04
9.4761e+00	9.3473e+06	2.6813e+04
9.5860e+00	9.1447e+06	2.6912e+04
9.6972e+00	8.9508e+06	2.7015e+04
9.8096e+00	8.7527e+06	2.7120e+04
9.9234e+00	8.5586e+06	2.7225e+04
1.0039e+01	8.3720e+06	2.7329e+04
1.0155e+01	8.1882e+06	2.7439e+04
1.0273e+01	8.0082e+06	2.7543e+04
1.0392e+01	7.8329e+06	2.7645e+04
1.0512e+01	7.6618e+06	2.7751e+04
1.0634e+01	7.4945e+06	2.7857e+04
1.0758e+01	7.3312e+06	2.7965e+04
1.0882e+01	7.1712e+06	2.8074e+04
1.1009e+01	7.0144e+06	2.8184e+04
1.1136e+01	6.8608e+06	2.8295e+04
1.1266e+01	6.7114e+06	2.8408e+04
1.1396e+01	6.5656e+06	2.8522e+04
1.1528e+01	6.4236e+06	2.8638e+04
1.1662e+01	6.2872e+06	2.8773e+04
1.1797e+01	6.1521e+06	2.8915e+04
1.1934e+01	6.0187e+06	2.9035e+04
1.2073e+01	5.8880e+06	2.9154e+04
1.2213e+01	5.7601e+06	2.9274e+04
1.2354e+01	5.6351e+06	2.9395e+04
1.2498e+01	5.5127e+06	2.9517e+04
1.2643e+01	5.3918e+06	2.9640e+04
1.2789e+01	5.2729e+06	2.9764e+04
1.2938e+01	5.1595e+06	2.9890e+04
1.3088e+01	5.0476e+06	3.0018e+04
1.3239e+01	4.9375e+06	3.0148e+04
1.3393e+01	4.8297e+06	3.0281e+04
1.3548e+01	4.7245e+06	3.0416e+04
1.3706e+01	4.6219e+06	3.0552e+04
1.3864e+01	4.5225e+06	3.0676e+04
1.4025e+01	4.4259e+06	3.0804e+04
1.4188e+01	4.3314e+06	3.0940e+04
1.4353e+01	4.2373e+06	3.1078e+04
1.4519e+01	4.1423e+06	3.1216e+04
1.4687e+01	4.0511e+06	3.1355e+04
1.4858e+01	3.9624e+06	3.1495e+04
1.5030e+01	3.8752e+06	3.1636e+04
1.5204e+01	3.7880e+06	3.1777e+04
1.5381e+01	3.7047e+06	3.1919e+04
1.5559e+01	3.6245e+06	3.2063e+04
1.5740e+01	3.5460e+06	3.2207e+04
1.5922e+01	3.4692e+06	3.2353e+04
1.6107e+01	3.3940e+06	3.2500e+04
1.6294e+01	3.3204e+06	3.2648e+04
1.6483e+01	3.2488e+06	3.2797e+04
1.6674e+01	3.1795e+06	3.2938e+04
1.6867e+01	3.1102e+06	3.3078e+04
1.7063e+01	3.0454e+06	3.3229e+04
1.7261e+01	2.9817e+06	3.3381e+04
1.7461e+01	2.9192e+06	3.3534e+04
1.7664e+01	2.8577e+06	3.3688e+04
1.7868e+01	2.7979e+06	3.3843e+04
1.8076e+01	2.7371e+06	3.3999e+04
1.8285e+01	2.6768e+06	3.4157e+04
1.8497e+01	2.6177e+06	3.4315e+04
1.8712e+01	2.5600e+06	3.4475e+04
1.8929e+01	2.5036e+06	3.4636e+04
1.9149e+01	2.4484e+06	3.4799e+04
1.9371e+01	2.3954e+06	3.4964e+04
1.9595e+01	2.3437e+06	3.5130e+04
1.9823e+01	2.2931e+06	3.5310e+04
2.0053e+01	2.2436e+06	3.5482e+04
2.0285e+01	2.1964e+06	3.5643e+04
2.0520e+01	2.1510e+06	3.5807e+04
2.0758e+01	2.1066e+06	3.5973e+04
2.0999e+01	2.0629e+06	3.6143e+04
2.1243e+01	2.0176e+06	3.6368e+04
2.1489e+01	1.9731e+06	3.6538e+04
2.1738e+01	1.9299e+06	3.6706e+04
2.1991e+01	1.8884e+06	3.6875e+04
2.2246e+01	1.8471e+06	3.7047e+04
2.2504e+01	1.8067e+06	3.7227e+04
2.2765e+01	1.7682e+06	3.7400e+04
2.3029e+01	1.7310e+06	3.7563e+04
2.3296e+01	1.6947e+06	3.7738e+04
2.3566e+01	1.6591e+06	3.7912e+04
2.3839e+01	1.6242e+06	3.8085e+04
2.4116e+01	1.5901e+06	3.8257e+04
2.4396e+01	1.5563e+06	3.8430e+04
2.4679e+01	1.5223e+06	3.8605e+04
2.4965e+01	1.4899e+06	3.8778e+04
2.5254e+01	1.4575e+06	3.8949e+04
2.5547e+01	1.4267e+06	3.9120e+04
2.5844e+01	1.3969e+06	3.9292e+04
2.6143e+01	1.3678e+06	3.9464e+04
2.6447e+01	1.3392e+06	3.9637e+04
2.6753e+01	1.3113e+06	3.9811e+04
2.7064e+01	1.2839e+06	3.9989e+04
2.7378e+01	1.2570e+06	4.0170e+04
2.7695e+01	1.2305e+06	4.0366e+04
2.8016e+01	1.2040e+06	4.0532e+04
2.8341e+01	1.1780e+06	4.0703e+04
2.8670e+01	1.1526e+06	4.0941e+04
2.9003e+01	1.1277e+06	4.1112e+04
2.9339e+01	1.1034e+06	4.1281e+04
2.9679e+01	1.0799e+06	4.1460e+04
3.0024e+01	1.0562e+06	4.1647e+04
3.0372e+01	1.0336e+06	4.1823e+04
3.0724e+01	1.0117e+06	4.1992e+04
3.1080e+01	9.8995e+05	4.2157e+04
3.1441e+01	9.6883e+05	4.2322e+04
3.1806e+01	9.4824e+05	4.2486e+04
3.2175e+01	9.2801e+05	4.2644e+04
3.2548e+01	9.0810e+05	4.2802e+04
3.2925e+01	8.8853e+05	4.2960e+04
3.3307e+01	8.6923e+05	4.3119e+04
3.3693e+01	8.5033e+05	4.3283e+04
3.4084e+01	8.3184e+05	4.3469e+04
3.4480e+01	8.1429e+05	4.3619e+04
3.4880e+01	7.9676e+05	4.3773e+04
3.5284e+01	7.7955e+05	4.3925e+04
3.5693e+01	7.6271e+05	4.4073e+04
3.6107e+01	7.4623e+05	4.4245e+04
3.6526e+01	7.3010e+05	4.4404e+04
3.6950e+01	7.1433e+05	4.4550e+04
3.7378e+01	6.9929e+05	4.4690e+04
3.7812e+01	6.8470e+05	4.4829e+04
3.8251e+01	6.7021e+05	4.4959e+04
3.8694e+01	6.5590e+05	4.5090e+04
3.9143e+01	6.4187e+05	4.5221e+04
3.9597e+01	6.2842e+05	4.5358e+04
4.0056e+01	6.1493e+05	4.5524e+04
4.0521e+01	6.0153e+05	4.5647e+04
4.0991e+01	5.8856e+05	4.5768e+04
4.1466e+01	5.7590e+05	4.5895e+04
4.1947e+01	5.6355e+05	4.6038e+04
4.2434e+01	5.5169e+05	4.6154e+04
4.2926e+01	5.3975e+05	4.6261e+04
4.3424e+01	5.2834e+05	4.6362e+04
4.3928e+01	5.1712e+05	4.6458e+04
4.4437e+01	5.0613e+05	4.6555e+04
4.4953e+01	4.9538e+05	4.6658e+04
4.5474e+01	4.8486e+05	4.6753e+04
4.6001e+01	4.7452e+05	4.6845e+04
4.6535e+01	4.6434e+05	4.6935e+04
4.7075e+01	4.5438e+05	4.7047e+04
4.7621e+01	4.4464e+05	4.7124e+04
4.8173e+01	4.3510e+05	4.7195e+04
4.8732e+01	4.2577e+05	4.7253e+04
4.9297e+01	4.1664e+05	4.7314e+04
4.9869e+01	4.0768e+05	4.7381e+04
5.0447e+01	3.9889e+05	4.7433e+04
5.1032e+01	3.9030e+05	4.7483e+04
5.1624e+01	3.8193e+05	4.7567e+04
5.2223e+01	3.7384e+05	4.7612e+04
5.2829e+01	3.6572e+05	4.7646e+04
5.3442e+01	3.5785e+05	4.7668e+04
5.4062e+01	3.5031e+05	4.7699e+04
5.4689e+01	3.4305e+05	4.7719e+04
5.5323e+01	3.3594e+05	4.7724e+04
5.5965e+01	3.2897e+05	4.7771e+04
5.6614e+01	3.2215e+05	4.7784e+04
5.7270e+01	3.1547e+05	4.7781e+04
5.7935e+01	3.0890e+05	4.7768e+04
5.8607e+01	3.0235e+05	4.7768e+04
5.9286e+01	2.9580e+05	4.7740e+04
5.9974e+01	2.8936e+05	4.7728e+04
6.0670e+01	2.8307e+05	4.7718e+04
6.1373e+01	2.7696e+05	4.7682e+04
6.2085e+01	2.7116e+05	4.7636e+04
6.2805e+01	2.6548e+05	4.7601e+04
6.3534e+01	2.5992e+05	4.7539e+04
6.4271e+01	2.5447e+05	4.7512e+04
6.5016e+01	2.4904e+05	4.7447e+04
6.5770e+01	2.4373e+05	4.7367e+04
6.6533e+01	2.3853e+05	4.7303e+04
6.7305e+01	2.3343e+05	4.7210e+04
6.8086e+01	2.2842e+05	4.7153e+04
6.8875e+01	2.2351e+05	4.7055e+04
6.9674e+01	2.1871e+05	4.6947e+04
7.0482e+01	2.1401e+05	4.6837e+04
7.1300e+01	2.0941e+05	4.6720e+04
7.2127e+01	2.0491e+05	4.6633e+04
7.2963e+01	2.0051e+05	4.6496e+04
7.3810e+01	1.9619e+05	4.6366e+04
7.4666e+01	1.9193e+05	4.6219e+04
7.5532e+01	1.8777e+05	4.6103e+04
7.6408e+01	1.8369e+05	4.5942e+04
7.7294e+01	1.7971e+05	4.5789e+04
7.8191e+01	1.7581e+05	4.5620e+04
7.9098e+01	1.7200e+05	4.5478e+04
8.0015e+01	1.6826e+05	4.5292e+04
8.0943e+01	1.6461e+05	4.5110e+04
8.1882e+01	1.6104e+05	4.4943e+04
8.2832e+01	1.5755e+05	4.4752e+04
8.3793e+01	1.5413e+05	4.4551e+04
8.4764e+01	1.5080e+05	4.4343e+04
8.5748e+01	1.4763e+05	4.4149e+04
8.6742e+01	1.4452e+05	4.3922e+04
8.7748e+01	1.4148e+05	4.3694e+04
8.8766e+01	1.3851e+05	4.3486e+04
8.9796e+01	1.3559e+05	4.3239e+04
9.0837e+01	1.3274e+05	4.2988e+04
9.1891e+01	1.2995e+05	4.2764e+04
9.2957e+01	1.2721e+05	4.2502e+04
9.4035e+01	1.2449e+05	4.2245e+04
9.5126e+01	1.2184e+05	4.1997e+04
9.6229e+01	1.1930e+05	4.1721e+04
9.7345e+01	1.1682e+05	4.1474e+04
9.8474e+01	1.1439e+05	4.1189e+04
9.9616e+01	1.1201e+05	4.0900e+04
1.0077e+02	1.0968e+05	4.0611e+04
1.0194e+02	1.0739e+05	4.0333e+04
1.0312e+02	1.0515e+05	4.0048e+04
1.0432e+02	1.0295e+05	3.9760e+04
1.0553e+02	1.0079e+05	3.9473e+04
1.0675e+02	9.8684e+04	3.9175e+04
1.0799e+02	9.6619e+04	3.8884e+04
1.0924e+02	9.4597e+04	3.8578e+04
1.1051e+02	9.2617e+04	3.8281e+04
1.1179e+02	9.0679e+04	3.7969e+04
1.1309e+02	8.8782e+04	3.7666e+04
1.1440e+02	8.6924e+04	3.7349e+04
1.1573e+02	8.5105e+04	3.7041e+04
1.1707e+02	8.3324e+04	3.6718e+04
1.1843e+02	8.1581e+04	3.6405e+04
1.1980e+02	7.9874e+04	3.6079e+04
1.2119e+02	7.8202e+04	3.5758e+04
1.2260e+02	7.6566e+04	3.5433e+04
1.2402e+02	7.4964e+04	3.5103e+04
1.2546e+02	7.3390e+04	3.4779e+04
1.2691e+02	7.1848e+04	3.4442e+04
1.2838e+02	7.0338e+04	3.4114e+04
1.2987e+02	6.8860e+04	3.3781e+04
1.3138e+02	6.7412e+04	3.3441e+04
1.3290e+02	6.5996e+04	3.3110e+04
1.3445e+02	6.4609e+04	3.2769e+04
1.3601e+02	6.3251e+04	3.2424e+04
1.3758e+02	6.1922e+04	3.2088e+04
1.3918e+02	6.0606e+04	3.1747e+04
1.4079e+02	5.9317e+04	3.1397e+04
1.4243e+02	5.8056e+04	3.1056e+04
1.4408e+02	5.6821e+04	3.0717e+04
1.4575e+02	5.5612e+04	3.0374e+04
1.4744e+02	5.4429e+04	3.0021e+04
1.4915e+02	5.3271e+04	2.9679e+04
1.5088e+02	5.2149e+04	2.9319e+04
1.5263e+02	5.1053e+04	2.8960e+04
1.5440e+02	4.9979e+04	2.8602e+04
1.5619e+02	4.8928e+04	2.8246e+04
1.5800e+02	4.7900e+04	2.7890e+04
1.5984e+02	4.6892e+04	2.7536e+04
1.6169e+02	4.5906e+04	2.7186e+04
1.6356e+02	4.4941e+04	2.6844e+04
1.6546e+02	4.3996e+04	2.6504e+04
1.6738e+02	4.3071e+04	2.6165e+04
1.6932e+02	4.2166e+04	2.5827e+04
1.7129e+02	4.1279e+04	2.5491e+04
1.7327e+02	4.0411e+04	2.5157e+04
1.7528e+02	3.9560e+04	2.4827e+04
1.7732e+02	3.8723e+04	2.4498e+04
1.7937e+02	3.7904e+04	2.4171e+04
1.8145e+02	3.7102e+04	2.3847e+04
1.8356e+02	3.6317e+04	2.3524e+04
1.8569e+02	3.5548e+04	2.3203e+04
1.8784e+02	3.4796e+04	2.2884e+04
1.9002e+02	3.4060e+04	2.2565e+04
1.9222e+02	3.3339e+04	2.2249e+04
1.9445e+02	3.2634e+04	2.1938e+04
1.9671e+02	3.1943e+04	2.1628e+04
1.9899e+02	3.1267e+04	2.1317e+04
2.0130e+02	3.0606e+04	2.1000e+04
2.0363e+02	2.9958e+04	2.0685e+04
2.0599e+02	2.9324e+04	2.0373e+04
2.0838e+02	2.8704e+04	2.0064e+04
2.1080e+02	2.8100e+04	1.9758e+04
2.1325e+02	2.7510e+04	1.9455e+04
2.1572e+02	2.6933e+04	1.9156e+04
2.1822e+02	2.6368e+04	1.8863e+04
2.2075e+02	2.5814e+04	1.8576e+04
2.2331e+02	2.5273e+04	1.8292e+04
2.2590e+02	2.4742e+04	1.8011e+04
2.2852e+02	2.4223e+04	1.7733e+04
2.3117e+02	2.3715e+04	1.7457e+04
2.3386e+02	2.3217e+04	1.7185e+04
2.3657e+02	2.2729e+04	1.6915e+04
2.3931e+02	2.2251e+04	1.6648e+04
2.4209e+02	2.1784e+04	1.6383e+04
2.4490e+02	2.1326e+04	1.6120e+04
2.4774e+02	2.0878e+04	1.5859e+04
2.5061e+02	2.0439e+04	1.5597e+04
2.5352e+02	2.0009e+04	1.5335e+04
2.5646e+02	1.9589e+04	1.5077e+04
2.5943e+02	1.9177e+04	1.4821e+04
2.6244e+02	1.8774e+04	1.4568e+04
2.6549e+02	1.8379e+04	1.4319e+04
2.6856e+02	1.7993e+04	1.4073e+04
2.7168e+02	1.7615e+04	1.3833e+04
2.7483e+02	1.7242e+04	1.3599e+04
2.7802e+02	1.6877e+04	1.3368e+04
2.8124e+02	1.6520e+04	1.3139e+04
2.8451e+02	1.6170e+04	1.2913e+04
2.8781e+02	1.5827e+04	1.2691e+04
2.9114e+02	1.5491e+04	1.2473e+04
2.9452e+02	1.5162e+04	1.2260e+04
2.9794e+02	1.4840e+04	1.2047e+04
3.0139e+02	1.4525e+04	1.1834e+04
3.0489e+02	1.4217e+04	1.1622e+04
3.0842e+02	1.3914e+04	1.1412e+04
3.1200e+02	1.3617e+04	1.1205e+04
3.1562e+02	1.3328e+04	1.1002e+04
3.1928e+02	1.3047e+04	1.0801e+04
3.2298e+02	1.2772e+04	1.0604e+04
3.2673e+02	1.2502e+04	1.0413e+04
3.3052e+02	1.2237e+04	1.0226e+04
3.3435e+02	1.1977e+04	1.0041e+04
3.3823e+02	1.1721e+04	9.8591e+03
3.4216e+02	1.1471e+04	9.6800e+03
3.4612e+02	1.1226e+04	9.5035e+03
3.5014e+02	1.0987e+04	9.3288e+03
3.5420e+02	1.0752e+04	9.1541e+03
3.5831e+02	1.0523e+04	8.9833e+03
3.6246e+02	1.0298e+04	8.8162e+03
3.6667e+02	1.0078e+04	8.6520e+03
3.7092e+02	9.8634e+03	8.4906e+03
3.7522e+02	9.6529e+03	8.3325e+03
3.7958e+02	9.4469e+03	8.1788e+03
3.8398e+02	9.2469e+03	8.0279e+03
3.8843e+02	9.0520e+03	7.8794e+03
3.9294e+02	8.8613e+03	7.7330e+03
3.9750e+02	8.6745e+03	7.5882e+03
4.0211e+02	8.4915e+03	7.4435e+03
4.0677e+02	8.3123e+03	7.3003e+03
4.1149e+02	8.1369e+03	7.1597e+03
4.1626e+02	7.9652e+03	7.0215e+03
4.2109e+02	7.7958e+03	6.8856e+03
4.2597e+02	7.6297e+03	6.7525e+03
4.3091e+02	7.4671e+03	6.6232e+03
4.3591e+02	7.3079e+03	6.4965e+03
4.4097e+02	7.1521e+03	6.3720e+03
4.4608e+02	6.9995e+03	6.2496e+03
4.5126e+02	6.8502e+03	6.1284e+03
4.5649e+02	6.7040e+03	6.0082e+03
4.6179e+02	6.5610e+03	5.8902e+03
4.6714e+02	6.4210e+03	5.7743e+03
4.7256e+02	6.2840e+03	5.6606e+03
4.7804e+02	6.1499e+03	5.5493e+03
4.8359e+02	6.0186e+03	5.4413e+03
4.8920e+02	5.8902e+03	5.3353e+03
4.9487e+02	5.7645e+03	5.2313e+03
5.0061e+02	5.6415e+03	5.1285e+03
5.0642e+02	5.5212e+03	5.0265e+03
5.1229e+02	5.4033e+03	4.9268e+03
5.1823e+02	5.2881e+03	4.8292e+03
5.2424e+02	5.1752e+03	4.7335e+03
5.3032e+02	5.0648e+03	4.6403e+03
5.3647e+02	4.9573e+03	4.5496e+03
5.4270e+02	4.8522e+03	4.4605e+03
5.4899e+02	4.7494e+03	4.3730e+03
5.5536e+02	4.6488e+03	4.2858e+03
5.6180e+02	4.5502e+03	4.2002e+03
5.6832e+02	4.4538e+03	4.1162e+03
5.7491e+02	4.3594e+03	4.0339e+03
5.8158e+02	4.2670e+03	3.9536e+03
5.8832e+02	4.1766e+03	3.8753e+03
5.9515e+02	4.0881e+03	3.7985e+03
6.0205e+02	4.0014e+03	3.7227e+03
6.0903e+02	3.9166e+03	3.6478e+03
6.1610e+02	3.8336e+03	3.5743e+03
6.2324e+02	3.7524e+03	3.5022e+03
6.3047e+02	3.6729e+03	3.4318e+03
6.3779e+02	3.5950e+03	3.3631e+03
6.4518e+02	3.5188e+03	3.2958e+03
6.5267e+02	3.4443e+03	3.2294e+03
6.6024e+02	3.3713e+03	3.1640e+03
6.6789e+02	3.2998e+03	3.0999e+03
6.7564e+02	3.2299e+03	3.0370e+03
6.8348e+02	3.1614e+03	2.9760e+03
6.9141e+02	3.0944e+03	2.9168e+03
6.9943e+02	3.0289e+03	2.8590e+03
7.0754e+02	2.9649e+03	2.8015e+03
7.1574e+02	2.9028e+03	2.7451e+03
7.2405e+02	2.8420e+03	2.6897e+03
7.3244e+02	2.7824e+03	2.6357e+03
7.4094e+02	2.7241e+03	2.5829e+03
7.4953e+02	2.6671e+03	2.5311e+03
7.5823e+02	2.6112e+03	2.4800e+03
7.6702e+02	2.5565e+03	2.4298e+03
7.7592e+02	2.5029e+03	2.3807e+03
7.8492e+02	2.4505e+03	2.3328e+03
7.9402e+02	2.3991e+03	2.2860e+03
8.0323e+02	2.3489e+03	2.2398e+03
8.1255e+02	2.2997e+03	2.1940e+03
8.2197e+02	2.2514e+03	2.1490e+03
8.3151e+02	2.2037e+03	2.1051e+03
8.4115e+02	2.1571e+03	2.0622e+03
8.5091e+02	2.1115e+03	2.0202e+03
8.6078e+02	2.0668e+03	1.9787e+03
8.7076e+02	2.0231e+03	1.9381e+03
8.8086e+02	1.9803e+03	1.8983e+03
8.9108e+02	1.9384e+03	1.8594e+03
9.0142e+02	1.8974e+03	1.8214e+03
9.1187e+02	1.8573e+03	1.7839e+03
9.2245e+02	1.8180e+03	1.7471e+03
9.3315e+02	1.7795e+03	1.7112e+03
9.4397e+02	1.7419e+03	1.6762e+03
9.5492e+02	1.7050e+03	1.6418e+03
9.6600e+02	1.6690e+03	1.6079e+03
9.7720e+02	1.6337e+03	1.5747e+03
9.8853e+02	1.5991e+03	1.5421e+03
1.0000e+03	1.5653e+03	1.5103e+03