Energy(MeV)	Incoming Spectral Fluence(MeV-1 cm-2)	Residual Spectral Fluence(MeV-1 cm-2)
1.0000e-03	0.0000e+00	1.1259e+05
1.5000e-03	0.0000e+00	1.1262e+05
2.0000e-03	0.0000e+00	1.1264e+05
2.5000e-03	0.0000e+00	1.1265e+05
3.0000e-03	0.0000e+00	1.1266e+05
3.5000e-03	0.0000e+00	1.1267e+05
4.0000e-03	0.0000e+00	1.1268e+05
4.5000e-03	0.0000e+00	1.1269e+05
5.0000e-03	0.0000e+00	1.1269e+05
5.5000e-03	0.0000e+00	1.1270e+05
6.0000e-03	0.0000e+00	1.1271e+05
6.5000e-03	0.0000e+00	1.1271e+05
7.0000e-03	0.0000e+00	1.1272e+05
7.5000e-03	0.0000e+00	1.1272e+05
8.0000e-03	0.0000e+00	1.1272e+05
8.5000e-03	0.0000e+00	1.1273e+05
9.0000e-03	0.0000e+00	1.1273e+05
9.5000e-03	0.0000e+00	1.1274e+05
1.0000e-02	0.0000e+00	1.1274e+05
1.5000e-02	0.0000e+00	1.1276e+05
2.0000e-02	0.0000e+00	1.1279e+05
2.5000e-02	0.0000e+00	1.1280e+05
3.0000e-02	0.0000e+00	1.1282e+05
3.5000e-02	0.0000e+00	1.1283e+05
4.0000e-02	0.0000e+00	1.1285e+05
4.5000e-02	0.0000e+00	1.1287e+05
5.0000e-02	9.1360e+11	1.1288e+05
5.1002e-02	8.8961e+11	1.1289e+05
5.2025e-02	8.6680e+11	1.1289e+05
5.3067e-02	8.4442e+11	1.1290e+05
5.4131e-02	8.2297e+11	1.1290e+05
5.5216e-02	8.0167e+11	1.1290e+05
5.6323e-02	7.8086e+11	1.1291e+05
5.7452e-02	7.6090e+11	1.1291e+05
5.8604e-02	7.4185e+11	1.1292e+05
5.9778e-02	7.2290e+11	1.1292e+05
6.0977e-02	7.0336e+11	1.1292e+05
6.2199e-02	6.8524e+11	1.1293e+05
6.3446e-02	6.6751e+11	1.1294e+05
6.4717e-02	6.4951e+11	1.1294e+05
6.6015e-02	6.3252e+11	1.1295e+05
6.7338e-02	6.1635e+11	1.1295e+05
6.8688e-02	6.0064e+11	1.1296e+05
7.0065e-02	5.8500e+11	1.1296e+05
7.1469e-02	5.6984e+11	1.1297e+05
7.2902e-02	5.5520e+11	1.1298e+05
7.4363e-02	5.4075e+11	1.1298e+05
7.5853e-02	5.2694e+11	1.1299e+05
7.7374e-02	5.1338e+11	1.1299e+05
7.8925e-02	5.0016e+11	1.1300e+05
8.0507e-02	4.8732e+11	1.1301e+05
8.2121e-02	4.7480e+11	1.1301e+05
8.3767e-02	4.6223e+11	1.1302e+05
8.5446e-02	4.5010e+11	1.1303e+05
8.7159e-02	4.3856e+11	1.1303e+05
8.8906e-02	4.2710e+11	1.1304e+05
9.0688e-02	4.1605e+11	1.1305e+05
9.2506e-02	4.0519e+11	1.1305e+05
9.4360e-02	3.9460e+11	1.1306e+05
9.6251e-02	3.8428e+11	1.1307e+05
9.8181e-02	3.7430e+11	1.1308e+05
1.0015e-01	3.6450e+11	1.1309e+05
1.0216e-01	3.5499e+11	1.1310e+05
1.0420e-01	3.4593e+11	1.1310e+05
1.0629e-01	3.3673e+11	1.1311e+05
1.0842e-01	3.2790e+11	1.1312e+05
1.1060e-01	3.1921e+11	1.1313e+05
1.1281e-01	3.1081e+11	1.1314e+05
1.1507e-01	3.0270e+11	1.1315e+05
1.1738e-01	2.9459e+11	1.1316e+05
1.1973e-01	2.8679e+11	1.1317e+05
1.2213e-01	2.7910e+11	1.1318e+05
1.2458e-01	2.7171e+11	1.1319e+05
1.2708e-01	2.6477e+11	1.1320e+05
1.2963e-01	2.5799e+11	1.1321e+05
1.3223e-01	2.5125e+11	1.1323e+05
1.3488e-01	2.4465e+11	1.1324e+05
1.3758e-01	2.3818e+11	1.1325e+05
1.4034e-01	2.3186e+11	1.1326e+05
1.4315e-01	2.2582e+11	1.1327e+05
1.4602e-01	2.1994e+11	1.1328e+05
1.4895e-01	2.1424e+11	1.1330e+05
1.5193e-01	2.0880e+11	1.1331e+05
1.5498e-01	2.0336e+11	1.1332e+05
1.5808e-01	1.9807e+11	1.1334e+05
1.6125e-01	1.9298e+11	1.1335e+05
1.6449e-01	1.8795e+11	1.1336e+05
1.6778e-01	1.8288e+11	1.1338e+05
1.7115e-01	1.7815e+11	1.1339e+05
1.7458e-01	1.7357e+11	1.1341e+05
1.7808e-01	1.6895e+11	1.1342e+05
1.8165e-01	1.6447e+11	1.1344e+05
1.8529e-01	1.6026e+11	1.1345e+05
1.8900e-01	1.5620e+11	1.1347e+05
1.9279e-01	1.5221e+11	1.1349e+05
1.9665e-01	1.4815e+11	1.1350e+05
2.0060e-01	1.4431e+11	1.1352e+05
2.0462e-01	1.4057e+11	1.1354e+05
2.0872e-01	1.3681e+11	1.1356e+05
2.1290e-01	1.3323e+11	1.1357e+05
2.1717e-01	1.2975e+11	1.1359e+05
2.2152e-01	1.2634e+11	1.1361e+05
2.2596e-01	1.2298e+11	1.1363e+05
2.3049e-01	1.1981e+11	1.1365e+05
2.3511e-01	1.1671e+11	1.1367e+05
2.3983e-01	1.1367e+11	1.1369e+05
2.4463e-01	1.1069e+11	1.1371e+05
2.4954e-01	1.0772e+11	1.1373e+05
2.5454e-01	1.0493e+11	1.1376e+05
2.5964e-01	1.0214e+11	1.1378e+05
2.6484e-01	9.9470e+10	1.1380e+05
2.7015e-01	9.6842e+10	1.1382e+05
2.7557e-01	9.4342e+10	1.1385e+05
2.8109e-01	9.1893e+10	1.1387e+05
2.8673e-01	8.9528e+10	1.1390e+05
2.9247e-01	8.7206e+10	1.1392e+05
2.9834e-01	8.4897e+10	1.1395e+05
3.0432e-01	8.2695e+10	1.1397e+05
3.1042e-01	8.0555e+10	1.1400e+05
3.1664e-01	7.8477e+10	1.1403e+05
3.2299e-01	7.6410e+10	1.1405e+05
3.2946e-01	7.4405e+10	1.1408e+05
3.3606e-01	7.2400e+10	1.1411e+05
3.4280e-01	7.0470e+10	1.1414e+05
3.4967e-01	6.8570e+10	1.1417e+05
3.5668e-01	6.6793e+10	1.1420e+05
3.6383e-01	6.5029e+10	1.1423e+05
3.7112e-01	6.3344e+10	1.1426e+05
3.7856e-01	6.1631e+10	1.1430e+05
3.8615e-01	6.0008e+10	1.1433e+05
3.9389e-01	5.8407e+10	1.1436e+05
4.0179e-01	5.6862e+10	1.1440e+05
4.0984e-01	5.5384e+10	1.1443e+05
4.1806e-01	5.3945e+10	1.1447e+05
4.2644e-01	5.2514e+10	1.1450e+05
4.3498e-01	5.1120e+10	1.1454e+05
4.4370e-01	4.9774e+10	1.1458e+05
4.5260e-01	4.8448e+10	1.1462e+05
4.6167e-01	4.7178e+10	1.1466e+05
4.7092e-01	4.5942e+10	1.1470e+05
4.8036e-01	4.4730e+10	1.1473e+05
4.8999e-01	4.3558e+10	1.1476e+05
4.9981e-01	4.2366e+10	1.1480e+05
5.0983e-01	4.1272e+10	1.1483e+05
5.2005e-01	4.0167e+10	1.1487e+05
5.3048e-01	3.9098e+10	1.1490e+05
5.4111e-01	3.8057e+10	1.1494e+05
5.5196e-01	3.7034e+10	1.1499e+05
5.6302e-01	3.6064e+10	1.1504e+05
5.7431e-01	3.5107e+10	1.1509e+05
5.8582e-01	3.4182e+10	1.1513e+05
5.9756e-01	3.3262e+10	1.1518e+05
6.0954e-01	3.2381e+10	1.1524e+05
6.2176e-01	3.1498e+10	1.1529e+05
6.3422e-01	3.0655e+10	1.1534e+05
6.4693e-01	2.9825e+10	1.1540e+05
6.5990e-01	2.9014e+10	1.1546e+05
6.7313e-01	2.8241e+10	1.1551e+05
6.8662e-01	2.7477e+10	1.1557e+05
7.0038e-01	2.6749e+10	1.1563e+05
7.1442e-01	2.6045e+10	1.1569e+05
7.2874e-01	2.5356e+10	1.1575e+05
7.4335e-01	2.4661e+10	1.1581e+05
7.5825e-01	2.4004e+10	1.1588e+05
7.7345e-01	2.3354e+10	1.1595e+05
7.8896e-01	2.2735e+10	1.1601e+05
8.0477e-01	2.2128e+10	1.1608e+05
8.2090e-01	2.1535e+10	1.1615e+05
8.3736e-01	2.0953e+10	1.1622e+05
8.5414e-01	2.0385e+10	1.1630e+05
8.7126e-01	1.9835e+10	1.1637e+05
8.8873e-01	1.9297e+10	1.1645e+05
9.0654e-01	1.8773e+10	1.1652e+05
9.2471e-01	1.8268e+10	1.1660e+05
9.4325e-01	1.7789e+10	1.1668e+05
9.6216e-01	1.7298e+10	1.1677e+05
9.8144e-01	1.6825e+10	1.1685e+05
1.0011e+00	1.6374e+10	1.1694e+05
1.0212e+00	1.5930e+10	1.1702e+05
1.0417e+00	1.5496e+10	1.1711e+05
1.0625e+00	1.5075e+10	1.1720e+05
1.0838e+00	1.4667e+10	1.1729e+05
1.1056e+00	1.4273e+10	1.1739e+05
1.1277e+00	1.3887e+10	1.1748e+05
1.1503e+00	1.3514e+10	1.1758e+05
1.1734e+00	1.3147e+10	1.1768e+05
1.1969e+00	1.2790e+10	1.1778e+05
1.2209e+00	1.2450e+10	1.1789e+05
1.2454e+00	1.2115e+10	1.1800e+05
1.2703e+00	1.1788e+10	1.1811e+05
1.2958e+00	1.1474e+10	1.1822e+05
1.3218e+00	1.1164e+10	1.1833e+05
1.3483e+00	1.0862e+10	1.1845e+05
1.3753e+00	1.0567e+10	1.1857e+05
1.4029e+00	1.0279e+10	1.1869e+05
1.4310e+00	9.9991e+09	1.1881e+05
1.4597e+00	9.7271e+09	1.1893e+05
1.4889e+00	9.4507e+09	1.1906e+05
1.5188e+00	9.1927e+09	1.1919e+05
1.5492e+00	8.9405e+09	1.1928e+05
1.5803e+00	8.6971e+09	1.1939e+05
1.6119e+00	8.4549e+09	1.1952e+05
1.6442e+00	8.2219e+09	1.1966e+05
1.6772e+00	7.9951e+09	1.1981e+05
1.7108e+00	7.7772e+09	1.1995e+05
1.7451e+00	7.5599e+09	1.2010e+05
1.7801e+00	7.3491e+09	1.2026e+05
1.8158e+00	7.1521e+09	1.2041e+05
1.8522e+00	6.9518e+09	1.2057e+05
1.8893e+00	6.7612e+09	1.2074e+05
1.9272e+00	6.5704e+09	1.2090e+05
1.9658e+00	6.3871e+09	1.2107e+05
2.0052e+00	6.2095e+09	1.2124e+05
2.0454e+00	6.0358e+09	1.2142e+05
2.0864e+00	5.8685e+09	1.2160e+05
2.1282e+00	5.7028e+09	1.2178e+05
2.1709e+00	5.5442e+09	1.2197e+05
2.2144e+00	5.3890e+09	1.2216e+05
2.2588e+00	5.2352e+09	1.2235e+05
2.3041e+00	5.0847e+09	1.2255e+05
2.3502e+00	4.9387e+09	1.2276e+05
2.3974e+00	4.7955e+09	1.2297e+05
2.4454e+00	4.6577e+09	1.2318e+05
2.4944e+00	4.5229e+09	1.2339e+05
2.5444e+00	4.3924e+09	1.2361e+05
2.5954e+00	4.2653e+09	1.2376e+05
2.6475e+00	4.1420e+09	1.2396e+05
2.7005e+00	4.0235e+09	1.2419e+05
2.7547e+00	3.9072e+09	1.2443e+05
2.8099e+00	3.7962e+09	1.2467e+05
2.8662e+00	3.6859e+09	1.2492e+05
2.9237e+00	3.5788e+09	1.2517e+05
2.9823e+00	3.4763e+09	1.2543e+05
3.0420e+00	3.3745e+09	1.2570e+05
3.1030e+00	3.2759e+09	1.2596e+05
3.1652e+00	3.1792e+09	1.2624e+05
3.2287e+00	3.0863e+09	1.2651e+05
3.2934e+00	2.9942e+09	1.2680e+05
3.3594e+00	2.9035e+09	1.2709e+05
3.4267e+00	2.8184e+09	1.2740e+05
3.4954e+00	2.7349e+09	1.2770e+05
3.5655e+00	2.6533e+09	1.2801e+05
3.6370e+00	2.5738e+09	1.2833e+05
3.7099e+00	2.4972e+09	1.2865e+05
3.7842e+00	2.4233e+09	1.2898e+05
3.8601e+00	2.3510e+09	1.2931e+05
3.9375e+00	2.2798e+09	1.2965e+05
4.0164e+00	2.2096e+09	1.3001e+05
4.0969e+00	2.1423e+09	1.3036e+05
4.1790e+00	2.0758e+09	1.3073e+05
4.2628e+00	2.0115e+09	1.3109e+05
4.3482e+00	1.9505e+09	1.3147e+05
4.4354e+00	1.8912e+09	1.3186e+05
4.5243e+00	1.8331e+09	1.3225e+05
4.6150e+00	1.7759e+09	1.3265e+05
4.7075e+00	1.7208e+09	1.3307e+05
4.8019e+00	1.6652e+09	1.3348e+05
4.8981e+00	1.6121e+09	1.3391e+05
4.9963e+00	1.5627e+09	1.3435e+05
5.0964e+00	1.5135e+09	1.3479e+05
5.1986e+00	1.4649e+09	1.3524e+05
5.3028e+00	1.4189e+09	1.3569e+05
5.4091e+00	1.3735e+09	1.3616e+05
5.5175e+00	1.3287e+09	1.3663e+05
5.6281e+00	1.2858e+09	1.3712e+05
5.7409e+00	1.2442e+09	1.3762e+05
5.8560e+00	1.2034e+09	1.3812e+05
5.9734e+00	1.1643e+09	1.3864e+05
6.0931e+00	1.1274e+09	1.3917e+05
6.2153e+00	1.0908e+09	1.3970e+05
6.3398e+00	1.0551e+09	1.4026e+05
6.4669e+00	1.0206e+09	1.4083e+05
6.5966e+00	9.8666e+08	1.4139e+05
6.7288e+00	9.5338e+08	1.4197e+05
6.8637e+00	9.2150e+08	1.4256e+05
7.0012e+00	8.9082e+08	1.4316e+05
7.1416e+00	8.6153e+08	1.4377e+05
7.2847e+00	8.3243e+08	1.4440e+05
7.4308e+00	8.0378e+08	1.4503e+05
7.5797e+00	7.7537e+08	1.4568e+05
7.7316e+00	7.4876e+08	1.4634e+05
7.8866e+00	7.2322e+08	1.4701e+05
8.0447e+00	6.9771e+08	1.4770e+05
8.2060e+00	6.7405e+08	1.4839e+05
8.3705e+00	6.5008e+08	1.4910e+05
8.5382e+00	6.2614e+08	1.4983e+05
8.7094e+00	6.0464e+08	1.5058e+05
8.8840e+00	5.8224e+08	1.5133e+05
9.0620e+00	5.6188e+08	1.5210e+05
9.2437e+00	5.4185e+08	1.5290e+05
9.4290e+00	5.2194e+08	1.5369e+05
9.6180e+00	5.0324e+08	1.5450e+05
9.8108e+00	4.8497e+08	1.5532e+05
1.0007e+01	4.6671e+08	1.5616e+05
1.0208e+01	4.4884e+08	1.5702e+05
1.0413e+01	4.3236e+08	1.5788e+05
1.0621e+01	4.1582e+08	1.5875e+05
1.0834e+01	3.9997e+08	1.5962e+05
1.1051e+01	3.8548e+08	1.6052e+05
1.1273e+01	3.7117e+08	1.6144e+05
1.1499e+01	3.5740e+08	1.6237e+05
1.1729e+01	3.4373e+08	1.6336e+05
1.1965e+01	3.3005e+08	1.6434e+05
1.2204e+01	3.1731e+08	1.6532e+05
1.2449e+01	3.0496e+08	1.6630e+05
1.2699e+01	2.9265e+08	1.6731e+05
1.2953e+01	2.8119e+08	1.6833e+05
1.3213e+01	2.7016e+08	1.6938e+05
1.3478e+01	2.5943e+08	1.7044e+05
1.3748e+01	2.4911e+08	1.7151e+05
1.4023e+01	2.3892e+08	1.7256e+05
1.4304e+01	2.2934e+08	1.7367e+05
1.4591e+01	2.1990e+08	1.7480e+05
1.4884e+01	2.1100e+08	1.7594e+05
1.5182e+01	2.0256e+08	1.7708e+05
1.5486e+01	1.9424e+08	1.7823e+05
1.5797e+01	1.8573e+08	1.7940e+05
1.6113e+01	1.7786e+08	1.8060e+05
1.6436e+01	1.7007e+08	1.8180e+05
1.6766e+01	1.6275e+08	1.8301e+05
1.7102e+01	1.5590e+08	1.8426e+05
1.7445e+01	1.4893e+08	1.8554e+05
1.7794e+01	1.4226e+08	1.8680e+05
1.8151e+01	1.3601e+08	1.8807e+05
1.8515e+01	1.2996e+08	1.8936e+05
1.8886e+01	1.2419e+08	1.9068e+05
1.9265e+01	1.1853e+08	1.9198e+05
1.9651e+01	1.1307e+08	1.9331e+05
2.0045e+01	1.0802e+08	1.9469e+05
2.0446e+01	1.0318e+08	1.9601e+05
2.0856e+01	9.8592e+07	1.9735e+05
2.1274e+01	9.3882e+07	1.9874e+05
2.1701e+01	8.9544e+07	2.0009e+05
2.2136e+01	8.5312e+07	2.0144e+05
2.2579e+01	8.1152e+07	2.0281e+05
2.3032e+01	7.7325e+07	2.0419e+05
2.3494e+01	7.3535e+07	2.0557e+05
2.3965e+01	6.9888e+07	2.0696e+05
2.4445e+01	6.6341e+07	2.0835e+05
2.4935e+01	6.3019e+07	2.0974e+05
2.5435e+01	5.9835e+07	2.1114e+05
2.5945e+01	5.6842e+07	2.1256e+05
2.6465e+01	5.4010e+07	2.1396e+05
2.6995e+01	5.1202e+07	2.1537e+05
2.7536e+01	4.8679e+07	2.1679e+05
2.8088e+01	4.6086e+07	2.1820e+05
2.8651e+01	4.3749e+07	2.1962e+05
2.9226e+01	4.1528e+07	2.2095e+05
2.9812e+01	3.9420e+07	2.2227e+05
3.0409e+01	3.7372e+07	2.2358e+05
3.1019e+01	3.5417e+07	2.2486e+05
3.1640e+01	3.3550e+07	2.2613e+05
3.2275e+01	3.1792e+07	2.2736e+05
3.2922e+01	3.0099e+07	2.2858e+05
3.3581e+01	2.8542e+07	2.2980e+05
3.4255e+01	2.7071e+07	2.3103e+05
3.4941e+01	2.5639e+07	2.3220e+05
3.5642e+01	2.4283e+07	2.3331e+05
3.6356e+01	2.3007e+07	2.3444e+05
3.7085e+01	2.1792e+07	2.3550e+05
3.7828e+01	2.0644e+07	2.3650e+05
3.8586e+01	1.9552e+07	2.3748e+05
3.9360e+01	1.8531e+07	2.3844e+05
4.0149e+01	1.7560e+07	2.3938e+05
4.0954e+01	1.6628e+07	2.4024e+05
4.1775e+01	1.5733e+07	2.4104e+05
4.2612e+01	1.4897e+07	2.4178e+05
4.3466e+01	1.4102e+07	2.4245e+05
4.4337e+01	1.3355e+07	2.4307e+05
4.5226e+01	1.2649e+07	2.4365e+05
4.6133e+01	1.1979e+07	2.4415e+05
4.7057e+01	1.1339e+07	2.4464e+05
4.8001e+01	1.0736e+07	2.4501e+05
4.8963e+01	1.0175e+07	2.4529e+05
4.9944e+01	9.6371e+06	2.4553e+05
5.0945e+01	9.1223e+06	2.4569e+05
5.1967e+01	8.6425e+06	2.4583e+05
5.3008e+01	8.1929e+06	2.4583e+05
5.4071e+01	7.7648e+06	2.4573e+05
5.5155e+01	7.3540e+06	2.4559e+05
5.6260e+01	6.9649e+06	2.4540e+05
5.7388e+01	6.5901e+06	2.4509e+05
5.8538e+01	6.2391e+06	2.4469e+05
5.9712e+01	5.9060e+06	2.4414e+05
6.0909e+01	5.5937e+06	2.4361e+05
6.2130e+01	5.2925e+06	2.4292e+05
6.3375e+01	5.0219e+06	2.4213e+05
6.4645e+01	4.7588e+06	2.4128e+05
6.5941e+01	4.5050e+06	2.4033e+05
6.7263e+01	4.2676e+06	2.3927e+05
6.8611e+01	4.0406e+06	2.3813e+05
6.9986e+01	3.8227e+06	2.3685e+05
7.1389e+01	3.6181e+06	2.3553e+05
7.2820e+01	3.4256e+06	2.3408e+05
7.4280e+01	3.2429e+06	2.3250e+05
7.5769e+01	3.0701e+06	2.3088e+05
7.7288e+01	2.9090e+06	2.2916e+05
7.8837e+01	2.7545e+06	2.2732e+05
8.0417e+01	2.6079e+06	2.2536e+05
8.2029e+01	2.4705e+06	2.2337e+05
8.3673e+01	2.3369e+06	2.2124e+05
8.5351e+01	2.2109e+06	2.1902e+05
8.7062e+01	2.0933e+06	2.1675e+05
8.8807e+01	1.9830e+06	2.1438e+05
9.0587e+01	1.8769e+06	2.1190e+05
9.2403e+01	1.7773e+06	2.0937e+05
9.4255e+01	1.6822e+06	2.0677e+05
9.6144e+01	1.5925e+06	2.0409e+05
9.8071e+01	1.5088e+06	2.0134e+05
1.0004e+02	1.4295e+06	1.9847e+05
1.0204e+02	1.3541e+06	1.9554e+05
1.0409e+02	1.2823e+06	1.9257e+05
1.0617e+02	1.2145e+06	1.8956e+05
1.0830e+02	1.1508e+06	1.8647e+05
1.1047e+02	1.0894e+06	1.8336e+05
1.1269e+02	1.0320e+06	1.8020e+05
1.1495e+02	9.7618e+05	1.7701e+05
1.1725e+02	9.2381e+05	1.7380e+05
1.1960e+02	8.7560e+05	1.7057e+05
1.2200e+02	8.2893e+05	1.6731e+05
1.2444e+02	7.8514e+05	1.6402e+05
1.2694e+02	7.4439e+05	1.6071e+05
1.2948e+02	7.0521e+05	1.5739e+05
1.3208e+02	6.6807e+05	1.5406e+05
1.3473e+02	6.3300e+05	1.5072e+05
1.3743e+02	5.9910e+05	1.4738e+05
1.4018e+02	5.6796e+05	1.4404e+05
1.4299e+02	5.3746e+05	1.4072e+05
1.4586e+02	5.0853e+05	1.3741e+05
1.4878e+02	4.8140e+05	1.3407e+05
1.5176e+02	4.5628e+05	1.3067e+05
1.5481e+02	4.3216e+05	1.2729e+05
1.5791e+02	4.0897e+05	1.2393e+05
1.6107e+02	3.8710e+05	1.2061e+05
1.6430e+02	3.6667e+05	1.1733e+05
1.6760e+02	3.4749e+05	1.1409e+05
1.7096e+02	3.2918e+05	1.1089e+05
1.7438e+02	3.1169e+05	1.0773e+05
1.7788e+02	2.9508e+05	1.0462e+05
1.8144e+02	2.7937e+05	1.0156e+05
1.8508e+02	2.6447e+05	9.8537e+04
1.8879e+02	2.5045e+05	9.5564e+04
1.9257e+02	2.3745e+05	9.2648e+04
1.9643e+02	2.2486e+05	8.9786e+04
2.0037e+02	2.1283e+05	8.6926e+04
2.0439e+02	2.0148e+05	8.4096e+04
2.0849e+02	1.9071e+05	8.1330e+04
2.1266e+02	1.8032e+05	7.8629e+04
2.1693e+02	1.7091e+05	7.5993e+04
2.2128e+02	1.6174e+05	7.3417e+04
2.2571e+02	1.5308e+05	7.0899e+04
2.3024e+02	1.4499e+05	6.8440e+04
2.3485e+02	1.3729e+05	6.6038e+04
2.3956e+02	1.2999e+05	6.3698e+04
2.4436e+02	1.2307e+05	6.1425e+04
2.4926e+02	1.1660e+05	5.9205e+04
2.5425e+02	1.1040e+05	5.7009e+04
2.5935e+02	1.0453e+05	5.4874e+04
2.6455e+02	9.8963e+04	5.2800e+04
2.6985e+02	9.3634e+04	5.0791e+04
2.7526e+02	8.8624e+04	4.8850e+04
2.8078e+02	8.3910e+04	4.6973e+04
2.8641e+02	7.9507e+04	4.5151e+04
2.9215e+02	7.5285e+04	4.3380e+04
2.9800e+02	7.1262e+04	4.1668e+04
3.0398e+02	6.7421e+04	3.9984e+04
3.1007e+02	6.3857e+04	3.8352e+04
3.1629e+02	6.0487e+04	3.6775e+04
3.2263e+02	5.7236e+04	3.5264e+04
3.2909e+02	5.4182e+04	3.3819e+04
3.3569e+02	5.1330e+04	3.2429e+04
3.4242e+02	4.8549e+04	3.1088e+04
3.4928e+02	4.5888e+04	2.9792e+04
3.5628e+02	4.3435e+04	2.8528e+04
3.6343e+02	4.1129e+04	2.7312e+04
3.7071e+02	3.8952e+04	2.6141e+04
3.7814e+02	3.6879e+04	2.5019e+04
3.8572e+02	3.4932e+04	2.3943e+04
3.9345e+02	3.3096e+04	2.2910e+04
4.0134e+02	3.1322e+04	2.1910e+04
4.0938e+02	2.9656e+04	2.0944e+04
4.1759e+02	2.8101e+04	2.0014e+04
4.2596e+02	2.6602e+04	1.9121e+04
4.3450e+02	2.5210e+04	1.8266e+04
4.4321e+02	2.3884e+04	1.7444e+04
4.5209e+02	2.2615e+04	1.6653e+04
4.6116e+02	2.1414e+04	1.5892e+04
4.7040e+02	2.0267e+04	1.5166e+04
4.7983e+02	1.9183e+04	1.4474e+04
4.8945e+02	1.8163e+04	1.3812e+04
4.9926e+02	1.7194e+04	1.3175e+04
5.0926e+02	1.6293e+04	1.2558e+04
5.1947e+02	1.5434e+04	1.1969e+04
5.2989e+02	1.4611e+04	1.1407e+04
5.4051e+02	1.3834e+04	1.0873e+04
5.5134e+02	1.3090e+04	1.0360e+04
5.6239e+02	1.2396e+04	9.8668e+03
5.7367e+02	1.1732e+04	9.3986e+03
5.8517e+02	1.1103e+04	8.9522e+03
5.9690e+02	1.0517e+04	8.5256e+03
6.0886e+02	9.9605e+03	8.1153e+03
6.2106e+02	9.4302e+03	7.7219e+03
6.3351e+02	8.9338e+03	7.3462e+03
6.4621e+02	8.4581e+03	6.9898e+03
6.5917e+02	8.0005e+03	6.6495e+03
6.7238e+02	7.5725e+03	6.3261e+03
6.8586e+02	7.1691e+03	6.0177e+03
6.9960e+02	6.7915e+03	5.7230e+03
7.1363e+02	6.4280e+03	5.4415e+03
7.2793e+02	6.0805e+03	5.1749e+03
7.4252e+02	5.7579e+03	4.9218e+03
7.5741e+02	5.4532e+03	4.6798e+03
7.7259e+02	5.1654e+03	4.4490e+03
7.8808e+02	4.8924e+03	4.2296e+03
8.0387e+02	4.6338e+03	4.0202e+03
8.1999e+02	4.3877e+03	3.8201e+03
8.3642e+02	4.1543e+03	3.6305e+03
8.5319e+02	3.9337e+03	3.4507e+03
8.7029e+02	3.7248e+03	3.2782e+03
8.8774e+02	3.5305e+03	3.1140e+03
9.0553e+02	3.3407e+03	2.9581e+03
9.2368e+02	3.1659e+03	2.8085e+03
9.4220e+02	2.9971e+03	2.6669e+03
9.6108e+02	2.8354e+03	2.5328e+03
9.8035e+02	2.6854e+03	2.4051e+03
1.0000e+03	2.5435e+03	2.2839e+03