Energy(MeV)	Incoming Spectral Fluence(MeV-1 cm-2)	Residual Spectral Fluence(MeV-1 cm-2)
1.0000e-03	0.0000e+00	5.6019e+04
1.5000e-03	0.0000e+00	5.6031e+04
2.0000e-03	0.0000e+00	5.6040e+04
2.5000e-03	0.0000e+00	5.6046e+04
3.0000e-03	0.0000e+00	5.6052e+04
3.5000e-03	0.0000e+00	5.6056e+04
4.0000e-03	0.0000e+00	5.6060e+04
4.5000e-03	0.0000e+00	5.6064e+04
5.0000e-03	0.0000e+00	5.6067e+04
5.5000e-03	0.0000e+00	5.6070e+04
6.0000e-03	0.0000e+00	5.6073e+04
6.5000e-03	0.0000e+00	5.6075e+04
7.0000e-03	0.0000e+00	5.6077e+04
7.5000e-03	0.0000e+00	5.6079e+04
8.0000e-03	0.0000e+00	5.6081e+04
8.5000e-03	0.0000e+00	5.6083e+04
9.0000e-03	0.0000e+00	5.6085e+04
9.5000e-03	0.0000e+00	5.6087e+04
1.0000e-02	0.0000e+00	5.6088e+04
1.5000e-02	0.0000e+00	5.6100e+04
2.0000e-02	0.0000e+00	5.6109e+04
2.5000e-02	0.0000e+00	5.6116e+04
3.0000e-02	0.0000e+00	5.6121e+04
3.5000e-02	0.0000e+00	5.6129e+04
4.0000e-02	0.0000e+00	5.6149e+04
4.5000e-02	0.0000e+00	5.6166e+04
5.0000e-02	2.0864e+11	5.6182e+04
5.1002e-02	2.0331e+11	5.6185e+04
5.2025e-02	1.9812e+11	5.6188e+04
5.3067e-02	1.9306e+11	5.6191e+04
5.4131e-02	1.8812e+11	5.6194e+04
5.5216e-02	1.8333e+11	5.6197e+04
5.6323e-02	1.7864e+11	5.6200e+04
5.7452e-02	1.7412e+11	5.6203e+04
5.8604e-02	1.6972e+11	5.6206e+04
5.9778e-02	1.6533e+11	5.6209e+04
6.0977e-02	1.6117e+11	5.6212e+04
6.2199e-02	1.5709e+11	5.6215e+04
6.3446e-02	1.5310e+11	5.6218e+04
6.4717e-02	1.4924e+11	5.6221e+04
6.6015e-02	1.4541e+11	5.6224e+04
6.7338e-02	1.4168e+11	5.6227e+04
6.8688e-02	1.3808e+11	5.6230e+04
7.0065e-02	1.3456e+11	5.6233e+04
7.1469e-02	1.3112e+11	5.6236e+04
7.2902e-02	1.2777e+11	5.6239e+04
7.4363e-02	1.2453e+11	5.6242e+04
7.5853e-02	1.2135e+11	5.6245e+04
7.7374e-02	1.1825e+11	5.6248e+04
7.8925e-02	1.1523e+11	5.6251e+04
8.0507e-02	1.1227e+11	5.6254e+04
8.2121e-02	1.0936e+11	5.6257e+04
8.3767e-02	1.0656e+11	5.6260e+04
8.5446e-02	1.0384e+11	5.6263e+04
8.7159e-02	1.0118e+11	5.6266e+04
8.8906e-02	9.8618e+10	5.6269e+04
9.0688e-02	9.6082e+10	5.6274e+04
9.2506e-02	9.3624e+10	5.6280e+04
9.4360e-02	9.1206e+10	5.6286e+04
9.6251e-02	8.8866e+10	5.6292e+04
9.8181e-02	8.6586e+10	5.6298e+04
1.0015e-01	8.4394e+10	5.6304e+04
1.0216e-01	8.2224e+10	5.6310e+04
1.0420e-01	8.0131e+10	5.6316e+04
1.0629e-01	7.8080e+10	5.6322e+04
1.0842e-01	7.6081e+10	5.6328e+04
1.1060e-01	7.4118e+10	5.6334e+04
1.1281e-01	7.2214e+10	5.6340e+04
1.1507e-01	7.0389e+10	5.6346e+04
1.1738e-01	6.8580e+10	5.6352e+04
1.1973e-01	6.6845e+10	5.6357e+04
1.2213e-01	6.5130e+10	5.6363e+04
1.2458e-01	6.3482e+10	5.6369e+04
1.2708e-01	6.1841e+10	5.6375e+04
1.2963e-01	6.0241e+10	5.6381e+04
1.3223e-01	5.8704e+10	5.6387e+04
1.3488e-01	5.7192e+10	5.6393e+04
1.3758e-01	5.5741e+10	5.6399e+04
1.4034e-01	5.4372e+10	5.6405e+04
1.4315e-01	5.2978e+10	5.6411e+04
1.4602e-01	5.1599e+10	5.6419e+04
1.4895e-01	5.0249e+10	5.6428e+04
1.5193e-01	4.8988e+10	5.6436e+04
1.5498e-01	4.7769e+10	5.6445e+04
1.5808e-01	4.6546e+10	5.6454e+04
1.6125e-01	4.5341e+10	5.6463e+04
1.6449e-01	4.4169e+10	5.6472e+04
1.6778e-01	4.3033e+10	5.6481e+04
1.7115e-01	4.1945e+10	5.6490e+04
1.7458e-01	4.0919e+10	5.6499e+04
1.7808e-01	3.9885e+10	5.6507e+04
1.8165e-01	3.8864e+10	5.6516e+04
1.8529e-01	3.7883e+10	5.6525e+04
1.8900e-01	3.6913e+10	5.6534e+04
1.9279e-01	3.5947e+10	5.6543e+04
1.9665e-01	3.5020e+10	5.6552e+04
2.0060e-01	3.4146e+10	5.6561e+04
2.0462e-01	3.3284e+10	5.6573e+04
2.0872e-01	3.2445e+10	5.6585e+04
2.1290e-01	3.1614e+10	5.6597e+04
2.1717e-01	3.0775e+10	5.6608e+04
2.2152e-01	2.9974e+10	5.6620e+04
2.2596e-01	2.9222e+10	5.6632e+04
2.3049e-01	2.8470e+10	5.6644e+04
2.3511e-01	2.7743e+10	5.6655e+04
2.3983e-01	2.7020e+10	5.6667e+04
2.4463e-01	2.6316e+10	5.6679e+04
2.4954e-01	2.5635e+10	5.6691e+04
2.5454e-01	2.4985e+10	5.6703e+04
2.5964e-01	2.4348e+10	5.6717e+04
2.6484e-01	2.3708e+10	5.6732e+04
2.7015e-01	2.3102e+10	5.6746e+04
2.7557e-01	2.2515e+10	5.6761e+04
2.8109e-01	2.1937e+10	5.6776e+04
2.8673e-01	2.1363e+10	5.6790e+04
2.9247e-01	2.0810e+10	5.6805e+04
2.9834e-01	2.0276e+10	5.6820e+04
3.0432e-01	1.9745e+10	5.6834e+04
3.1042e-01	1.9230e+10	5.6849e+04
3.1664e-01	1.8739e+10	5.6867e+04
3.2299e-01	1.8263e+10	5.6884e+04
3.2946e-01	1.7774e+10	5.6902e+04
3.3606e-01	1.7311e+10	5.6919e+04
3.4280e-01	1.6858e+10	5.6937e+04
3.4967e-01	1.6440e+10	5.6954e+04
3.5668e-01	1.6014e+10	5.6972e+04
3.6383e-01	1.5604e+10	5.6990e+04
3.7112e-01	1.5193e+10	5.7009e+04
3.7856e-01	1.4810e+10	5.7030e+04
3.8615e-01	1.4420e+10	5.7050e+04
3.9389e-01	1.4049e+10	5.7071e+04
4.0179e-01	1.3675e+10	5.7091e+04
4.0984e-01	1.3324e+10	5.7111e+04
4.1806e-01	1.2976e+10	5.7132e+04
4.2644e-01	1.2643e+10	5.7154e+04
4.3498e-01	1.2318e+10	5.7177e+04
4.4370e-01	1.2001e+10	5.7201e+04
4.5260e-01	1.1691e+10	5.7224e+04
4.6167e-01	1.1393e+10	5.7247e+04
4.7092e-01	1.1098e+10	5.7271e+04
4.8036e-01	1.0809e+10	5.7295e+04
4.8999e-01	1.0525e+10	5.7321e+04
4.9981e-01	1.0244e+10	5.7347e+04
5.0983e-01	9.9737e+09	5.7372e+04
5.2005e-01	9.7107e+09	5.7398e+04
5.3048e-01	9.4603e+09	5.7424e+04
5.4111e-01	9.2189e+09	5.7452e+04
5.5196e-01	8.9793e+09	5.7480e+04
5.6302e-01	8.7472e+09	5.7508e+04
5.7431e-01	8.5175e+09	5.7536e+04
5.8582e-01	8.2930e+09	5.7565e+04
5.9756e-01	8.0768e+09	5.7595e+04
6.0954e-01	7.8621e+09	5.7625e+04
6.2176e-01	7.6537e+09	5.7656e+04
6.3422e-01	7.4542e+09	5.7686e+04
6.4693e-01	7.2541e+09	5.7717e+04
6.5990e-01	7.0613e+09	5.7750e+04
6.7313e-01	6.8749e+09	5.7782e+04
6.8662e-01	6.6994e+09	5.7815e+04
7.0038e-01	6.5222e+09	5.7848e+04
7.1442e-01	6.3518e+09	5.7883e+04
7.2874e-01	6.1821e+09	5.7919e+04
7.4335e-01	6.0202e+09	5.7954e+04
7.5825e-01	5.8614e+09	5.7991e+04
7.7345e-01	5.7055e+09	5.8031e+04
7.8896e-01	5.5584e+09	5.8071e+04
8.0477e-01	5.4117e+09	5.8111e+04
8.2090e-01	5.2699e+09	5.8153e+04
8.3736e-01	5.1293e+09	5.8196e+04
8.5414e-01	4.9934e+09	5.8239e+04
8.7126e-01	4.8627e+09	5.8283e+04
8.8873e-01	4.7309e+09	5.8329e+04
9.0654e-01	4.6067e+09	5.8375e+04
9.2471e-01	4.4840e+09	5.8422e+04
9.4325e-01	4.3685e+09	5.8471e+04
9.6216e-01	4.2535e+09	5.8520e+04
9.8144e-01	4.1405e+09	5.8569e+04
1.0011e+00	4.0307e+09	5.8622e+04
1.0212e+00	3.9249e+09	5.8674e+04
1.0417e+00	3.8215e+09	5.8728e+04
1.0625e+00	3.7211e+09	5.8783e+04
1.0838e+00	3.6236e+09	5.8838e+04
1.1056e+00	3.5274e+09	5.8895e+04
1.1277e+00	3.4330e+09	5.8953e+04
1.1503e+00	3.3436e+09	5.9012e+04
1.1734e+00	3.2561e+09	5.9073e+04
1.1969e+00	3.1691e+09	5.9134e+04
1.2209e+00	3.0842e+09	5.9198e+04
1.2454e+00	3.0018e+09	5.9262e+04
1.2703e+00	2.9191e+09	5.9327e+04
1.2958e+00	2.8400e+09	5.9394e+04
1.3218e+00	2.7655e+09	5.9462e+04
1.3483e+00	2.6906e+09	5.9532e+04
1.3753e+00	2.6186e+09	5.9602e+04
1.4029e+00	2.5493e+09	5.9675e+04
1.4310e+00	2.4814e+09	5.9748e+04
1.4597e+00	2.4143e+09	5.9824e+04
1.4889e+00	2.3480e+09	5.9901e+04
1.5188e+00	2.2851e+09	5.9979e+04
1.5492e+00	2.2237e+09	6.0059e+04
1.5803e+00	2.1624e+09	6.0140e+04
1.6119e+00	2.1032e+09	6.0224e+04
1.6442e+00	2.0449e+09	6.0308e+04
1.6772e+00	1.9886e+09	6.0395e+04
1.7108e+00	1.9344e+09	6.0483e+04
1.7451e+00	1.8811e+09	6.0573e+04
1.7801e+00	1.8287e+09	6.0665e+04
1.8158e+00	1.7785e+09	6.0758e+04
1.8522e+00	1.7293e+09	6.0854e+04
1.8893e+00	1.6809e+09	6.0952e+04
1.9272e+00	1.6334e+09	6.1051e+04
1.9658e+00	1.5881e+09	6.1153e+04
2.0052e+00	1.5445e+09	6.1256e+04
2.0454e+00	1.5015e+09	6.1362e+04
2.0864e+00	1.4598e+09	6.1470e+04
2.1282e+00	1.4194e+09	6.1580e+04
2.1709e+00	1.3802e+09	6.1692e+04
2.2144e+00	1.3418e+09	6.1806e+04
2.2588e+00	1.3043e+09	6.1922e+04
2.3041e+00	1.2676e+09	6.2042e+04
2.3502e+00	1.2321e+09	6.2163e+04
2.3974e+00	1.1979e+09	6.2287e+04
2.4454e+00	1.1642e+09	6.2413e+04
2.4944e+00	1.1310e+09	6.2542e+04
2.5444e+00	1.0986e+09	6.2673e+04
2.5954e+00	1.0669e+09	6.2577e+04
2.6475e+00	1.0370e+09	6.2648e+04
2.7005e+00	1.0073e+09	6.2781e+04
2.7547e+00	9.7771e+08	6.2923e+04
2.8099e+00	9.4897e+08	6.3068e+04
2.8662e+00	9.2128e+08	6.3216e+04
2.9237e+00	8.9456e+08	6.3367e+04
2.9823e+00	8.6887e+08	6.3521e+04
3.0420e+00	8.4406e+08	6.3679e+04
3.1030e+00	8.1998e+08	6.3839e+04
3.1652e+00	7.9616e+08	6.4002e+04
3.2287e+00	7.7290e+08	6.4169e+04
3.2934e+00	7.4981e+08	6.4339e+04
3.3594e+00	7.2784e+08	6.4513e+04
3.4267e+00	7.0568e+08	6.4690e+04
3.4954e+00	6.8467e+08	6.4871e+04
3.5655e+00	6.6371e+08	6.5055e+04
3.6370e+00	6.4386e+08	6.5243e+04
3.7099e+00	6.2501e+08	6.5435e+04
3.7842e+00	6.0614e+08	6.5630e+04
3.8601e+00	5.8784e+08	6.5830e+04
3.9375e+00	5.6988e+08	6.6033e+04
4.0164e+00	5.5272e+08	6.6241e+04
4.0969e+00	5.3594e+08	6.6453e+04
4.1790e+00	5.1953e+08	6.6669e+04
4.2628e+00	5.0345e+08	6.6890e+04
4.3482e+00	4.8795e+08	6.7115e+04
4.4354e+00	4.7325e+08	6.7344e+04
4.5243e+00	4.5874e+08	6.7578e+04
4.6150e+00	4.4481e+08	6.7817e+04
4.7075e+00	4.3101e+08	6.8060e+04
4.8019e+00	4.1761e+08	6.8308e+04
4.8981e+00	4.0437e+08	6.8561e+04
4.9963e+00	3.9166e+08	6.8818e+04
5.0964e+00	3.7909e+08	6.9081e+04
5.1986e+00	3.6703e+08	6.9346e+04
5.3028e+00	3.5469e+08	6.9592e+04
5.4091e+00	3.4277e+08	6.9859e+04
5.5175e+00	3.3166e+08	7.0142e+04
5.6281e+00	3.2093e+08	7.0430e+04
5.7409e+00	3.1054e+08	7.0723e+04
5.8560e+00	3.0042e+08	7.1023e+04
5.9734e+00	2.9071e+08	7.1328e+04
6.0931e+00	2.8147e+08	7.1638e+04
6.2153e+00	2.7224e+08	7.1955e+04
6.3398e+00	2.6326e+08	7.2278e+04
6.4669e+00	2.5457e+08	7.2606e+04
6.5966e+00	2.4616e+08	7.2941e+04
6.7288e+00	2.3769e+08	7.3283e+04
6.8637e+00	2.2952e+08	7.3630e+04
7.0012e+00	2.2174e+08	7.3985e+04
7.1416e+00	2.1402e+08	7.4346e+04
7.2847e+00	2.0656e+08	7.4713e+04
7.4308e+00	1.9945e+08	7.5087e+04
7.5797e+00	1.9261e+08	7.5468e+04
7.7316e+00	1.8575e+08	7.5856e+04
7.8866e+00	1.7934e+08	7.6251e+04
8.0447e+00	1.7315e+08	7.6654e+04
8.2060e+00	1.6685e+08	7.7063e+04
8.3705e+00	1.6089e+08	7.7480e+04
8.5382e+00	1.5519e+08	7.7905e+04
8.7094e+00	1.4966e+08	7.8338e+04
8.8840e+00	1.4414e+08	7.8779e+04
9.0620e+00	1.3888e+08	7.9229e+04
9.2437e+00	1.3375e+08	7.9686e+04
9.4290e+00	1.2887e+08	8.0150e+04
9.6180e+00	1.2411e+08	8.0628e+04
9.8108e+00	1.1962e+08	8.1130e+04
1.0007e+01	1.1521e+08	8.1633e+04
1.0208e+01	1.1086e+08	8.2147e+04
1.0413e+01	1.0666e+08	8.2639e+04
1.0621e+01	1.0264e+08	8.3144e+04
1.0834e+01	9.8671e+07	8.3657e+04
1.1051e+01	9.4911e+07	8.4178e+04
1.1273e+01	9.1230e+07	8.4710e+04
1.1499e+01	8.7598e+07	8.5255e+04
1.1729e+01	8.4040e+07	8.5910e+04
1.1965e+01	8.0697e+07	8.6496e+04
1.2204e+01	7.7386e+07	8.7056e+04
1.2449e+01	7.4423e+07	8.7624e+04
1.2699e+01	7.1509e+07	8.8200e+04
1.2953e+01	6.8558e+07	8.8786e+04
1.3213e+01	6.5771e+07	8.9386e+04
1.3478e+01	6.3083e+07	9.0005e+04
1.3748e+01	6.0506e+07	9.0635e+04
1.4023e+01	5.8021e+07	9.1206e+04
1.4304e+01	5.5564e+07	9.1838e+04
1.4591e+01	5.3250e+07	9.2474e+04
1.4884e+01	5.0937e+07	9.3114e+04
1.5182e+01	4.8764e+07	9.3759e+04
1.5486e+01	4.6661e+07	9.4408e+04
1.5797e+01	4.4603e+07	9.5064e+04
1.6113e+01	4.2639e+07	9.5728e+04
1.6436e+01	4.0721e+07	9.6399e+04
1.6766e+01	3.8914e+07	9.7016e+04
1.7102e+01	3.7160e+07	9.7690e+04
1.7445e+01	3.5456e+07	9.8369e+04
1.7794e+01	3.3830e+07	9.9054e+04
1.8151e+01	3.2345e+07	9.9745e+04
1.8515e+01	3.0878e+07	1.0044e+05
1.8886e+01	2.9503e+07	1.0114e+05
1.9265e+01	2.8149e+07	1.0186e+05
1.9651e+01	2.6831e+07	1.0258e+05
2.0045e+01	2.5543e+07	1.0335e+05
2.0446e+01	2.4355e+07	1.0404e+05
2.0856e+01	2.3184e+07	1.0475e+05
2.1274e+01	2.2027e+07	1.0564e+05
2.1701e+01	2.0946e+07	1.0635e+05
2.2136e+01	1.9923e+07	1.0706e+05
2.2579e+01	1.8957e+07	1.0782e+05
2.3032e+01	1.7992e+07	1.0849e+05
2.3494e+01	1.7081e+07	1.0921e+05
2.3965e+01	1.6238e+07	1.0992e+05
2.4445e+01	1.5380e+07	1.1061e+05
2.4935e+01	1.4575e+07	1.1131e+05
2.5435e+01	1.3830e+07	1.1198e+05
2.5945e+01	1.3130e+07	1.1265e+05
2.6465e+01	1.2436e+07	1.1331e+05
2.6995e+01	1.1788e+07	1.1398e+05
2.7536e+01	1.1176e+07	1.1470e+05
2.8088e+01	1.0614e+07	1.1533e+05
2.8651e+01	1.0057e+07	1.1613e+05
2.9226e+01	9.5375e+06	1.1673e+05
2.9812e+01	9.0256e+06	1.1737e+05
3.0409e+01	8.5578e+06	1.1799e+05
3.1019e+01	8.1062e+06	1.1854e+05
3.1640e+01	7.6743e+06	1.1907e+05
3.2275e+01	7.2662e+06	1.1956e+05
3.2922e+01	6.8830e+06	1.2003e+05
3.3581e+01	6.5160e+06	1.2050e+05
3.4255e+01	6.1741e+06	1.2102e+05
3.4941e+01	5.8491e+06	1.2143e+05
3.5642e+01	5.5472e+06	1.2181e+05
3.6356e+01	5.2624e+06	1.2226e+05
3.7085e+01	4.9808e+06	1.2261e+05
3.7828e+01	4.7118e+06	1.2291e+05
3.8586e+01	4.4625e+06	1.2316e+05
3.9360e+01	4.2328e+06	1.2340e+05
4.0149e+01	4.0073e+06	1.2372e+05
4.0954e+01	3.7955e+06	1.2389e+05
4.1775e+01	3.5936e+06	1.2409e+05
4.2612e+01	3.4020e+06	1.2419e+05
4.3466e+01	3.2218e+06	1.2421e+05
4.4337e+01	3.0527e+06	1.2418e+05
4.5226e+01	2.8907e+06	1.2417e+05
4.6133e+01	2.7377e+06	1.2407e+05
4.7057e+01	2.5931e+06	1.2403e+05
4.8001e+01	2.4542e+06	1.2384e+05
4.8963e+01	2.3248e+06	1.2358e+05
4.9944e+01	2.2018e+06	1.2332e+05
5.0945e+01	2.0853e+06	1.2302e+05
5.1967e+01	1.9753e+06	1.2280e+05
5.3008e+01	1.8724e+06	1.2240e+05
5.4071e+01	1.7754e+06	1.2197e+05
5.5155e+01	1.6830e+06	1.2147e+05
5.6260e+01	1.5945e+06	1.2105e+05
5.7388e+01	1.5092e+06	1.2045e+05
5.8538e+01	1.4306e+06	1.1984e+05
5.9712e+01	1.3542e+06	1.1912e+05
6.0909e+01	1.2815e+06	1.1847e+05
6.2130e+01	1.2121e+06	1.1767e+05
6.3375e+01	1.1485e+06	1.1683e+05
6.4645e+01	1.0882e+06	1.1602e+05
6.5941e+01	1.0308e+06	1.1504e+05
6.7263e+01	9.7702e+05	1.1403e+05
6.8611e+01	9.2537e+05	1.1304e+05
6.9986e+01	8.7718e+05	1.1190e+05
7.1389e+01	8.3010e+05	1.1074e+05
7.2820e+01	7.8580e+05	1.0956e+05
7.4280e+01	7.4436e+05	1.0827e+05
7.5769e+01	7.0427e+05	1.0697e+05
7.7288e+01	6.6687e+05	1.0557e+05
7.8837e+01	6.3175e+05	1.0424e+05
8.0417e+01	5.9846e+05	1.0280e+05
8.2029e+01	5.6687e+05	1.0137e+05
8.3673e+01	5.3657e+05	9.9793e+04
8.5351e+01	5.0809e+05	9.8247e+04
8.7062e+01	4.8063e+05	9.6628e+04
8.8807e+01	4.5516e+05	9.5034e+04
9.0587e+01	4.3132e+05	9.3363e+04
9.2403e+01	4.0899e+05	9.1744e+04
9.4255e+01	3.8724e+05	9.0082e+04
9.6144e+01	3.6661e+05	8.8361e+04
9.8071e+01	3.4715e+05	8.6659e+04
1.0004e+02	3.2864e+05	8.4868e+04
1.0204e+02	3.1135e+05	8.3081e+04
1.0409e+02	2.9518e+05	8.1277e+04
1.0617e+02	2.7958e+05	7.9514e+04
1.0830e+02	2.6466e+05	7.7751e+04
1.1047e+02	2.5064e+05	7.5929e+04
1.1269e+02	2.3716e+05	7.4117e+04
1.1495e+02	2.2437e+05	7.2360e+04
1.1725e+02	2.1261e+05	7.0603e+04
1.1960e+02	2.0153e+05	6.8844e+04
1.2200e+02	1.9105e+05	6.7064e+04
1.2444e+02	1.8111e+05	6.5294e+04
1.2694e+02	1.7159e+05	6.3585e+04
1.2948e+02	1.6258e+05	6.1872e+04
1.3208e+02	1.5386e+05	6.0152e+04
1.3473e+02	1.4586e+05	5.8432e+04
1.3743e+02	1.3805e+05	5.6728e+04
1.4018e+02	1.3071e+05	5.5051e+04
1.4299e+02	1.2387e+05	5.3394e+04
1.4586e+02	1.1738e+05	5.1781e+04
1.4878e+02	1.1118e+05	5.0169e+04
1.5176e+02	1.0523e+05	4.8551e+04
1.5481e+02	9.9717e+04	4.6963e+04
1.5791e+02	9.4341e+04	4.5399e+04
1.6107e+02	8.9430e+04	4.3879e+04
1.6430e+02	8.4746e+04	4.2406e+04
1.6760e+02	8.0228e+04	4.0951e+04
1.7096e+02	7.6076e+04	3.9526e+04
1.7438e+02	7.2058e+04	3.8129e+04
1.7788e+02	6.8209e+04	3.6760e+04
1.8144e+02	6.4610e+04	3.5419e+04
1.8508e+02	6.1189e+04	3.4119e+04
1.8879e+02	5.7959e+04	3.2862e+04
1.9257e+02	5.4913e+04	3.1643e+04
1.9643e+02	5.2012e+04	3.0449e+04
2.0037e+02	4.9284e+04	2.9263e+04
2.0439e+02	4.6665e+04	2.8113e+04
2.0849e+02	4.4178e+04	2.6996e+04
2.1266e+02	4.1818e+04	2.5909e+04
2.1693e+02	3.9571e+04	2.4871e+04
2.2128e+02	3.7457e+04	2.3875e+04
2.2571e+02	3.5479e+04	2.2914e+04
2.3024e+02	3.3590e+04	2.1984e+04
2.3485e+02	3.1783e+04	2.1084e+04
2.3956e+02	3.0103e+04	2.0222e+04
2.4436e+02	2.8488e+04	1.9393e+04
2.4926e+02	2.6983e+04	1.8579e+04
2.5425e+02	2.5547e+04	1.7773e+04
2.5935e+02	2.4196e+04	1.7002e+04
2.6455e+02	2.2909e+04	1.6265e+04
2.6985e+02	2.1705e+04	1.5552e+04
2.7526e+02	2.0570e+04	1.4870e+04
2.8078e+02	1.9475e+04	1.4217e+04
2.8641e+02	1.8431e+04	1.3586e+04
2.9215e+02	1.7460e+04	1.2982e+04
2.9800e+02	1.6533e+04	1.2406e+04
3.0398e+02	1.5648e+04	1.1846e+04
3.1007e+02	1.4815e+04	1.1303e+04
3.1629e+02	1.4020e+04	1.0782e+04
3.2263e+02	1.3276e+04	1.0291e+04
3.2909e+02	1.2575e+04	9.8229e+03
3.3569e+02	1.1906e+04	9.3761e+03
3.4242e+02	1.1270e+04	8.9497e+03
3.4928e+02	1.0679e+04	8.5363e+03
3.5628e+02	1.0114e+04	8.1353e+03
3.6343e+02	9.5816e+03	7.7552e+03
3.7071e+02	9.0800e+03	7.3882e+03
3.7814e+02	8.5944e+03	7.0381e+03
3.8572e+02	8.1458e+03	6.7065e+03
3.9345e+02	7.7153e+03	6.3881e+03
4.0134e+02	7.3050e+03	6.0831e+03
4.0938e+02	6.9182e+03	5.7901e+03
4.1759e+02	6.5499e+03	5.5134e+03
4.2596e+02	6.2022e+03	5.2480e+03
4.3450e+02	5.8741e+03	4.9969e+03
4.4321e+02	5.5675e+03	4.7552e+03
4.5209e+02	5.2731e+03	4.5220e+03
4.6116e+02	4.9960e+03	4.2981e+03
4.7040e+02	4.7278e+03	4.0854e+03
4.7983e+02	4.4759e+03	3.8859e+03
4.8945e+02	4.2354e+03	3.6948e+03
4.9926e+02	4.0131e+03	3.5139e+03
5.0926e+02	3.7989e+03	3.3390e+03
5.1947e+02	3.5980e+03	3.1736e+03
5.2989e+02	3.4067e+03	3.0157e+03
5.4051e+02	3.2270e+03	2.8650e+03
5.5134e+02	3.0559e+03	2.7210e+03
5.6239e+02	2.8918e+03	2.5853e+03
5.7367e+02	2.7366e+03	2.4558e+03
5.8517e+02	2.5929e+03	2.3333e+03
5.9690e+02	2.4557e+03	2.2174e+03
6.0886e+02	2.3260e+03	2.1068e+03
6.2106e+02	2.2036e+03	2.0014e+03
6.3351e+02	2.0881e+03	1.9013e+03
6.4621e+02	1.9786e+03	1.8057e+03
6.5917e+02	1.8747e+03	1.7139e+03
6.7238e+02	1.7749e+03	1.6271e+03
6.8586e+02	1.6807e+03	1.5456e+03
6.9960e+02	1.5926e+03	1.4682e+03
7.1363e+02	1.5092e+03	1.3934e+03
7.2793e+02	1.4291e+03	1.3228e+03
7.4252e+02	1.3540e+03	1.2559e+03
7.5741e+02	1.2828e+03	1.1920e+03
7.7259e+02	1.2154e+03	1.1307e+03
7.8808e+02	1.1505e+03	1.0729e+03
8.0387e+02	1.0898e+03	1.0173e+03
8.1999e+02	1.0313e+03	9.6416e+02
8.3642e+02	9.7574e+02	9.1394e+02
8.5319e+02	9.2319e+02	8.6682e+02
8.7029e+02	8.7410e+02	8.2154e+02
8.8774e+02	8.2711e+02	7.7884e+02
9.0553e+02	7.8286e+02	7.3856e+02
9.2368e+02	7.4127e+02	6.9995e+02
9.4220e+02	7.0140e+02	6.6400e+02
9.6108e+02	6.6449e+02	6.2967e+02
9.8035e+02	6.2918e+02	5.9708e+02
1.0000e+03	5.9587e+02	5.6617e+02