# Energy(MeV) Phi16 Phi84
5.000000e-02 1.875624e+11 2.770638e+11
5.100225e-02 1.828838e+11 2.695937e+11
5.202458e-02 1.783518e+11 2.623103e+11
5.306741e-02 1.739524e+11 2.552650e+11
5.413114e-02 1.696643e+11 2.482089e+11
5.521620e-02 1.655085e+11 2.413310e+11
5.632300e-02 1.614619e+11 2.346459e+11
5.745199e-02 1.574948e+11 2.284172e+11
5.860361e-02 1.536068e+11 2.223535e+11
5.977832e-02 1.498426e+11 2.163443e+11
6.097657e-02 1.460529e+11 2.104144e+11
6.219884e-02 1.423939e+11 2.045644e+11
6.344561e-02 1.389321e+11 1.988244e+11
6.471737e-02 1.354842e+11 1.932666e+11
6.601463e-02 1.321215e+11 1.879240e+11
6.733789e-02 1.288739e+11 1.829496e+11
6.868767e-02 1.257424e+11 1.780617e+11
7.006451e-02 1.225304e+11 1.731765e+11
7.146895e-02 1.194428e+11 1.684236e+11
7.290154e-02 1.165306e+11 1.638009e+11
7.436284e-02 1.137361e+11 1.593038e+11
7.585344e-02 1.109093e+11 1.549471e+11
7.737392e-02 1.081081e+11 1.507161e+11
7.892487e-02 1.054923e+11 1.466005e+11
8.050691e-02 1.029669e+11 1.428388e+11
8.212067e-02 1.004974e+11 1.389585e+11
8.376677e-02 9.806248e+10 1.351314e+11
8.544587e-02 9.573391e+10 1.315176e+11
8.715862e-02 9.330402e+10 1.279412e+11
8.890571e-02 9.087270e+10 1.245160e+11
9.068782e-02 8.854039e+10 1.211931e+11
9.250565e-02 8.635153e+10 1.177765e+11
9.435992e-02 8.425133e+10 1.145810e+11
9.625136e-02 8.220261e+10 1.115298e+11
9.818071e-02 8.024708e+10 1.084458e+11
1.001487e-01 7.831793e+10 1.054470e+11
1.021562e-01 7.630272e+10 1.025310e+11
1.042039e-01 7.442070e+10 9.969547e+10
1.062927e-01 7.258946e+10 9.694406e+10
1.084233e-01 7.079370e+10 9.428112e+10
1.105966e-01 6.895724e+10 9.168717e+10
1.128135e-01 6.724206e+10 8.921389e+10
1.150749e-01 6.555660e+10 8.684029e+10
1.173816e-01 6.387071e+10 8.453385e+10
1.197345e-01 6.222823e+10 8.221172e+10
1.221345e-01 6.068384e+10 7.994278e+10
1.245827e-01 5.918139e+10 7.774337e+10
1.270800e-01 5.769963e+10 7.565744e+10
1.296273e-01 5.622204e+10 7.363548e+10
1.322256e-01 5.475848e+10 7.162154e+10
1.348761e-01 5.336359e+10 6.969794e+10
1.375797e-01 5.202910e+10 6.785298e+10
1.403374e-01 5.070027e+10 6.601574e+10
1.431505e-01 4.946490e+10 6.427112e+10
1.460199e-01 4.822200e+10 6.258663e+10
1.489469e-01 4.700683e+10 6.088636e+10
1.519325e-01 4.581129e+10 5.922795e+10
1.549780e-01 4.466333e+10 5.760609e+10
1.580845e-01 4.353099e+10 5.603075e+10
1.612533e-01 4.244109e+10 5.448500e+10
1.644856e-01 4.133600e+10 5.299392e+10
1.677827e-01 4.026700e+10 5.153959e+10
1.711459e-01 3.921262e+10 5.015713e+10
1.745765e-01 3.818842e+10 4.879367e+10
1.780759e-01 3.718536e+10 4.749653e+10
1.816454e-01 3.625097e+10 4.621842e+10
1.852865e-01 3.534893e+10 4.499035e+10
1.890005e-01 3.445822e+10 4.380808e+10
1.927890e-01 3.357848e+10 4.265225e+10
1.966535e-01 3.271208e+10 4.150955e+10
2.005954e-01 3.191259e+10 4.037716e+10
2.046163e-01 3.107763e+10 3.930664e+10
2.087178e-01 3.030327e+10 3.828022e+10
2.129015e-01 2.952361e+10 3.725524e+10
2.171691e-01 2.875658e+10 3.625858e+10
2.215223e-01 2.803380e+10 3.529572e+10
2.259627e-01 2.734285e+10 3.436226e+10
2.304921e-01 2.665043e+10 3.342616e+10
2.351123e-01 2.599590e+10 3.255493e+10
2.398251e-01 2.533742e+10 3.170371e+10
2.446324e-01 2.467944e+10 3.080732e+10
2.495360e-01 2.406004e+10 2.998433e+10
2.545379e-01 2.344659e+10 2.919565e+10
2.596401e-01 2.283908e+10 2.841351e+10
2.648446e-01 2.226110e+10 2.765564e+10
2.701534e-01 2.169813e+10 2.690464e+10
2.755686e-01 2.114942e+10 2.619587e+10
2.810923e-01 2.061541e+10 2.550445e+10
2.867268e-01 2.007053e+10 2.478545e+10
2.924742e-01 1.957605e+10 2.410055e+10
2.983368e-01 1.909979e+10 2.342869e+10
3.043170e-01 1.860658e+10 2.279614e+10
3.104170e-01 1.814003e+10 2.217582e+10
3.166393e-01 1.766861e+10 2.158050e+10
3.229863e-01 1.721352e+10 2.101548e+10
3.294605e-01 1.676866e+10 2.047442e+10
3.360645e-01 1.632961e+10 1.991596e+10
3.428009e-01 1.593407e+10 1.936936e+10
3.496723e-01 1.552486e+10 1.885441e+10
3.566815e-01 1.512948e+10 1.834816e+10
3.638311e-01 1.473272e+10 1.786779e+10
3.711241e-01 1.434272e+10 1.740133e+10
3.785633e-01 1.395598e+10 1.693346e+10
3.861515e-01 1.359735e+10 1.646068e+10
3.938919e-01 1.324817e+10 1.602752e+10
4.017874e-01 1.290900e+10 1.559864e+10
4.098412e-01 1.256687e+10 1.519287e+10
4.180565e-01 1.223377e+10 1.478406e+10
4.264364e-01 1.191821e+10 1.438740e+10
4.349843e-01 1.160625e+10 1.399779e+10
4.437035e-01 1.130724e+10 1.362307e+10
4.525975e-01 1.101516e+10 1.326178e+10
4.616698e-01 1.072347e+10 1.290739e+10
4.709239e-01 1.043978e+10 1.256708e+10
4.803635e-01 1.016500e+10 1.223621e+10
4.899924e-01 9.892106e+09 1.191317e+10
4.998143e-01 9.627848e+09 1.158944e+10
5.098330e-01 9.380783e+09 1.127814e+10
5.200526e-01 9.137114e+09 1.098088e+10
5.304770e-01 8.896591e+09 1.069159e+10
5.411103e-01 8.666399e+09 1.040439e+10
5.519569e-01 8.447741e+09 1.012254e+10
5.630208e-01 8.222458e+09 9.846701e+09
5.743065e-01 8.005864e+09 9.582861e+09
5.858184e-01 7.793890e+09 9.324188e+09
5.975611e-01 7.599296e+09 9.074943e+09
6.095392e-01 7.396714e+09 8.832051e+09
6.217573e-01 7.200310e+09 8.594843e+09
6.342204e-01 7.015444e+09 8.369865e+09
6.469333e-01 6.821965e+09 8.153291e+09
6.599011e-01 6.642601e+09 7.938446e+09
6.731287e-01 6.465469e+09 7.724920e+09
6.866215e-01 6.290892e+09 7.518734e+09
7.003848e-01 6.126767e+09 7.317253e+09
7.144240e-01 5.959683e+09 7.120798e+09
7.287445e-01 5.793476e+09 6.929380e+09
7.433522e-01 5.631378e+09 6.745368e+09
7.582526e-01 5.478435e+09 6.568342e+09
7.734517e-01 5.327784e+09 6.390560e+09
7.889555e-01 5.183482e+09 6.217516e+09
8.047701e-01 5.041424e+09 6.058356e+09
8.209016e-01 4.906820e+09 5.903771e+09
8.373565e-01 4.771193e+09 5.744339e+09
8.541413e-01 4.644831e+09 5.588787e+09
8.712625e-01 4.523806e+09 5.440282e+09
8.887268e-01 4.398554e+09 5.293494e+09
9.065413e-01 4.281582e+09 5.152069e+09
9.247129e-01 4.166388e+09 5.017244e+09
9.432487e-01 4.056888e+09 4.885123e+09
9.621560e-01 3.946155e+09 4.756659e+09
9.814423e-01 3.839257e+09 4.631541e+09
1.001115e+00 3.734403e+09 4.506466e+09
1.021183e+00 3.630178e+09 4.387518e+09
1.041652e+00 3.530091e+09 4.271205e+09
1.062532e+00 3.430603e+09 4.156955e+09
1.083830e+00 3.336774e+09 4.045449e+09
1.105556e+00 3.245466e+09 3.934532e+09
1.127716e+00 3.157213e+09 3.829057e+09
1.150321e+00 3.069167e+09 3.727976e+09
1.173379e+00 2.984270e+09 3.628222e+09
1.196900e+00 2.902607e+09 3.530535e+09
1.220892e+00 2.822859e+09 3.432345e+09
1.245364e+00 2.742726e+09 3.344192e+09
1.270327e+00 2.666035e+09 3.253883e+09
1.295791e+00 2.591599e+09 3.164455e+09
1.321765e+00 2.519841e+09 3.077923e+09
1.348260e+00 2.449175e+09 2.995828e+09
1.375286e+00 2.379930e+09 2.913015e+09
1.402853e+00 2.313274e+09 2.836584e+09
1.430973e+00 2.249460e+09 2.760438e+09
1.459657e+00 2.187330e+09 2.684230e+09
1.488916e+00 2.124544e+09 2.612504e+09
1.518761e+00 2.062471e+09 2.540334e+09
1.549204e+00 2.006702e+09 2.470034e+09
1.580258e+00 1.951994e+09 2.402061e+09
1.611934e+00 1.895943e+09 2.335950e+09
1.644245e+00 1.842942e+09 2.272297e+09
1.677204e+00 1.791090e+09 2.210619e+09
1.710823e+00 1.740456e+09 2.149175e+09
1.745117e+00 1.691418e+09 2.089591e+09
1.780097e+00 1.644355e+09 2.031118e+09
1.815779e+00 1.598557e+09 1.975464e+09
1.852176e+00 1.554281e+09 1.919672e+09
1.889303e+00 1.509689e+09 1.866057e+09
1.927174e+00 1.466671e+09 1.813328e+09
1.965804e+00 1.423941e+09 1.763004e+09
2.005209e+00 1.382478e+09 1.712917e+09
2.045403e+00 1.342166e+09 1.663733e+09
2.086403e+00 1.304347e+09 1.616858e+09
2.128224e+00 1.267747e+09 1.571326e+09
2.170885e+00 1.230433e+09 1.528034e+09
2.214400e+00 1.193931e+09 1.486123e+09
2.258787e+00 1.158486e+09 1.444537e+09
2.304064e+00 1.125327e+09 1.403654e+09
2.350249e+00 1.091809e+09 1.363919e+09
2.397360e+00 1.059681e+09 1.325012e+09
2.445415e+00 1.029684e+09 1.287241e+09
2.494433e+00 9.989942e+08 1.250752e+09
2.544434e+00 9.691518e+08 1.215594e+09
2.595437e+00 9.402526e+08 1.180529e+09
2.647462e+00 9.130403e+08 1.146715e+09
2.700530e+00 8.861070e+08 1.113725e+09
2.754662e+00 8.592513e+08 1.081635e+09
2.809879e+00 8.349450e+08 1.050467e+09
2.866203e+00 8.110358e+08 1.020312e+09
2.923656e+00 7.865417e+08 9.915604e+08
2.982260e+00 7.637244e+08 9.629257e+08
3.042039e+00 7.398295e+08 9.347574e+08
3.103017e+00 7.185611e+08 9.069713e+08
3.165216e+00 6.978865e+08 8.814747e+08
3.228663e+00 6.777729e+08 8.559636e+08
3.293381e+00 6.575274e+08 8.316393e+08
3.359397e+00 6.374539e+08 8.072785e+08
3.426736e+00 6.187591e+08 7.836493e+08
3.495424e+00 6.006020e+08 7.599489e+08
3.565490e+00 5.826675e+08 7.376029e+08
3.636960e+00 5.646909e+08 7.156895e+08
3.709862e+00 5.475885e+08 6.943675e+08
3.784226e+00 5.311586e+08 6.735710e+08
3.860081e+00 5.152199e+08 6.535042e+08
3.937456e+00 4.997180e+08 6.340926e+08
4.016382e+00 4.841757e+08 6.146664e+08
4.096890e+00 4.691831e+08 5.961110e+08
4.179012e+00 4.547140e+08 5.783497e+08
4.262780e+00 4.404698e+08 5.604228e+08
4.348227e+00 4.270421e+08 5.428333e+08
4.435387e+00 4.138288e+08 5.263279e+08
4.524294e+00 4.010358e+08 5.094110e+08
4.614983e+00 3.886412e+08 4.933954e+08
4.707490e+00 3.763040e+08 4.784797e+08
4.801851e+00 3.647382e+08 4.634423e+08
4.898104e+00 3.534331e+08 4.493402e+08
4.996286e+00 3.424497e+08 4.359487e+08
5.096436e+00 3.316603e+08 4.223160e+08
5.198594e+00 3.211078e+08 4.087210e+08
5.302799e+00 3.107825e+08 3.960180e+08
5.409093e+00 3.009786e+08 3.835219e+08
5.517518e+00 2.913863e+08 3.713837e+08
5.628116e+00 2.812693e+08 3.590480e+08
5.740932e+00 2.721674e+08 3.478237e+08
5.856008e+00 2.632898e+08 3.368406e+08
5.973391e+00 2.545900e+08 3.262225e+08
6.093127e+00 2.461165e+08 3.155840e+08
6.215264e+00 2.379143e+08 3.052591e+08
6.339848e+00 2.300926e+08 2.953601e+08
6.466930e+00 2.222738e+08 2.859104e+08
6.596559e+00 2.151285e+08 2.767236e+08
6.728787e+00 2.080915e+08 2.674390e+08
6.863665e+00 2.010514e+08 2.588544e+08
7.001246e+00 1.941801e+08 2.503449e+08
7.141586e+00 1.874563e+08 2.421203e+08
7.284738e+00 1.811210e+08 2.339144e+08
7.430760e+00 1.749324e+08 2.260695e+08
7.579709e+00 1.684196e+08 2.183392e+08
7.731644e+00 1.626195e+08 2.109110e+08
7.886624e+00 1.564133e+08 2.038208e+08
8.044711e+00 1.511534e+08 1.969907e+08
8.205967e+00 1.457825e+08 1.900827e+08
8.370455e+00 1.405496e+08 1.831739e+08
8.538240e+00 1.354545e+08 1.768242e+08
8.709388e+00 1.304419e+08 1.704510e+08
8.883967e+00 1.254968e+08 1.644859e+08
9.062045e+00 1.211007e+08 1.587271e+08
9.243693e+00 1.166607e+08 1.531463e+08
9.428983e+00 1.122102e+08 1.478272e+08
9.617986e+00 1.079694e+08 1.423544e+08
9.810778e+00 1.041117e+08 1.370058e+08
1.000743e+01 1.003775e+08 1.321722e+08
1.020803e+01 9.673077e+07 1.273512e+08
1.041265e+01 9.321884e+07 1.226375e+08
1.062137e+01 8.978118e+07 1.180693e+08
1.083428e+01 8.645287e+07 1.137621e+08
1.105145e+01 8.302199e+07 1.096542e+08
1.127297e+01 8.000810e+07 1.057716e+08
1.149894e+01 7.697602e+07 1.018134e+08
1.172944e+01 7.401585e+07 9.808557e+07
1.196455e+01 7.119239e+07 9.432965e+07
1.220438e+01 6.834504e+07 9.069803e+07
1.244902e+01 6.559430e+07 8.724306e+07
1.269856e+01 6.290143e+07 8.388815e+07
1.295310e+01 6.029778e+07 8.065695e+07
1.321274e+01 5.783610e+07 7.754460e+07
1.347759e+01 5.545108e+07 7.439572e+07
1.374775e+01 5.311130e+07 7.142983e+07
1.402332e+01 5.077873e+07 6.858822e+07
1.430442e+01 4.869679e+07 6.577655e+07
1.459115e+01 4.647287e+07 6.321242e+07
1.488362e+01 4.440618e+07 6.053582e+07
1.518197e+01 4.249035e+07 5.794916e+07
1.548629e+01 4.070603e+07 5.555139e+07
1.579671e+01 3.898830e+07 5.323267e+07
1.611335e+01 3.732989e+07 5.098555e+07
1.643634e+01 3.567519e+07 4.886318e+07
1.676581e+01 3.407178e+07 4.685292e+07
1.710188e+01 3.256796e+07 4.496212e+07
1.744468e+01 3.107277e+07 4.300370e+07
1.779436e+01 2.960400e+07 4.113023e+07
1.815105e+01 2.821035e+07 3.931593e+07
1.851488e+01 2.685938e+07 3.758341e+07
1.888601e+01 2.560262e+07 3.594436e+07
1.926458e+01 2.435495e+07 3.432283e+07
1.965074e+01 2.323715e+07 3.279670e+07
2.004464e+01 2.215417e+07 3.133552e+07
2.044643e+01 2.107692e+07 2.995292e+07
2.085628e+01 2.008466e+07 2.863162e+07
2.127434e+01 1.906220e+07 2.730645e+07
2.170078e+01 1.806171e+07 2.608640e+07
2.213577e+01 1.716276e+07 2.491410e+07
2.257948e+01 1.630915e+07 2.376649e+07
2.303209e+01 1.549316e+07 2.265535e+07
2.349376e+01 1.472135e+07 2.160340e+07
2.396469e+01 1.397848e+07 2.058776e+07
2.444506e+01 1.327310e+07 1.961792e+07
2.493506e+01 1.258983e+07 1.866318e+07
2.543488e+01 1.195921e+07 1.775073e+07
2.594472e+01 1.133006e+07 1.689692e+07
2.646478e+01 1.077530e+07 1.603960e+07
2.699527e+01 1.023445e+07 1.526098e+07
2.753639e+01 9.711045e+06 1.449173e+07
2.808835e+01 9.215268e+06 1.376472e+07
2.865138e+01 8.738361e+06 1.304770e+07
2.922570e+01 8.287002e+06 1.239748e+07
2.981152e+01 7.865912e+06 1.173569e+07
3.040909e+01 7.467341e+06 1.114027e+07
3.101864e+01 7.087074e+06 1.055143e+07
3.164041e+01 6.728358e+06 1.000233e+07
3.227464e+01 6.387935e+06 9.479767e+06
3.292158e+01 6.064843e+06 8.994196e+06
3.358149e+01 5.759400e+06 8.512556e+06
3.425463e+01 5.469484e+06 8.044678e+06
3.494126e+01 5.194162e+06 7.612305e+06
3.564165e+01 4.926509e+06 7.213905e+06
3.635609e+01 4.676646e+06 6.821286e+06
3.708484e+01 4.431866e+06 6.462701e+06
3.782820e+01 4.198627e+06 6.115833e+06
3.858647e+01 3.975231e+06 5.789375e+06
3.935993e+01 3.765495e+06 5.469901e+06
4.014890e+01 3.578661e+06 5.176494e+06
4.095368e+01 3.401475e+06 4.899621e+06
4.177459e+01 3.224572e+06 4.631885e+06
4.261196e+01 3.054588e+06 4.384129e+06
4.346611e+01 2.897146e+06 4.148573e+06
4.433739e+01 2.749012e+06 3.921029e+06
4.522613e+01 2.604635e+06 3.703262e+06
4.613268e+01 2.471873e+06 3.499577e+06
4.705741e+01 2.345818e+06 3.313307e+06
4.800067e+01 2.224368e+06 3.137181e+06
4.896284e+01 2.109040e+06 2.964511e+06
4.994430e+01 2.001253e+06 2.803972e+06
5.094543e+01 1.899095e+06 2.655481e+06
5.196662e+01 1.799301e+06 2.512605e+06
5.300829e+01 1.705049e+06 2.379296e+06
5.407084e+01 1.615733e+06 2.252884e+06
5.515468e+01 1.531117e+06 2.132179e+06
5.626026e+01 1.450924e+06 2.016752e+06
5.738799e+01 1.376810e+06 1.909345e+06
5.853833e+01 1.306484e+06 1.807766e+06
5.971172e+01 1.239663e+06 1.711549e+06
6.090864e+01 1.173092e+06 1.619502e+06
6.212955e+01 1.110097e+06 1.531943e+06
6.337493e+01 1.050485e+06 1.448841e+06
6.464528e+01 9.945116e+05 1.368477e+06
6.594109e+01 9.443134e+05 1.294493e+06
6.726287e+01 8.940042e+05 1.223818e+06
6.861115e+01 8.472457e+05 1.158071e+06
6.998645e+01 8.033132e+05 1.097357e+06
7.138933e+01 7.599921e+05 1.037649e+06
7.282032e+01 7.211533e+05 9.826022e+05
7.428000e+01 6.840121e+05 9.293892e+05
7.576894e+01 6.493299e+05 8.793386e+05
7.728772e+01 6.164081e+05 8.328267e+05
7.883694e+01 5.837254e+05 7.879983e+05
8.041722e+01 5.535862e+05 7.457799e+05
8.202918e+01 5.252261e+05 7.057087e+05
8.367345e+01 4.983627e+05 6.675204e+05
8.535068e+01 4.730386e+05 6.316611e+05
8.706153e+01 4.488143e+05 5.979138e+05
8.880667e+01 4.258225e+05 5.663041e+05
9.058679e+01 4.038094e+05 5.355856e+05
9.240260e+01 3.825811e+05 5.069878e+05
9.425480e+01 3.624366e+05 4.800588e+05
9.614413e+01 3.434212e+05 4.545857e+05
9.807133e+01 3.255538e+05 4.298065e+05
1.000372e+02 3.084611e+05 4.064629e+05
1.020424e+02 2.920510e+05 3.842459e+05
1.040878e+02 2.766978e+05 3.639733e+05
1.061743e+02 2.620797e+05 3.446460e+05
1.083025e+02 2.482269e+05 3.261110e+05
1.104734e+02 2.352099e+05 3.089367e+05
1.126879e+02 2.226048e+05 2.921157e+05
1.149467e+02 2.107675e+05 2.765457e+05
1.172508e+02 1.995695e+05 2.614848e+05
1.196011e+02 1.889713e+05 2.475153e+05
1.219985e+02 1.789393e+05 2.343062e+05
1.244439e+02 1.695013e+05 2.217748e+05
1.269384e+02 1.606764e+05 2.099415e+05
1.294828e+02 1.523995e+05 1.986874e+05
1.320783e+02 1.445302e+05 1.881892e+05
1.347258e+02 1.369160e+05 1.782750e+05
1.374264e+02 1.297049e+05 1.689212e+05
1.401811e+02 1.228707e+05 1.598668e+05
1.429910e+02 1.163349e+05 1.513031e+05
1.458573e+02 1.102655e+05 1.433610e+05
1.487810e+02 1.043591e+05 1.357330e+05
1.517633e+02 9.882627e+04 1.286140e+05
1.548053e+02 9.365111e+04 1.219029e+05
1.579084e+02 8.875810e+04 1.155050e+05
1.610737e+02 8.402091e+04 1.093392e+05
1.643024e+02 7.965477e+04 1.033981e+05
1.675958e+02 7.544085e+04 9.790791e+04
1.709552e+02 7.135682e+04 9.272681e+04
1.743820e+02 6.757464e+04 8.779763e+04
1.778775e+02 6.403643e+04 8.316544e+04
1.814430e+02 6.058110e+04 7.870144e+04
1.850801e+02 5.739766e+04 7.447290e+04
1.887900e+02 5.431056e+04 7.048547e+04
1.925743e+02 5.138158e+04 6.672519e+04
1.964344e+02 4.861036e+04 6.315608e+04
2.003719e+02 4.601334e+04 5.978833e+04
2.043883e+02 4.353930e+04 5.659551e+04
2.084853e+02 4.122068e+04 5.365587e+04
2.126644e+02 3.900935e+04 5.085097e+04
2.169272e+02 3.689099e+04 4.816580e+04
2.212755e+02 3.489851e+04 4.566128e+04
2.257109e+02 3.303456e+04 4.324925e+04
2.302353e+02 3.126238e+04 4.094764e+04
2.348503e+02 2.957189e+04 3.876914e+04
2.395579e+02 2.796414e+04 3.671844e+04
2.443598e+02 2.647663e+04 3.483355e+04
2.492580e+02 2.506405e+04 3.300696e+04
2.542544e+02 2.372856e+04 3.125930e+04
2.593509e+02 2.246813e+04 2.961852e+04
2.645495e+02 2.123299e+04 2.809385e+04
2.698524e+02 2.006647e+04 2.658650e+04
2.752616e+02 1.895873e+04 2.517427e+04
2.807792e+02 1.796840e+04 2.386062e+04
2.864074e+02 1.698977e+04 2.259060e+04
2.921484e+02 1.607352e+04 2.140801e+04
2.980045e+02 1.519102e+04 2.027672e+04
3.039780e+02 1.437734e+04 1.922134e+04
3.100712e+02 1.359413e+04 1.822134e+04
3.162865e+02 1.285051e+04 1.726940e+04
3.226265e+02 1.214955e+04 1.633876e+04
3.290935e+02 1.149273e+04 1.545895e+04
3.356901e+02 1.086707e+04 1.464346e+04
3.424190e+02 1.027568e+04 1.387470e+04
3.492828e+02 9.717380e+03 1.315120e+04
3.562841e+02 9.190195e+03 1.246075e+04
3.634258e+02 8.684715e+03 1.180617e+04
3.707107e+02 8.214097e+03 1.118590e+04
3.781415e+02 7.772347e+03 1.059552e+04
3.857213e+02 7.348188e+03 1.003051e+04
3.934531e+02 6.955993e+03 9.506726e+03
4.013398e+02 6.577797e+03 9.008305e+03
4.093847e+02 6.221780e+03 8.542161e+03
4.175907e+02 5.878630e+03 8.099459e+03
4.259613e+02 5.561214e+03 7.678546e+03
4.344997e+02 5.260374e+03 7.272869e+03
4.432092e+02 4.976717e+03 6.899177e+03
4.520933e+02 4.713569e+03 6.543191e+03
4.611555e+02 4.465738e+03 6.205231e+03
4.703993e+02 4.218077e+03 5.880882e+03
4.798284e+02 3.994732e+03 5.576352e+03
4.894465e+02 3.783032e+03 5.288863e+03
4.992574e+02 3.580610e+03 5.014088e+03
5.092650e+02 3.389953e+03 4.754871e+03
5.194732e+02 3.217212e+03 4.508396e+03
5.298860e+02 3.037139e+03 4.271401e+03
5.405075e+02 2.871166e+03 4.050665e+03
5.513420e+02 2.712277e+03 3.839690e+03
5.623936e+02 2.565607e+03 3.639798e+03
5.736667e+02 2.427620e+03 3.450457e+03
5.851658e+02 2.296517e+03 3.272895e+03
5.968954e+02 2.171036e+03 3.107493e+03
6.088601e+02 2.053675e+03 2.946284e+03
6.210647e+02 1.941120e+03 2.790506e+03
6.335139e+02 1.834948e+03 2.647210e+03
6.462126e+02 1.733965e+03 2.507439e+03
6.591659e+02 1.639082e+03 2.375264e+03
6.723788e+02 1.551207e+03 2.250508e+03
6.858566e+02 1.469729e+03 2.134789e+03
6.996046e+02 1.389059e+03 2.023893e+03
7.136281e+02 1.312827e+03 1.918717e+03
7.279327e+02 1.241277e+03 1.819118e+03
7.425240e+02 1.174428e+03 1.724957e+03
7.574079e+02 1.112976e+03 1.635043e+03
7.725901e+02 1.052106e+03 1.550159e+03
7.880766e+02 9.950081e+02 1.469735e+03
8.038735e+02 9.416773e+02 1.394263e+03
8.199871e+02 8.903877e+02 1.322569e+03
8.364237e+02 8.420053e+02 1.254261e+03
8.531897e+02 7.962869e+02 1.190820e+03
8.702918e+02 7.537496e+02 1.128578e+03
8.877368e+02 7.128878e+02 1.069550e+03
9.055314e+02 6.742512e+02 1.013963e+03
9.236827e+02 6.372079e+02 9.616662e+02
9.421978e+02 6.019866e+02 9.121371e+02
9.610841e+02 5.687063e+02 8.657016e+02
9.803490e+02 5.371563e+02 8.208436e+02
1.000000e+03 5.077084e+02 7.786170e+02
