Energy(MeV)	Incoming Spectral Fluence(MeV-1 cm-2)	Residual Spectral Fluence(MeV-1 cm-2)
1.0000e-03	0.0000e+00	3.3117e+04
1.5000e-03	0.0000e+00	3.3124e+04
2.0000e-03	0.0000e+00	3.3129e+04
2.5000e-03	0.0000e+00	3.3133e+04
3.0000e-03	0.0000e+00	3.3136e+04
3.5000e-03	0.0000e+00	3.3139e+04
4.0000e-03	0.0000e+00	3.3141e+04
4.5000e-03	0.0000e+00	3.3143e+04
5.0000e-03	0.0000e+00	3.3145e+04
5.5000e-03	0.0000e+00	3.3147e+04
6.0000e-03	0.0000e+00	3.3148e+04
6.5000e-03	0.0000e+00	3.3150e+04
7.0000e-03	0.0000e+00	3.3151e+04
7.5000e-03	0.0000e+00	3.3152e+04
8.0000e-03	0.0000e+00	3.3154e+04
8.5000e-03	0.0000e+00	3.3155e+04
9.0000e-03	0.0000e+00	3.3156e+04
9.5000e-03	0.0000e+00	3.3157e+04
1.0000e-02	0.0000e+00	3.3158e+04
1.5000e-02	0.0000e+00	3.3165e+04
2.0000e-02	0.0000e+00	3.3170e+04
2.5000e-02	0.0000e+00	3.3174e+04
3.0000e-02	0.0000e+00	3.3177e+04
3.5000e-02	0.0000e+00	3.3181e+04
4.0000e-02	0.0000e+00	3.3193e+04
4.5000e-02	0.0000e+00	3.3203e+04
5.0000e-02	1.2392e+11	3.3212e+04
5.1684e-02	1.1886e+11	3.3215e+04
5.3424e-02	1.1400e+11	3.3218e+04
5.5224e-02	1.0931e+11	3.3221e+04
5.7083e-02	1.0482e+11	3.3224e+04
5.9006e-02	1.0044e+11	3.3227e+04
6.0993e-02	9.6317e+10	3.3230e+04
6.3047e-02	9.2298e+10	3.3233e+04
6.5170e-02	8.8489e+10	3.3236e+04
6.7365e-02	8.4830e+10	3.3239e+04
6.9633e-02	8.1317e+10	3.3241e+04
7.1978e-02	7.7937e+10	3.3244e+04
7.4402e-02	7.4723e+10	3.3247e+04
7.6908e-02	7.1614e+10	3.3250e+04
7.9498e-02	6.8640e+10	3.3253e+04
8.2175e-02	6.5795e+10	3.3256e+04
8.4943e-02	6.3103e+10	3.3259e+04
8.7803e-02	6.0491e+10	3.3262e+04
9.0760e-02	5.8001e+10	3.3266e+04
9.3817e-02	5.5603e+10	3.3272e+04
9.6976e-02	5.3322e+10	3.3278e+04
1.0024e-01	5.1140e+10	3.3283e+04
1.0362e-01	4.9019e+10	3.3289e+04
1.0711e-01	4.7000e+10	3.3295e+04
1.1071e-01	4.5057e+10	3.3301e+04
1.1444e-01	4.3187e+10	3.3307e+04
1.1830e-01	4.1404e+10	3.3312e+04
1.2228e-01	3.9696e+10	3.3318e+04
1.2640e-01	3.8050e+10	3.3324e+04
1.3066e-01	3.6459e+10	3.3330e+04
1.3506e-01	3.4956e+10	3.3336e+04
1.3960e-01	3.3521e+10	3.3342e+04
1.4430e-01	3.2135e+10	3.3347e+04
1.4916e-01	3.0806e+10	3.3356e+04
1.5419e-01	2.9535e+10	3.3364e+04
1.5938e-01	2.8309e+10	3.3373e+04
1.6475e-01	2.7130e+10	3.3382e+04
1.7030e-01	2.6000e+10	3.3390e+04
1.7603e-01	2.4931e+10	3.3399e+04
1.8196e-01	2.3898e+10	3.3408e+04
1.8809e-01	2.2907e+10	3.3416e+04
1.9442e-01	2.1966e+10	3.3425e+04
2.0097e-01	2.1057e+10	3.3434e+04
2.0774e-01	2.0194e+10	3.3445e+04
2.1473e-01	1.9362e+10	3.3457e+04
2.2196e-01	1.8559e+10	3.3468e+04
2.2944e-01	1.7793e+10	3.3480e+04
2.3717e-01	1.7056e+10	3.3491e+04
2.4515e-01	1.6348e+10	3.3503e+04
2.5341e-01	1.5663e+10	3.3514e+04
2.6194e-01	1.5012e+10	3.3528e+04
2.7076e-01	1.4388e+10	3.3542e+04
2.7988e-01	1.3787e+10	3.3556e+04
2.8931e-01	1.3210e+10	3.3571e+04
2.9905e-01	1.2662e+10	3.3585e+04
3.0912e-01	1.2129e+10	3.3599e+04
3.1953e-01	1.1623e+10	3.3616e+04
3.3029e-01	1.1139e+10	3.3633e+04
3.4142e-01	1.0672e+10	3.3650e+04
3.5291e-01	1.0225e+10	3.3667e+04
3.6480e-01	9.7986e+09	3.3684e+04
3.7708e-01	9.3881e+09	3.3704e+04
3.8978e-01	8.9927e+09	3.3724e+04
4.0291e-01	8.6116e+09	3.3744e+04
4.1648e-01	8.2544e+09	3.3764e+04
4.3050e-01	7.9064e+09	3.3785e+04
4.4500e-01	7.5754e+09	3.3808e+04
4.5999e-01	7.2569e+09	3.3831e+04
4.7548e-01	6.9536e+09	3.3853e+04
4.9149e-01	6.6625e+09	3.3878e+04
5.0804e-01	6.3828e+09	3.3903e+04
5.2515e-01	6.1169e+09	3.3928e+04
5.4284e-01	5.8594e+09	3.3955e+04
5.6112e-01	5.6129e+09	3.3982e+04
5.8001e-01	5.3788e+09	3.4010e+04
5.9955e-01	5.1507e+09	3.4038e+04
6.1974e-01	4.9335e+09	3.4068e+04
6.4061e-01	4.7238e+09	3.4098e+04
6.6218e-01	4.5228e+09	3.4129e+04
6.8448e-01	4.3308e+09	3.4160e+04
7.0753e-01	4.1467e+09	3.4193e+04
7.3136e-01	3.9704e+09	3.4228e+04
7.5599e-01	3.8004e+09	3.4263e+04
7.8145e-01	3.6388e+09	3.4301e+04
8.0777e-01	3.4832e+09	3.4340e+04
8.3497e-01	3.3343e+09	3.4382e+04
8.6309e-01	3.1928e+09	3.4423e+04
8.9215e-01	3.0556e+09	3.4468e+04
9.2220e-01	2.9250e+09	3.4513e+04
9.5326e-01	2.7991e+09	3.4560e+04
9.8536e-01	2.6793e+09	3.4609e+04
1.0185e+00	2.5639e+09	3.4659e+04
1.0528e+00	2.4531e+09	3.4712e+04
1.0883e+00	2.3472e+09	3.4766e+04
1.1249e+00	2.2460e+09	3.4822e+04
1.1628e+00	2.1483e+09	3.4880e+04
1.2020e+00	2.0557e+09	3.4939e+04
1.2425e+00	1.9664e+09	3.5001e+04
1.2843e+00	1.8801e+09	3.5065e+04
1.3276e+00	1.7978e+09	3.5131e+04
1.3723e+00	1.7196e+09	3.5199e+04
1.4185e+00	1.6448e+09	3.5269e+04
1.4663e+00	1.5724e+09	3.5342e+04
1.5156e+00	1.5028e+09	3.5418e+04
1.5667e+00	1.4367e+09	3.5496e+04
1.6194e+00	1.3737e+09	3.5576e+04
1.6740e+00	1.3128e+09	3.5659e+04
1.7304e+00	1.2547e+09	3.5745e+04
1.7886e+00	1.1990e+09	3.5834e+04
1.8489e+00	1.1458e+09	3.5926e+04
1.9111e+00	1.0949e+09	3.6021e+04
1.9755e+00	1.0459e+09	3.6119e+04
2.0420e+00	9.9935e+08	3.6221e+04
2.1108e+00	9.5430e+08	3.6326e+04
2.1819e+00	9.1124e+08	3.6434e+04
2.2553e+00	8.7045e+08	3.6546e+04
2.3313e+00	8.3105e+08	3.6662e+04
2.4098e+00	7.9293e+08	3.6782e+04
2.4910e+00	7.5645e+08	3.6906e+04
2.5748e+00	7.2168e+08	3.6957e+04
2.6616e+00	6.8844e+08	3.6987e+04
2.7512e+00	6.5673e+08	3.7124e+04
2.8438e+00	6.2616e+08	3.7265e+04
2.9396e+00	5.9713e+08	3.7411e+04
3.0386e+00	5.6940e+08	3.7562e+04
3.1409e+00	5.4263e+08	3.7717e+04
3.2467e+00	5.1698e+08	3.7878e+04
3.3561e+00	4.9267e+08	3.8045e+04
3.4691e+00	4.6931e+08	3.8217e+04
3.5859e+00	4.4701e+08	3.8395e+04
3.7067e+00	4.2560e+08	3.8579e+04
3.8315e+00	4.0505e+08	3.8769e+04
3.9605e+00	3.8532e+08	3.8965e+04
4.0939e+00	3.6654e+08	3.9168e+04
4.2318e+00	3.4850e+08	3.9378e+04
4.3743e+00	3.3143e+08	3.9595e+04
4.5216e+00	3.1501e+08	3.9819e+04
4.6739e+00	2.9920e+08	4.0050e+04
4.8313e+00	2.8415e+08	4.0289e+04
4.9940e+00	2.6990e+08	4.0535e+04
5.1621e+00	2.5629e+08	4.0788e+04
5.3360e+00	2.4309e+08	4.1029e+04
5.5157e+00	2.3061e+08	4.1298e+04
5.7014e+00	2.1868e+08	4.1577e+04
5.8934e+00	2.0718e+08	4.1864e+04
6.0919e+00	1.9619e+08	4.2160e+04
6.2971e+00	1.8584e+08	4.2466e+04
6.5091e+00	1.7590e+08	4.2781e+04
6.7283e+00	1.6641e+08	4.3107e+04
6.9549e+00	1.5738e+08	4.3442e+04
7.1891e+00	1.4876e+08	4.3787e+04
7.4313e+00	1.4063e+08	4.4144e+04
7.6815e+00	1.3284e+08	4.4510e+04
7.9402e+00	1.2541e+08	4.4888e+04
8.2076e+00	1.1831e+08	4.5277e+04
8.4840e+00	1.1148e+08	4.5678e+04
8.7697e+00	1.0504e+08	4.6091e+04
9.0651e+00	9.8940e+07	4.6517e+04
9.3703e+00	9.3179e+07	4.6955e+04
9.6859e+00	8.7670e+07	4.7412e+04
1.0012e+01	8.2455e+07	4.7891e+04
1.0349e+01	7.7475e+07	4.8371e+04
1.0698e+01	7.2774e+07	4.8849e+04
1.1058e+01	6.8298e+07	4.9341e+04
1.1430e+01	6.4016e+07	4.9848e+04
1.1815e+01	5.9948e+07	5.0445e+04
1.2213e+01	5.6139e+07	5.0976e+04
1.2625e+01	5.2565e+07	5.1513e+04
1.3050e+01	4.9157e+07	5.2065e+04
1.3489e+01	4.5914e+07	5.2640e+04
1.3944e+01	4.2816e+07	5.3199e+04
1.4413e+01	3.9910e+07	5.3787e+04
1.4898e+01	3.7190e+07	5.4381e+04
1.5400e+01	3.4610e+07	5.4980e+04
1.5919e+01	3.2194e+07	5.5586e+04
1.6455e+01	2.9896e+07	5.6202e+04
1.7009e+01	2.7760e+07	5.6787e+04
1.7582e+01	2.5726e+07	5.7408e+04
1.8174e+01	2.3820e+07	5.8035e+04
1.8786e+01	2.2031e+07	5.8668e+04
1.9419e+01	2.0386e+07	5.9312e+04
2.0073e+01	1.8811e+07	5.9989e+04
2.0749e+01	1.7316e+07	6.0608e+04
2.1447e+01	1.5935e+07	6.1335e+04
2.2170e+01	1.4631e+07	6.1950e+04
2.2916e+01	1.3436e+07	6.2561e+04
2.3688e+01	1.2331e+07	6.3174e+04
2.4486e+01	1.1291e+07	6.3760e+04
2.5310e+01	1.0341e+07	6.4328e+04
2.6163e+01	9.4534e+06	6.4875e+04
2.7044e+01	8.6317e+06	6.5416e+04
2.7954e+01	7.8752e+06	6.5970e+04
2.8896e+01	7.1843e+06	6.6563e+04
2.9869e+01	6.5548e+06	6.7048e+04
3.0875e+01	5.9832e+06	6.7495e+04
3.1915e+01	5.4539e+06	6.7877e+04
3.2989e+01	4.9705e+06	6.8207e+04
3.4100e+01	4.5288e+06	6.8568e+04
3.5249e+01	4.1294e+06	6.8818e+04
3.6436e+01	3.7633e+06	6.9077e+04
3.7663e+01	3.4299e+06	6.9230e+04
3.8931e+01	3.1226e+06	6.9296e+04
4.0242e+01	2.8459e+06	6.9385e+04
4.1598e+01	2.5905e+06	6.9375e+04
4.2998e+01	2.3583e+06	6.9290e+04
4.4446e+01	2.1441e+06	6.9086e+04
4.5943e+01	1.9515e+06	6.8841e+04
4.7490e+01	1.7759e+06	6.8544e+04
4.9090e+01	1.6135e+06	6.8091e+04
5.0743e+01	1.4666e+06	6.7587e+04
5.2452e+01	1.3321e+06	6.7046e+04
5.4218e+01	1.2104e+06	6.6360e+04
5.6044e+01	1.0998e+06	6.5626e+04
5.7931e+01	9.9845e+05	6.4765e+04
5.9882e+01	9.0693e+05	6.3823e+04
6.1899e+01	8.2260e+05	6.2813e+04
6.3984e+01	7.4644e+05	6.1717e+04
6.6138e+01	6.7691e+05	6.0524e+04
6.8366e+01	6.1370e+05	5.9284e+04
7.0668e+01	5.5592e+05	5.7907e+04
7.3048e+01	5.0349e+05	5.6503e+04
7.5508e+01	4.5594e+05	5.5030e+04
7.8051e+01	4.1260e+05	5.3453e+04
8.0679e+01	3.7332e+05	5.1838e+04
8.3396e+01	3.3753e+05	5.0164e+04
8.6205e+01	3.0481e+05	4.8443e+04
8.9108e+01	2.7534e+05	4.6686e+04
9.2109e+01	2.4838e+05	4.4886e+04
9.5211e+01	2.2416e+05	4.3058e+04
9.8417e+01	2.0198e+05	4.1219e+04
1.0173e+02	1.8213e+05	3.9357e+04
1.0516e+02	1.6400e+05	3.7526e+04
1.0870e+02	1.4770e+05	3.5702e+04
1.1236e+02	1.3290e+05	3.3891e+04
1.1614e+02	1.1943e+05	3.2102e+04
1.2005e+02	1.0732e+05	3.0337e+04
1.2410e+02	9.6371e+04	2.8609e+04
1.2828e+02	8.6497e+04	2.6921e+04
1.3260e+02	7.7601e+04	2.5277e+04
1.3706e+02	6.9515e+04	2.3682e+04
1.4168e+02	6.2224e+04	2.2133e+04
1.4645e+02	5.5635e+04	2.0637e+04
1.5138e+02	4.9711e+04	1.9180e+04
1.5648e+02	4.4402e+04	1.7775e+04
1.6175e+02	3.9607e+04	1.6442e+04
1.6720e+02	3.5306e+04	1.5190e+04
1.7283e+02	3.1442e+04	1.4001e+04
1.7865e+02	2.7981e+04	1.2875e+04
1.8466e+02	2.4874e+04	1.1811e+04
1.9088e+02	2.2081e+04	1.0807e+04
1.9731e+02	1.9587e+04	9.8651e+03
2.0395e+02	1.7356e+04	8.9799e+03
2.1082e+02	1.5361e+04	8.1536e+03
2.1792e+02	1.3579e+04	7.3882e+03
2.2526e+02	1.1980e+04	6.6916e+03
2.3285e+02	1.0558e+04	6.0448e+03
2.4069e+02	9.3002e+03	5.4496e+03
2.4880e+02	8.1755e+03	4.9011e+03
2.5717e+02	7.1864e+03	4.3900e+03
2.6583e+02	6.3055e+03	3.9222e+03
2.7479e+02	5.5276e+03	3.4955e+03
2.8404e+02	4.8348e+03	3.1140e+03
2.9361e+02	4.2204e+03	2.7666e+03
3.0349e+02	3.6739e+03	2.4504e+03
3.1371e+02	3.1990e+03	2.1643e+03
3.2428e+02	2.7788e+03	1.9081e+03
3.3520e+02	2.4094e+03	1.6804e+03
3.4649e+02	2.0863e+03	1.4779e+03
3.5816e+02	1.8033e+03	1.2947e+03
3.7022e+02	1.5585e+03	1.1309e+03
3.8269e+02	1.3433e+03	9.8613e+02
3.9557e+02	1.1552e+03	8.5877e+02
4.0890e+02	9.9146e+02	7.4554e+02
4.2267e+02	8.5014e+02	6.4529e+02
4.3690e+02	7.2749e+02	5.5687e+02
4.5161e+02	6.2086e+02	4.7919e+02
4.6682e+02	5.2765e+02	4.1117e+02
4.8254e+02	4.4792e+02	3.5200e+02
4.9879e+02	3.7937e+02	3.0065e+02
5.1559e+02	3.2051e+02	2.5579e+02
5.3295e+02	2.7005e+02	2.1701e+02
5.5090e+02	2.2688e+02	1.8355e+02
5.6946e+02	1.8996e+02	1.5464e+02
5.8863e+02	1.5857e+02	1.3011e+02
6.0846e+02	1.3222e+02	1.0893e+02
6.2895e+02	1.0968e+02	9.0950e+01
6.5013e+02	9.0808e+01	7.5698e+01
6.7202e+02	7.4915e+01	6.2703e+01
6.9465e+02	6.1542e+01	5.1686e+01
7.1805e+02	5.0268e+01	4.2377e+01
7.4223e+02	4.0871e+01	3.4567e+01
7.6722e+02	3.3052e+01	2.8101e+01
7.9306e+02	2.6665e+01	2.2749e+01
8.1977e+02	2.1403e+01	1.8311e+01
8.4738e+02	1.7082e+01	1.4699e+01
8.7591e+02	1.3616e+01	1.1752e+01
9.0541e+02	1.0801e+01	9.3345e+00
9.3590e+02	8.4980e+00	7.3754e+00
9.6742e+02	6.6670e+00	5.8061e+00
1.0000e+03	5.2082e+00	4.5602e+00