Energy(MeV)	Incoming Spectral Fluence(MeV-1 cm-2)	Residual Spectral Fluence(MeV-1 cm-2)
1.0000e-03	0.0000e+00	1.0547e+04
1.5000e-03	0.0000e+00	1.0549e+04
2.0000e-03	0.0000e+00	1.0551e+04
2.5000e-03	0.0000e+00	1.0552e+04
3.0000e-03	0.0000e+00	1.0553e+04
3.5000e-03	0.0000e+00	1.0554e+04
4.0000e-03	0.0000e+00	1.0555e+04
4.5000e-03	0.0000e+00	1.0555e+04
5.0000e-03	0.0000e+00	1.0556e+04
5.5000e-03	0.0000e+00	1.0557e+04
6.0000e-03	0.0000e+00	1.0557e+04
6.5000e-03	0.0000e+00	1.0558e+04
7.0000e-03	0.0000e+00	1.0558e+04
7.5000e-03	0.0000e+00	1.0558e+04
8.0000e-03	0.0000e+00	1.0559e+04
8.5000e-03	0.0000e+00	1.0559e+04
9.0000e-03	0.0000e+00	1.0559e+04
9.5000e-03	0.0000e+00	1.0560e+04
1.0000e-02	0.0000e+00	1.0560e+04
1.5000e-02	0.0000e+00	1.0562e+04
2.0000e-02	0.0000e+00	1.0564e+04
2.5000e-02	0.0000e+00	1.0565e+04
3.0000e-02	0.0000e+00	1.0566e+04
3.5000e-02	0.0000e+00	1.0567e+04
4.0000e-02	0.0000e+00	1.0569e+04
4.5000e-02	0.0000e+00	1.0573e+04
5.0000e-02	3.9444e+10	1.0576e+04
5.1684e-02	3.7835e+10	1.0577e+04
5.3424e-02	3.6288e+10	1.0578e+04
5.5224e-02	3.4794e+10	1.0579e+04
5.7083e-02	3.3364e+10	1.0580e+04
5.9006e-02	3.1970e+10	1.0581e+04
6.0993e-02	3.0659e+10	1.0582e+04
6.3047e-02	2.9379e+10	1.0583e+04
6.5170e-02	2.8167e+10	1.0584e+04
6.7365e-02	2.7002e+10	1.0585e+04
6.9633e-02	2.5884e+10	1.0586e+04
7.1978e-02	2.4808e+10	1.0587e+04
7.4402e-02	2.3785e+10	1.0588e+04
7.6908e-02	2.2796e+10	1.0589e+04
7.9498e-02	2.1849e+10	1.0590e+04
8.2175e-02	2.0943e+10	1.0591e+04
8.4943e-02	2.0086e+10	1.0592e+04
8.7803e-02	1.9255e+10	1.0593e+04
9.0760e-02	1.8462e+10	1.0594e+04
9.3817e-02	1.7699e+10	1.0595e+04
9.6976e-02	1.6973e+10	1.0597e+04
1.0024e-01	1.6278e+10	1.0599e+04
1.0362e-01	1.5603e+10	1.0601e+04
1.0711e-01	1.4961e+10	1.0603e+04
1.1071e-01	1.4342e+10	1.0605e+04
1.1444e-01	1.3747e+10	1.0606e+04
1.1830e-01	1.3179e+10	1.0608e+04
1.2228e-01	1.2636e+10	1.0610e+04
1.2640e-01	1.2112e+10	1.0612e+04
1.3066e-01	1.1605e+10	1.0614e+04
1.3506e-01	1.1127e+10	1.0616e+04
1.3960e-01	1.0670e+10	1.0618e+04
1.4430e-01	1.0229e+10	1.0620e+04
1.4916e-01	9.8059e+09	1.0622e+04
1.5419e-01	9.4012e+09	1.0625e+04
1.5938e-01	9.0110e+09	1.0628e+04
1.6475e-01	8.6358e+09	1.0630e+04
1.7030e-01	8.2759e+09	1.0633e+04
1.7603e-01	7.9359e+09	1.0636e+04
1.8196e-01	7.6068e+09	1.0639e+04
1.8809e-01	7.2916e+09	1.0642e+04
1.9442e-01	6.9922e+09	1.0644e+04
2.0097e-01	6.7027e+09	1.0647e+04
2.0774e-01	6.4281e+09	1.0651e+04
2.1473e-01	6.1630e+09	1.0654e+04
2.2196e-01	5.9076e+09	1.0658e+04
2.2944e-01	5.6636e+09	1.0662e+04
2.3717e-01	5.4291e+09	1.0665e+04
2.4515e-01	5.2038e+09	1.0669e+04
2.5341e-01	4.9855e+09	1.0673e+04
2.6194e-01	4.7785e+09	1.0677e+04
2.7076e-01	4.5799e+09	1.0681e+04
2.7988e-01	4.3886e+09	1.0686e+04
2.8931e-01	4.2050e+09	1.0691e+04
2.9905e-01	4.0305e+09	1.0695e+04
3.0912e-01	3.8608e+09	1.0700e+04
3.1953e-01	3.6996e+09	1.0705e+04
3.3029e-01	3.5457e+09	1.0710e+04
3.4142e-01	3.3971e+09	1.0716e+04
3.5291e-01	3.2546e+09	1.0721e+04
3.6480e-01	3.1190e+09	1.0727e+04
3.7708e-01	2.9883e+09	1.0733e+04
3.8978e-01	2.8625e+09	1.0739e+04
4.0291e-01	2.7412e+09	1.0746e+04
4.1648e-01	2.6274e+09	1.0752e+04
4.3050e-01	2.5167e+09	1.0759e+04
4.4500e-01	2.4113e+09	1.0766e+04
4.5999e-01	2.3100e+09	1.0774e+04
4.7548e-01	2.2134e+09	1.0781e+04
4.9149e-01	2.1207e+09	1.0789e+04
5.0804e-01	2.0317e+09	1.0797e+04
5.2515e-01	1.9471e+09	1.0805e+04
5.4284e-01	1.8651e+09	1.0813e+04
5.6112e-01	1.7866e+09	1.0822e+04
5.8001e-01	1.7121e+09	1.0831e+04
5.9955e-01	1.6395e+09	1.0840e+04
6.1974e-01	1.5704e+09	1.0849e+04
6.4061e-01	1.5036e+09	1.0859e+04
6.6218e-01	1.4397e+09	1.0869e+04
6.8448e-01	1.3785e+09	1.0879e+04
7.0753e-01	1.3199e+09	1.0889e+04
7.3136e-01	1.2638e+09	1.0900e+04
7.5599e-01	1.2097e+09	1.0911e+04
7.8145e-01	1.1583e+09	1.0924e+04
8.0777e-01	1.1087e+09	1.0936e+04
8.3497e-01	1.0613e+09	1.0949e+04
8.6309e-01	1.0163e+09	1.0962e+04
8.9215e-01	9.7261e+08	1.0976e+04
9.2220e-01	9.3105e+08	1.0991e+04
9.5326e-01	8.9099e+08	1.1006e+04
9.8536e-01	8.5284e+08	1.1021e+04
1.0185e+00	8.1613e+08	1.1038e+04
1.0528e+00	7.8083e+08	1.1054e+04
1.0883e+00	7.4714e+08	1.1071e+04
1.1249e+00	7.1493e+08	1.1089e+04
1.1628e+00	6.8382e+08	1.1108e+04
1.2020e+00	6.5436e+08	1.1127e+04
1.2425e+00	6.2591e+08	1.1146e+04
1.2843e+00	5.9844e+08	1.1167e+04
1.3276e+00	5.7227e+08	1.1188e+04
1.3723e+00	5.4737e+08	1.1209e+04
1.4185e+00	5.2355e+08	1.1232e+04
1.4663e+00	5.0050e+08	1.1255e+04
1.5156e+00	4.7836e+08	1.1279e+04
1.5667e+00	4.5732e+08	1.1304e+04
1.6194e+00	4.3727e+08	1.1330e+04
1.6740e+00	4.1789e+08	1.1356e+04
1.7304e+00	3.9937e+08	1.1383e+04
1.7886e+00	3.8165e+08	1.1412e+04
1.8489e+00	3.6473e+08	1.1441e+04
1.9111e+00	3.4852e+08	1.1471e+04
1.9755e+00	3.3291e+08	1.1503e+04
2.0420e+00	3.1810e+08	1.1535e+04
2.1108e+00	3.0376e+08	1.1568e+04
2.1819e+00	2.9006e+08	1.1603e+04
2.2553e+00	2.7707e+08	1.1639e+04
2.3313e+00	2.6453e+08	1.1675e+04
2.4098e+00	2.5240e+08	1.1714e+04
2.4910e+00	2.4079e+08	1.1753e+04
2.5748e+00	2.2972e+08	1.1772e+04
2.6616e+00	2.1914e+08	1.1779e+04
2.7512e+00	2.0904e+08	1.1823e+04
2.8438e+00	1.9931e+08	1.1867e+04
2.9396e+00	1.9007e+08	1.1914e+04
3.0386e+00	1.8125e+08	1.1962e+04
3.1409e+00	1.7272e+08	1.2012e+04
3.2467e+00	1.6456e+08	1.2063e+04
3.3561e+00	1.5682e+08	1.2116e+04
3.4691e+00	1.4939e+08	1.2171e+04
3.5859e+00	1.4229e+08	1.2227e+04
3.7067e+00	1.3547e+08	1.2286e+04
3.8315e+00	1.2893e+08	1.2346e+04
3.9605e+00	1.2265e+08	1.2409e+04
4.0939e+00	1.1667e+08	1.2474e+04
4.2318e+00	1.1093e+08	1.2540e+04
4.3743e+00	1.0550e+08	1.2609e+04
4.5216e+00	1.0027e+08	1.2681e+04
4.6739e+00	9.5237e+07	1.2754e+04
4.8313e+00	9.0449e+07	1.2831e+04
4.9940e+00	8.5912e+07	1.2909e+04
5.1621e+00	8.1580e+07	1.2990e+04
5.3360e+00	7.7377e+07	1.3067e+04
5.5157e+00	7.3406e+07	1.3152e+04
5.7014e+00	6.9606e+07	1.3241e+04
5.8934e+00	6.5948e+07	1.3332e+04
6.0919e+00	6.2450e+07	1.3427e+04
6.2971e+00	5.9155e+07	1.3524e+04
6.5091e+00	5.5990e+07	1.3625e+04
6.7283e+00	5.2971e+07	1.3728e+04
6.9549e+00	5.0095e+07	1.3835e+04
7.1891e+00	4.7353e+07	1.3945e+04
7.4313e+00	4.4764e+07	1.4058e+04
7.6815e+00	4.2284e+07	1.4175e+04
7.9402e+00	3.9919e+07	1.4295e+04
8.2076e+00	3.7658e+07	1.4419e+04
8.4840e+00	3.5486e+07	1.4547e+04
8.7697e+00	3.3434e+07	1.4678e+04
9.0651e+00	3.1494e+07	1.4814e+04
9.3703e+00	2.9660e+07	1.4954e+04
9.6859e+00	2.7906e+07	1.5099e+04
1.0012e+01	2.6246e+07	1.5252e+04
1.0349e+01	2.4661e+07	1.5405e+04
1.0698e+01	2.3165e+07	1.5557e+04
1.1058e+01	2.1740e+07	1.5714e+04
1.1430e+01	2.0377e+07	1.5875e+04
1.1815e+01	1.9082e+07	1.6065e+04
1.2213e+01	1.7870e+07	1.6234e+04
1.2625e+01	1.6732e+07	1.6405e+04
1.3050e+01	1.5647e+07	1.6581e+04
1.3489e+01	1.4615e+07	1.6764e+04
1.3944e+01	1.3629e+07	1.6942e+04
1.4413e+01	1.2704e+07	1.7129e+04
1.4898e+01	1.1838e+07	1.7319e+04
1.5400e+01	1.1017e+07	1.7510e+04
1.5919e+01	1.0248e+07	1.7703e+04
1.6455e+01	9.5162e+06	1.7899e+04
1.7009e+01	8.8362e+06	1.8085e+04
1.7582e+01	8.1890e+06	1.8283e+04
1.8174e+01	7.5822e+06	1.8483e+04
1.8786e+01	7.0127e+06	1.8684e+04
1.9419e+01	6.4891e+06	1.8889e+04
2.0073e+01	5.9878e+06	1.9105e+04
2.0749e+01	5.5119e+06	1.9302e+04
2.1447e+01	5.0724e+06	1.9534e+04
2.2170e+01	4.6571e+06	1.9729e+04
2.2916e+01	4.2769e+06	1.9924e+04
2.3688e+01	3.9251e+06	2.0119e+04
2.4486e+01	3.5941e+06	2.0306e+04
2.5310e+01	3.2916e+06	2.0487e+04
2.6163e+01	3.0091e+06	2.0661e+04
2.7044e+01	2.7475e+06	2.0833e+04
2.7954e+01	2.5068e+06	2.1010e+04
2.8896e+01	2.2868e+06	2.1198e+04
2.9869e+01	2.0865e+06	2.1352e+04
3.0875e+01	1.9045e+06	2.1495e+04
3.1915e+01	1.7360e+06	2.1616e+04
3.2989e+01	1.5821e+06	2.1721e+04
3.4100e+01	1.4416e+06	2.1836e+04
3.5249e+01	1.3144e+06	2.1916e+04
3.6436e+01	1.1979e+06	2.1998e+04
3.7663e+01	1.0918e+06	2.2047e+04
3.8931e+01	9.9395e+05	2.2068e+04
4.0242e+01	9.0588e+05	2.2096e+04
4.1598e+01	8.2459e+05	2.2092e+04
4.2998e+01	7.5068e+05	2.2066e+04
4.4446e+01	6.8248e+05	2.2001e+04
4.5943e+01	6.2117e+05	2.1923e+04
4.7490e+01	5.6530e+05	2.1828e+04
4.9090e+01	5.1358e+05	2.1684e+04
5.0743e+01	4.6685e+05	2.1523e+04
5.2452e+01	4.2402e+05	2.1351e+04
5.4218e+01	3.8527e+05	2.1132e+04
5.6044e+01	3.5007e+05	2.0898e+04
5.7931e+01	3.1782e+05	2.0624e+04
5.9882e+01	2.8869e+05	2.0324e+04
6.1899e+01	2.6184e+05	2.0002e+04
6.3984e+01	2.3760e+05	1.9653e+04
6.6138e+01	2.1547e+05	1.9273e+04
6.8366e+01	1.9535e+05	1.8878e+04
7.0668e+01	1.7696e+05	1.8439e+04
7.3048e+01	1.6027e+05	1.7992e+04
7.5508e+01	1.4513e+05	1.7523e+04
7.8051e+01	1.3134e+05	1.7021e+04
8.0679e+01	1.1883e+05	1.6506e+04
8.3396e+01	1.0744e+05	1.5973e+04
8.6205e+01	9.7023e+04	1.5425e+04
8.9108e+01	8.7644e+04	1.4866e+04
9.2109e+01	7.9063e+04	1.4292e+04
9.5211e+01	7.1354e+04	1.3710e+04
9.8417e+01	6.4293e+04	1.3124e+04
1.0173e+02	5.7975e+04	1.2531e+04
1.0516e+02	5.2202e+04	1.1948e+04
1.0870e+02	4.7014e+04	1.1367e+04
1.1236e+02	4.2304e+04	1.0791e+04
1.1614e+02	3.8015e+04	1.0221e+04
1.2005e+02	3.4160e+04	9.6590e+03
1.2410e+02	3.0676e+04	9.1090e+03
1.2828e+02	2.7533e+04	8.5713e+03
1.3260e+02	2.4701e+04	8.0478e+03
1.3706e+02	2.2127e+04	7.5401e+03
1.4168e+02	1.9806e+04	7.0468e+03
1.4645e+02	1.7709e+04	6.5702e+03
1.5138e+02	1.5824e+04	6.1063e+03
1.5648e+02	1.4134e+04	5.6592e+03
1.6175e+02	1.2607e+04	5.2346e+03
1.6720e+02	1.1238e+04	4.8360e+03
1.7283e+02	1.0008e+04	4.4573e+03
1.7865e+02	8.9068e+03	4.0989e+03
1.8466e+02	7.9176e+03	3.7601e+03
1.9088e+02	7.0287e+03	3.4407e+03
1.9731e+02	6.2348e+03	3.1406e+03
2.0395e+02	5.5244e+03	2.8588e+03
2.1082e+02	4.8897e+03	2.5958e+03
2.1792e+02	4.3223e+03	2.3521e+03
2.2526e+02	3.8134e+03	2.1303e+03
2.3285e+02	3.3607e+03	1.9244e+03
2.4069e+02	2.9603e+03	1.7349e+03
2.4880e+02	2.6023e+03	1.5603e+03
2.5717e+02	2.2875e+03	1.3975e+03
2.6583e+02	2.0071e+03	1.2486e+03
2.7479e+02	1.7595e+03	1.1128e+03
2.8404e+02	1.5390e+03	9.9133e+02
2.9361e+02	1.3434e+03	8.8073e+02
3.0349e+02	1.1694e+03	7.8007e+02
3.1371e+02	1.0183e+03	6.8899e+02
3.2428e+02	8.8452e+02	6.0741e+02
3.3520e+02	7.6695e+02	5.3494e+02
3.4649e+02	6.6410e+02	4.7048e+02
3.5816e+02	5.7401e+02	4.1214e+02
3.7022e+02	4.9608e+02	3.6000e+02
3.8269e+02	4.2758e+02	3.1392e+02
3.9557e+02	3.6770e+02	2.7337e+02
4.0890e+02	3.1559e+02	2.3733e+02
4.2267e+02	2.7061e+02	2.0542e+02
4.3690e+02	2.3157e+02	1.7727e+02
4.5161e+02	1.9763e+02	1.5254e+02
4.6682e+02	1.6796e+02	1.3089e+02
4.8254e+02	1.4258e+02	1.1205e+02
4.9879e+02	1.2076e+02	9.5706e+01
5.1559e+02	1.0202e+02	8.1427e+01
5.3295e+02	8.5959e+01	6.9080e+01
5.5090e+02	7.2218e+01	5.8428e+01
5.6946e+02	6.0465e+01	4.9225e+01
5.8863e+02	5.0473e+01	4.1418e+01
6.0846e+02	4.2087e+01	3.4676e+01
6.2895e+02	3.4913e+01	2.8952e+01
6.5013e+02	2.8905e+01	2.4097e+01
6.7202e+02	2.3846e+01	1.9960e+01
6.9465e+02	1.9590e+01	1.6453e+01
7.1805e+02	1.6001e+01	1.3490e+01
7.4223e+02	1.3010e+01	1.1003e+01
7.6722e+02	1.0521e+01	8.9453e+00
7.9306e+02	8.4876e+00	7.2414e+00
8.1977e+02	6.8126e+00	5.8287e+00
8.4738e+02	5.4374e+00	4.6791e+00
8.7591e+02	4.3341e+00	3.7411e+00
9.0541e+02	3.4380e+00	2.9714e+00
9.3590e+02	2.7050e+00	2.3477e+00
9.6742e+02	2.1222e+00	1.8482e+00
1.0000e+03	1.6578e+00	1.4516e+00