Energy(MeV)	Incoming Spectral Fluence(MeV-1 cm-2)	Residual Spectral Fluence(MeV-1 cm-2)
1.0000e-03	0.0000e+00	1.6755e+05
1.5000e-03	0.0000e+00	1.6759e+05
2.0000e-03	0.0000e+00	1.6762e+05
2.5000e-03	0.0000e+00	1.6764e+05
3.0000e-03	0.0000e+00	1.6766e+05
3.5000e-03	0.0000e+00	1.6767e+05
4.0000e-03	0.0000e+00	1.6769e+05
4.5000e-03	0.0000e+00	1.6770e+05
5.0000e-03	0.0000e+00	1.6771e+05
5.5000e-03	0.0000e+00	1.6771e+05
6.0000e-03	0.0000e+00	1.6772e+05
6.5000e-03	0.0000e+00	1.6773e+05
7.0000e-03	0.0000e+00	1.6774e+05
7.5000e-03	0.0000e+00	1.6774e+05
8.0000e-03	0.0000e+00	1.6775e+05
8.5000e-03	0.0000e+00	1.6776e+05
9.0000e-03	0.0000e+00	1.6776e+05
9.5000e-03	0.0000e+00	1.6777e+05
1.0000e-02	0.0000e+00	1.6777e+05
1.5000e-02	0.0000e+00	1.6781e+05
2.0000e-02	0.0000e+00	1.6784e+05
2.5000e-02	0.0000e+00	1.6786e+05
3.0000e-02	0.0000e+00	1.6789e+05
3.5000e-02	0.0000e+00	1.6791e+05
4.0000e-02	0.0000e+00	1.6793e+05
4.5000e-02	0.0000e+00	1.6796e+05
5.0000e-02	6.1878e+11	1.6799e+05
5.1002e-02	6.0592e+11	1.6799e+05
5.2025e-02	5.9342e+11	1.6800e+05
5.3067e-02	5.8123e+11	1.6800e+05
5.4131e-02	5.6929e+11	1.6801e+05
5.5216e-02	5.5783e+11	1.6801e+05
5.6323e-02	5.4642e+11	1.6802e+05
5.7452e-02	5.3507e+11	1.6803e+05
5.8604e-02	5.2391e+11	1.6803e+05
5.9778e-02	5.1289e+11	1.6804e+05
6.0977e-02	5.0192e+11	1.6804e+05
6.2199e-02	4.9172e+11	1.6805e+05
6.3446e-02	4.8141e+11	1.6806e+05
6.4717e-02	4.7117e+11	1.6807e+05
6.6015e-02	4.6132e+11	1.6808e+05
6.7338e-02	4.5146e+11	1.6809e+05
6.8688e-02	4.4184e+11	1.6810e+05
7.0065e-02	4.3271e+11	1.6811e+05
7.1469e-02	4.2367e+11	1.6811e+05
7.2902e-02	4.1470e+11	1.6812e+05
7.4363e-02	4.0611e+11	1.6813e+05
7.5853e-02	3.9771e+11	1.6814e+05
7.7374e-02	3.8949e+11	1.6815e+05
7.8925e-02	3.8144e+11	1.6816e+05
8.0507e-02	3.7352e+11	1.6817e+05
8.2121e-02	3.6587e+11	1.6818e+05
8.3767e-02	3.5838e+11	1.6819e+05
8.5446e-02	3.5086e+11	1.6820e+05
8.7159e-02	3.4385e+11	1.6821e+05
8.8906e-02	3.3688e+11	1.6822e+05
9.0688e-02	3.3008e+11	1.6823e+05
9.2506e-02	3.2336e+11	1.6824e+05
9.4360e-02	3.1653e+11	1.6825e+05
9.6251e-02	3.1013e+11	1.6826e+05
9.8181e-02	3.0391e+11	1.6828e+05
1.0015e-01	2.9780e+11	1.6829e+05
1.0216e-01	2.9161e+11	1.6830e+05
1.0420e-01	2.8567e+11	1.6831e+05
1.0629e-01	2.7977e+11	1.6833e+05
1.0842e-01	2.7384e+11	1.6834e+05
1.1060e-01	2.6824e+11	1.6835e+05
1.1281e-01	2.6270e+11	1.6837e+05
1.1507e-01	2.5724e+11	1.6838e+05
1.1738e-01	2.5212e+11	1.6840e+05
1.1973e-01	2.4703e+11	1.6841e+05
1.2213e-01	2.4187e+11	1.6843e+05
1.2458e-01	2.3704e+11	1.6844e+05
1.2708e-01	2.3211e+11	1.6846e+05
1.2963e-01	2.2738e+11	1.6848e+05
1.3223e-01	2.2256e+11	1.6849e+05
1.3488e-01	2.1796e+11	1.6851e+05
1.3758e-01	2.1344e+11	1.6853e+05
1.4034e-01	2.0906e+11	1.6855e+05
1.4315e-01	2.0476e+11	1.6856e+05
1.4602e-01	2.0045e+11	1.6858e+05
1.4895e-01	1.9624e+11	1.6860e+05
1.5193e-01	1.9217e+11	1.6862e+05
1.5498e-01	1.8811e+11	1.6864e+05
1.5808e-01	1.8418e+11	1.6866e+05
1.6125e-01	1.8043e+11	1.6868e+05
1.6449e-01	1.7670e+11	1.6870e+05
1.6778e-01	1.7307e+11	1.6872e+05
1.7115e-01	1.6948e+11	1.6874e+05
1.7458e-01	1.6594e+11	1.6876e+05
1.7808e-01	1.6243e+11	1.6879e+05
1.8165e-01	1.5904e+11	1.6881e+05
1.8529e-01	1.5586e+11	1.6883e+05
1.8900e-01	1.5255e+11	1.6886e+05
1.9279e-01	1.4931e+11	1.6888e+05
1.9665e-01	1.4597e+11	1.6891e+05
2.0060e-01	1.4288e+11	1.6893e+05
2.0462e-01	1.3994e+11	1.6896e+05
2.0872e-01	1.3707e+11	1.6898e+05
2.1290e-01	1.3416e+11	1.6901e+05
2.1717e-01	1.3142e+11	1.6904e+05
2.2152e-01	1.2868e+11	1.6907e+05
2.2596e-01	1.2599e+11	1.6910e+05
2.3049e-01	1.2342e+11	1.6912e+05
2.3511e-01	1.2090e+11	1.6915e+05
2.3983e-01	1.1838e+11	1.6919e+05
2.4463e-01	1.1589e+11	1.6922e+05
2.4954e-01	1.1343e+11	1.6925e+05
2.5454e-01	1.1108e+11	1.6928e+05
2.5964e-01	1.0873e+11	1.6931e+05
2.6484e-01	1.0650e+11	1.6935e+05
2.7015e-01	1.0426e+11	1.6938e+05
2.7557e-01	1.0204e+11	1.6942e+05
2.8109e-01	9.9828e+10	1.6945e+05
2.8673e-01	9.7712e+10	1.6949e+05
2.9247e-01	9.5681e+10	1.6953e+05
2.9834e-01	9.3716e+10	1.6956e+05
3.0432e-01	9.1717e+10	1.6960e+05
3.1042e-01	8.9761e+10	1.6964e+05
3.1664e-01	8.7849e+10	1.6968e+05
3.2299e-01	8.6013e+10	1.6972e+05
3.2946e-01	8.4213e+10	1.6977e+05
3.3606e-01	8.2520e+10	1.6981e+05
3.4280e-01	8.0847e+10	1.6985e+05
3.4967e-01	7.9110e+10	1.6990e+05
3.5668e-01	7.7496e+10	1.6994e+05
3.6383e-01	7.5909e+10	1.6999e+05
3.7112e-01	7.4330e+10	1.7003e+05
3.7856e-01	7.2797e+10	1.7008e+05
3.8615e-01	7.1292e+10	1.7013e+05
3.9389e-01	6.9833e+10	1.7018e+05
4.0179e-01	6.8332e+10	1.7023e+05
4.0984e-01	6.6875e+10	1.7028e+05
4.1806e-01	6.5457e+10	1.7034e+05
4.2644e-01	6.4107e+10	1.7039e+05
4.3498e-01	6.2770e+10	1.7045e+05
4.4370e-01	6.1445e+10	1.7050e+05
4.5260e-01	6.0158e+10	1.7056e+05
4.6167e-01	5.8884e+10	1.7062e+05
4.7092e-01	5.7673e+10	1.7068e+05
4.8036e-01	5.6452e+10	1.7073e+05
4.8999e-01	5.5256e+10	1.7078e+05
4.9981e-01	5.4098e+10	1.7082e+05
5.0983e-01	5.2970e+10	1.7087e+05
5.2005e-01	5.1825e+10	1.7092e+05
5.3048e-01	5.0744e+10	1.7097e+05
5.4111e-01	4.9690e+10	1.7103e+05
5.5196e-01	4.8628e+10	1.7110e+05
5.6302e-01	4.7592e+10	1.7117e+05
5.7431e-01	4.6611e+10	1.7124e+05
5.8582e-01	4.5568e+10	1.7131e+05
5.9756e-01	4.4573e+10	1.7139e+05
6.0954e-01	4.3606e+10	1.7147e+05
6.2176e-01	4.2728e+10	1.7154e+05
6.3422e-01	4.1862e+10	1.7162e+05
6.4693e-01	4.0974e+10	1.7171e+05
6.5990e-01	4.0087e+10	1.7179e+05
6.7313e-01	3.9217e+10	1.7187e+05
6.8662e-01	3.8367e+10	1.7196e+05
7.0038e-01	3.7521e+10	1.7204e+05
7.1442e-01	3.6715e+10	1.7213e+05
7.2874e-01	3.5951e+10	1.7223e+05
7.4335e-01	3.5158e+10	1.7232e+05
7.5825e-01	3.4413e+10	1.7241e+05
7.7345e-01	3.3688e+10	1.7251e+05
7.8896e-01	3.2978e+10	1.7261e+05
8.0477e-01	3.2244e+10	1.7271e+05
8.2090e-01	3.1553e+10	1.7282e+05
8.3736e-01	3.0827e+10	1.7292e+05
8.5414e-01	3.0143e+10	1.7303e+05
8.7126e-01	2.9493e+10	1.7314e+05
8.8873e-01	2.8840e+10	1.7325e+05
9.0654e-01	2.8230e+10	1.7337e+05
9.2471e-01	2.7617e+10	1.7348e+05
9.4325e-01	2.7025e+10	1.7360e+05
9.6216e-01	2.6438e+10	1.7373e+05
9.8144e-01	2.5869e+10	1.7385e+05
1.0011e+00	2.5298e+10	1.7398e+05
1.0212e+00	2.4737e+10	1.7410e+05
1.0417e+00	2.4211e+10	1.7423e+05
1.0625e+00	2.3673e+10	1.7437e+05
1.0838e+00	2.3162e+10	1.7450e+05
1.1056e+00	2.2664e+10	1.7464e+05
1.1277e+00	2.2185e+10	1.7479e+05
1.1503e+00	2.1721e+10	1.7493e+05
1.1734e+00	2.1237e+10	1.7508e+05
1.1969e+00	2.0768e+10	1.7523e+05
1.2209e+00	2.0307e+10	1.7539e+05
1.2454e+00	1.9866e+10	1.7554e+05
1.2703e+00	1.9427e+10	1.7571e+05
1.2958e+00	1.9003e+10	1.7587e+05
1.3218e+00	1.8596e+10	1.7604e+05
1.3483e+00	1.8185e+10	1.7621e+05
1.3753e+00	1.7781e+10	1.7638e+05
1.4029e+00	1.7385e+10	1.7656e+05
1.4310e+00	1.6995e+10	1.7674e+05
1.4597e+00	1.6619e+10	1.7693e+05
1.4889e+00	1.6249e+10	1.7712e+05
1.5188e+00	1.5893e+10	1.7730e+05
1.5492e+00	1.5540e+10	1.7743e+05
1.5803e+00	1.5197e+10	1.7758e+05
1.6119e+00	1.4864e+10	1.7778e+05
1.6442e+00	1.4527e+10	1.7798e+05
1.6772e+00	1.4210e+10	1.7819e+05
1.7108e+00	1.3899e+10	1.7841e+05
1.7451e+00	1.3596e+10	1.7863e+05
1.7801e+00	1.3290e+10	1.7886e+05
1.8158e+00	1.2976e+10	1.7909e+05
1.8522e+00	1.2683e+10	1.7933e+05
1.8893e+00	1.2404e+10	1.7957e+05
1.9272e+00	1.2122e+10	1.7981e+05
1.9658e+00	1.1851e+10	1.8006e+05
2.0052e+00	1.1585e+10	1.8031e+05
2.0454e+00	1.1325e+10	1.8057e+05
2.0864e+00	1.1070e+10	1.8084e+05
2.1282e+00	1.0823e+10	1.8111e+05
2.1709e+00	1.0581e+10	1.8138e+05
2.2144e+00	1.0343e+10	1.8166e+05
2.2588e+00	1.0099e+10	1.8195e+05
2.3041e+00	9.8638e+09	1.8224e+05
2.3502e+00	9.6375e+09	1.8254e+05
2.3974e+00	9.4237e+09	1.8285e+05
2.4454e+00	9.2133e+09	1.8316e+05
2.4944e+00	8.9997e+09	1.8347e+05
2.5444e+00	8.7895e+09	1.8379e+05
2.5954e+00	8.5881e+09	1.8399e+05
2.6475e+00	8.3881e+09	1.8427e+05
2.7005e+00	8.1906e+09	1.8461e+05
2.7547e+00	7.9954e+09	1.8496e+05
2.8099e+00	7.8070e+09	1.8531e+05
2.8662e+00	7.6214e+09	1.8568e+05
2.9237e+00	7.4454e+09	1.8605e+05
2.9823e+00	7.2718e+09	1.8643e+05
3.0420e+00	7.1003e+09	1.8681e+05
3.1030e+00	6.9307e+09	1.8721e+05
3.1652e+00	6.7650e+09	1.8761e+05
3.2287e+00	6.6033e+09	1.8801e+05
3.2934e+00	6.4435e+09	1.8842e+05
3.3594e+00	6.2881e+09	1.8886e+05
3.4267e+00	6.1334e+09	1.8930e+05
3.4954e+00	5.9849e+09	1.8975e+05
3.5655e+00	5.8390e+09	1.9020e+05
3.6370e+00	5.6984e+09	1.9067e+05
3.7099e+00	5.5606e+09	1.9114e+05
3.7842e+00	5.4245e+09	1.9161e+05
3.8601e+00	5.2936e+09	1.9210e+05
3.9375e+00	5.1632e+09	1.9260e+05
4.0164e+00	5.0374e+09	1.9311e+05
4.0969e+00	4.9151e+09	1.9363e+05
4.1790e+00	4.7969e+09	1.9416e+05
4.2628e+00	4.6767e+09	1.9470e+05
4.3482e+00	4.5584e+09	1.9525e+05
4.4354e+00	4.4420e+09	1.9581e+05
4.5243e+00	4.3297e+09	1.9638e+05
4.6150e+00	4.2185e+09	1.9697e+05
4.7075e+00	4.1082e+09	1.9756e+05
4.8019e+00	4.0020e+09	1.9817e+05
4.8981e+00	3.9004e+09	1.9879e+05
4.9963e+00	3.7985e+09	1.9943e+05
5.0964e+00	3.7025e+09	2.0007e+05
5.1986e+00	3.6075e+09	2.0072e+05
5.3028e+00	3.5150e+09	2.0137e+05
5.4091e+00	3.4247e+09	2.0204e+05
5.5175e+00	3.3331e+09	2.0273e+05
5.6281e+00	3.2432e+09	2.0344e+05
5.7409e+00	3.1572e+09	2.0415e+05
5.8560e+00	3.0712e+09	2.0488e+05
5.9734e+00	2.9887e+09	2.0563e+05
6.0931e+00	2.9080e+09	2.0639e+05
6.2153e+00	2.8310e+09	2.0716e+05
6.3398e+00	2.7539e+09	2.0797e+05
6.4669e+00	2.6787e+09	2.0878e+05
6.5966e+00	2.6059e+09	2.0959e+05
6.7288e+00	2.5347e+09	2.1042e+05
6.8637e+00	2.4649e+09	2.1127e+05
7.0012e+00	2.3946e+09	2.1212e+05
7.1416e+00	2.3273e+09	2.1300e+05
7.2847e+00	2.2625e+09	2.1390e+05
7.4308e+00	2.1980e+09	2.1480e+05
7.5797e+00	2.1330e+09	2.1573e+05
7.7316e+00	2.0712e+09	2.1667e+05
7.8866e+00	2.0102e+09	2.1763e+05
8.0447e+00	1.9519e+09	2.1861e+05
8.2060e+00	1.8947e+09	2.1960e+05
8.3705e+00	1.8365e+09	2.2060e+05
8.5382e+00	1.7814e+09	2.2164e+05
8.7094e+00	1.7286e+09	2.2269e+05
8.8840e+00	1.6776e+09	2.2376e+05
9.0620e+00	1.6275e+09	2.2485e+05
9.2437e+00	1.5785e+09	2.2597e+05
9.4290e+00	1.5302e+09	2.2709e+05
9.6180e+00	1.4826e+09	2.2822e+05
9.8108e+00	1.4363e+09	2.2938e+05
1.0007e+01	1.3912e+09	2.3055e+05
1.0208e+01	1.3480e+09	2.3175e+05
1.0413e+01	1.3060e+09	2.3295e+05
1.0621e+01	1.2643e+09	2.3416e+05
1.0834e+01	1.2237e+09	2.3537e+05
1.1051e+01	1.1845e+09	2.3662e+05
1.1273e+01	1.1447e+09	2.3789e+05
1.1499e+01	1.1078e+09	2.3917e+05
1.1729e+01	1.0719e+09	2.4056e+05
1.1965e+01	1.0366e+09	2.4190e+05
1.2204e+01	1.0031e+09	2.4324e+05
1.2449e+01	9.6956e+08	2.4458e+05
1.2699e+01	9.3536e+08	2.4595e+05
1.2953e+01	9.0337e+08	2.4734e+05
1.3213e+01	8.7155e+08	2.4876e+05
1.3478e+01	8.4062e+08	2.5019e+05
1.3748e+01	8.1043e+08	2.5163e+05
1.4023e+01	7.8196e+08	2.5304e+05
1.4304e+01	7.5388e+08	2.5452e+05
1.4591e+01	7.2713e+08	2.5603e+05
1.4884e+01	7.0032e+08	2.5753e+05
1.5182e+01	6.7491e+08	2.5904e+05
1.5486e+01	6.4973e+08	2.6055e+05
1.5797e+01	6.2541e+08	2.6209e+05
1.6113e+01	6.0136e+08	2.6364e+05
1.6436e+01	5.7779e+08	2.6520e+05
1.6766e+01	5.5464e+08	2.6676e+05
1.7102e+01	5.3350e+08	2.6838e+05
1.7445e+01	5.1249e+08	2.7002e+05
1.7794e+01	4.9286e+08	2.7163e+05
1.8151e+01	4.7310e+08	2.7323e+05
1.8515e+01	4.5456e+08	2.7486e+05
1.8886e+01	4.3684e+08	2.7652e+05
1.9265e+01	4.1935e+08	2.7814e+05
1.9651e+01	4.0267e+08	2.7979e+05
2.0045e+01	3.8629e+08	2.8151e+05
2.0446e+01	3.6960e+08	2.8312e+05
2.0856e+01	3.5387e+08	2.8475e+05
2.1274e+01	3.3876e+08	2.8646e+05
2.1701e+01	3.2420e+08	2.8806e+05
2.2136e+01	3.0995e+08	2.8967e+05
2.2579e+01	2.9619e+08	2.9129e+05
2.3032e+01	2.8305e+08	2.9290e+05
2.3494e+01	2.6978e+08	2.9450e+05
2.3965e+01	2.5767e+08	2.9610e+05
2.4445e+01	2.4587e+08	2.9767e+05
2.4935e+01	2.3474e+08	2.9924e+05
2.5435e+01	2.2384e+08	3.0078e+05
2.5945e+01	2.1337e+08	3.0234e+05
2.6465e+01	2.0354e+08	3.0385e+05
2.6995e+01	1.9371e+08	3.0534e+05
2.7536e+01	1.8429e+08	3.0682e+05
2.8088e+01	1.7520e+08	3.0825e+05
2.8651e+01	1.6651e+08	3.0968e+05
2.9226e+01	1.5809e+08	3.1094e+05
2.9812e+01	1.5015e+08	3.1216e+05
3.0409e+01	1.4243e+08	3.1334e+05
3.1019e+01	1.3510e+08	3.1444e+05
3.1640e+01	1.2807e+08	3.1552e+05
3.2275e+01	1.2146e+08	3.1652e+05
3.2922e+01	1.1499e+08	3.1747e+05
3.3581e+01	1.0873e+08	3.1842e+05
3.4255e+01	1.0281e+08	3.1936e+05
3.4941e+01	9.7095e+07	3.2018e+05
3.5642e+01	9.1673e+07	3.2087e+05
3.6356e+01	8.6517e+07	3.2154e+05
3.7085e+01	8.1641e+07	3.2209e+05
3.7828e+01	7.6983e+07	3.2250e+05
3.8586e+01	7.2447e+07	3.2283e+05
3.9360e+01	6.8204e+07	3.2311e+05
4.0149e+01	6.4141e+07	3.2334e+05
4.0954e+01	6.0234e+07	3.2342e+05
4.1775e+01	5.6664e+07	3.2342e+05
4.2612e+01	5.3245e+07	3.2333e+05
4.3466e+01	5.0005e+07	3.2310e+05
4.4337e+01	4.6809e+07	3.2278e+05
4.5226e+01	4.3934e+07	3.2236e+05
4.6133e+01	4.1111e+07	3.2177e+05
4.7057e+01	3.8562e+07	3.2110e+05
4.8001e+01	3.6188e+07	3.2022e+05
4.8963e+01	3.3763e+07	3.1919e+05
4.9944e+01	3.1476e+07	3.1812e+05
5.0945e+01	2.9485e+07	3.1695e+05
5.1967e+01	2.7504e+07	3.1575e+05
5.3008e+01	2.5638e+07	3.1429e+05
5.4071e+01	2.3912e+07	3.1264e+05
5.5155e+01	2.2311e+07	3.1087e+05
5.6260e+01	2.0801e+07	3.0902e+05
5.7388e+01	1.9400e+07	3.0701e+05
5.8538e+01	1.8110e+07	3.0486e+05
5.9712e+01	1.6874e+07	3.0247e+05
6.0909e+01	1.5706e+07	3.0005e+05
6.2130e+01	1.4617e+07	2.9741e+05
6.3375e+01	1.3620e+07	2.9466e+05
6.4645e+01	1.2685e+07	2.9188e+05
6.5941e+01	1.1793e+07	2.8894e+05
6.7263e+01	1.0972e+07	2.8578e+05
6.8611e+01	1.0221e+07	2.8252e+05
6.9986e+01	9.5048e+06	2.7912e+05
7.1389e+01	8.8377e+06	2.7574e+05
7.2820e+01	8.2022e+06	2.7217e+05
7.4280e+01	7.6147e+06	2.6843e+05
7.5769e+01	7.0738e+06	2.6465e+05
7.7288e+01	6.5654e+06	2.6077e+05
7.8837e+01	6.0988e+06	2.5671e+05
8.0417e+01	5.6591e+06	2.5252e+05
8.2029e+01	5.2651e+06	2.4834e+05
8.3673e+01	4.9042e+06	2.4402e+05
8.5351e+01	4.5496e+06	2.3965e+05
8.7062e+01	4.2446e+06	2.3526e+05
8.8807e+01	3.9347e+06	2.3077e+05
9.0587e+01	3.6402e+06	2.2621e+05
9.2403e+01	3.3828e+06	2.2161e+05
9.4255e+01	3.1342e+06	2.1697e+05
9.6144e+01	2.8973e+06	2.1226e+05
9.8071e+01	2.6890e+06	2.0754e+05
1.0004e+02	2.4949e+06	2.0272e+05
1.0204e+02	2.3179e+06	1.9786e+05
1.0409e+02	2.1560e+06	1.9299e+05
1.0617e+02	2.0014e+06	1.8812e+05
1.0830e+02	1.8580e+06	1.8322e+05
1.1047e+02	1.7229e+06	1.7837e+05
1.1269e+02	1.6008e+06	1.7353e+05
1.1495e+02	1.4824e+06	1.6873e+05
1.1725e+02	1.3800e+06	1.6393e+05
1.1960e+02	1.2809e+06	1.5916e+05
1.2200e+02	1.1860e+06	1.5439e+05
1.2444e+02	1.1003e+06	1.4965e+05
1.2694e+02	1.0178e+06	1.4496e+05
1.2948e+02	9.4630e+05	1.4034e+05
1.3208e+02	8.7924e+05	1.3580e+05
1.3473e+02	8.1371e+05	1.3134e+05
1.3743e+02	7.5344e+05	1.2694e+05
1.4018e+02	6.9994e+05	1.2262e+05
1.4299e+02	6.4977e+05	1.1837e+05
1.4586e+02	6.0271e+05	1.1419e+05
1.4878e+02	5.6034e+05	1.1007e+05
1.5176e+02	5.2046e+05	1.0597e+05
1.5481e+02	4.8281e+05	1.0196e+05
1.5791e+02	4.4729e+05	9.8033e+04
1.6107e+02	4.1625e+05	9.4217e+04
1.6430e+02	3.8704e+05	9.0523e+04
1.6760e+02	3.5916e+05	8.6940e+04
1.7096e+02	3.3232e+05	8.3455e+04
1.7438e+02	3.0807e+05	8.0058e+04
1.7788e+02	2.8584e+05	7.6743e+04
1.8144e+02	2.6543e+05	7.3514e+04
1.8508e+02	2.4624e+05	7.0376e+04
1.8879e+02	2.2841e+05	6.7327e+04
1.9257e+02	2.1237e+05	6.4369e+04
1.9643e+02	1.9696e+05	6.1497e+04
2.0037e+02	1.8245e+05	5.8680e+04
2.0439e+02	1.6938e+05	5.5947e+04
2.0849e+02	1.5751e+05	5.3319e+04
2.1266e+02	1.4648e+05	5.0801e+04
2.1693e+02	1.3612e+05	4.8390e+04
2.2128e+02	1.2645e+05	4.6068e+04
2.2571e+02	1.1750e+05	4.3832e+04
2.3024e+02	1.0920e+05	4.1689e+04
2.3485e+02	1.0124e+05	3.9628e+04
2.3956e+02	9.3921e+04	3.7649e+04
2.4436e+02	8.6989e+04	3.5758e+04
2.4926e+02	8.0810e+04	3.3953e+04
2.5425e+02	7.5032e+04	3.2223e+04
2.5935e+02	6.9555e+04	3.0580e+04
2.6455e+02	6.4615e+04	2.9017e+04
2.6985e+02	5.9896e+04	2.7525e+04
2.7526e+02	5.5498e+04	2.6101e+04
2.8078e+02	5.1385e+04	2.4738e+04
2.8641e+02	4.7699e+04	2.3437e+04
2.9215e+02	4.4345e+04	2.2207e+04
2.9800e+02	4.1238e+04	2.1040e+04
3.0398e+02	3.8379e+04	1.9909e+04
3.1007e+02	3.5680e+04	1.8825e+04
3.1629e+02	3.3107e+04	1.7788e+04
3.2263e+02	3.0789e+04	1.6801e+04
3.2909e+02	2.8710e+04	1.5865e+04
3.3569e+02	2.6747e+04	1.4978e+04
3.4242e+02	2.4890e+04	1.4137e+04
3.4928e+02	2.3130e+04	1.3339e+04
3.5628e+02	2.1490e+04	1.2577e+04
3.6343e+02	1.9966e+04	1.1859e+04
3.7071e+02	1.8549e+04	1.1182e+04
3.7814e+02	1.7233e+04	1.0545e+04
3.8572e+02	1.6011e+04	9.9462e+03
3.9345e+02	1.4894e+04	9.3801e+03
4.0134e+02	1.3835e+04	8.8411e+03
4.0938e+02	1.2878e+04	8.3259e+03
4.1759e+02	1.2001e+04	7.8367e+03
4.2596e+02	1.1184e+04	7.3722e+03
4.3450e+02	1.0424e+04	6.9320e+03
4.4321e+02	9.7128e+03	6.5143e+03
4.5209e+02	9.0405e+03	6.1177e+03
4.6116e+02	8.4114e+03	5.7424e+03
4.7040e+02	7.8182e+03	5.3911e+03
4.7983e+02	7.2618e+03	5.0640e+03
4.8945e+02	6.7439e+03	4.7569e+03
4.9926e+02	6.2629e+03	4.4647e+03
5.0926e+02	5.8359e+03	4.1829e+03
5.1947e+02	5.4400e+03	3.9135e+03
5.2989e+02	5.0709e+03	3.6583e+03
5.4051e+02	4.7120e+03	3.4182e+03
5.5134e+02	4.3713e+03	3.1939e+03
5.6239e+02	4.0455e+03	2.9848e+03
5.7367e+02	3.7436e+03	2.7923e+03
5.8517e+02	3.4639e+03	2.6139e+03
5.9690e+02	3.2126e+03	2.4474e+03
6.0886e+02	2.9840e+03	2.2903e+03
6.2106e+02	2.7735e+03	2.1429e+03
6.3351e+02	2.5782e+03	2.0047e+03
6.4621e+02	2.3966e+03	1.8751e+03
6.5917e+02	2.2277e+03	1.7527e+03
6.7238e+02	2.0707e+03	1.6378e+03
6.8586e+02	1.9247e+03	1.5297e+03
6.9960e+02	1.7890e+03	1.4278e+03
7.1363e+02	1.6610e+03	1.3319e+03
7.2793e+02	1.5406e+03	1.2426e+03
7.4252e+02	1.4288e+03	1.1598e+03
7.5741e+02	1.3251e+03	1.0826e+03
7.7259e+02	1.2302e+03	1.0107e+03
7.8808e+02	1.1427e+03	9.4377e+02
8.0387e+02	1.0613e+03	8.8135e+02
8.1999e+02	9.8574e+02	8.2333e+02
8.3642e+02	9.1555e+02	7.6959e+02
8.5319e+02	8.5193e+02	7.1925e+02
8.7029e+02	7.9284e+02	6.7189e+02
8.8774e+02	7.3785e+02	6.2750e+02
9.0553e+02	6.8669e+02	5.8558e+02
9.2368e+02	6.3908e+02	5.4596e+02
9.4220e+02	5.9359e+02	5.0899e+02
9.6108e+02	5.5125e+02	4.7439e+02
9.8035e+02	5.1193e+02	4.4205e+02
1.0000e+03	4.7540e+02	4.1191e+02