Energy(MeV) Sferica_Fluence(cm^-2*MeV^-1)
5.000000e-02 6.187799e+11
5.100225e-02 6.059226e+11
5.202458e-02 5.934173e+11
5.306741e-02 5.812282e+11
5.413114e-02 5.692904e+11
5.521620e-02 5.578252e+11
5.632300e-02 5.464229e+11
5.745199e-02 5.350661e+11
5.860361e-02 5.239069e+11
5.977832e-02 5.128925e+11
6.097657e-02 5.019187e+11
6.219884e-02 4.917175e+11
6.344561e-02 4.814093e+11
6.471737e-02 4.711687e+11
6.601463e-02 4.613187e+11
6.733789e-02 4.514586e+11
6.868767e-02 4.418400e+11
7.006451e-02 4.327120e+11
7.146895e-02 4.236737e+11
7.290154e-02 4.147014e+11
7.436284e-02 4.061115e+11
7.585344e-02 3.977144e+11
7.737392e-02 3.894904e+11
7.892487e-02 3.814449e+11
8.050691e-02 3.735234e+11
8.212067e-02 3.658703e+11
8.376677e-02 3.583783e+11
8.544587e-02 3.508602e+11
8.715862e-02 3.438499e+11
8.890571e-02 3.368800e+11
9.068782e-02 3.300771e+11
9.250565e-02 3.233604e+11
9.435992e-02 3.165338e+11
9.625136e-02 3.101311e+11
9.818071e-02 3.039065e+11
1.001487e-01 2.978040e+11
1.021562e-01 2.916089e+11
1.042039e-01 2.856747e+11
1.062927e-01 2.797748e+11
1.084233e-01 2.738435e+11
1.105966e-01 2.682419e+11
1.128135e-01 2.626959e+11
1.150749e-01 2.572420e+11
1.173816e-01 2.521232e+11
1.197345e-01 2.470313e+11
1.221345e-01 2.418719e+11
1.245827e-01 2.370384e+11
1.270800e-01 2.321097e+11
1.296273e-01 2.273778e+11
1.322256e-01 2.225596e+11
1.348761e-01 2.179595e+11
1.375797e-01 2.134420e+11
1.403374e-01 2.090629e+11
1.431505e-01 2.047603e+11
1.460199e-01 2.004523e+11
1.489469e-01 1.962424e+11
1.519325e-01 1.921689e+11
1.549780e-01 1.881070e+11
1.580845e-01 1.841843e+11
1.612533e-01 1.804315e+11
1.644856e-01 1.766991e+11
1.677827e-01 1.730748e+11
1.711459e-01 1.694803e+11
1.745765e-01 1.659371e+11
1.780759e-01 1.624336e+11
1.816454e-01 1.590422e+11
1.852865e-01 1.558560e+11
1.890005e-01 1.525490e+11
1.927890e-01 1.493051e+11
1.966535e-01 1.459713e+11
2.005954e-01 1.428760e+11
2.046163e-01 1.399432e+11
2.087178e-01 1.370654e+11
2.129015e-01 1.341552e+11
2.171691e-01 1.314230e+11
2.215223e-01 1.286806e+11
2.259627e-01 1.259937e+11
2.304921e-01 1.234201e+11
2.351123e-01 1.208984e+11
2.398251e-01 1.183827e+11
2.446324e-01 1.158943e+11
2.495360e-01 1.134289e+11
2.545379e-01 1.110784e+11
2.596401e-01 1.087341e+11
2.648446e-01 1.064967e+11
2.701534e-01 1.042581e+11
2.755686e-01 1.020400e+11
2.810923e-01 9.982829e+10
2.867268e-01 9.771215e+10
2.924742e-01 9.568060e+10
2.983368e-01 9.371557e+10
3.043170e-01 9.171712e+10
3.104170e-01 8.976080e+10
3.166393e-01 8.784873e+10
3.229863e-01 8.601286e+10
3.294605e-01 8.421268e+10
3.360645e-01 8.252008e+10
3.428009e-01 8.084691e+10
3.496723e-01 7.910975e+10
3.566815e-01 7.749560e+10
3.638311e-01 7.590853e+10
3.711241e-01 7.433014e+10
3.785633e-01 7.279742e+10
3.861515e-01 7.129152e+10
3.938919e-01 6.983253e+10
4.017874e-01 6.833172e+10
4.098412e-01 6.687522e+10
4.180565e-01 6.545659e+10
4.264364e-01 6.410676e+10
4.349843e-01 6.277026e+10
4.437035e-01 6.144505e+10
4.525975e-01 6.015770e+10
4.616698e-01 5.888422e+10
4.709239e-01 5.767317e+10
4.803635e-01 5.645215e+10
4.899924e-01 5.525648e+10
4.998143e-01 5.409778e+10
5.098330e-01 5.296977e+10
5.200526e-01 5.182542e+10
5.304770e-01 5.074422e+10
5.411103e-01 4.968950e+10
5.519569e-01 4.862830e+10
5.630208e-01 4.759209e+10
5.743065e-01 4.661138e+10
5.858184e-01 4.556823e+10
5.975611e-01 4.457344e+10
6.095392e-01 4.360562e+10
6.217573e-01 4.272805e+10
6.342204e-01 4.186209e+10
6.469333e-01 4.097394e+10
6.599011e-01 4.008708e+10
6.731287e-01 3.921736e+10
6.866215e-01 3.836652e+10
7.003848e-01 3.752052e+10
7.144240e-01 3.671529e+10
7.287445e-01 3.595066e+10
7.433522e-01 3.515785e+10
7.582526e-01 3.441256e+10
7.734517e-01 3.368815e+10
7.889555e-01 3.297835e+10
8.047701e-01 3.224380e+10
8.209016e-01 3.155268e+10
8.373565e-01 3.082718e+10
8.541413e-01 3.014330e+10
8.712625e-01 2.949342e+10
8.887268e-01 2.884046e+10
9.065413e-01 2.823045e+10
9.247129e-01 2.761742e+10
9.432487e-01 2.702512e+10
9.621560e-01 2.643837e+10
9.814423e-01 2.586935e+10
1.001115e+00 2.529765e+10
1.021183e+00 2.473722e+10
1.041652e+00 2.421077e+10
1.062532e+00 2.367258e+10
1.083830e+00 2.316198e+10
1.105556e+00 2.266418e+10
1.127716e+00 2.218528e+10
1.150321e+00 2.172098e+10
1.173379e+00 2.123705e+10
1.196900e+00 2.076825e+10
1.220892e+00 2.030737e+10
1.245364e+00 1.986620e+10
1.270327e+00 1.942714e+10
1.295791e+00 1.900283e+10
1.321765e+00 1.859576e+10
1.348260e+00 1.818540e+10
1.375286e+00 1.778058e+10
1.402853e+00 1.738545e+10
1.430973e+00 1.699501e+10
1.459657e+00 1.661929e+10
1.488916e+00 1.624870e+10
1.518761e+00 1.589264e+10
1.549204e+00 1.553976e+10
1.580258e+00 1.519748e+10
1.611934e+00 1.486428e+10
1.644245e+00 1.452674e+10
1.677204e+00 1.421048e+10
1.710823e+00 1.389918e+10
1.745117e+00 1.359609e+10
1.780097e+00 1.328997e+10
1.815779e+00 1.297599e+10
1.852176e+00 1.268339e+10
1.889303e+00 1.240427e+10
1.927174e+00 1.212181e+10
1.965804e+00 1.185066e+10
2.005209e+00 1.158504e+10
2.045403e+00 1.132492e+10
2.086403e+00 1.107029e+10
2.128224e+00 1.082301e+10
2.170885e+00 1.058134e+10
2.214400e+00 1.034254e+10
2.258787e+00 1.009907e+10
2.304064e+00 9.863826e+09
2.350249e+00 9.637452e+09
2.397360e+00 9.423698e+09
2.445415e+00 9.213346e+09
2.494433e+00 8.999702e+09
2.544434e+00 8.789476e+09
2.595437e+00 8.588068e+09
2.647462e+00 8.388056e+09
2.700530e+00 8.190646e+09
2.754662e+00 7.995392e+09
2.809879e+00 7.806957e+09
2.866203e+00 7.621377e+09
2.923656e+00 7.445394e+09
2.982260e+00 7.271827e+09
3.042039e+00 7.100279e+09
3.103017e+00 6.930702e+09
3.165216e+00 6.764983e+09
3.228663e+00 6.603283e+09
3.293381e+00 6.443491e+09
3.359397e+00 6.288066e+09
3.426736e+00 6.133396e+09
3.495424e+00 5.984918e+09
3.565490e+00 5.838958e+09
3.636960e+00 5.698431e+09
3.709862e+00 5.560608e+09
3.784226e+00 5.424482e+09
3.860081e+00 5.293625e+09
3.937456e+00 5.163166e+09
4.016382e+00 5.037411e+09
4.096890e+00 4.915063e+09
4.179012e+00 4.796903e+09
4.262780e+00 4.676744e+09
4.348227e+00 4.558366e+09
4.435387e+00 4.441980e+09
4.524294e+00 4.329651e+09
4.614983e+00 4.218474e+09
4.707490e+00 4.108228e+09
4.801851e+00 4.002043e+09
4.898104e+00 3.900373e+09
4.996286e+00 3.798481e+09
5.096436e+00 3.702466e+09
5.198594e+00 3.607538e+09
5.302799e+00 3.514980e+09
5.409093e+00 3.424681e+09
5.517518e+00 3.333139e+09
5.628116e+00 3.243235e+09
5.740932e+00 3.157249e+09
5.856008e+00 3.071204e+09
5.973391e+00 2.988657e+09
6.093127e+00 2.907999e+09
6.215264e+00 2.831015e+09
6.339848e+00 2.753858e+09
6.466930e+00 2.678663e+09
6.596559e+00 2.605939e+09
6.728787e+00 2.534694e+09
6.863665e+00 2.464892e+09
7.001246e+00 2.394594e+09
7.141586e+00 2.327308e+09
7.284738e+00 2.262525e+09
7.430760e+00 2.197966e+09
7.579709e+00 2.132967e+09
7.731644e+00 2.071235e+09
7.886624e+00 2.010166e+09
8.044711e+00 1.951861e+09
8.205967e+00 1.894710e+09
8.370455e+00 1.836545e+09
8.538240e+00 1.781362e+09
8.709388e+00 1.728594e+09
8.883967e+00 1.677551e+09
9.062045e+00 1.627456e+09
9.243693e+00 1.578544e+09
9.428983e+00 1.530229e+09
9.617986e+00 1.482607e+09
9.810778e+00 1.436296e+09
1.000743e+01 1.391174e+09
1.020803e+01 1.347959e+09
1.041265e+01 1.305967e+09
1.062137e+01 1.264323e+09
1.083428e+01 1.223735e+09
1.105145e+01 1.184451e+09
1.127297e+01 1.144747e+09
1.149894e+01 1.107826e+09
1.172944e+01 1.071896e+09
1.196455e+01 1.036616e+09
1.220438e+01 1.003101e+09
1.244902e+01 9.695611e+08
1.269856e+01 9.353609e+08
1.295310e+01 9.033705e+08
1.321274e+01 8.715479e+08
1.347759e+01 8.406216e+08
1.374775e+01 8.104349e+08
1.402332e+01 7.819649e+08
1.430442e+01 7.538819e+08
1.459115e+01 7.271317e+08
1.488362e+01 7.003236e+08
1.518197e+01 6.749108e+08
1.548629e+01 6.497340e+08
1.579671e+01 6.254100e+08
1.611335e+01 6.013634e+08
1.643634e+01 5.777925e+08
1.676581e+01 5.546353e+08
1.710188e+01 5.335010e+08
1.744468e+01 5.124862e+08
1.779436e+01 4.928617e+08
1.815105e+01 4.730995e+08
1.851488e+01 4.545609e+08
1.888601e+01 4.368427e+08
1.926458e+01 4.193468e+08
1.965074e+01 4.026689e+08
2.004464e+01 3.862885e+08
2.044643e+01 3.695974e+08
2.085628e+01 3.538736e+08
2.127434e+01 3.387601e+08
2.170078e+01 3.242021e+08
2.213577e+01 3.099540e+08
2.257948e+01 2.961889e+08
2.303209e+01 2.830468e+08
2.349376e+01 2.697793e+08
2.396469e+01 2.576665e+08
2.444506e+01 2.458709e+08
2.493506e+01 2.347442e+08
2.543488e+01 2.238402e+08
2.594472e+01 2.133699e+08
2.646478e+01 2.035390e+08
2.699527e+01 1.937078e+08
2.753639e+01 1.842889e+08
2.808835e+01 1.751955e+08
2.865138e+01 1.665111e+08
2.922570e+01 1.580872e+08
2.981152e+01 1.501529e+08
3.040909e+01 1.424345e+08
3.101864e+01 1.350982e+08
3.164041e+01 1.280746e+08
3.227464e+01 1.214583e+08
3.292158e+01 1.149908e+08
3.358149e+01 1.087338e+08
3.425463e+01 1.028085e+08
3.494126e+01 9.709474e+07
3.564165e+01 9.167252e+07
3.635609e+01 8.651675e+07
3.708484e+01 8.164070e+07
3.782820e+01 7.698285e+07
3.858647e+01 7.244669e+07
3.935993e+01 6.820373e+07
4.014890e+01 6.414085e+07
4.095368e+01 6.023433e+07
4.177459e+01 5.666360e+07
4.261196e+01 5.324536e+07
4.346611e+01 5.000466e+07
4.433739e+01 4.680899e+07
4.522613e+01 4.393391e+07
4.613268e+01 4.111118e+07
4.705741e+01 3.856220e+07
4.800067e+01 3.618751e+07
4.896284e+01 3.376349e+07
4.994430e+01 3.147586e+07
5.094543e+01 2.948454e+07
5.196662e+01 2.750407e+07
5.300829e+01 2.563803e+07
5.407084e+01 2.391243e+07
5.515468e+01 2.231065e+07
5.626026e+01 2.080130e+07
5.738799e+01 1.940027e+07
5.853833e+01 1.811037e+07
5.971172e+01 1.687431e+07
6.090864e+01 1.570559e+07
6.212955e+01 1.461739e+07
6.337493e+01 1.361957e+07
6.464528e+01 1.268519e+07
6.594109e+01 1.179327e+07
6.726287e+01 1.097243e+07
6.861115e+01 1.022138e+07
6.998645e+01 9.504768e+06
7.138933e+01 8.837709e+06
7.282032e+01 8.202170e+06
7.428000e+01 7.614680e+06
7.576894e+01 7.073772e+06
7.728772e+01 6.565365e+06
7.883694e+01 6.098802e+06
8.041722e+01 5.659145e+06
8.202918e+01 5.265074e+06
8.367345e+01 4.904180e+06
8.535068e+01 4.549574e+06
8.706153e+01 4.244565e+06
8.880667e+01 3.934653e+06
9.058679e+01 3.640189e+06
9.240260e+01 3.382841e+06
9.425480e+01 3.134165e+06
9.614413e+01 2.897274e+06
9.807133e+01 2.689020e+06
1.000372e+02 2.494936e+06
1.020424e+02 2.317876e+06
1.040878e+02 2.155982e+06
1.061743e+02 2.001387e+06
1.083025e+02 1.857992e+06
1.104734e+02 1.722865e+06
1.126879e+02 1.600751e+06
1.149467e+02 1.482445e+06
1.172508e+02 1.380014e+06
1.196011e+02 1.280890e+06
1.219985e+02 1.186030e+06
1.244439e+02 1.100316e+06
1.269384e+02 1.017783e+06
1.294828e+02 9.462958e+05
1.320783e+02 8.792450e+05
1.347258e+02 8.137099e+05
1.374264e+02 7.534360e+05
1.401811e+02 6.999368e+05
1.429910e+02 6.497719e+05
1.458573e+02 6.027093e+05
1.487810e+02 5.603367e+05
1.517633e+02 5.204641e+05
1.548053e+02 4.828072e+05
1.579084e+02 4.472918e+05
1.610737e+02 4.162482e+05
1.643024e+02 3.870350e+05
1.675958e+02 3.591564e+05
1.709552e+02 3.323242e+05
1.743820e+02 3.080713e+05
1.778775e+02 2.858449e+05
1.814430e+02 2.654305e+05
1.850801e+02 2.462366e+05
1.887900e+02 2.284082e+05
1.925743e+02 2.123739e+05
1.964344e+02 1.969613e+05
2.003719e+02 1.824535e+05
2.043883e+02 1.693760e+05
2.084853e+02 1.575111e+05
2.126644e+02 1.464775e+05
2.169272e+02 1.361192e+05
2.212755e+02 1.264516e+05
2.257109e+02 1.174965e+05
2.302353e+02 1.092004e+05
2.348503e+02 1.012426e+05
2.395579e+02 9.392115e+04
2.443598e+02 8.698941e+04
2.492580e+02 8.081018e+04
2.542544e+02 7.503206e+04
2.593509e+02 6.955511e+04
2.645495e+02 6.461510e+04
2.698524e+02 5.989594e+04
2.752616e+02 5.549797e+04
2.807792e+02 5.138466e+04
2.864074e+02 4.769933e+04
2.921484e+02 4.434490e+04
2.980045e+02 4.123763e+04
3.039780e+02 3.837939e+04
3.100712e+02 3.567985e+04
3.162865e+02 3.310712e+04
3.226265e+02 3.078895e+04
3.290935e+02 2.871030e+04
3.356901e+02 2.674659e+04
3.424190e+02 2.489008e+04
3.492828e+02 2.313025e+04
3.562841e+02 2.148976e+04
3.634258e+02 1.996552e+04
3.707107e+02 1.854929e+04
3.781415e+02 1.723344e+04
3.857213e+02 1.601134e+04
3.934531e+02 1.489427e+04
4.013398e+02 1.383530e+04
4.093847e+02 1.287797e+04
4.175907e+02 1.200083e+04
4.259613e+02 1.118350e+04
4.344997e+02 1.042427e+04
4.432092e+02 9.712834e+03
4.520933e+02 9.040545e+03
4.611555e+02 8.411355e+03
4.703993e+02 7.818182e+03
4.798284e+02 7.261784e+03
4.894465e+02 6.743886e+03
4.992574e+02 6.262853e+03
5.092650e+02 5.835869e+03
5.194732e+02 5.439969e+03
5.298860e+02 5.070887e+03
5.405075e+02 4.711963e+03
5.513420e+02 4.371347e+03
5.623936e+02 4.045482e+03
5.736667e+02 3.743570e+03
5.851658e+02 3.463872e+03
5.968954e+02 3.212570e+03
6.088601e+02 2.983967e+03
6.210647e+02 2.773469e+03
6.335139e+02 2.578190e+03
6.462126e+02 2.396600e+03
6.591659e+02 2.227742e+03
6.723788e+02 2.070726e+03
6.858566e+02 1.924726e+03
6.996046e+02 1.788970e+03
7.136281e+02 1.660994e+03
7.279327e+02 1.540558e+03
7.425240e+02 1.428808e+03
7.574079e+02 1.325120e+03
7.725901e+02 1.230245e+03
7.880766e+02 1.142659e+03
8.038735e+02 1.061305e+03
8.199871e+02 9.857411e+02
8.364237e+02 9.155545e+02
8.531897e+02 8.519261e+02
8.702918e+02 7.928362e+02
8.877368e+02 7.378534e+02
9.055314e+02 6.866916e+02
9.236827e+02 6.390849e+02
9.421978e+02 5.935930e+02
9.610841e+02 5.512548e+02
9.803490e+02 5.119291e+02
1.000000e+03 4.754019e+02
