# The file is organized in blocks of mission lengths.
# First column is probability of exceeding.
# Number of channels
  11
# Mission lengths (yr)
  0.71,  0.71
# Number of probabilities
  53
# Table or response function
SEPEM H RDS v2.01
# Channel labels (tabulated value can be integrated over time) and units
5.00-  7.23 MeV Proton Flux
cm^-2 sr^-1 MeV^-1
7.23- 10.46 MeV Proton Flux
cm^-2 sr^-1 MeV^-1
10.46- 15.12 MeV Proton Flux
cm^-2 sr^-1 MeV^-1
15.12- 21.87 MeV Proton Flux
cm^-2 sr^-1 MeV^-1
21.87- 31.62 MeV Proton Flux
cm^-2 sr^-1 MeV^-1
31.62- 45.73 MeV Proton Flux
cm^-2 sr^-1 MeV^-1
45.73- 66.13 MeV Proton Flux
cm^-2 sr^-1 MeV^-1
66.13- 95.64 MeV Proton Flux
cm^-2 sr^-1 MeV^-1
95.64-138.3  MeV Proton Flux
cm^-2 sr^-1 MeV^-1
138.3 -200.0  MeV Proton Flux
cm^-2 sr^-1 MeV^-1
200.0 -289.2  MeV Proton Flux
cm^-2 sr^-1 MeV^-1
# Mission length:  0.71 year(s)
 0.500   3.63E+07   1.41E+07   5.62E+06   1.82E+06   5.20E+05   1.63E+05   4.23E+04   6.44E+03   0.00E+00   0.00E+00   0.00E+00
 0.480   4.09E+07   1.62E+07   6.58E+06   2.16E+06   6.19E+05   2.01E+05   5.45E+04   8.62E+03   0.00E+00   0.00E+00   0.00E+00
 0.460   4.59E+07   1.86E+07   7.67E+06   2.55E+06   7.34E+05   2.47E+05   6.91E+04   1.15E+04   0.00E+00   0.00E+00   0.00E+00
 0.440   5.13E+07   2.11E+07   8.88E+06   3.02E+06   8.80E+05   3.01E+05   8.80E+04   1.51E+04   0.00E+00   0.00E+00   0.00E+00
 0.420   5.73E+07   2.39E+07   1.03E+07   3.56E+06   1.05E+06   3.66E+05   1.11E+05   1.96E+04   0.00E+00   0.00E+00   0.00E+00
 0.400   6.39E+07   2.72E+07   1.18E+07   4.18E+06   1.25E+06   4.43E+05   1.38E+05   2.52E+04   0.00E+00   0.00E+00   0.00E+00
 0.380   7.12E+07   3.07E+07   1.35E+07   4.88E+06   1.47E+06   5.32E+05   1.71E+05   3.21E+04   0.00E+00   0.00E+00   0.00E+00
 0.360   7.87E+07   3.46E+07   1.54E+07   5.72E+06   1.75E+06   6.43E+05   2.10E+05   4.03E+04   0.00E+00   0.00E+00   0.00E+00
 0.340   8.71E+07   3.89E+07   1.76E+07   6.67E+06   2.06E+06   7.73E+05   2.56E+05   5.03E+04   0.00E+00   0.00E+00   0.00E+00
 0.320   9.64E+07   4.36E+07   1.99E+07   7.72E+06   2.44E+06   9.24E+05   3.10E+05   6.19E+04   0.00E+00   0.00E+00   0.00E+00
 0.300   1.06E+08   4.86E+07   2.25E+07   8.97E+06   2.89E+06   1.10E+06   3.71E+05   7.55E+04   0.00E+00   0.00E+00   0.00E+00
 0.290   1.12E+08   5.11E+07   2.39E+07   9.63E+06   3.14E+06   1.20E+06   4.05E+05   8.35E+04   0.00E+00   0.00E+00   0.00E+00
 0.280   1.17E+08   5.40E+07   2.55E+07   1.03E+07   3.40E+06   1.30E+06   4.42E+05   9.12E+04   0.00E+00   0.00E+00   0.00E+00
 0.270   1.23E+08   5.70E+07   2.70E+07   1.11E+07   3.68E+06   1.42E+06   4.82E+05   9.99E+04   0.00E+00   0.00E+00   0.00E+00
 0.260   1.29E+08   6.02E+07   2.86E+07   1.19E+07   3.98E+06   1.55E+06   5.25E+05   1.09E+05   0.00E+00   0.00E+00   0.00E+00
 0.250   1.35E+08   6.37E+07   3.03E+07   1.28E+07   4.29E+06   1.67E+06   5.69E+05   1.19E+05   0.00E+00   0.00E+00   0.00E+00
 0.240   1.42E+08   6.72E+07   3.21E+07   1.36E+07   4.66E+06   1.82E+06   6.16E+05   1.29E+05   0.00E+00   0.00E+00   0.00E+00
 0.230   1.49E+08   7.09E+07   3.39E+07   1.46E+07   5.03E+06   1.96E+06   6.67E+05   1.39E+05   0.00E+00   0.00E+00   0.00E+00
 0.220   1.56E+08   7.48E+07   3.61E+07   1.57E+07   5.42E+06   2.14E+06   7.19E+05   1.50E+05   0.00E+00   0.00E+00   0.00E+00
 0.210   1.63E+08   7.92E+07   3.82E+07   1.67E+07   5.88E+06   2.32E+06   7.77E+05   1.61E+05   0.00E+00   0.00E+00   0.00E+00
 0.200   1.71E+08   8.35E+07   4.04E+07   1.78E+07   6.34E+06   2.51E+06   8.41E+05   1.73E+05   0.00E+00   0.00E+00   0.00E+00
 0.190   1.80E+08   8.80E+07   4.29E+07   1.91E+07   6.85E+06   2.74E+06   9.09E+05   1.88E+05   0.00E+00   0.00E+00   0.00E+00
 0.180   1.90E+08   9.29E+07   4.55E+07   2.04E+07   7.41E+06   2.96E+06   9.84E+05   2.03E+05   0.00E+00   0.00E+00   0.00E+00
 0.170   2.00E+08   9.81E+07   4.83E+07   2.19E+07   8.01E+06   3.21E+06   1.07E+06   2.19E+05   0.00E+00   0.00E+00   0.00E+00
 0.160   2.10E+08   1.04E+08   5.14E+07   2.34E+07   8.65E+06   3.47E+06   1.15E+06   2.37E+05   0.00E+00   0.00E+00   0.00E+00
 0.150   2.22E+08   1.10E+08   5.48E+07   2.52E+07   9.37E+06   3.76E+06   1.24E+06   2.56E+05   0.00E+00   0.00E+00   0.00E+00
 0.140   2.34E+08   1.16E+08   5.83E+07   2.71E+07   1.01E+07   4.08E+06   1.34E+06   2.75E+05   0.00E+00   0.00E+00   0.00E+00
 0.130   2.48E+08   1.23E+08   6.20E+07   2.89E+07   1.10E+07   4.42E+06   1.44E+06   2.97E+05   0.00E+00   0.00E+00   0.00E+00
 0.120   2.61E+08   1.31E+08   6.61E+07   3.13E+07   1.19E+07   4.79E+06   1.55E+06   3.20E+05   0.00E+00   0.00E+00   0.00E+00
 0.110   2.76E+08   1.39E+08   7.03E+07   3.37E+07   1.29E+07   5.20E+06   1.67E+06   3.45E+05   0.00E+00   0.00E+00   0.00E+00
 0.100   2.93E+08   1.48E+08   7.49E+07   3.64E+07   1.41E+07   5.65E+06   1.82E+06   3.74E+05   0.00E+00   0.00E+00   0.00E+00
 0.090   3.12E+08   1.58E+08   8.04E+07   3.95E+07   1.54E+07   6.16E+06   1.97E+06   4.06E+05   0.00E+00   0.00E+00   0.00E+00
 0.080   3.33E+08   1.69E+08   8.65E+07   4.29E+07   1.69E+07   6.72E+06   2.14E+06   4.40E+05   0.00E+00   0.00E+00   0.00E+00
 0.070   3.57E+08   1.82E+08   9.33E+07   4.66E+07   1.86E+07   7.37E+06   2.34E+06   4.81E+05   0.00E+00   0.00E+00   0.00E+00
 0.060   3.84E+08   1.96E+08   1.01E+08   5.11E+07   2.05E+07   8.16E+06   2.58E+06   5.31E+05   0.00E+00   0.00E+00   0.00E+00
 0.050   4.17E+08   2.14E+08   1.11E+08   5.63E+07   2.29E+07   9.03E+06   2.85E+06   5.86E+05   0.00E+00   0.00E+00   0.00E+00
 0.045   4.36E+08   2.25E+08   1.17E+08   5.94E+07   2.45E+07   9.57E+06   3.00E+06   6.19E+05   0.00E+00   0.00E+00   0.00E+00
 0.040   4.57E+08   2.36E+08   1.23E+08   6.28E+07   2.60E+07   1.01E+07   3.17E+06   6.53E+05   0.00E+00   0.00E+00   0.00E+00
 0.035   4.82E+08   2.49E+08   1.30E+08   6.69E+07   2.79E+07   1.08E+07   3.37E+06   6.94E+05   0.00E+00   0.00E+00   0.00E+00
 0.030   5.09E+08   2.64E+08   1.38E+08   7.15E+07   3.00E+07   1.16E+07   3.60E+06   7.38E+05   0.00E+00   0.00E+00   0.00E+00
 0.025   5.44E+08   2.81E+08   1.47E+08   7.67E+07   3.23E+07   1.25E+07   3.88E+06   7.92E+05   0.00E+00   0.00E+00   0.00E+00
 0.020   5.86E+08   3.03E+08   1.60E+08   8.33E+07   3.56E+07   1.37E+07   4.23E+06   8.65E+05   0.00E+00   0.00E+00   0.00E+00
 0.015   6.39E+08   3.33E+08   1.77E+08   9.20E+07   3.98E+07   1.53E+07   4.70E+06   9.56E+05   0.00E+00   0.00E+00   0.00E+00
 0.010   7.12E+08   3.71E+08   1.99E+08   1.05E+08   4.52E+07   1.75E+07   5.32E+06   1.08E+06   0.00E+00   0.00E+00   0.00E+00
 0.009   7.29E+08   3.80E+08   2.05E+08   1.08E+08   4.66E+07   1.79E+07   5.49E+06   1.11E+06   0.00E+00   0.00E+00   0.00E+00
 0.008   7.51E+08   3.93E+08   2.11E+08   1.12E+08   4.82E+07   1.85E+07   5.65E+06   1.14E+06   0.00E+00   0.00E+00   0.00E+00
 0.007   7.76E+08   4.06E+08   2.17E+08   1.16E+08   4.97E+07   1.93E+07   5.88E+06   1.19E+06   0.00E+00   0.00E+00   0.00E+00
 0.006   8.07E+08   4.20E+08   2.26E+08   1.21E+08   5.16E+07   2.00E+07   6.13E+06   1.23E+06   0.00E+00   0.00E+00   0.00E+00
 0.005   8.41E+08   4.38E+08   2.34E+08   1.26E+08   5.39E+07   2.10E+07   6.37E+06   1.30E+06   0.00E+00   0.00E+00   0.00E+00
 0.004   8.80E+08   4.56E+08   2.46E+08   1.32E+08   5.64E+07   2.23E+07   6.69E+06   1.37E+06   0.00E+00   0.00E+00   0.00E+00
 0.003   9.32E+08   4.83E+08   2.60E+08   1.40E+08   6.04E+07   2.38E+07   7.23E+06   1.46E+06   0.00E+00   0.00E+00   0.00E+00
 0.002   1.01E+09   5.17E+08   2.86E+08   1.53E+08   6.61E+07   2.59E+07   7.74E+06   1.58E+06   0.00E+00   0.00E+00   0.00E+00
 0.001   1.17E+09   5.81E+08   3.23E+08   1.72E+08   7.74E+07   2.95E+07   8.93E+06   1.82E+06   0.00E+00   0.00E+00   0.00E+00
# Mission length:  0.71 year(s)
 0.500   3.63E+07   1.41E+07   5.62E+06   1.82E+06   5.20E+05   1.63E+05   4.23E+04   6.44E+03   0.00E+00   0.00E+00   0.00E+00
 0.480   4.09E+07   1.62E+07   6.58E+06   2.16E+06   6.19E+05   2.01E+05   5.45E+04   8.62E+03   0.00E+00   0.00E+00   0.00E+00
 0.460   4.59E+07   1.86E+07   7.67E+06   2.55E+06   7.34E+05   2.47E+05   6.91E+04   1.15E+04   0.00E+00   0.00E+00   0.00E+00
 0.440   5.13E+07   2.11E+07   8.88E+06   3.02E+06   8.80E+05   3.01E+05   8.80E+04   1.51E+04   0.00E+00   0.00E+00   0.00E+00
 0.420   5.73E+07   2.39E+07   1.03E+07   3.56E+06   1.05E+06   3.66E+05   1.11E+05   1.96E+04   0.00E+00   0.00E+00   0.00E+00
 0.400   6.39E+07   2.72E+07   1.18E+07   4.18E+06   1.25E+06   4.43E+05   1.38E+05   2.52E+04   0.00E+00   0.00E+00   0.00E+00
 0.380   7.12E+07   3.07E+07   1.35E+07   4.88E+06   1.47E+06   5.32E+05   1.71E+05   3.21E+04   0.00E+00   0.00E+00   0.00E+00
 0.360   7.87E+07   3.46E+07   1.54E+07   5.72E+06   1.75E+06   6.43E+05   2.10E+05   4.03E+04   0.00E+00   0.00E+00   0.00E+00
 0.340   8.71E+07   3.89E+07   1.76E+07   6.67E+06   2.06E+06   7.73E+05   2.56E+05   5.03E+04   0.00E+00   0.00E+00   0.00E+00
 0.320   9.64E+07   4.36E+07   1.99E+07   7.72E+06   2.44E+06   9.24E+05   3.10E+05   6.19E+04   0.00E+00   0.00E+00   0.00E+00
 0.300   1.06E+08   4.86E+07   2.25E+07   8.97E+06   2.89E+06   1.10E+06   3.71E+05   7.55E+04   0.00E+00   0.00E+00   0.00E+00
 0.290   1.12E+08   5.11E+07   2.39E+07   9.63E+06   3.14E+06   1.20E+06   4.05E+05   8.35E+04   0.00E+00   0.00E+00   0.00E+00
 0.280   1.17E+08   5.40E+07   2.55E+07   1.03E+07   3.40E+06   1.30E+06   4.42E+05   9.12E+04   0.00E+00   0.00E+00   0.00E+00
 0.270   1.23E+08   5.70E+07   2.70E+07   1.11E+07   3.68E+06   1.42E+06   4.82E+05   9.99E+04   0.00E+00   0.00E+00   0.00E+00
 0.260   1.29E+08   6.02E+07   2.86E+07   1.19E+07   3.98E+06   1.55E+06   5.25E+05   1.09E+05   0.00E+00   0.00E+00   0.00E+00
 0.250   1.35E+08   6.37E+07   3.03E+07   1.28E+07   4.29E+06   1.67E+06   5.69E+05   1.19E+05   0.00E+00   0.00E+00   0.00E+00
 0.240   1.42E+08   6.72E+07   3.21E+07   1.36E+07   4.66E+06   1.82E+06   6.16E+05   1.29E+05   0.00E+00   0.00E+00   0.00E+00
 0.230   1.49E+08   7.09E+07   3.39E+07   1.46E+07   5.03E+06   1.96E+06   6.67E+05   1.39E+05   0.00E+00   0.00E+00   0.00E+00
 0.220   1.56E+08   7.48E+07   3.61E+07   1.57E+07   5.42E+06   2.14E+06   7.19E+05   1.50E+05   0.00E+00   0.00E+00   0.00E+00
 0.210   1.63E+08   7.92E+07   3.82E+07   1.67E+07   5.88E+06   2.32E+06   7.77E+05   1.61E+05   0.00E+00   0.00E+00   0.00E+00
 0.200   1.71E+08   8.35E+07   4.04E+07   1.78E+07   6.34E+06   2.51E+06   8.41E+05   1.73E+05   0.00E+00   0.00E+00   0.00E+00
 0.190   1.80E+08   8.80E+07   4.29E+07   1.91E+07   6.85E+06   2.74E+06   9.09E+05   1.88E+05   0.00E+00   0.00E+00   0.00E+00
 0.180   1.90E+08   9.29E+07   4.55E+07   2.04E+07   7.41E+06   2.96E+06   9.84E+05   2.03E+05   0.00E+00   0.00E+00   0.00E+00
 0.170   2.00E+08   9.81E+07   4.83E+07   2.19E+07   8.01E+06   3.21E+06   1.07E+06   2.19E+05   0.00E+00   0.00E+00   0.00E+00
 0.160   2.10E+08   1.04E+08   5.14E+07   2.34E+07   8.65E+06   3.47E+06   1.15E+06   2.37E+05   0.00E+00   0.00E+00   0.00E+00
 0.150   2.22E+08   1.10E+08   5.48E+07   2.52E+07   9.37E+06   3.76E+06   1.24E+06   2.56E+05   0.00E+00   0.00E+00   0.00E+00
 0.140   2.34E+08   1.16E+08   5.83E+07   2.71E+07   1.01E+07   4.08E+06   1.34E+06   2.75E+05   0.00E+00   0.00E+00   0.00E+00
 0.130   2.48E+08   1.23E+08   6.20E+07   2.89E+07   1.10E+07   4.42E+06   1.44E+06   2.97E+05   0.00E+00   0.00E+00   0.00E+00
 0.120   2.61E+08   1.31E+08   6.61E+07   3.13E+07   1.19E+07   4.79E+06   1.55E+06   3.20E+05   0.00E+00   0.00E+00   0.00E+00
 0.110   2.76E+08   1.39E+08   7.03E+07   3.37E+07   1.29E+07   5.20E+06   1.67E+06   3.45E+05   0.00E+00   0.00E+00   0.00E+00
 0.100   2.93E+08   1.48E+08   7.49E+07   3.64E+07   1.41E+07   5.65E+06   1.82E+06   3.74E+05   0.00E+00   0.00E+00   0.00E+00
 0.090   3.12E+08   1.58E+08   8.04E+07   3.95E+07   1.54E+07   6.16E+06   1.97E+06   4.06E+05   0.00E+00   0.00E+00   0.00E+00
 0.080   3.33E+08   1.69E+08   8.65E+07   4.29E+07   1.69E+07   6.72E+06   2.14E+06   4.40E+05   0.00E+00   0.00E+00   0.00E+00
 0.070   3.57E+08   1.82E+08   9.33E+07   4.66E+07   1.86E+07   7.37E+06   2.34E+06   4.81E+05   0.00E+00   0.00E+00   0.00E+00
 0.060   3.84E+08   1.96E+08   1.01E+08   5.11E+07   2.05E+07   8.16E+06   2.58E+06   5.31E+05   0.00E+00   0.00E+00   0.00E+00
 0.050   4.17E+08   2.14E+08   1.11E+08   5.63E+07   2.29E+07   9.03E+06   2.85E+06   5.86E+05   0.00E+00   0.00E+00   0.00E+00
 0.045   4.36E+08   2.25E+08   1.17E+08   5.94E+07   2.45E+07   9.57E+06   3.00E+06   6.19E+05   0.00E+00   0.00E+00   0.00E+00
 0.040   4.57E+08   2.36E+08   1.23E+08   6.28E+07   2.60E+07   1.01E+07   3.17E+06   6.53E+05   0.00E+00   0.00E+00   0.00E+00
 0.035   4.82E+08   2.49E+08   1.30E+08   6.69E+07   2.79E+07   1.08E+07   3.37E+06   6.94E+05   0.00E+00   0.00E+00   0.00E+00
 0.030   5.09E+08   2.64E+08   1.38E+08   7.15E+07   3.00E+07   1.16E+07   3.60E+06   7.38E+05   0.00E+00   0.00E+00   0.00E+00
 0.025   5.44E+08   2.81E+08   1.47E+08   7.67E+07   3.23E+07   1.25E+07   3.88E+06   7.92E+05   0.00E+00   0.00E+00   0.00E+00
 0.020   5.86E+08   3.03E+08   1.60E+08   8.33E+07   3.56E+07   1.37E+07   4.23E+06   8.65E+05   0.00E+00   0.00E+00   0.00E+00
 0.015   6.39E+08   3.33E+08   1.77E+08   9.20E+07   3.98E+07   1.53E+07   4.70E+06   9.56E+05   0.00E+00   0.00E+00   0.00E+00
 0.010   7.12E+08   3.71E+08   1.99E+08   1.05E+08   4.52E+07   1.75E+07   5.32E+06   1.08E+06   0.00E+00   0.00E+00   0.00E+00
 0.009   7.29E+08   3.80E+08   2.05E+08   1.08E+08   4.66E+07   1.79E+07   5.49E+06   1.11E+06   0.00E+00   0.00E+00   0.00E+00
 0.008   7.51E+08   3.93E+08   2.11E+08   1.12E+08   4.82E+07   1.85E+07   5.65E+06   1.14E+06   0.00E+00   0.00E+00   0.00E+00
 0.007   7.76E+08   4.06E+08   2.17E+08   1.16E+08   4.97E+07   1.93E+07   5.88E+06   1.19E+06   0.00E+00   0.00E+00   0.00E+00
 0.006   8.07E+08   4.20E+08   2.26E+08   1.21E+08   5.16E+07   2.00E+07   6.13E+06   1.23E+06   0.00E+00   0.00E+00   0.00E+00
 0.005   8.41E+08   4.38E+08   2.34E+08   1.26E+08   5.39E+07   2.10E+07   6.37E+06   1.30E+06   0.00E+00   0.00E+00   0.00E+00
 0.004   8.80E+08   4.56E+08   2.46E+08   1.32E+08   5.64E+07   2.23E+07   6.69E+06   1.37E+06   0.00E+00   0.00E+00   0.00E+00
 0.003   9.32E+08   4.83E+08   2.60E+08   1.40E+08   6.04E+07   2.38E+07   7.23E+06   1.46E+06   0.00E+00   0.00E+00   0.00E+00
 0.002   1.01E+09   5.17E+08   2.86E+08   1.53E+08   6.61E+07   2.59E+07   7.74E+06   1.58E+06   0.00E+00   0.00E+00   0.00E+00
 0.001   1.17E+09   5.81E+08   3.23E+08   1.72E+08   7.74E+07   2.95E+07   8.93E+06   1.82E+06   0.00E+00   0.00E+00   0.00E+00
