# Energy(MeV) Phi16_Spherical Phi84_Spherical
5.000000e-02 5.000042e+11 6.643475e+11
5.083354e-02 4.897348e+11 6.496129e+11
5.168098e-02 4.792206e+11 6.353037e+11
5.254254e-02 4.692947e+11 6.212254e+11
5.341847e-02 4.593874e+11 6.078930e+11
5.430899e-02 4.496500e+11 5.946449e+11
5.521437e-02 4.401188e+11 5.814154e+11
5.613484e-02 4.309627e+11 5.684099e+11
5.707065e-02 4.220009e+11 5.555490e+11
5.802206e-02 4.132888e+11 5.432432e+11
5.898934e-02 4.047659e+11 5.312417e+11
5.997274e-02 3.963807e+11 5.194580e+11
6.097253e-02 3.881690e+11 5.080435e+11
6.198899e-02 3.800331e+11 4.969639e+11
6.302240e-02 3.719950e+11 4.860688e+11
6.407303e-02 3.641725e+11 4.753612e+11
6.514118e-02 3.566302e+11 4.648793e+11
6.622713e-02 3.490957e+11 4.546912e+11
6.733119e-02 3.417350e+11 4.446875e+11
6.845366e-02 3.347095e+11 4.348997e+11
6.959484e-02 3.277385e+11 4.253193e+11
7.075504e-02 3.210867e+11 4.159580e+11
7.193458e-02 3.145222e+11 4.068222e+11
7.313379e-02 3.081335e+11 3.978013e+11
7.435299e-02 3.018920e+11 3.890316e+11
7.559251e-02 2.957358e+11 3.804853e+11
7.685270e-02 2.897673e+11 3.721117e+11
7.813389e-02 2.838683e+11 3.637587e+11
7.943645e-02 2.780891e+11 3.556856e+11
8.076072e-02 2.724272e+11 3.476144e+11
8.210706e-02 2.668122e+11 3.400997e+11
8.347585e-02 2.611328e+11 3.328367e+11
8.486746e-02 2.555570e+11 3.255374e+11
8.628227e-02 2.501665e+11 3.183872e+11
8.772067e-02 2.448683e+11 3.113788e+11
8.918304e-02 2.396026e+11 3.045244e+11
9.066979e-02 2.344339e+11 2.978206e+11
9.218133e-02 2.293964e+11 2.913340e+11
9.371807e-02 2.245689e+11 2.849351e+11
9.528042e-02 2.198603e+11 2.787163e+11
9.686882e-02 2.152381e+11 2.726616e+11
9.848370e-02 2.107174e+11 2.666134e+11
1.001255e-01 2.062587e+11 2.606650e+11
1.017947e-01 2.020220e+11 2.548738e+11
1.034917e-01 1.977040e+11 2.493825e+11
1.052170e-01 1.935386e+11 2.438863e+11
1.069710e-01 1.894915e+11 2.385948e+11
1.087543e-01 1.854009e+11 2.333741e+11
1.105673e-01 1.814700e+11 2.282770e+11
1.124106e-01 1.777214e+11 2.232515e+11
1.142846e-01 1.740559e+11 2.183461e+11
1.161898e-01 1.704448e+11 2.135423e+11
1.181267e-01 1.668459e+11 2.087300e+11
1.200960e-01 1.632305e+11 2.041565e+11
1.220981e-01 1.597447e+11 1.996829e+11
1.241336e-01 1.564018e+11 1.953141e+11
1.262030e-01 1.531009e+11 1.910920e+11
1.283069e-01 1.498742e+11 1.870182e+11
1.304459e-01 1.467623e+11 1.829336e+11
1.326205e-01 1.437148e+11 1.789348e+11
1.348314e-01 1.407302e+11 1.750917e+11
1.370791e-01 1.377563e+11 1.713092e+11
1.393644e-01 1.347957e+11 1.675713e+11
1.416877e-01 1.319155e+11 1.639038e+11
1.440497e-01 1.290134e+11 1.603178e+11
1.464512e-01 1.263642e+11 1.568318e+11
1.488926e-01 1.238578e+11 1.533930e+11
1.513748e-01 1.213373e+11 1.500510e+11
1.538983e-01 1.188641e+11 1.467453e+11
1.564639e-01 1.163451e+11 1.435202e+11
1.590723e-01 1.139330e+11 1.403964e+11
1.617242e-01 1.115435e+11 1.373773e+11
1.644202e-01 1.091852e+11 1.343535e+11
1.671612e-01 1.068794e+11 1.313927e+11
1.699480e-01 1.045390e+11 1.285024e+11
1.727811e-01 1.023443e+11 1.256929e+11
1.756615e-01 1.002131e+11 1.229421e+11
1.785899e-01 9.809028e+10 1.202769e+11
1.815672e-01 9.605398e+10 1.176191e+11
1.845941e-01 9.399209e+10 1.150194e+11
1.876714e-01 9.194258e+10 1.123864e+11
1.908000e-01 8.998931e+10 1.099503e+11
1.939808e-01 8.808724e+10 1.075215e+11
1.972146e-01 8.622588e+10 1.051929e+11
2.005023e-01 8.443525e+10 1.028990e+11
2.038449e-01 8.267061e+10 1.006460e+11
2.072431e-01 8.091442e+10 9.845972e+10
2.106980e-01 7.920605e+10 9.634302e+10
2.142105e-01 7.758431e+10 9.415856e+10
2.177816e-01 7.596652e+10 9.202002e+10
2.214122e-01 7.437985e+10 9.000623e+10
2.251033e-01 7.282459e+10 8.810188e+10
2.288560e-01 7.129400e+10 8.622231e+10
2.326712e-01 6.977350e+10 8.424056e+10
2.365500e-01 6.827216e+10 8.231723e+10
2.404935e-01 6.686544e+10 8.048359e+10
2.445027e-01 6.545641e+10 7.871429e+10
2.485788e-01 6.408238e+10 7.701037e+10
2.527228e-01 6.277353e+10 7.534405e+10
2.569359e-01 6.146669e+10 7.370362e+10
2.612192e-01 6.016716e+10 7.208441e+10
2.655739e-01 5.890728e+10 7.053050e+10
2.700012e-01 5.766795e+10 6.899554e+10
2.745024e-01 5.645244e+10 6.747494e+10
2.790786e-01 5.524820e+10 6.602984e+10
2.837310e-01 5.407050e+10 6.459552e+10
2.884610e-01 5.293115e+10 6.317367e+10
2.932699e-01 5.179737e+10 6.181715e+10
2.981590e-01 5.068421e+10 6.046557e+10
3.031295e-01 4.957973e+10 5.914271e+10
3.081829e-01 4.853788e+10 5.785615e+10
3.133206e-01 4.748107e+10 5.657082e+10
3.185439e-01 4.647891e+10 5.532426e+10
3.238543e-01 4.549439e+10 5.412293e+10
3.292532e-01 4.451119e+10 5.292493e+10
3.347421e-01 4.357181e+10 5.176561e+10
3.403225e-01 4.263578e+10 5.065658e+10
3.459960e-01 4.173899e+10 4.949482e+10
3.517640e-01 4.080997e+10 4.841137e+10
3.576282e-01 3.992551e+10 4.734836e+10
3.635901e-01 3.906247e+10 4.630354e+10
3.696515e-01 3.821248e+10 4.528100e+10
3.758138e-01 3.738842e+10 4.429281e+10
3.820790e-01 3.657248e+10 4.329787e+10
3.884485e-01 3.579255e+10 4.235339e+10
3.949243e-01 3.505374e+10 4.142028e+10
4.015080e-01 3.430431e+10 4.051228e+10
4.082014e-01 3.357003e+10 3.963155e+10
4.150065e-01 3.283955e+10 3.876845e+10
4.219250e-01 3.212390e+10 3.792394e+10
4.289588e-01 3.143787e+10 3.710462e+10
4.361099e-01 3.076651e+10 3.630060e+10
4.433802e-01 3.010882e+10 3.551420e+10
4.507717e-01 2.946199e+10 3.472419e+10
4.582864e-01 2.883385e+10 3.396964e+10
4.659264e-01 2.822514e+10 3.320951e+10
4.736938e-01 2.762673e+10 3.248350e+10
4.815906e-01 2.703341e+10 3.178505e+10
4.896191e-01 2.645937e+10 3.108014e+10
4.977815e-01 2.589747e+10 3.040660e+10
5.060799e-01 2.534622e+10 2.974877e+10
5.145167e-01 2.479983e+10 2.909544e+10
5.230941e-01 2.426996e+10 2.846196e+10
5.318145e-01 2.374890e+10 2.784263e+10
5.406802e-01 2.323240e+10 2.723013e+10
5.496938e-01 2.271937e+10 2.662496e+10
5.588576e-01 2.221004e+10 2.603622e+10
5.681742e-01 2.172357e+10 2.546431e+10
5.776462e-01 2.124043e+10 2.489824e+10
5.872760e-01 2.076681e+10 2.433537e+10
5.970663e-01 2.033171e+10 2.379365e+10
6.070199e-01 1.990907e+10 2.326206e+10
6.171394e-01 1.946993e+10 2.275552e+10
6.274276e-01 1.907040e+10 2.226239e+10
6.378874e-01 1.866457e+10 2.177385e+10
6.485214e-01 1.825847e+10 2.129833e+10
6.593328e-01 1.786002e+10 2.083923e+10
6.703244e-01 1.746752e+10 2.039479e+10
6.814993e-01 1.708211e+10 1.996166e+10
6.928604e-01 1.671777e+10 1.952374e+10
7.044109e-01 1.635170e+10 1.909625e+10
7.161540e-01 1.599881e+10 1.867662e+10
7.280929e-01 1.564356e+10 1.827715e+10
7.402308e-01 1.529055e+10 1.786713e+10
7.525710e-01 1.495669e+10 1.748344e+10
7.651170e-01 1.463283e+10 1.710245e+10
7.778721e-01 1.431428e+10 1.672497e+10
7.908399e-01 1.399215e+10 1.635649e+10
8.040238e-01 1.368280e+10 1.599131e+10
8.174275e-01 1.337970e+10 1.564040e+10
8.310547e-01 1.308376e+10 1.529573e+10
8.449090e-01 1.279501e+10 1.495809e+10
8.589943e-01 1.250632e+10 1.463318e+10
8.733145e-01 1.222551e+10 1.431681e+10
8.878733e-01 1.195470e+10 1.400666e+10
9.026749e-01 1.167548e+10 1.370102e+10
9.177232e-01 1.141624e+10 1.339848e+10
9.330224e-01 1.115893e+10 1.310895e+10
9.485766e-01 1.091259e+10 1.281907e+10
9.643901e-01 1.067419e+10 1.253644e+10
9.804673e-01 1.043887e+10 1.226540e+10
9.968125e-01 1.021337e+10 1.200184e+10
1.013430e+00 9.991935e+09 1.173687e+10
1.030325e+00 9.771407e+09 1.147836e+10
1.047501e+00 9.550599e+09 1.122455e+10
1.064964e+00 9.336766e+09 1.097617e+10
1.082718e+00 9.130134e+09 1.073347e+10
1.100767e+00 8.921330e+09 1.049700e+10
1.119118e+00 8.718788e+09 1.026311e+10
1.137775e+00 8.521093e+09 1.003239e+10
1.156742e+00 8.326219e+09 9.809956e+09
1.176026e+00 8.135380e+09 9.592551e+09
1.195631e+00 7.951994e+09 9.379771e+09
1.215564e+00 7.768286e+09 9.172228e+09
1.235828e+00 7.591254e+09 8.968235e+09
1.256430e+00 7.416855e+09 8.769649e+09
1.277376e+00 7.249291e+09 8.578582e+09
1.298671e+00 7.084295e+09 8.387324e+09
1.320321e+00 6.925962e+09 8.204148e+09
1.342331e+00 6.768763e+09 8.023671e+09
1.364709e+00 6.613009e+09 7.840543e+09
1.387460e+00 6.463066e+09 7.659668e+09
1.410590e+00 6.315131e+09 7.486566e+09
1.434106e+00 6.171877e+09 7.319239e+09
1.458013e+00 6.032426e+09 7.154218e+09
1.482320e+00 5.892247e+09 6.997540e+09
1.507031e+00 5.758222e+09 6.839060e+09
1.532155e+00 5.629107e+09 6.683944e+09
1.557697e+00 5.501849e+09 6.538370e+09
1.583665e+00 5.374716e+09 6.395847e+09
1.610066e+00 5.250969e+09 6.254523e+09
1.636907e+00 5.129959e+09 6.115132e+09
1.664195e+00 5.011879e+09 5.974773e+09
1.691939e+00 4.896848e+09 5.836928e+09
1.720145e+00 4.787088e+09 5.704525e+09
1.748821e+00 4.676966e+09 5.576967e+09
1.777975e+00 4.569585e+09 5.450595e+09
1.807616e+00 4.465103e+09 5.329138e+09
1.837750e+00 4.360289e+09 5.208300e+09
1.868387e+00 4.257729e+09 5.088729e+09
1.899534e+00 4.160054e+09 4.974145e+09
1.931201e+00 4.062250e+09 4.862352e+09
1.963396e+00 3.966766e+09 4.750029e+09
1.996127e+00 3.874581e+09 4.641211e+09
2.029404e+00 3.784797e+09 4.536391e+09
2.063236e+00 3.695454e+09 4.432187e+09
2.097632e+00 3.612171e+09 4.328636e+09
2.132601e+00 3.527759e+09 4.232900e+09
2.168153e+00 3.445067e+09 4.138990e+09
2.204298e+00 3.364946e+09 4.043916e+09
2.241045e+00 3.284982e+09 3.950727e+09
2.278405e+00 3.206837e+09 3.860327e+09
2.316388e+00 3.130318e+09 3.772773e+09
2.355004e+00 3.055760e+09 3.685430e+09
2.394264e+00 2.982490e+09 3.603049e+09
2.434178e+00 2.911266e+09 3.520336e+09
2.474758e+00 2.842448e+09 3.436558e+09
2.516014e+00 2.776677e+09 3.356454e+09
2.557958e+00 2.711418e+09 3.276155e+09
2.600601e+00 2.645815e+09 3.199694e+09
2.643956e+00 2.581425e+09 3.125525e+09
2.688032e+00 2.519772e+09 3.052834e+09
2.732844e+00 2.459520e+09 2.981411e+09
2.778403e+00 2.400669e+09 2.910643e+09
2.824721e+00 2.343427e+09 2.840674e+09
2.871811e+00 2.287504e+09 2.774839e+09
2.919687e+00 2.232760e+09 2.708674e+09
2.968360e+00 2.179221e+09 2.643770e+09
3.017845e+00 2.126876e+09 2.581298e+09
3.068155e+00 2.075717e+09 2.519459e+09
3.119304e+00 2.025698e+09 2.458816e+09
3.171305e+00 1.975778e+09 2.399103e+09
3.224173e+00 1.926381e+09 2.341728e+09
3.277923e+00 1.879464e+09 2.285624e+09
3.332568e+00 1.833318e+09 2.231255e+09
3.388125e+00 1.787812e+09 2.177953e+09
3.444608e+00 1.743781e+09 2.124551e+09
3.502032e+00 1.700860e+09 2.074125e+09
3.560414e+00 1.658817e+09 2.024182e+09
3.619769e+00 1.618640e+09 1.973263e+09
3.680113e+00 1.579243e+09 1.923920e+09
3.741463e+00 1.540671e+09 1.877124e+09
3.803837e+00 1.502901e+09 1.831215e+09
3.867250e+00 1.465553e+09 1.786951e+09
3.931720e+00 1.428524e+09 1.743543e+09
3.997265e+00 1.392786e+09 1.700854e+09
4.063902e+00 1.357809e+09 1.658723e+09
4.131651e+00 1.323753e+09 1.617264e+09
4.200529e+00 1.290504e+09 1.576566e+09
4.270555e+00 1.258466e+09 1.536737e+09
4.341748e+00 1.227349e+09 1.498181e+09
4.414129e+00 1.196979e+09 1.461806e+09
4.487716e+00 1.167307e+09 1.426391e+09
4.562530e+00 1.137444e+09 1.391476e+09
4.638591e+00 1.108841e+09 1.357025e+09
4.715920e+00 1.080483e+09 1.323741e+09
4.794538e+00 1.052949e+09 1.290747e+09
4.874467e+00 1.026083e+09 1.257928e+09
4.955728e+00 1.000129e+09 1.226430e+09
5.038344e+00 9.749064e+08 1.194710e+09
5.122337e+00 9.501475e+08 1.164021e+09
5.207731e+00 9.259197e+08 1.134456e+09
5.294548e+00 9.018161e+08 1.104991e+09
5.382812e+00 8.782826e+08 1.076063e+09
5.472548e+00 8.549641e+08 1.048898e+09
5.563780e+00 8.326646e+08 1.022553e+09
5.656532e+00 8.110299e+08 9.966904e+08
5.750831e+00 7.896782e+08 9.712434e+08
5.846702e+00 7.689188e+08 9.459448e+08
5.944171e+00 7.488542e+08 9.212381e+08
6.043265e+00 7.291087e+08 8.973996e+08
6.144012e+00 7.097288e+08 8.738973e+08
6.246437e+00 6.908595e+08 8.510130e+08
6.350570e+00 6.724266e+08 8.282030e+08
6.456439e+00 6.542860e+08 8.060212e+08
6.564073e+00 6.366895e+08 7.840507e+08
6.673502e+00 6.195871e+08 7.627740e+08
6.784754e+00 6.032079e+08 7.419741e+08
6.897862e+00 5.870497e+08 7.220990e+08
7.012854e+00 5.713540e+08 7.018708e+08
7.129764e+00 5.560284e+08 6.825205e+08
7.248623e+00 5.409378e+08 6.636607e+08
7.369464e+00 5.262860e+08 6.455529e+08
7.492318e+00 5.120849e+08 6.276199e+08
7.617221e+00 4.980589e+08 6.104231e+08
7.744207e+00 4.840131e+08 5.936121e+08
7.873309e+00 4.706435e+08 5.770465e+08
8.004563e+00 4.575965e+08 5.604868e+08
8.138006e+00 4.446124e+08 5.448874e+08
8.273673e+00 4.323912e+08 5.297662e+08
8.411601e+00 4.204911e+08 5.150575e+08
8.551830e+00 4.086885e+08 5.005394e+08
8.694395e+00 3.971249e+08 4.865876e+08
8.839338e+00 3.855488e+08 4.725846e+08
8.986697e+00 3.746849e+08 4.588152e+08
9.136512e+00 3.639149e+08 4.456884e+08
9.288825e+00 3.534789e+08 4.326593e+08
9.443677e+00 3.431466e+08 4.199274e+08
9.601111e+00 3.329316e+08 4.074372e+08
9.761169e+00 3.230777e+08 3.953809e+08
9.923896e+00 3.134336e+08 3.834922e+08
1.008933e+01 3.041549e+08 3.719639e+08
1.025753e+01 2.951087e+08 3.605973e+08
1.042853e+01 2.863077e+08 3.494461e+08
1.060239e+01 2.773960e+08 3.386581e+08
1.077914e+01 2.689471e+08 3.283219e+08
1.095883e+01 2.607096e+08 3.183315e+08
1.114153e+01 2.526910e+08 3.087004e+08
1.132726e+01 2.447375e+08 2.991798e+08
1.151610e+01 2.372399e+08 2.897840e+08
1.170808e+01 2.299628e+08 2.807737e+08
1.190326e+01 2.228586e+08 2.719837e+08
1.210170e+01 2.160903e+08 2.633557e+08
1.230345e+01 2.094931e+08 2.551132e+08
1.250855e+01 2.029646e+08 2.473443e+08
1.271708e+01 1.966616e+08 2.395973e+08
1.292909e+01 1.904913e+08 2.319633e+08
1.314462e+01 1.843019e+08 2.243385e+08
1.336375e+01 1.781147e+08 2.172197e+08
1.358654e+01 1.720417e+08 2.099369e+08
1.381304e+01 1.665963e+08 2.031389e+08
1.404331e+01 1.611786e+08 1.963956e+08
1.427743e+01 1.557761e+08 1.898819e+08
1.451544e+01 1.507720e+08 1.834729e+08
1.475743e+01 1.459208e+08 1.772983e+08
1.500344e+01 1.408890e+08 1.713189e+08
1.525356e+01 1.359651e+08 1.656997e+08
1.550785e+01 1.314060e+08 1.600192e+08
1.576638e+01 1.267833e+08 1.544612e+08
1.602922e+01 1.223809e+08 1.492395e+08
1.629644e+01 1.181179e+08 1.441619e+08
1.656811e+01 1.138730e+08 1.392614e+08
1.684432e+01 1.098874e+08 1.343570e+08
1.712513e+01 1.059749e+08 1.295850e+08
1.741061e+01 1.022381e+08 1.249479e+08
1.770086e+01 9.856289e+07 1.204374e+08
1.799595e+01 9.484409e+07 1.160771e+08
1.829596e+01 9.135372e+07 1.118426e+08
1.860097e+01 8.787561e+07 1.078907e+08
1.891106e+01 8.441541e+07 1.039866e+08
1.922632e+01 8.127979e+07 1.001896e+08
1.954684e+01 7.815777e+07 9.642135e+07
1.987270e+01 7.520449e+07 9.277550e+07
2.020400e+01 7.238909e+07 8.931307e+07
2.054081e+01 6.965008e+07 8.596789e+07
2.088324e+01 6.677411e+07 8.264410e+07
2.123138e+01 6.407561e+07 7.941783e+07
2.158533e+01 6.154765e+07 7.632752e+07
2.194517e+01 5.906616e+07 7.336830e+07
2.231102e+01 5.658655e+07 7.041814e+07
2.268296e+01 5.428718e+07 6.761700e+07
2.306110e+01 5.211594e+07 6.499441e+07
2.344555e+01 5.004410e+07 6.246195e+07
2.383641e+01 4.796465e+07 5.997493e+07
2.423378e+01 4.594925e+07 5.754908e+07
2.463777e+01 4.409521e+07 5.519452e+07
2.504851e+01 4.227253e+07 5.292651e+07
2.546608e+01 4.049395e+07 5.076094e+07
2.589062e+01 3.867893e+07 4.862076e+07
2.632224e+01 3.700513e+07 4.653423e+07
2.676105e+01 3.542737e+07 4.456280e+07
2.720718e+01 3.390307e+07 4.265968e+07
2.766075e+01 3.242421e+07 4.083695e+07
2.812188e+01 3.089429e+07 3.906645e+07
2.859069e+01 2.940851e+07 3.737315e+07
2.906732e+01 2.807031e+07 3.574110e+07
2.955189e+01 2.670450e+07 3.416109e+07
3.004455e+01 2.545236e+07 3.266124e+07
3.054541e+01 2.421521e+07 3.119338e+07
3.105463e+01 2.302487e+07 2.978498e+07
3.157234e+01 2.190787e+07 2.844244e+07
3.209867e+01 2.081842e+07 2.713324e+07
3.263378e+01 1.979996e+07 2.588176e+07
3.317781e+01 1.878831e+07 2.469660e+07
3.373092e+01 1.785670e+07 2.351879e+07
3.429324e+01 1.696472e+07 2.241140e+07
3.486493e+01 1.608179e+07 2.134805e+07
3.544616e+01 1.524200e+07 2.033496e+07
3.603708e+01 1.443678e+07 1.934007e+07
3.663784e+01 1.368406e+07 1.840378e+07
3.724862e+01 1.296415e+07 1.752057e+07
3.786959e+01 1.227086e+07 1.664035e+07
3.850090e+01 1.161565e+07 1.581499e+07
3.914275e+01 1.101268e+07 1.502863e+07
3.979529e+01 1.043690e+07 1.427540e+07
4.045871e+01 9.888739e+06 1.352903e+07
4.113318e+01 9.377146e+06 1.284336e+07
4.181891e+01 8.875457e+06 1.216435e+07
4.251606e+01 8.411459e+06 1.153707e+07
4.322484e+01 7.975612e+06 1.092240e+07
4.394543e+01 7.556538e+06 1.036870e+07
4.467804e+01 7.157260e+06 9.833122e+06
4.542286e+01 6.778553e+06 9.306576e+06
4.618009e+01 6.422963e+06 8.805034e+06
4.694995e+01 6.088640e+06 8.336226e+06
4.773264e+01 5.766531e+06 7.887367e+06
4.852839e+01 5.459114e+06 7.463993e+06
4.933739e+01 5.168394e+06 7.052265e+06
5.015989e+01 4.892512e+06 6.667813e+06
5.099609e+01 4.636187e+06 6.304585e+06
5.184624e+01 4.391839e+06 5.953417e+06
5.271056e+01 4.161320e+06 5.624095e+06
5.358928e+01 3.939359e+06 5.308277e+06
5.448266e+01 3.728974e+06 5.008998e+06
5.539093e+01 3.529887e+06 4.728732e+06
5.631434e+01 3.343575e+06 4.465574e+06
5.725315e+01 3.163840e+06 4.220792e+06
5.820760e+01 2.994052e+06 3.987829e+06
5.917797e+01 2.837261e+06 3.770095e+06
6.016451e+01 2.689533e+06 3.561583e+06
6.116750e+01 2.549826e+06 3.367026e+06
6.218721e+01 2.415247e+06 3.182842e+06
6.322392e+01 2.284694e+06 3.009582e+06
6.427792e+01 2.165271e+06 2.846264e+06
6.534948e+01 2.052811e+06 2.691749e+06
6.643891e+01 1.944033e+06 2.541709e+06
6.754650e+01 1.840764e+06 2.401903e+06
6.867256e+01 1.743463e+06 2.269343e+06
6.981738e+01 1.651574e+06 2.142770e+06
7.098129e+01 1.563907e+06 2.024795e+06
7.216461e+01 1.480253e+06 1.913809e+06
7.336765e+01 1.401380e+06 1.807913e+06
7.459075e+01 1.325611e+06 1.707270e+06
7.583423e+01 1.254709e+06 1.611831e+06
7.709845e+01 1.187849e+06 1.523455e+06
7.838375e+01 1.124886e+06 1.439039e+06
7.969047e+01 1.065207e+06 1.359932e+06
8.101897e+01 1.008827e+06 1.285318e+06
8.236962e+01 9.562446e+05 1.215295e+06
8.374279e+01 9.051663e+05 1.148342e+06
8.513885e+01 8.563318e+05 1.085967e+06
8.655818e+01 8.103283e+05 1.025263e+06
8.800117e+01 7.673467e+05 9.698899e+05
8.946822e+01 7.261314e+05 9.177108e+05
9.095973e+01 6.870539e+05 8.666914e+05
9.247610e+01 6.498275e+05 8.187351e+05
9.401775e+01 6.148999e+05 7.740688e+05
9.558510e+01 5.817974e+05 7.314506e+05
9.717858e+01 5.503826e+05 6.911515e+05
9.879863e+01 5.206642e+05 6.528051e+05
1.004457e+02 4.926844e+05 6.167833e+05
1.021202e+02 4.672346e+05 5.822467e+05
1.038226e+02 4.421745e+05 5.502448e+05
1.055534e+02 4.183758e+05 5.202271e+05
1.073131e+02 3.958053e+05 4.921703e+05
1.091021e+02 3.746369e+05 4.653042e+05
1.109209e+02 3.547084e+05 4.400823e+05
1.127700e+02 3.358297e+05 4.159030e+05
1.146500e+02 3.176617e+05 3.931059e+05
1.165613e+02 3.004746e+05 3.717438e+05
1.185045e+02 2.841909e+05 3.514392e+05
1.204800e+02 2.688441e+05 3.321309e+05
1.224885e+02 2.545256e+05 3.143794e+05
1.245305e+02 2.405173e+05 2.969924e+05
1.266066e+02 2.275851e+05 2.806811e+05
1.287172e+02 2.154408e+05 2.652455e+05
1.308630e+02 2.039685e+05 2.507929e+05
1.330446e+02 1.932662e+05 2.371760e+05
1.352626e+02 1.829943e+05 2.242978e+05
1.375175e+02 1.731035e+05 2.119285e+05
1.398100e+02 1.636481e+05 2.002210e+05
1.421408e+02 1.547294e+05 1.891697e+05
1.445104e+02 1.465464e+05 1.788389e+05
1.469195e+02 1.384632e+05 1.694868e+05
1.493687e+02 1.309525e+05 1.602402e+05
1.518588e+02 1.239373e+05 1.516046e+05
1.543904e+02 1.173052e+05 1.436485e+05
1.569642e+02 1.108891e+05 1.360744e+05
1.595810e+02 1.048063e+05 1.288036e+05
1.622413e+02 9.914931e+04 1.217054e+05
1.649460e+02 9.362716e+04 1.151405e+05
1.676958e+02 8.843634e+04 1.089472e+05
1.704914e+02 8.367720e+04 1.030450e+05
1.733336e+02 7.916094e+04 9.749356e+04
1.762232e+02 7.487929e+04 9.230921e+04
1.791610e+02 7.079055e+04 8.726804e+04
1.821478e+02 6.698032e+04 8.241878e+04
1.851843e+02 6.336465e+04 7.794894e+04
1.882715e+02 5.993082e+04 7.371865e+04
1.914101e+02 5.672615e+04 6.963351e+04
1.946011e+02 5.360683e+04 6.577630e+04
1.978453e+02 5.063192e+04 6.223309e+04
2.011435e+02 4.785285e+04 5.890582e+04
2.044967e+02 4.525485e+04 5.574066e+04
2.079058e+02 4.281458e+04 5.272471e+04
2.113718e+02 4.050115e+04 4.987999e+04
2.148955e+02 3.828991e+04 4.722269e+04
2.184780e+02 3.619150e+04 4.467015e+04
2.221202e+02 3.420825e+04 4.228957e+04
2.258231e+02 3.236173e+04 4.001960e+04
2.295878e+02 3.060853e+04 3.785411e+04
2.334152e+02 2.893407e+04 3.584307e+04
2.373064e+02 2.734682e+04 3.391610e+04
2.412625e+02 2.586196e+04 3.209785e+04
2.452846e+02 2.443159e+04 3.039231e+04
2.493736e+02 2.309125e+04 2.877204e+04
2.535309e+02 2.182792e+04 2.722007e+04
2.577575e+02 2.064164e+04 2.575702e+04
2.620545e+02 1.952971e+04 2.438151e+04
2.664231e+02 1.846093e+04 2.306438e+04
2.708646e+02 1.745051e+04 2.181951e+04
2.753802e+02 1.650236e+04 2.063712e+04
2.799710e+02 1.561953e+04 1.951854e+04
2.846383e+02 1.475053e+04 1.847817e+04
2.893835e+02 1.391809e+04 1.749678e+04
2.942077e+02 1.315288e+04 1.655996e+04
2.991124e+02 1.243451e+04 1.565313e+04
3.040988e+02 1.176417e+04 1.480939e+04
3.091684e+02 1.112497e+04 1.401765e+04
3.143225e+02 1.051979e+04 1.327082e+04
3.195625e+02 9.939044e+03 1.256797e+04
3.248899e+02 9.387170e+03 1.189798e+04
3.303060e+02 8.885684e+03 1.126219e+04
3.358125e+02 8.397186e+03 1.067008e+04
3.414108e+02 7.940017e+03 1.011009e+04
3.471024e+02 7.503805e+03 9.575854e+03
3.528888e+02 7.088850e+03 9.063603e+03
3.587718e+02 6.702556e+03 8.576575e+03
3.647528e+02 6.335231e+03 8.119862e+03
3.708335e+02 5.984967e+03 7.683358e+03
3.770156e+02 5.652255e+03 7.272134e+03
3.833007e+02 5.337806e+03 6.879025e+03
3.896907e+02 5.042944e+03 6.515576e+03
3.961871e+02 4.763575e+03 6.175045e+03
4.027919e+02 4.505558e+03 5.840431e+03
4.095068e+02 4.255532e+03 5.530403e+03
4.163336e+02 4.020068e+03 5.236453e+03
4.232742e+02 3.799777e+03 4.963178e+03
4.303305e+02 3.589192e+03 4.698992e+03
4.375044e+02 3.391404e+03 4.449508e+03
4.447980e+02 3.205077e+03 4.212968e+03
4.522131e+02 3.029227e+03 3.989002e+03
4.597519e+02 2.863026e+03 3.776942e+03
4.674163e+02 2.705322e+03 3.572126e+03
4.752085e+02 2.555872e+03 3.383355e+03
4.831306e+02 2.414068e+03 3.205836e+03
4.911848e+02 2.282584e+03 3.035408e+03
4.993733e+02 2.154415e+03 2.873367e+03
5.076982e+02 2.034864e+03 2.721039e+03
5.161619e+02 1.924140e+03 2.575407e+03
5.247668e+02 1.817609e+03 2.439573e+03
5.335151e+02 1.718806e+03 2.309482e+03
5.424092e+02 1.623782e+03 2.186904e+03
5.514516e+02 1.533846e+03 2.070586e+03
5.606447e+02 1.448619e+03 1.960891e+03
5.699911e+02 1.368929e+03 1.856986e+03
5.794933e+02 1.295881e+03 1.758868e+03
5.891539e+02 1.224027e+03 1.665981e+03
5.989756e+02 1.155743e+03 1.578160e+03
6.089610e+02 1.092253e+03 1.494075e+03
6.191129e+02 1.032310e+03 1.415362e+03
6.294340e+02 9.757778e+02 1.340833e+03
6.399271e+02 9.223939e+02 1.269632e+03
6.505952e+02 8.711818e+02 1.200998e+03
6.614412e+02 8.226542e+02 1.137937e+03
6.724679e+02 7.772125e+02 1.078292e+03
6.836785e+02 7.343341e+02 1.021109e+03
6.950760e+02 6.939708e+02 9.662685e+02
7.066635e+02 6.552500e+02 9.146457e+02
7.184441e+02 6.190360e+02 8.659763e+02
7.304211e+02 5.849203e+02 8.198508e+02
7.425979e+02 5.532154e+02 7.760607e+02
7.549776e+02 5.227604e+02 7.349162e+02
7.675636e+02 4.940229e+02 6.959530e+02
7.803595e+02 4.669971e+02 6.591176e+02
7.933688e+02 4.409364e+02 6.242923e+02
8.065948e+02 4.164177e+02 5.913070e+02
8.200414e+02 3.931664e+02 5.602098e+02
8.337122e+02 3.712183e+02 5.304564e+02
8.476108e+02 3.505206e+02 5.024418e+02
8.617412e+02 3.309132e+02 4.758974e+02
8.761071e+02 3.125621e+02 4.507057e+02
8.907125e+02 2.954339e+02 4.268623e+02
9.055614e+02 2.792146e+02 4.042817e+02
9.206578e+02 2.637985e+02 3.828865e+02
9.360059e+02 2.492843e+02 3.625408e+02
9.516099e+02 2.355745e+02 3.432605e+02
9.674740e+02 2.225075e+02 3.250046e+02
9.836026e+02 2.102402e+02 3.077487e+02
1.000000e+03 1.986547e+02 2.914798e+02
