Energy(MeV)	Incoming Spectral Fluence(MeV-1 cm-2)	Residual Spectral Fluence(MeV-1 cm-2)
1.0000e-03	0.0000e+00	2.4152e+05
1.5000e-03	0.0000e+00	2.4158e+05
2.0000e-03	0.0000e+00	2.4162e+05
2.5000e-03	0.0000e+00	2.4166e+05
3.0000e-03	0.0000e+00	2.4168e+05
3.5000e-03	0.0000e+00	2.4170e+05
4.0000e-03	0.0000e+00	2.4172e+05
4.5000e-03	0.0000e+00	2.4174e+05
5.0000e-03	0.0000e+00	2.4175e+05
5.5000e-03	0.0000e+00	2.4176e+05
6.0000e-03	0.0000e+00	2.4177e+05
6.5000e-03	0.0000e+00	2.4178e+05
7.0000e-03	0.0000e+00	2.4179e+05
7.5000e-03	0.0000e+00	2.4180e+05
8.0000e-03	0.0000e+00	2.4181e+05
8.5000e-03	0.0000e+00	2.4182e+05
9.0000e-03	0.0000e+00	2.4183e+05
9.5000e-03	0.0000e+00	2.4184e+05
1.0000e-02	0.0000e+00	2.4184e+05
1.5000e-02	0.0000e+00	2.4190e+05
2.0000e-02	0.0000e+00	2.4194e+05
2.5000e-02	0.0000e+00	2.4198e+05
3.0000e-02	0.0000e+00	2.4201e+05
3.5000e-02	0.0000e+00	2.4204e+05
4.0000e-02	0.0000e+00	2.4208e+05
4.5000e-02	0.0000e+00	2.4212e+05
5.0000e-02	0.0000e+00	2.4216e+05
5.5000e-02	0.0000e+00	2.4219e+05
6.0000e-02	0.0000e+00	2.4223e+05
6.5000e-02	0.0000e+00	2.4228e+05
7.0000e-02	0.0000e+00	2.4233e+05
7.5000e-02	0.0000e+00	2.4237e+05
8.0000e-02	0.0000e+00	2.4241e+05
8.5000e-02	0.0000e+00	2.4246e+05
9.0000e-02	0.0000e+00	2.4250e+05
9.5000e-02	0.0000e+00	2.4254e+05
1.0000e-01	0.0000e+00	2.4259e+05
1.5000e-01	0.0000e+00	2.4305e+05
2.0000e-01	0.0000e+00	2.4352e+05
2.5000e-01	0.0000e+00	2.4398e+05
3.0000e-01	0.0000e+00	2.4445e+05
3.5000e-01	0.0000e+00	2.4492e+05
4.0000e-01	0.0000e+00	2.4539e+05
4.5000e-01	0.0000e+00	2.4585e+05
5.0000e-01	0.0000e+00	2.4626e+05
5.5000e-01	0.0000e+00	2.4665e+05
6.0000e-01	0.0000e+00	2.4710e+05
6.5000e-01	0.0000e+00	2.4757e+05
7.0000e-01	0.0000e+00	2.4803e+05
7.5000e-01	0.0000e+00	2.4849e+05
8.0000e-01	0.0000e+00	2.4895e+05
8.5000e-01	0.0000e+00	2.4942e+05
9.0000e-01	0.0000e+00	2.4989e+05
9.5000e-01	0.0000e+00	2.5035e+05
1.0000e+00	0.0000e+00	2.5082e+05
1.5000e+00	0.0000e+00	2.5548e+05
1.8000e+00	7.4944e+09	2.5810e+05
1.8229e+00	7.3808e+09	2.5832e+05
1.8462e+00	7.2680e+09	2.5854e+05
1.8697e+00	7.1569e+09	2.5876e+05
1.8935e+00	7.0466e+09	2.5898e+05
1.9177e+00	6.9386e+09	2.5921e+05
1.9421e+00	6.8334e+09	2.5943e+05
1.9669e+00	6.7292e+09	2.5967e+05
1.9919e+00	6.6260e+09	2.5990e+05
2.0173e+00	6.5252e+09	2.6014e+05
2.0430e+00	6.4246e+09	2.6038e+05
2.0691e+00	6.3264e+09	2.6062e+05
2.0955e+00	6.2294e+09	2.6087e+05
2.1222e+00	6.1344e+09	2.6112e+05
2.1492e+00	6.0404e+09	2.6137e+05
2.1766e+00	5.9464e+09	2.6163e+05
2.2043e+00	5.8548e+09	2.6189e+05
2.2324e+00	5.7643e+09	2.6215e+05
2.2609e+00	5.6759e+09	2.6242e+05
2.2897e+00	5.5894e+09	2.6269e+05
2.3189e+00	5.5036e+09	2.6296e+05
2.3485e+00	5.4196e+09	2.6324e+05
2.3784e+00	5.3360e+09	2.6352e+05
2.4087e+00	5.2534e+09	2.6381e+05
2.4394e+00	5.1730e+09	2.6409e+05
2.4705e+00	5.0916e+09	2.6439e+05
2.5020e+00	5.0124e+09	2.6468e+05
2.5339e+00	4.9340e+09	2.6498e+05
2.5662e+00	4.8568e+09	2.6522e+05
2.5989e+00	4.7811e+09	2.6539e+05
2.6320e+00	4.7061e+09	2.6566e+05
2.6655e+00	4.6329e+09	2.6596e+05
2.6995e+00	4.5607e+09	2.6628e+05
2.7339e+00	4.4897e+09	2.6660e+05
2.7688e+00	4.4194e+09	2.6693e+05
2.8041e+00	4.3502e+09	2.6726e+05
2.8398e+00	4.2820e+09	2.6759e+05
2.8760e+00	4.2150e+09	2.6793e+05
2.9127e+00	4.1488e+09	2.6828e+05
2.9498e+00	4.0833e+09	2.6862e+05
2.9874e+00	4.0191e+09	2.6898e+05
3.0255e+00	3.9564e+09	2.6934e+05
3.0640e+00	3.8941e+09	2.6970e+05
3.1031e+00	3.8321e+09	2.7006e+05
3.1426e+00	3.7716e+09	2.7043e+05
3.1827e+00	3.7129e+09	2.7081e+05
3.2232e+00	3.6545e+09	2.7118e+05
3.2643e+00	3.5957e+09	2.7157e+05
3.3059e+00	3.5382e+09	2.7196e+05
3.3481e+00	3.4827e+09	2.7236e+05
3.3907e+00	3.4274e+09	2.7277e+05
3.4340e+00	3.3728e+09	2.7318e+05
3.4777e+00	3.3182e+09	2.7360e+05
3.5221e+00	3.2662e+09	2.7401e+05
3.5670e+00	3.2142e+09	2.7444e+05
3.6124e+00	3.1623e+09	2.7486e+05
3.6585e+00	3.1115e+09	2.7530e+05
3.7051e+00	3.0613e+09	2.7574e+05
3.7523e+00	3.0124e+09	2.7618e+05
3.8001e+00	2.9640e+09	2.7663e+05
3.8486e+00	2.9165e+09	2.7708e+05
3.8976e+00	2.8691e+09	2.7754e+05
3.9473e+00	2.8221e+09	2.7800e+05
3.9976e+00	2.7765e+09	2.7848e+05
4.0486e+00	2.7316e+09	2.7896e+05
4.1002e+00	2.6876e+09	2.7945e+05
4.1524e+00	2.6444e+09	2.7994e+05
4.2054e+00	2.6017e+09	2.8043e+05
4.2590e+00	2.5596e+09	2.8093e+05
4.3132e+00	2.5173e+09	2.8145e+05
4.3682e+00	2.4763e+09	2.8196e+05
4.4239e+00	2.4357e+09	2.8248e+05
4.4803e+00	2.3956e+09	2.8301e+05
4.5374e+00	2.3562e+09	2.8355e+05
4.5952e+00	2.3176e+09	2.8409e+05
4.6538e+00	2.2797e+09	2.8464e+05
4.7131e+00	2.2423e+09	2.8520e+05
4.7732e+00	2.2050e+09	2.8577e+05
4.8340e+00	2.1684e+09	2.8634e+05
4.8956e+00	2.1320e+09	2.8692e+05
4.9580e+00	2.0964e+09	2.8751e+05
5.0212e+00	2.0611e+09	2.8810e+05
5.0852e+00	2.0270e+09	2.8870e+05
5.1500e+00	1.9933e+09	2.8931e+05
5.2157e+00	1.9600e+09	2.8992e+05
5.2822e+00	1.9272e+09	2.9052e+05
5.3495e+00	1.8943e+09	2.9114e+05
5.4177e+00	1.8621e+09	2.9177e+05
5.4867e+00	1.8309e+09	2.9241e+05
5.5567e+00	1.8000e+09	2.9307e+05
5.6275e+00	1.7689e+09	2.9372e+05
5.6992e+00	1.7386e+09	2.9439e+05
5.7718e+00	1.7090e+09	2.9506e+05
5.8454e+00	1.6798e+09	2.9575e+05
5.9199e+00	1.6512e+09	2.9644e+05
5.9954e+00	1.6228e+09	2.9714e+05
6.0718e+00	1.5953e+09	2.9785e+05
6.1492e+00	1.5678e+09	2.9857e+05
6.2275e+00	1.5409e+09	2.9929e+05
6.3069e+00	1.5143e+09	3.0004e+05
6.3873e+00	1.4882e+09	3.0081e+05
6.4687e+00	1.4623e+09	3.0157e+05
6.5512e+00	1.4370e+09	3.0233e+05
6.6347e+00	1.4119e+09	3.0309e+05
6.7192e+00	1.3875e+09	3.0387e+05
6.8049e+00	1.3632e+09	3.0466e+05
6.8916e+00	1.3394e+09	3.0545e+05
6.9795e+00	1.3158e+09	3.0626e+05
7.0684e+00	1.2929e+09	3.0707e+05
7.1585e+00	1.2706e+09	3.0790e+05
7.2497e+00	1.2483e+09	3.0875e+05
7.3421e+00	1.2264e+09	3.0959e+05
7.4357e+00	1.2047e+09	3.1044e+05
7.5305e+00	1.1833e+09	3.1131e+05
7.6265e+00	1.1621e+09	3.1219e+05
7.7237e+00	1.1413e+09	3.1307e+05
7.8221e+00	1.1209e+09	3.1397e+05
7.9218e+00	1.1008e+09	3.1488e+05
8.0228e+00	1.0812e+09	3.1579e+05
8.1251e+00	1.0619e+09	3.1672e+05
8.2286e+00	1.0427e+09	3.1766e+05
8.3335e+00	1.0238e+09	3.1860e+05
8.4397e+00	1.0052e+09	3.1957e+05
8.5473e+00	9.8710e+08	3.2054e+05
8.6562e+00	9.6891e+08	3.2153e+05
8.7666e+00	9.5108e+08	3.2254e+05
8.8783e+00	9.3361e+08	3.2355e+05
8.9915e+00	9.1645e+08	3.2457e+05
9.1061e+00	8.9962e+08	3.2561e+05
9.2221e+00	8.8284e+08	3.2667e+05
9.3397e+00	8.6653e+08	3.2773e+05
9.4587e+00	8.5062e+08	3.2879e+05
9.5793e+00	8.3495e+08	3.2986e+05
9.7014e+00	8.1936e+08	3.3095e+05
9.8250e+00	8.0433e+08	3.3204e+05
9.9503e+00	7.8926e+08	3.3315e+05
1.0077e+01	7.7455e+08	3.3428e+05
1.0206e+01	7.6003e+08	3.3542e+05
1.0336e+01	7.4571e+08	3.3657e+05
1.0467e+01	7.3166e+08	3.3770e+05
1.0601e+01	7.1773e+08	3.3886e+05
1.0736e+01	7.0400e+08	3.4000e+05
1.0873e+01	6.9052e+08	3.4117e+05
1.1011e+01	6.7728e+08	3.4237e+05
1.1152e+01	6.6443e+08	3.4357e+05
1.1294e+01	6.5159e+08	3.4479e+05
1.1438e+01	6.3907e+08	3.4601e+05
1.1583e+01	6.2678e+08	3.4726e+05
1.1731e+01	6.1468e+08	3.4861e+05
1.1881e+01	6.0259e+08	3.4990e+05
1.2032e+01	5.9077e+08	3.5118e+05
1.2185e+01	5.7910e+08	3.5246e+05
1.2341e+01	5.6764e+08	3.5374e+05
1.2498e+01	5.5625e+08	3.5505e+05
1.2657e+01	5.4526e+08	3.5637e+05
1.2819e+01	5.3440e+08	3.5771e+05
1.2982e+01	5.2375e+08	3.5905e+05
1.3148e+01	5.1321e+08	3.6044e+05
1.3315e+01	5.0285e+08	3.6180e+05
1.3485e+01	4.9265e+08	3.6319e+05
1.3657e+01	4.8269e+08	3.6458e+05
1.3831e+01	4.7286e+08	3.6597e+05
1.4007e+01	4.6317e+08	3.6734e+05
1.4186e+01	4.5370e+08	3.6878e+05
1.4366e+01	4.4437e+08	3.7022e+05
1.4549e+01	4.3524e+08	3.7170e+05
1.4735e+01	4.2619e+08	3.7317e+05
1.4923e+01	4.1736e+08	3.7464e+05
1.5113e+01	4.0864e+08	3.7612e+05
1.5306e+01	4.0008e+08	3.7759e+05
1.5501e+01	3.9166e+08	3.7909e+05
1.5698e+01	3.8337e+08	3.8059e+05
1.5898e+01	3.7522e+08	3.8215e+05
1.6101e+01	3.6721e+08	3.8366e+05
1.6306e+01	3.5937e+08	3.8519e+05
1.6514e+01	3.5166e+08	3.8675e+05
1.6724e+01	3.4406e+08	3.8829e+05
1.6938e+01	3.3661e+08	3.8987e+05
1.7154e+01	3.2929e+08	3.9148e+05
1.7372e+01	3.2211e+08	3.9313e+05
1.7594e+01	3.1501e+08	3.9472e+05
1.7818e+01	3.0805e+08	3.9633e+05
1.8045e+01	3.0123e+08	3.9794e+05
1.8275e+01	2.9454e+08	3.9954e+05
1.8508e+01	2.8795e+08	4.0118e+05
1.8744e+01	2.8150e+08	4.0287e+05
1.8983e+01	2.7514e+08	4.0450e+05
1.9225e+01	2.6891e+08	4.0613e+05
1.9470e+01	2.6277e+08	4.0778e+05
1.9718e+01	2.5675e+08	4.0946e+05
1.9969e+01	2.5083e+08	4.1123e+05
2.0224e+01	2.4501e+08	4.1288e+05
2.0481e+01	2.3928e+08	4.1451e+05
2.0742e+01	2.3368e+08	4.1618e+05
2.1007e+01	2.2817e+08	4.1780e+05
2.1275e+01	2.2280e+08	4.1960e+05
2.1546e+01	2.1751e+08	4.2125e+05
2.1820e+01	2.1231e+08	4.2289e+05
2.2099e+01	2.0721e+08	4.2454e+05
2.2380e+01	2.0218e+08	4.2619e+05
2.2665e+01	1.9729e+08	4.2788e+05
2.2954e+01	1.9254e+08	4.2953e+05
2.3247e+01	1.8787e+08	4.3120e+05
2.3543e+01	1.8321e+08	4.3286e+05
2.3843e+01	1.7870e+08	4.3453e+05
2.4147e+01	1.7432e+08	4.3620e+05
2.4455e+01	1.6996e+08	4.3785e+05
2.4767e+01	1.6571e+08	4.3948e+05
2.5082e+01	1.6153e+08	4.4116e+05
2.5402e+01	1.5744e+08	4.4280e+05
2.5726e+01	1.5342e+08	4.4445e+05
2.6054e+01	1.4949e+08	4.4617e+05
2.6386e+01	1.4563e+08	4.4777e+05
2.6722e+01	1.4186e+08	4.4943e+05
2.7063e+01	1.3817e+08	4.5110e+05
2.7408e+01	1.3456e+08	4.5268e+05
2.7757e+01	1.3101e+08	4.5436e+05
2.8111e+01	1.2757e+08	4.5600e+05
2.8469e+01	1.2418e+08	4.5753e+05
2.8832e+01	1.2085e+08	4.5918e+05
2.9199e+01	1.1760e+08	4.6066e+05
2.9571e+01	1.1440e+08	4.6211e+05
2.9948e+01	1.1126e+08	4.6359e+05
3.0330e+01	1.0817e+08	4.6501e+05
3.0717e+01	1.0518e+08	4.6638e+05
3.1108e+01	1.0223e+08	4.6777e+05
3.1505e+01	9.9382e+07	4.6912e+05
3.1906e+01	9.6609e+07	4.7041e+05
3.2313e+01	9.3875e+07	4.7169e+05
3.2725e+01	9.1210e+07	4.7293e+05
3.3142e+01	8.8592e+07	4.7420e+05
3.3564e+01	8.6042e+07	4.7540e+05
3.3992e+01	8.3546e+07	4.7666e+05
3.4425e+01	8.1114e+07	4.7784e+05
3.4864e+01	7.8724e+07	4.7898e+05
3.5309e+01	7.6406e+07	4.8006e+05
3.5759e+01	7.4126e+07	4.8108e+05
3.6214e+01	7.1909e+07	4.8214e+05
3.6676e+01	6.9742e+07	4.8317e+05
3.7143e+01	6.7636e+07	4.8411e+05
3.7617e+01	6.5567e+07	4.8498e+05
3.8096e+01	6.3545e+07	4.8584e+05
3.8582e+01	6.1602e+07	4.8663e+05
3.9074e+01	5.9695e+07	4.8738e+05
3.9572e+01	5.7832e+07	4.8818e+05
4.0076e+01	5.5998e+07	4.8894e+05
4.0587e+01	5.4222e+07	4.8956e+05
4.1104e+01	5.2483e+07	4.9013e+05
4.1628e+01	5.0796e+07	4.9064e+05
4.2159e+01	4.9170e+07	4.9111e+05
4.2696e+01	4.7588e+07	4.9147e+05
4.3240e+01	4.6036e+07	4.9177e+05
4.3791e+01	4.4511e+07	4.9200e+05
4.4349e+01	4.3020e+07	4.9222e+05
4.4915e+01	4.1566e+07	4.9240e+05
4.5487e+01	4.0169e+07	4.9249e+05
4.6067e+01	3.8815e+07	4.9253e+05
4.6654e+01	3.7494e+07	4.9255e+05
4.7249e+01	3.6196e+07	4.9250e+05
4.7851e+01	3.4930e+07	4.9234e+05
4.8461e+01	3.3709e+07	4.9206e+05
4.9079e+01	3.2510e+07	4.9172e+05
4.9704e+01	3.1360e+07	4.9134e+05
5.0338e+01	3.0232e+07	4.9088e+05
5.0979e+01	2.9144e+07	4.9036e+05
5.1629e+01	2.8093e+07	4.8987e+05
5.2287e+01	2.7065e+07	4.8920e+05
5.2953e+01	2.6062e+07	4.8847e+05
5.3628e+01	2.5105e+07	4.8760e+05
5.4312e+01	2.4172e+07	4.8671e+05
5.5004e+01	2.3273e+07	4.8573e+05
5.5705e+01	2.2389e+07	4.8470e+05
5.6415e+01	2.1527e+07	4.8362e+05
5.7134e+01	2.0696e+07	4.8239e+05
5.7863e+01	1.9891e+07	4.8109e+05
5.8600e+01	1.9116e+07	4.7970e+05
5.9347e+01	1.8366e+07	4.7817e+05
6.0103e+01	1.7634e+07	4.7664e+05
6.0869e+01	1.6933e+07	4.7510e+05
6.1645e+01	1.6262e+07	4.7337e+05
6.2431e+01	1.5610e+07	4.7158e+05
6.3227e+01	1.4981e+07	4.6968e+05
6.4033e+01	1.4373e+07	4.6771e+05
6.4849e+01	1.3793e+07	4.6573e+05
6.5675e+01	1.3235e+07	4.6359e+05
6.6512e+01	1.2700e+07	4.6146e+05
6.7360e+01	1.2184e+07	4.5909e+05
6.8219e+01	1.1694e+07	4.5676e+05
6.9088e+01	1.1218e+07	4.5431e+05
6.9969e+01	1.0764e+07	4.5174e+05
7.0861e+01	1.0329e+07	4.4917e+05
7.1764e+01	9.9139e+06	4.4652e+05
7.2678e+01	9.5154e+06	4.4375e+05
7.3605e+01	9.1319e+06	4.4087e+05
7.4543e+01	8.7615e+06	4.3790e+05
7.5493e+01	8.4070e+06	4.3494e+05
7.6455e+01	8.0672e+06	4.3185e+05
7.7430e+01	7.7410e+06	4.2874e+05
7.8417e+01	7.4271e+06	4.2550e+05
7.9416e+01	7.1250e+06	4.2217e+05
8.0428e+01	6.8338e+06	4.1881e+05
8.1454e+01	6.5569e+06	4.1539e+05
8.2492e+01	6.2910e+06	4.1195e+05
8.3543e+01	6.0374e+06	4.0836e+05
8.4608e+01	5.7932e+06	4.0471e+05
8.5686e+01	5.5598e+06	4.0103e+05
8.6778e+01	5.3332e+06	3.9731e+05
8.7885e+01	5.1166e+06	3.9351e+05
8.9005e+01	4.9075e+06	3.8964e+05
9.0139e+01	4.7063e+06	3.8568e+05
9.1288e+01	4.5150e+06	3.8176e+05
9.2452e+01	4.3318e+06	3.7771e+05
9.3630e+01	4.1575e+06	3.7365e+05
9.4823e+01	3.9891e+06	3.6956e+05
9.6032e+01	3.8274e+06	3.6539e+05
9.7256e+01	3.6712e+06	3.6125e+05
9.8496e+01	3.5220e+06	3.5693e+05
9.9751e+01	3.3800e+06	3.5258e+05
1.0102e+02	3.2435e+06	3.4819e+05
1.0231e+02	3.1121e+06	3.4382e+05
1.0361e+02	2.9858e+06	3.3939e+05
1.0493e+02	2.8644e+06	3.3496e+05
1.0627e+02	2.7479e+06	3.3053e+05
1.0763e+02	2.6359e+06	3.2605e+05
1.0900e+02	2.5301e+06	3.2157e+05
1.1039e+02	2.4279e+06	3.1708e+05
1.1179e+02	2.3292e+06	3.1256e+05
1.1322e+02	2.2350e+06	3.0806e+05
1.1466e+02	2.1444e+06	3.0352e+05
1.1612e+02	2.0574e+06	2.9900e+05
1.1760e+02	1.9748e+06	2.9447e+05
1.1910e+02	1.8947e+06	2.8994e+05
1.2062e+02	1.8174e+06	2.8542e+05
1.2216e+02	1.7438e+06	2.8088e+05
1.2372e+02	1.6730e+06	2.7637e+05
1.2529e+02	1.6048e+06	2.7185e+05
1.2689e+02	1.5404e+06	2.6734e+05
1.2851e+02	1.4781e+06	2.6285e+05
1.3014e+02	1.4184e+06	2.5837e+05
1.3180e+02	1.3606e+06	2.5391e+05
1.3348e+02	1.3051e+06	2.4947e+05
1.3518e+02	1.2522e+06	2.4505e+05
1.3691e+02	1.2018e+06	2.4064e+05
1.3865e+02	1.1528e+06	2.3625e+05
1.4042e+02	1.1064e+06	2.3190e+05
1.4221e+02	1.0615e+06	2.2758e+05
1.4402e+02	1.0186e+06	2.2329e+05
1.4586e+02	9.7676e+05	2.1904e+05
1.4772e+02	9.3688e+05	2.1481e+05
1.4960e+02	8.9872e+05	2.1050e+05
1.5151e+02	8.6200e+05	2.0622e+05
1.5344e+02	8.2716e+05	2.0199e+05
1.5539e+02	7.9346e+05	1.9781e+05
1.5737e+02	7.6133e+05	1.9368e+05
1.5938e+02	7.3061e+05	1.8960e+05
1.6141e+02	7.0083e+05	1.8557e+05
1.6347e+02	6.7253e+05	1.8161e+05
1.6555e+02	6.4539e+05	1.7770e+05
1.6766e+02	6.1922e+05	1.7383e+05
1.6980e+02	5.9404e+05	1.7000e+05
1.7196e+02	5.6998e+05	1.6622e+05
1.7416e+02	5.4686e+05	1.6250e+05
1.7638e+02	5.2478e+05	1.5882e+05
1.7862e+02	5.0332e+05	1.5518e+05
1.8090e+02	4.8292e+05	1.5160e+05
1.8321e+02	4.6323e+05	1.4807e+05
1.8554e+02	4.4435e+05	1.4459e+05
1.8791e+02	4.2643e+05	1.4117e+05
1.9030e+02	4.0916e+05	1.3780e+05
1.9273e+02	3.9242e+05	1.3449e+05
1.9518e+02	3.7639e+05	1.3122e+05
1.9767e+02	3.6093e+05	1.2801e+05
2.0019e+02	3.4631e+05	1.2479e+05
2.0274e+02	3.3237e+05	1.2162e+05
2.0533e+02	3.1897e+05	1.1850e+05
2.0794e+02	3.0611e+05	1.1545e+05
2.1059e+02	2.9377e+05	1.1246e+05
2.1328e+02	2.8192e+05	1.0953e+05
2.1600e+02	2.7057e+05	1.0666e+05
2.1875e+02	2.5955e+05	1.0386e+05
2.2154e+02	2.4901e+05	1.0112e+05
2.2436e+02	2.3899e+05	9.8427e+04
2.2722e+02	2.2938e+05	9.5791e+04
2.3012e+02	2.2004e+05	9.3205e+04
2.3305e+02	2.1124e+05	9.0671e+04
2.3602e+02	2.0272e+05	8.8189e+04
2.3903e+02	1.9443e+05	8.5759e+04
2.4207e+02	1.8654e+05	8.3382e+04
2.4516e+02	1.7899e+05	8.1064e+04
2.4828e+02	1.7167e+05	7.8796e+04
2.5145e+02	1.6463e+05	7.6543e+04
2.5465e+02	1.5799e+05	7.4343e+04
2.5790e+02	1.5166e+05	7.2194e+04
2.6119e+02	1.4552e+05	7.0094e+04
2.6452e+02	1.3965e+05	6.8047e+04
2.6789e+02	1.3398e+05	6.6056e+04
2.7130e+02	1.2850e+05	6.4119e+04
2.7476e+02	1.2324e+05	6.2238e+04
2.7826e+02	1.1823e+05	6.0404e+04
2.8181e+02	1.1345e+05	5.8616e+04
2.8540e+02	1.0891e+05	5.6871e+04
2.8904e+02	1.0453e+05	5.5169e+04
2.9272e+02	1.0024e+05	5.3507e+04
2.9645e+02	9.6153e+04	5.1887e+04
3.0023e+02	9.2202e+04	5.0290e+04
3.0406e+02	8.8492e+04	4.8723e+04
3.0793e+02	8.4916e+04	4.7201e+04
3.1186e+02	8.1511e+04	4.5725e+04
3.1583e+02	7.8251e+04	4.4293e+04
3.1986e+02	7.5110e+04	4.2903e+04
3.2394e+02	7.2115e+04	4.1555e+04
3.2806e+02	6.9210e+04	4.0246e+04
3.3225e+02	6.6370e+04	3.8971e+04
3.3648e+02	6.3659e+04	3.7731e+04
3.4077e+02	6.1065e+04	3.6526e+04
3.4511e+02	5.8595e+04	3.5355e+04
3.4951e+02	5.6213e+04	3.4213e+04
3.5397e+02	5.3959e+04	3.3093e+04
3.5848e+02	5.1784e+04	3.2008e+04
3.6305e+02	4.9688e+04	3.0957e+04
3.6767e+02	4.7675e+04	2.9939e+04
3.7236e+02	4.5749e+04	2.8952e+04
3.7711e+02	4.3889e+04	2.7996e+04
3.8191e+02	4.2105e+04	2.7069e+04
3.8678e+02	4.0395e+04	2.6170e+04
3.9171e+02	3.8764e+04	2.5298e+04
3.9670e+02	3.7203e+04	2.4454e+04
4.0176e+02	3.5700e+04	2.3628e+04
4.0688e+02	3.4257e+04	2.2823e+04
4.1207e+02	3.2871e+04	2.2044e+04
4.1732e+02	3.1538e+04	2.1289e+04
4.2264e+02	3.0270e+04	2.0558e+04
4.2803e+02	2.9052e+04	1.9851e+04
4.3348e+02	2.7877e+04	1.9167e+04
4.3901e+02	2.6753e+04	1.8505e+04
4.4460e+02	2.5670e+04	1.7863e+04
4.5027e+02	2.4624e+04	1.7240e+04
4.5601e+02	2.3620e+04	1.6634e+04
4.6182e+02	2.2663e+04	1.6049e+04
4.6771e+02	2.1742e+04	1.5485e+04
4.7367e+02	2.0850e+04	1.4940e+04
4.7970e+02	1.9997e+04	1.4415e+04
4.8582e+02	1.9182e+04	1.3907e+04
4.9201e+02	1.8402e+04	1.3415e+04
4.9828e+02	1.7654e+04	1.2939e+04
5.0463e+02	1.6941e+04	1.2475e+04
5.1106e+02	1.6256e+04	1.2029e+04
5.1758e+02	1.5593e+04	1.1598e+04
5.2418e+02	1.4953e+04	1.1183e+04
5.3086e+02	1.4345e+04	1.0784e+04
5.3762e+02	1.3761e+04	1.0398e+04
5.4448e+02	1.3202e+04	1.0026e+04
5.5141e+02	1.2666e+04	9.6636e+03
5.5844e+02	1.2155e+04	9.3121e+03
5.6556e+02	1.1665e+04	8.9742e+03
5.7277e+02	1.1193e+04	8.6489e+03
5.8007e+02	1.0735e+04	8.3351e+03
5.8746e+02	1.0299e+04	8.0320e+03
5.9495e+02	9.8853e+03	7.7395e+03
6.0253e+02	9.4872e+03	7.4559e+03
6.1021e+02	9.1029e+03	7.1816e+03
6.1799e+02	8.7342e+03	6.9174e+03
6.2587e+02	8.3802e+03	6.6630e+03
6.3385e+02	8.0404e+03	6.4180e+03
6.4192e+02	7.7149e+03	6.1819e+03
6.5011e+02	7.4032e+03	5.9538e+03
6.5839e+02	7.1039e+03	5.7327e+03
6.6678e+02	6.8175e+03	5.5193e+03
6.7528e+02	6.5425e+03	5.3137e+03
6.8389e+02	6.2788e+03	5.1161e+03
6.9261e+02	6.0236e+03	4.9257e+03
7.0143e+02	5.7792e+03	4.7416e+03
7.1038e+02	5.5445e+03	4.5631e+03
7.1943e+02	5.3196e+03	4.3913e+03
7.2860e+02	5.1039e+03	4.2259e+03
7.3789e+02	4.8969e+03	4.0669e+03
7.4729e+02	4.6977e+03	3.9139e+03
7.5682e+02	4.5065e+03	3.7662e+03
7.6646e+02	4.3231e+03	3.6244e+03
7.7623e+02	4.1473e+03	3.4883e+03
7.8612e+02	3.9790e+03	3.3574e+03
7.9614e+02	3.8187e+03	3.2310e+03
8.0629e+02	3.6658e+03	3.1086e+03
8.1657e+02	3.5178e+03	2.9905e+03
8.2698e+02	3.3756e+03	2.8765e+03
8.3752e+02	3.2404e+03	2.7666e+03
8.4819e+02	3.1094e+03	2.6607e+03
8.5900e+02	2.9829e+03	2.5583e+03
8.6995e+02	2.8614e+03	2.4597e+03
8.8104e+02	2.7448e+03	2.3650e+03
8.9227e+02	2.6326e+03	2.2742e+03
9.0364e+02	2.5250e+03	2.1869e+03
9.1516e+02	2.4219e+03	2.1029e+03
9.2682e+02	2.3231e+03	2.0225e+03
9.3864e+02	2.2286e+03	1.9454e+03
9.5060e+02	2.1387e+03	1.8713e+03
9.6272e+02	2.0522e+03	1.7997e+03
9.7499e+02	1.9700e+03	1.7305e+03
9.8741e+02	1.8913e+03	1.6640e+03
1.0000e+03	1.8150e+03	1.6000e+03