# Energy(MeV) Fluence_Sferica_Median
1.800000e+00 7.494368e+09
1.822942e+00 7.380819e+09
1.846177e+00 7.268012e+09
1.869708e+00 7.156858e+09
1.893539e+00 7.046566e+09
1.917674e+00 6.938601e+09
1.942116e+00 6.833442e+09
1.966870e+00 6.729186e+09
1.991940e+00 6.625954e+09
2.017328e+00 6.525185e+09
2.043041e+00 6.424641e+09
2.069081e+00 6.326445e+09
2.095453e+00 6.229439e+09
2.122162e+00 6.134435e+09
2.149210e+00 6.040404e+09
2.176604e+00 5.946359e+09
2.204346e+00 5.854816e+09
2.232442e+00 5.764285e+09
2.260897e+00 5.675871e+09
2.289714e+00 5.589439e+09
2.318898e+00 5.503584e+09
2.348454e+00 5.419633e+09
2.378387e+00 5.335981e+09
2.408702e+00 5.253444e+09
2.439402e+00 5.172975e+09
2.470495e+00 5.091639e+09
2.501983e+00 5.012395e+09
2.533873e+00 4.934033e+09
2.566169e+00 4.856781e+09
2.598877e+00 4.781149e+09
2.632002e+00 4.706120e+09
2.665549e+00 4.632854e+09
2.699523e+00 4.560692e+09
2.733931e+00 4.489659e+09
2.768777e+00 4.419431e+09
2.804067e+00 4.350219e+09
2.839808e+00 4.282049e+09
2.876003e+00 4.214989e+09
2.912660e+00 4.148751e+09
2.949784e+00 4.083279e+09
2.987382e+00 4.019147e+09
3.025458e+00 3.956380e+09
3.064020e+00 3.894060e+09
3.103074e+00 3.832055e+09
3.142625e+00 3.771580e+09
3.182680e+00 3.712895e+09
3.223246e+00 3.654487e+09
3.264329e+00 3.595731e+09
3.305936e+00 3.538175e+09
3.348072e+00 3.482668e+09
3.390746e+00 3.427434e+09
3.433964e+00 3.372764e+09
3.477733e+00 3.318230e+09
3.522059e+00 3.266162e+09
3.566951e+00 3.214196e+09
3.612415e+00 3.162324e+09
3.658458e+00 3.111520e+09
3.705088e+00 3.061345e+09
3.752312e+00 3.012422e+09
3.800138e+00 2.964027e+09
3.848574e+00 2.916471e+09
3.897627e+00 2.869091e+09
3.947306e+00 2.822107e+09
3.997617e+00 2.776453e+09
4.048570e+00 2.731636e+09
4.100173e+00 2.687636e+09
4.152433e+00 2.644360e+09
4.205359e+00 2.601712e+09
4.258959e+00 2.559603e+09
4.313243e+00 2.517281e+09
4.368219e+00 2.476309e+09
4.423896e+00 2.435707e+09
4.480282e+00 2.395596e+09
4.537387e+00 2.356232e+09
4.595219e+00 2.317621e+09
4.653789e+00 2.279713e+09
4.713105e+00 2.242303e+09
4.773178e+00 2.204952e+09
4.834016e+00 2.168362e+09
4.895629e+00 2.131993e+09
4.958028e+00 2.096420e+09
5.021222e+00 2.061091e+09
5.085222e+00 2.027026e+09
5.150037e+00 1.993327e+09
5.215678e+00 1.959994e+09
5.282156e+00 1.927246e+09
5.349482e+00 1.894281e+09
5.417665e+00 1.862135e+09
5.486718e+00 1.830902e+09
5.556650e+00 1.800012e+09
5.627475e+00 1.768940e+09
5.699201e+00 1.738628e+09
5.771842e+00 1.708962e+09
5.845409e+00 1.679787e+09
5.919913e+00 1.651173e+09
5.995368e+00 1.622841e+09
6.071783e+00 1.595332e+09
6.149173e+00 1.567822e+09
6.227549e+00 1.540919e+09
6.306925e+00 1.514271e+09
6.387311e+00 1.488193e+09
6.468723e+00 1.462285e+09
6.551172e+00 1.437016e+09
6.634672e+00 1.411949e+09
6.719236e+00 1.387549e+09
6.804878e+00 1.363208e+09
6.891612e+00 1.339407e+09
6.979451e+00 1.315846e+09
7.068410e+00 1.292884e+09
7.158503e+00 1.270643e+09
7.249744e+00 1.248304e+09
7.342148e+00 1.226362e+09
7.435729e+00 1.204676e+09
7.530504e+00 1.183267e+09
7.626486e+00 1.162136e+09
7.723692e+00 1.141339e+09
7.822136e+00 1.120859e+09
7.921836e+00 1.100793e+09
8.022806e+00 1.081176e+09
8.125063e+00 1.061921e+09
8.228624e+00 1.042737e+09
8.333504e+00 1.023753e+09
8.439722e+00 1.005156e+09
8.547293e+00 9.870993e+08
8.656235e+00 9.689071e+08
8.766566e+00 9.510846e+08
8.878303e+00 9.336076e+08
8.991464e+00 9.164452e+08
9.106067e+00 8.996168e+08
9.222132e+00 8.828443e+08
9.339675e+00 8.665331e+08
9.458717e+00 8.506223e+08
9.579276e+00 8.349510e+08
9.701372e+00 8.193561e+08
9.825023e+00 8.043316e+08
9.950251e+00 7.892623e+08
1.007708e+01 7.745516e+08
1.020552e+01 7.600330e+08
1.033559e+01 7.457111e+08
1.046733e+01 7.316590e+08
1.060074e+01 7.177294e+08
1.073586e+01 7.040040e+08
1.087270e+01 6.905164e+08
1.101128e+01 6.772775e+08
1.115162e+01 6.644291e+08
1.129376e+01 6.515883e+08
1.143771e+01 6.390728e+08
1.158349e+01 6.267772e+08
1.173113e+01 6.146850e+08
1.188066e+01 6.025925e+08
1.203208e+01 5.907672e+08
1.218544e+01 5.790972e+08
1.234076e+01 5.676390e+08
1.249805e+01 5.562480e+08
1.265735e+01 5.452629e+08
1.281868e+01 5.344036e+08
1.298206e+01 5.237467e+08
1.314753e+01 5.132122e+08
1.331510e+01 5.028467e+08
1.348482e+01 4.926525e+08
1.365669e+01 4.826942e+08
1.383076e+01 4.728574e+08
1.400704e+01 4.631703e+08
1.418557e+01 4.537043e+08
1.436638e+01 4.443725e+08
1.454949e+01 4.352449e+08
1.473493e+01 4.261856e+08
1.492274e+01 4.173573e+08
1.511294e+01 4.086369e+08
1.530557e+01 4.000787e+08
1.550065e+01 3.916582e+08
1.569822e+01 3.833656e+08
1.589831e+01 3.752244e+08
1.610095e+01 3.672060e+08
1.630616e+01 3.593689e+08
1.651400e+01 3.516646e+08
1.672448e+01 3.440646e+08
1.693765e+01 3.366073e+08
1.715354e+01 3.292892e+08
1.737217e+01 3.221136e+08
1.759359e+01 3.150059e+08
1.781784e+01 3.080529e+08
1.804494e+01 3.012294e+08
1.827494e+01 2.945368e+08
1.850787e+01 2.879535e+08
1.874377e+01 2.814984e+08
1.898267e+01 2.751445e+08
1.922462e+01 2.689112e+08
1.946965e+01 2.627679e+08
1.971781e+01 2.567516e+08
1.996913e+01 2.508272e+08
2.022365e+01 2.450121e+08
2.048142e+01 2.392845e+08
2.074247e+01 2.336764e+08
2.100685e+01 2.281709e+08
2.127460e+01 2.228024e+08
2.154576e+01 2.175132e+08
2.182038e+01 2.123100e+08
2.209850e+01 2.072122e+08
2.238016e+01 2.021826e+08
2.266542e+01 1.972921e+08
2.295430e+01 1.925355e+08
2.324688e+01 1.878710e+08
2.354318e+01 1.832127e+08
2.384325e+01 1.786960e+08
2.414715e+01 1.743163e+08
2.445493e+01 1.699573e+08
2.476663e+01 1.657141e+08
2.508230e+01 1.615318e+08
2.540199e+01 1.574410e+08
2.572576e+01 1.534173e+08
2.605366e+01 1.494868e+08
2.638573e+01 1.456275e+08
2.672204e+01 1.418574e+08
2.706263e+01 1.381684e+08
2.740757e+01 1.345646e+08
2.775690e+01 1.310087e+08
2.811069e+01 1.275699e+08
2.846898e+01 1.241802e+08
2.883184e+01 1.208482e+08
2.919932e+01 1.176036e+08
2.957149e+01 1.143968e+08
2.994841e+01 1.112556e+08
3.033012e+01 1.081724e+08
3.071671e+01 1.051838e+08
3.110821e+01 1.022330e+08
3.150471e+01 9.938170e+07
3.190627e+01 9.660870e+07
3.231294e+01 9.387513e+07
3.272479e+01 9.120983e+07
3.314190e+01 8.859249e+07
3.356432e+01 8.604247e+07
3.399212e+01 8.354627e+07
3.442538e+01 8.111363e+07
3.486416e+01 7.872367e+07
3.530853e+01 7.640608e+07
3.575857e+01 7.412649e+07
3.621434e+01 7.190901e+07
3.667592e+01 6.974158e+07
3.714338e+01 6.763627e+07
3.761681e+01 6.556745e+07
3.809626e+01 6.354527e+07
3.858183e+01 6.160243e+07
3.907359e+01 5.969494e+07
3.957161e+01 5.783249e+07
4.007598e+01 5.599805e+07
4.058679e+01 5.422244e+07
4.110410e+01 5.248273e+07
4.162800e+01 5.079574e+07
4.215858e+01 4.917023e+07
4.269593e+01 4.758787e+07
4.324012e+01 4.603584e+07
4.379126e+01 4.451147e+07
4.434941e+01 4.301975e+07
4.491468e+01 4.156576e+07
4.548715e+01 4.016855e+07
4.606692e+01 3.881479e+07
4.665408e+01 3.749430e+07
4.724873e+01 3.619604e+07
4.785095e+01 3.492996e+07
4.846085e+01 3.370867e+07
4.907852e+01 3.250956e+07
4.970407e+01 3.136008e+07
5.033759e+01 3.023240e+07
5.097918e+01 2.914446e+07
5.162895e+01 2.809300e+07
5.228701e+01 2.706506e+07
5.295345e+01 2.606222e+07
5.362838e+01 2.510535e+07
5.431192e+01 2.417185e+07
5.500417e+01 2.327294e+07
5.570524e+01 2.238905e+07
5.641525e+01 2.152662e+07
5.713431e+01 2.069571e+07
5.786253e+01 1.989067e+07
5.860004e+01 1.911564e+07
5.934694e+01 1.836574e+07
6.010337e+01 1.763392e+07
6.086943e+01 1.693271e+07
6.164526e+01 1.626177e+07
6.243098e+01 1.560960e+07
6.322671e+01 1.498114e+07
6.403259e+01 1.437334e+07
6.484874e+01 1.379293e+07
6.567529e+01 1.323544e+07
6.651237e+01 1.270031e+07
6.736013e+01 1.218372e+07
6.821869e+01 1.169447e+07
6.908819e+01 1.121839e+07
6.996877e+01 1.076441e+07
7.086058e+01 1.032925e+07
7.176376e+01 9.913875e+06
7.267845e+01 9.515415e+06
7.360479e+01 9.131897e+06
7.454294e+01 8.761549e+06
7.549305e+01 8.406974e+06
7.645527e+01 8.067250e+06
7.742976e+01 7.740989e+06
7.841666e+01 7.427072e+06
7.941615e+01 7.124951e+06
8.042837e+01 6.833767e+06
8.145350e+01 6.556935e+06
8.249169e+01 6.291031e+06
8.354311e+01 6.037411e+06
8.460794e+01 5.793248e+06
8.568633e+01 5.559800e+06
8.677847e+01 5.333202e+06
8.788454e+01 5.116624e+06
8.900470e+01 4.907498e+06
9.013913e+01 4.706338e+06
9.128803e+01 4.514966e+06
9.245157e+01 4.331831e+06
9.362994e+01 4.157504e+06
9.482333e+01 3.989052e+06
9.603193e+01 3.827395e+06
9.725594e+01 3.671196e+06
9.849554e+01 3.522024e+06
9.975095e+01 3.380039e+06
1.010224e+02 3.243485e+06
1.023100e+02 3.112121e+06
1.036140e+02 2.985818e+06
1.049346e+02 2.864413e+06
1.062721e+02 2.747946e+06
1.076266e+02 2.635946e+06
1.089984e+02 2.530096e+06
1.103877e+02 2.427923e+06
1.117947e+02 2.329227e+06
1.132196e+02 2.234959e+06
1.146627e+02 2.144394e+06
1.161241e+02 2.057408e+06
1.176042e+02 1.974813e+06
1.191032e+02 1.894698e+06
1.206213e+02 1.817387e+06
1.221587e+02 1.743842e+06
1.237157e+02 1.673023e+06
1.252925e+02 1.604834e+06
1.268895e+02 1.540383e+06
1.285068e+02 1.478144e+06
1.301447e+02 1.418424e+06
1.318035e+02 1.360633e+06
1.334835e+02 1.305070e+06
1.351848e+02 1.252169e+06
1.369079e+02 1.201759e+06
1.386529e+02 1.152802e+06
1.404201e+02 1.106443e+06
1.422099e+02 1.061478e+06
1.440225e+02 1.018630e+06
1.458582e+02 9.767585e+05
1.477172e+02 9.368783e+05
1.496000e+02 8.987228e+05
1.515068e+02 8.620047e+05
1.534379e+02 8.271554e+05
1.553935e+02 7.934641e+05
1.573742e+02 7.613256e+05
1.593800e+02 7.306080e+05
1.614115e+02 7.008334e+05
1.634688e+02 6.725348e+05
1.655523e+02 6.453886e+05
1.676624e+02 6.192225e+05
1.697994e+02 5.940371e+05
1.719636e+02 5.699758e+05
1.741555e+02 5.468570e+05
1.763752e+02 5.247841e+05
1.786233e+02 5.033176e+05
1.809000e+02 4.829248e+05
1.832057e+02 4.632261e+05
1.855408e+02 4.443462e+05
1.879056e+02 4.264270e+05
1.903007e+02 4.091604e+05
1.927262e+02 3.924202e+05
1.951826e+02 3.763862e+05
1.976704e+02 3.609300e+05
2.001899e+02 3.463125e+05
2.027415e+02 3.323688e+05
2.053256e+02 3.189660e+05
2.079426e+02 3.061107e+05
2.105930e+02 2.937713e+05
2.132772e+02 2.819164e+05
2.159956e+02 2.705682e+05
2.187486e+02 2.595460e+05
2.215367e+02 2.490090e+05
2.243604e+02 2.389876e+05
2.272201e+02 2.293762e+05
2.301162e+02 2.200448e+05
2.330492e+02 2.112357e+05
2.360196e+02 2.027183e+05
2.390278e+02 1.944270e+05
2.420744e+02 1.865372e+05
2.451599e+02 1.789872e+05
2.482846e+02 1.716730e+05
2.514492e+02 1.646283e+05
2.546542e+02 1.579888e+05
2.578999e+02 1.516649e+05
2.611871e+02 1.455217e+05
2.645161e+02 1.396483e+05
2.678876e+02 1.339767e+05
2.713020e+02 1.285004e+05
2.747600e+02 1.232385e+05
2.782620e+02 1.182337e+05
2.818087e+02 1.134539e+05
2.854006e+02 1.089052e+05
2.890383e+02 1.045268e+05
2.927223e+02 1.002414e+05
2.964533e+02 9.615263e+04
3.002318e+02 9.220201e+04
3.040585e+02 8.849151e+04
3.079340e+02 8.491561e+04
3.118588e+02 8.151064e+04
3.158337e+02 7.825061e+04
3.198593e+02 7.511024e+04
3.239362e+02 7.211540e+04
3.280650e+02 6.920962e+04
3.322464e+02 6.636996e+04
3.364812e+02 6.365876e+04
3.407699e+02 6.106496e+04
3.451133e+02 5.859484e+04
3.495121e+02 5.621288e+04
3.539669e+02 5.395902e+04
3.584785e+02 5.178358e+04
3.630476e+02 4.968824e+04
3.676749e+02 4.767491e+04
3.723612e+02 4.574899e+04
3.771073e+02 4.388897e+04
3.819138e+02 4.210478e+04
3.867816e+02 4.039544e+04
3.917114e+02 3.876407e+04
3.967041e+02 3.720282e+04
4.017604e+02 3.570022e+04
4.068812e+02 3.425667e+04
4.120672e+02 3.287095e+04
4.173194e+02 3.153818e+04
4.226384e+02 3.026959e+04
4.280253e+02 2.905204e+04
4.334808e+02 2.787669e+04
4.390059e+02 2.675316e+04
4.446014e+02 2.566971e+04
4.502682e+02 2.462434e+04
4.560072e+02 2.362013e+04
4.618194e+02 2.266347e+04
4.677057e+02 2.174212e+04
4.736670e+02 2.085036e+04
4.797042e+02 1.999699e+04
4.858185e+02 1.918202e+04
4.920106e+02 1.840189e+04
4.982817e+02 1.765439e+04
5.046327e+02 1.694051e+04
5.110646e+02 1.625562e+04
5.175786e+02 1.559302e+04
5.241755e+02 1.495315e+04
5.308566e+02 1.434480e+04
5.376228e+02 1.376105e+04
5.444752e+02 1.320150e+04
5.514150e+02 1.266560e+04
5.584432e+02 1.215466e+04
5.655610e+02 1.166538e+04
5.727696e+02 1.119275e+04
5.800700e+02 1.073522e+04
5.874635e+02 1.029903e+04
5.949511e+02 9.885253e+03
6.025343e+02 9.487154e+03
6.102141e+02 9.102870e+03
6.179917e+02 8.734152e+03
6.258686e+02 8.380197e+03
6.338458e+02 8.040448e+03
6.419246e+02 7.714901e+03
6.501065e+02 7.403158e+03
6.583926e+02 7.103919e+03
6.667844e+02 6.817503e+03
6.752831e+02 6.542473e+03
6.838901e+02 6.278794e+03
6.926068e+02 6.023601e+03
7.014347e+02 5.779165e+03
7.103750e+02 5.544518e+03
7.194293e+02 5.319641e+03
7.285991e+02 5.103885e+03
7.378856e+02 4.896880e+03
7.472906e+02 4.697666e+03
7.568154e+02 4.506547e+03
7.664616e+02 4.323091e+03
7.762308e+02 4.147318e+03
7.861245e+02 3.978971e+03
7.961443e+02 3.818699e+03
8.062918e+02 3.665791e+03
8.165687e+02 3.517802e+03
8.269765e+02 3.375578e+03
8.375170e+02 3.240379e+03
8.481918e+02 3.109445e+03
8.590027e+02 2.982912e+03
8.699514e+02 2.861432e+03
8.810396e+02 2.744783e+03
8.922692e+02 2.632615e+03
9.036419e+02 2.525032e+03
9.151595e+02 2.421947e+03
9.268240e+02 2.323108e+03
9.386371e+02 2.228590e+03
9.506008e+02 2.138737e+03
9.627170e+02 2.052150e+03
9.749876e+02 1.969991e+03
9.874146e+02 1.891251e+03
1.000000e+03 1.815017e+03
