# E(MeV) Phi16 Phi84
5.000000e-02 6.722570e+11 1.025399e+12
5.100225e-02 6.558314e+11 9.971768e+11
5.202458e-02 6.398821e+11 9.707314e+11
5.306741e-02 6.244937e+11 9.448134e+11
5.413114e-02 6.093998e+11 9.196824e+11
5.521620e-02 5.941042e+11 8.948181e+11
5.632300e-02 5.793980e+11 8.703568e+11
5.745199e-02 5.650820e+11 8.472266e+11
5.860361e-02 5.511194e+11 8.249359e+11
5.977832e-02 5.381916e+11 8.031306e+11
6.097657e-02 5.258236e+11 7.822888e+11
6.219884e-02 5.132164e+11 7.611248e+11
6.344561e-02 5.000241e+11 7.409405e+11
6.471737e-02 4.870878e+11 7.207297e+11
6.601463e-02 4.758802e+11 7.008415e+11
6.733789e-02 4.641447e+11 6.821655e+11
6.868767e-02 4.531425e+11 6.634115e+11
7.006451e-02 4.420018e+11 6.448058e+11
7.146895e-02 4.315377e+11 6.274766e+11
7.290154e-02 4.213192e+11 6.107768e+11
7.436284e-02 4.106125e+11 5.944940e+11
7.585344e-02 4.002737e+11 5.786141e+11
7.737392e-02 3.903820e+11 5.632017e+11
7.892487e-02 3.813598e+11 5.482791e+11
8.050691e-02 3.725450e+11 5.335164e+11
8.212067e-02 3.637602e+11 5.193824e+11
8.376677e-02 3.548914e+11 5.053041e+11
8.544587e-02 3.459045e+11 4.913496e+11
8.715862e-02 3.371940e+11 4.785466e+11
8.890571e-02 3.287024e+11 4.650180e+11
9.068782e-02 3.207984e+11 4.522115e+11
9.250565e-02 3.132762e+11 4.398459e+11
9.435992e-02 3.059398e+11 4.280774e+11
9.625136e-02 2.982258e+11 4.171304e+11
9.818071e-02 2.909699e+11 4.059825e+11
1.001487e-01 2.834720e+11 3.947722e+11
1.021562e-01 2.764590e+11 3.841565e+11
1.042039e-01 2.696246e+11 3.738393e+11
1.062927e-01 2.630510e+11 3.635368e+11
1.084233e-01 2.566769e+11 3.536765e+11
1.105966e-01 2.504212e+11 3.446920e+11
1.128135e-01 2.440312e+11 3.358257e+11
1.150749e-01 2.378634e+11 3.267880e+11
1.173816e-01 2.319413e+11 3.183893e+11
1.197345e-01 2.261650e+11 3.101583e+11
1.221345e-01 2.204369e+11 3.018394e+11
1.245827e-01 2.146711e+11 2.939265e+11
1.270800e-01 2.094658e+11 2.863902e+11
1.296273e-01 2.045902e+11 2.785571e+11
1.322256e-01 1.997438e+11 2.714463e+11
1.348761e-01 1.945765e+11 2.648222e+11
1.375797e-01 1.897592e+11 2.581003e+11
1.403374e-01 1.852057e+11 2.512268e+11
1.431505e-01 1.808620e+11 2.442480e+11
1.460199e-01 1.766159e+11 2.374468e+11
1.489469e-01 1.722197e+11 2.308587e+11
1.519325e-01 1.678504e+11 2.244943e+11
1.549780e-01 1.634594e+11 2.181294e+11
1.580845e-01 1.592432e+11 2.121999e+11
1.612533e-01 1.555193e+11 2.062837e+11
1.644856e-01 1.516419e+11 2.007309e+11
1.677827e-01 1.478386e+11 1.953946e+11
1.711459e-01 1.441364e+11 1.903465e+11
1.745765e-01 1.402457e+11 1.854138e+11
1.780759e-01 1.366973e+11 1.803843e+11
1.816454e-01 1.332165e+11 1.754921e+11
1.852865e-01 1.297949e+11 1.710808e+11
1.890005e-01 1.264956e+11 1.667804e+11
1.927890e-01 1.234058e+11 1.624382e+11
1.966535e-01 1.203225e+11 1.580123e+11
2.005954e-01 1.173225e+11 1.534312e+11
2.046163e-01 1.145694e+11 1.495669e+11
2.087178e-01 1.118265e+11 1.455383e+11
2.129015e-01 1.090016e+11 1.419168e+11
2.171691e-01 1.062747e+11 1.382043e+11
2.215223e-01 1.035686e+11 1.344915e+11
2.259627e-01 1.008954e+11 1.309512e+11
2.304921e-01 9.836396e+10 1.274968e+11
2.351123e-01 9.590996e+10 1.241032e+11
2.398251e-01 9.348364e+10 1.209178e+11
2.446324e-01 9.104575e+10 1.176666e+11
2.495360e-01 8.870248e+10 1.144468e+11
2.545379e-01 8.637550e+10 1.113753e+11
2.596401e-01 8.422857e+10 1.082622e+11
2.648446e-01 8.206249e+10 1.053616e+11
2.701534e-01 7.996707e+10 1.025733e+11
2.755686e-01 7.788266e+10 9.984419e+10
2.810923e-01 7.580776e+10 9.717060e+10
2.867268e-01 7.383998e+10 9.448917e+10
2.924742e-01 7.196123e+10 9.195292e+10
2.983368e-01 7.011200e+10 8.958802e+10
3.043170e-01 6.833038e+10 8.724815e+10
3.104170e-01 6.662793e+10 8.487586e+10
3.166393e-01 6.481540e+10 8.262442e+10
3.229863e-01 6.313755e+10 8.048357e+10
3.294605e-01 6.149724e+10 7.827474e+10
3.360645e-01 5.987147e+10 7.620810e+10
3.428009e-01 5.832547e+10 7.416148e+10
3.496723e-01 5.679633e+10 7.226188e+10
3.566815e-01 5.532848e+10 7.032249e+10
3.638311e-01 5.395086e+10 6.851206e+10
3.711241e-01 5.251892e+10 6.675403e+10
3.785633e-01 5.110293e+10 6.503927e+10
3.861515e-01 4.971277e+10 6.334579e+10
3.938919e-01 4.842888e+10 6.171932e+10
4.017874e-01 4.718604e+10 6.014493e+10
4.098412e-01 4.594972e+10 5.853950e+10
4.180565e-01 4.476579e+10 5.699459e+10
4.264364e-01 4.355242e+10 5.556842e+10
4.349843e-01 4.236431e+10 5.409475e+10
4.437035e-01 4.121891e+10 5.262604e+10
4.525975e-01 4.009608e+10 5.120017e+10
4.616698e-01 3.906483e+10 4.990479e+10
4.709239e-01 3.803242e+10 4.863313e+10
4.803635e-01 3.701262e+10 4.731441e+10
4.899924e-01 3.599505e+10 4.608457e+10
4.998143e-01 3.501806e+10 4.489424e+10
5.098330e-01 3.405348e+10 4.372707e+10
5.200526e-01 3.311111e+10 4.255449e+10
5.304770e-01 3.226604e+10 4.140002e+10
5.411103e-01 3.142911e+10 4.034860e+10
5.519569e-01 3.059812e+10 3.934202e+10
5.630208e-01 2.974454e+10 3.832934e+10
5.743065e-01 2.893846e+10 3.735173e+10
5.858184e-01 2.816242e+10 3.632229e+10
5.975611e-01 2.737132e+10 3.533958e+10
6.095392e-01 2.660246e+10 3.432838e+10
6.217573e-01 2.589529e+10 3.343665e+10
6.342204e-01 2.518210e+10 3.256322e+10
6.469333e-01 2.447270e+10 3.173414e+10
6.599011e-01 2.380585e+10 3.092642e+10
6.731287e-01 2.315730e+10 3.014178e+10
6.866215e-01 2.249932e+10 2.937384e+10
7.003848e-01 2.186632e+10 2.860572e+10
7.144240e-01 2.124452e+10 2.784110e+10
7.287445e-01 2.064875e+10 2.710894e+10
7.433522e-01 2.006840e+10 2.640038e+10
7.582526e-01 1.951160e+10 2.565879e+10
7.734517e-01 1.896375e+10 2.496271e+10
7.889555e-01 1.844222e+10 2.427828e+10
8.047701e-01 1.790986e+10 2.362080e+10
8.209016e-01 1.740886e+10 2.297862e+10
8.373565e-01 1.691117e+10 2.236329e+10
8.541413e-01 1.643094e+10 2.177462e+10
8.712625e-01 1.596917e+10 2.120389e+10
8.887268e-01 1.551696e+10 2.063215e+10
9.065413e-01 1.508112e+10 2.006935e+10
9.247129e-01 1.463614e+10 1.953035e+10
9.432487e-01 1.421780e+10 1.900040e+10
9.621560e-01 1.383284e+10 1.850268e+10
9.814423e-01 1.343881e+10 1.800295e+10
1.001115e+00 1.305124e+10 1.749396e+10
1.021183e+00 1.269173e+10 1.700459e+10
1.041652e+00 1.234054e+10 1.654960e+10
1.062532e+00 1.197837e+10 1.608958e+10
1.083830e+00 1.163748e+10 1.565538e+10
1.105556e+00 1.129694e+10 1.524080e+10
1.127716e+00 1.096794e+10 1.483472e+10
1.150321e+00 1.063622e+10 1.442772e+10
1.173379e+00 1.033964e+10 1.402617e+10
1.196900e+00 1.003894e+10 1.366186e+10
1.220892e+00 9.735742e+09 1.330015e+10
1.245364e+00 9.446647e+09 1.295289e+10
1.270327e+00 9.172707e+09 1.261370e+10
1.295791e+00 8.895829e+09 1.226361e+10
1.321765e+00 8.635906e+09 1.191489e+10
1.348260e+00 8.384741e+09 1.159846e+10
1.375286e+00 8.140605e+09 1.127689e+10
1.402853e+00 7.893772e+09 1.096176e+10
1.430973e+00 7.668111e+09 1.066617e+10
1.459657e+00 7.431552e+09 1.038201e+10
1.488916e+00 7.195275e+09 1.009985e+10
1.518761e+00 6.969115e+09 9.822987e+09
1.549204e+00 6.759630e+09 9.551443e+09
1.580258e+00 6.558567e+09 9.288024e+09
1.611934e+00 6.354136e+09 9.030397e+09
1.644245e+00 6.169589e+09 8.786809e+09
1.677204e+00 5.984039e+09 8.542202e+09
1.710823e+00 5.792630e+09 8.307122e+09
1.745117e+00 5.606879e+09 8.081118e+09
1.780097e+00 5.436547e+09 7.848679e+09
1.815779e+00 5.262785e+09 7.634911e+09
1.852176e+00 5.099339e+09 7.418104e+09
1.889303e+00 4.928854e+09 7.213275e+09
1.927174e+00 4.772558e+09 7.010054e+09
1.965804e+00 4.625237e+09 6.823019e+09
2.005209e+00 4.480831e+09 6.635078e+09
2.045403e+00 4.342714e+09 6.450149e+09
2.086403e+00 4.205576e+09 6.267807e+09
2.128224e+00 4.072868e+09 6.101444e+09
2.170885e+00 3.944445e+09 5.930552e+09
2.214400e+00 3.808552e+09 5.761418e+09
2.258787e+00 3.687363e+09 5.603957e+09
2.304064e+00 3.566649e+09 5.440629e+09
2.350249e+00 3.446857e+09 5.284258e+09
2.397360e+00 3.340117e+09 5.140619e+09
2.445415e+00 3.230497e+09 4.988669e+09
2.494433e+00 3.130320e+09 4.848899e+09
2.544434e+00 3.024109e+09 4.712052e+09
2.595437e+00 2.925200e+09 4.576376e+09
2.647462e+00 2.828715e+09 4.446827e+09
2.700530e+00 2.730185e+09 4.319121e+09
2.754662e+00 2.635666e+09 4.190336e+09
2.809879e+00 2.543729e+09 4.064002e+09
2.866203e+00 2.452421e+09 3.943788e+09
2.923656e+00 2.365051e+09 3.828800e+09
2.982260e+00 2.280451e+09 3.716446e+09
3.042039e+00 2.201387e+09 3.605727e+09
3.103017e+00 2.120488e+09 3.496906e+09
3.165216e+00 2.047586e+09 3.394582e+09
3.228663e+00 1.974167e+09 3.297718e+09
3.293381e+00 1.902590e+09 3.198281e+09
3.359397e+00 1.833365e+09 3.102332e+09
3.426736e+00 1.762571e+09 3.012054e+09
3.495424e+00 1.697299e+09 2.923756e+09
3.565490e+00 1.632726e+09 2.833460e+09
3.636960e+00 1.572148e+09 2.749046e+09
3.709862e+00 1.510477e+09 2.665927e+09
3.784226e+00 1.454043e+09 2.588811e+09
3.860081e+00 1.398325e+09 2.513517e+09
3.937456e+00 1.345644e+09 2.440159e+09
4.016382e+00 1.294330e+09 2.368913e+09
4.096890e+00 1.244204e+09 2.299455e+09
4.179012e+00 1.196976e+09 2.229294e+09
4.262780e+00 1.150653e+09 2.159571e+09
4.348227e+00 1.105881e+09 2.095378e+09
4.435387e+00 1.060752e+09 2.031998e+09
4.524294e+00 1.019072e+09 1.968522e+09
4.614983e+00 9.766714e+08 1.905859e+09
4.707490e+00 9.345476e+08 1.844528e+09
4.801851e+00 8.948022e+08 1.785173e+09
4.898104e+00 8.582705e+08 1.726637e+09
4.996286e+00 8.220113e+08 1.672339e+09
5.096436e+00 7.872679e+08 1.620041e+09
5.198594e+00 7.550597e+08 1.568704e+09
5.302799e+00 7.213016e+08 1.517814e+09
5.409093e+00 6.886650e+08 1.470487e+09
5.517518e+00 6.573349e+08 1.423402e+09
5.628116e+00 6.268821e+08 1.377788e+09
5.740932e+00 5.969497e+08 1.333570e+09
5.856008e+00 5.691588e+08 1.289415e+09
5.973391e+00 5.430927e+08 1.247913e+09
6.093127e+00 5.174354e+08 1.208258e+09
6.215264e+00 4.923377e+08 1.169832e+09
6.339848e+00 4.683588e+08 1.130588e+09
6.466930e+00 4.459708e+08 1.093433e+09
6.596559e+00 4.248115e+08 1.057528e+09
6.728787e+00 4.027889e+08 1.021060e+09
6.863665e+00 3.834392e+08 9.857873e+08
7.001246e+00 3.650342e+08 9.520090e+08
7.141586e+00 3.462695e+08 9.176109e+08
7.284738e+00 3.279884e+08 8.880617e+08
7.430760e+00 3.116791e+08 8.571367e+08
7.579709e+00 2.952472e+08 8.282917e+08
7.731644e+00 2.804376e+08 7.983392e+08
7.886624e+00 2.654402e+08 7.717770e+08
8.044711e+00 2.511820e+08 7.444898e+08
8.205967e+00 2.381441e+08 7.183799e+08
8.370455e+00 2.251337e+08 6.933174e+08
8.538240e+00 2.121720e+08 6.678158e+08
8.709388e+00 2.005102e+08 6.442512e+08
8.883967e+00 1.892085e+08 6.199184e+08
9.062045e+00 1.792430e+08 5.967534e+08
9.243693e+00 1.697510e+08 5.755654e+08
9.428983e+00 1.600891e+08 5.552133e+08
9.617986e+00 1.513073e+08 5.347903e+08
9.810778e+00 1.423594e+08 5.158721e+08
1.000743e+01 1.342658e+08 4.969477e+08
1.020803e+01 1.267844e+08 4.787566e+08
1.041265e+01 1.197560e+08 4.615270e+08
1.062137e+01 1.131910e+08 4.438367e+08
1.083428e+01 1.062012e+08 4.264839e+08
1.105145e+01 9.973136e+07 4.102115e+08
1.127297e+01 9.329335e+07 3.947379e+08
1.149894e+01 8.717477e+07 3.791627e+08
1.172944e+01 8.150237e+07 3.645348e+08
1.196455e+01 7.653688e+07 3.513028e+08
1.220438e+01 7.161103e+07 3.374385e+08
1.244902e+01 6.675763e+07 3.247092e+08
1.269856e+01 6.256345e+07 3.120446e+08
1.295310e+01 5.808075e+07 2.999479e+08
1.321274e+01 5.426011e+07 2.884669e+08
1.347759e+01 5.058417e+07 2.773000e+08
1.374775e+01 4.723167e+07 2.664041e+08
1.402332e+01 4.393571e+07 2.553248e+08
1.430442e+01 4.081560e+07 2.446096e+08
1.459115e+01 3.798344e+07 2.345375e+08
1.488362e+01 3.531760e+07 2.248581e+08
1.518197e+01 3.285768e+07 2.155222e+08
1.548629e+01 3.050562e+07 2.065921e+08
1.579671e+01 2.827054e+07 1.981788e+08
1.611335e+01 2.620450e+07 1.901930e+08
1.643634e+01 2.430012e+07 1.816967e+08
1.676581e+01 2.256304e+07 1.733439e+08
1.710188e+01 2.090388e+07 1.658097e+08
1.744468e+01 1.925667e+07 1.582549e+08
1.779436e+01 1.775132e+07 1.514217e+08
1.815105e+01 1.641482e+07 1.449175e+08
1.851488e+01 1.516339e+07 1.383445e+08
1.888601e+01 1.392850e+07 1.321036e+08
1.926458e+01 1.282501e+07 1.260631e+08
1.965074e+01 1.178510e+07 1.202294e+08
2.004464e+01 1.082621e+07 1.148093e+08
2.044643e+01 9.937485e+06 1.095567e+08
2.085628e+01 9.087194e+06 1.041120e+08
2.127434e+01 8.310579e+06 9.911642e+07
2.170078e+01 7.604873e+06 9.437662e+07
2.213577e+01 6.933115e+06 8.987854e+07
2.257948e+01 6.312254e+06 8.598298e+07
2.303209e+01 5.782814e+06 8.194445e+07
2.349376e+01 5.277851e+06 7.819027e+07
2.396469e+01 4.799385e+06 7.414590e+07
2.444506e+01 4.358514e+06 7.026730e+07
2.493506e+01 3.963531e+06 6.678354e+07
2.543488e+01 3.602033e+06 6.336813e+07
2.594472e+01 3.251199e+06 5.996302e+07
2.646478e+01 2.938855e+06 5.689898e+07
2.699527e+01 2.657384e+06 5.400428e+07
2.753639e+01 2.417431e+06 5.120898e+07
2.808835e+01 2.178972e+06 4.862863e+07
2.865138e+01 1.966116e+06 4.609574e+07
2.922570e+01 1.759103e+06 4.370656e+07
2.981152e+01 1.581095e+06 4.136005e+07
3.040909e+01 1.420919e+06 3.912869e+07
3.101864e+01 1.271541e+06 3.701876e+07
3.164041e+01 1.137843e+06 3.496967e+07
3.227464e+01 1.015360e+06 3.311325e+07
3.292158e+01 9.070467e+05 3.128348e+07
3.358149e+01 8.078344e+05 2.957614e+07
3.425463e+01 7.169785e+05 2.798514e+07
3.494126e+01 6.367612e+05 2.645448e+07
3.564165e+01 5.657337e+05 2.502476e+07
3.635609e+01 5.018738e+05 2.368846e+07
3.708484e+01 4.438244e+05 2.232109e+07
3.782820e+01 3.926113e+05 2.104127e+07
3.858647e+01 3.465574e+05 1.985382e+07
3.935993e+01 3.055738e+05 1.874439e+07
4.014890e+01 2.686442e+05 1.769779e+07
4.095368e+01 2.361718e+05 1.668631e+07
4.177459e+01 2.069717e+05 1.575466e+07
4.261196e+01 1.812803e+05 1.487289e+07
4.346611e+01 1.585970e+05 1.403343e+07
4.433739e+01 1.383792e+05 1.322800e+07
4.522613e+01 1.205383e+05 1.247719e+07
4.613268e+01 1.048020e+05 1.178921e+07
4.705741e+01 9.108583e+04 1.114781e+07
4.800067e+01 7.890730e+04 1.048590e+07
4.896284e+01 6.821057e+04 9.894478e+06
4.994430e+01 5.885192e+04 9.336160e+06
5.094543e+01 5.052339e+04 8.796753e+06
5.196662e+01 4.335193e+04 8.303916e+06
5.300829e+01 3.717560e+04 7.834990e+06
5.407084e+01 3.176894e+04 7.391807e+06
5.515468e+01 2.713259e+04 6.974301e+06
5.626026e+01 2.314271e+04 6.586174e+06
5.738799e+01 1.968434e+04 6.206918e+06
5.853833e+01 1.671730e+04 5.849016e+06
5.971172e+01 1.416053e+04 5.519576e+06
6.090864e+01 1.196734e+04 5.192634e+06
6.212955e+01 1.008822e+04 4.878006e+06
6.337493e+01 8.481839e+03 4.599801e+06
6.464528e+01 7.110765e+03 4.346212e+06
6.594109e+01 5.952930e+03 4.106062e+06
6.726287e+01 4.967869e+03 3.879403e+06
6.861115e+01 4.134841e+03 3.668769e+06
6.998645e+01 3.432210e+03 3.465508e+06
7.138933e+01 2.837193e+03 3.272324e+06
7.282032e+01 2.339641e+03 3.087305e+06
7.428000e+01 1.923238e+03 2.915294e+06
7.576894e+01 1.578156e+03 2.743775e+06
7.728772e+01 1.288433e+03 2.594373e+06
7.883694e+01 1.050016e+03 2.449714e+06
8.041722e+01 8.531549e+02 2.308033e+06
8.202918e+01 6.915211e+02 2.184061e+06
8.367345e+01 5.576277e+02 2.060087e+06
8.535068e+01 4.474494e+02 1.939739e+06
8.706153e+01 3.584937e+02 1.836047e+06
8.880667e+01 2.861187e+02 1.732594e+06
9.058679e+01 2.279816e+02 1.634063e+06
9.240260e+01 1.810230e+02 1.539849e+06
9.425480e+01 1.433464e+02 1.454407e+06
9.614413e+01 1.131715e+02 1.373198e+06
9.807133e+01 8.880799e+01 1.295096e+06
1.000372e+02 6.923001e+01 1.225442e+06
1.020424e+02 5.381410e+01 1.161519e+06
1.040878e+02 4.166591e+01 1.095106e+06
1.061743e+02 3.210389e+01 1.033814e+06
1.083025e+02 2.464222e+01 9.792299e+05
1.104734e+02 1.885528e+01 9.251047e+05
1.126879e+02 1.435187e+01 8.723619e+05
1.149467e+02 1.090029e+01 8.239951e+05
1.172508e+02 8.240704e+00 7.794357e+05
1.196011e+02 6.202559e+00 7.365044e+05
1.219985e+02 4.643718e+00 6.942715e+05
1.244439e+02 3.461245e+00 6.560762e+05
1.269384e+02 2.564896e+00 6.191220e+05
1.294828e+02 1.888768e+00 5.825124e+05
1.320783e+02 1.383814e+00 5.501693e+05
1.347258e+02 1.010592e+00 5.211260e+05
1.374264e+02 7.348421e-01 4.937484e+05
1.401811e+02 5.302800e-01 4.664462e+05
1.429910e+02 3.800520e-01 4.395217e+05
1.458573e+02 2.710765e-01 4.146125e+05
1.487810e+02 1.921432e-01 3.922919e+05
1.517633e+02 1.355999e-01 3.708486e+05
1.548053e+02 9.509670e-02 3.512051e+05
1.579084e+02 6.619234e-02 3.315073e+05
1.610737e+02 4.586696e-02 3.134388e+05
1.643024e+02 3.154932e-02 2.961639e+05
1.675958e+02 2.158096e-02 2.791981e+05
1.709552e+02 1.465223e-02 2.636374e+05
1.743820e+02 9.881253e-03 2.493135e+05
1.778775e+02 6.618160e-03 2.348935e+05
1.814430e+02 4.419336e-03 2.221755e+05
1.850801e+02 2.918236e-03 2.098103e+05
1.887900e+02 1.912749e-03 1.985661e+05
1.925743e+02 1.247824e-03 1.873462e+05
1.964344e+02 8.066941e-04 1.767154e+05
2.003719e+02 5.168813e-04 1.667486e+05
2.043883e+02 3.294177e-04 1.571364e+05
2.084853e+02 2.082875e-04 1.482809e+05
2.126644e+02 1.304611e-04 1.400107e+05
2.169272e+02 8.107313e-05 1.322019e+05
2.212755e+02 4.985722e-05 1.244737e+05
2.257109e+02 3.041930e-05 1.176680e+05
2.302353e+02 1.840162e-05 1.112618e+05
2.348503e+02 1.103124e-05 1.049015e+05
2.395579e+02 6.550544e-06 9.893682e+04
2.443598e+02 3.851315e-06 9.358315e+04
2.492580e+02 2.240044e-06 8.829234e+04
2.542544e+02 1.293246e-06 8.350915e+04
2.593509e+02 7.394431e-07 7.891217e+04
2.645495e+02 4.187188e-07 7.452430e+04
2.698524e+02 2.341575e-07 7.027444e+04
2.752616e+02 1.295747e-07 6.631960e+04
2.807792e+02 7.097618e-08 6.255572e+04
2.864074e+02 3.843124e-08 5.909312e+04
2.921484e+02 2.057652e-08 5.594813e+04
2.980045e+02 1.089583e-08 5.297510e+04
3.039780e+02 5.702308e-09 4.997059e+04
3.100712e+02 2.951503e-09 4.713200e+04
3.162865e+02 1.507259e-09 4.461021e+04
3.226265e+02 7.611701e-10 4.208707e+04
3.290935e+02 3.795868e-10 3.973868e+04
3.356901e+02 1.868810e-10 3.749867e+04
3.424190e+02 9.083431e-11 3.540154e+04
3.492828e+02 4.357057e-11 3.342057e+04
3.562841e+02 2.061396e-11 3.154753e+04
3.634258e+02 9.619492e-12 2.975718e+04
3.707107e+02 4.441770e-12 2.811022e+04
3.781415e+02 2.015684e-12 2.655363e+04
3.857213e+02 8.992595e-13 2.510203e+04
3.934531e+02 3.951383e-13 2.371001e+04
4.013398e+02 1.709553e-13 2.238137e+04
4.093847e+02 7.280318e-14 2.114040e+04
4.175907e+02 3.052016e-14 1.997396e+04
4.259613e+02 1.258029e-14 1.886483e+04
4.344997e+02 5.096683e-15 1.780594e+04
4.432092e+02 2.029873e-15 1.681565e+04
4.520933e+02 7.946451e-16 1.587988e+04
4.611555e+02 3.055740e-16 1.499528e+04
4.703993e+02 1.154069e-16 1.415388e+04
4.798284e+02 4.271912e-17 1.332379e+04
4.894465e+02 1.553182e-17 1.255745e+04
4.992574e+02 5.539593e-18 1.183708e+04
5.092650e+02 1.937487e-18 1.117990e+04
5.194732e+02 6.642722e-19 1.055878e+04
5.298860e+02 2.231345e-19 9.971767e+03
5.405075e+02 7.337643e-20 9.416995e+03
5.513420e+02 2.362805e-20 8.878932e+03
5.623936e+02 7.440049e-21 8.358374e+03
5.736667e+02 2.293698e-21 7.889659e+03
5.851658e+02 6.910195e-22 7.448896e+03
5.968954e+02 2.034140e-22 7.028945e+03
6.088601e+02 5.851575e-23 6.619843e+03
6.210647e+02 1.643924e-23 6.245380e+03
6.335139e+02 4.501408e-24 5.891811e+03
6.462126e+02 1.202457e-24 5.557981e+03
6.591659e+02 3.127753e-25 5.242799e+03
6.723788e+02 7.931971e-26 4.945234e+03
6.858566e+02 1.958822e-26 4.662903e+03
6.996046e+02 4.715004e-27 4.396225e+03
7.136281e+02 1.104082e-27 4.143982e+03
7.279327e+02 2.511152e-28 3.906543e+03
7.425240e+02 5.543268e-29 3.687244e+03
7.574079e+02 1.188771e-29 3.475076e+03
7.725901e+02 2.474587e-30 3.281599e+03
7.880766e+02 4.999360e-31 3.094564e+03
8.038735e+02 9.805717e-32 2.914485e+03
8.199871e+02 1.861115e-32 2.740051e+03
8.364237e+02 3.419771e-33 2.585067e+03
8.531897e+02 6.077152e-34 2.438300e+03
8.702918e+02 1.045821e-34 2.301297e+03
8.877368e+02 1.736998e-35 2.169233e+03
9.055314e+02 2.781671e-36 2.039729e+03
9.236827e+02 4.301311e-37 1.917819e+03
9.421978e+02 6.424914e-38 1.803563e+03
9.610841e+02 9.258990e-39 1.700291e+03
9.803490e+02 1.284714e-39 1.604394e+03
1.000000e+03 1.710116e-40 1.509785e+03
