# E(MeV) Phi16 Phi84
5.000000e-02 1.680642e+11 2.563497e+11
5.100225e-02 1.639578e+11 2.492942e+11
5.202458e-02 1.599705e+11 2.426828e+11
5.306741e-02 1.561234e+11 2.362034e+11
5.413114e-02 1.523499e+11 2.299206e+11
5.521620e-02 1.485261e+11 2.237045e+11
5.632300e-02 1.448495e+11 2.175892e+11
5.745199e-02 1.412705e+11 2.118067e+11
5.860361e-02 1.377799e+11 2.062340e+11
5.977832e-02 1.345479e+11 2.007827e+11
6.097657e-02 1.314559e+11 1.955722e+11
6.219884e-02 1.283041e+11 1.902812e+11
6.344561e-02 1.250060e+11 1.852351e+11
6.471737e-02 1.217719e+11 1.801824e+11
6.601463e-02 1.189701e+11 1.752104e+11
6.733789e-02 1.160362e+11 1.705414e+11
6.868767e-02 1.132856e+11 1.658529e+11
7.006451e-02 1.105005e+11 1.612014e+11
7.146895e-02 1.078844e+11 1.568691e+11
7.290154e-02 1.053298e+11 1.526942e+11
7.436284e-02 1.026531e+11 1.486235e+11
7.585344e-02 1.000684e+11 1.446535e+11
7.737392e-02 9.759551e+10 1.408004e+11
7.892487e-02 9.533994e+10 1.370698e+11
8.050691e-02 9.313624e+10 1.333791e+11
8.212067e-02 9.094005e+10 1.298456e+11
8.376677e-02 8.872286e+10 1.263260e+11
8.544587e-02 8.647612e+10 1.228374e+11
8.715862e-02 8.429851e+10 1.196366e+11
8.890571e-02 8.217560e+10 1.162545e+11
9.068782e-02 8.019960e+10 1.130529e+11
9.250565e-02 7.831906e+10 1.099615e+11
9.435992e-02 7.648496e+10 1.070193e+11
9.625136e-02 7.455644e+10 1.042826e+11
9.818071e-02 7.274247e+10 1.014956e+11
1.001487e-01 7.086801e+10 9.869304e+10
1.021562e-01 6.911475e+10 9.603913e+10
1.042039e-01 6.740614e+10 9.345983e+10
1.062927e-01 6.576275e+10 9.088420e+10
1.084233e-01 6.416923e+10 8.841912e+10
1.105966e-01 6.260531e+10 8.617301e+10
1.128135e-01 6.100779e+10 8.395642e+10
1.150749e-01 5.946586e+10 8.169701e+10
1.173816e-01 5.798531e+10 7.959733e+10
1.197345e-01 5.654124e+10 7.753958e+10
1.221345e-01 5.510923e+10 7.545984e+10
1.245827e-01 5.366778e+10 7.348163e+10
1.270800e-01 5.236645e+10 7.159755e+10
1.296273e-01 5.114755e+10 6.963928e+10
1.322256e-01 4.993595e+10 6.786158e+10
1.348761e-01 4.864412e+10 6.620555e+10
1.375797e-01 4.743980e+10 6.452507e+10
1.403374e-01 4.630142e+10 6.280671e+10
1.431505e-01 4.521549e+10 6.106199e+10
1.460199e-01 4.415397e+10 5.936169e+10
1.489469e-01 4.305492e+10 5.771468e+10
1.519325e-01 4.196260e+10 5.612357e+10
1.549780e-01 4.086485e+10 5.453236e+10
1.580845e-01 3.981080e+10 5.304997e+10
1.612533e-01 3.887984e+10 5.157093e+10
1.644856e-01 3.791048e+10 5.018273e+10
1.677827e-01 3.695966e+10 4.884864e+10
1.711459e-01 3.603410e+10 4.758662e+10
1.745765e-01 3.506142e+10 4.635345e+10
1.780759e-01 3.417433e+10 4.509606e+10
1.816454e-01 3.330413e+10 4.387302e+10
1.852865e-01 3.244873e+10 4.277020e+10
1.890005e-01 3.162390e+10 4.169510e+10
1.927890e-01 3.085144e+10 4.060955e+10
1.966535e-01 3.008062e+10 3.950308e+10
2.005954e-01 2.933063e+10 3.835779e+10
2.046163e-01 2.864235e+10 3.739173e+10
2.087178e-01 2.795663e+10 3.638459e+10
2.129015e-01 2.725039e+10 3.547920e+10
2.171691e-01 2.656868e+10 3.455108e+10
2.215223e-01 2.589216e+10 3.362287e+10
2.259627e-01 2.522385e+10 3.273781e+10
2.304921e-01 2.459099e+10 3.187419e+10
2.351123e-01 2.397749e+10 3.102579e+10
2.398251e-01 2.337091e+10 3.022946e+10
2.446324e-01 2.276144e+10 2.941666e+10
2.495360e-01 2.217562e+10 2.861171e+10
2.545379e-01 2.159387e+10 2.784384e+10
2.596401e-01 2.105714e+10 2.706554e+10
2.648446e-01 2.051562e+10 2.634041e+10
2.701534e-01 1.999177e+10 2.564334e+10
2.755686e-01 1.947066e+10 2.496105e+10
2.810923e-01 1.895194e+10 2.429265e+10
2.867268e-01 1.845999e+10 2.362229e+10
2.924742e-01 1.799031e+10 2.298823e+10
2.983368e-01 1.752800e+10 2.239700e+10
3.043170e-01 1.708260e+10 2.181204e+10
3.104170e-01 1.665698e+10 2.121896e+10
3.166393e-01 1.620385e+10 2.065610e+10
3.229863e-01 1.578439e+10 2.012089e+10
3.294605e-01 1.537431e+10 1.956868e+10
3.360645e-01 1.496787e+10 1.905203e+10
3.428009e-01 1.458137e+10 1.854037e+10
3.496723e-01 1.419908e+10 1.806547e+10
3.566815e-01 1.383212e+10 1.758062e+10
3.638311e-01 1.348772e+10 1.712801e+10
3.711241e-01 1.312973e+10 1.668851e+10
3.785633e-01 1.277573e+10 1.625982e+10
3.861515e-01 1.242819e+10 1.583645e+10
3.938919e-01 1.210722e+10 1.542983e+10
4.017874e-01 1.179651e+10 1.503623e+10
4.098412e-01 1.148743e+10 1.463488e+10
4.180565e-01 1.119145e+10 1.424865e+10
4.264364e-01 1.088811e+10 1.389211e+10
4.349843e-01 1.059108e+10 1.352369e+10
4.437035e-01 1.030473e+10 1.315651e+10
4.525975e-01 1.002402e+10 1.280004e+10
4.616698e-01 9.766206e+09 1.247620e+10
4.709239e-01 9.508106e+09 1.215828e+10
4.803635e-01 9.253156e+09 1.182860e+10
4.899924e-01 8.998761e+09 1.152114e+10
4.998143e-01 8.754515e+09 1.122356e+10
5.098330e-01 8.513369e+09 1.093177e+10
5.200526e-01 8.277776e+09 1.063862e+10
5.304770e-01 8.066510e+09 1.035000e+10
5.411103e-01 7.857276e+09 1.008715e+10
5.519569e-01 7.649529e+09 9.835504e+09
5.630208e-01 7.436136e+09 9.582335e+09
5.743065e-01 7.234614e+09 9.337932e+09
5.858184e-01 7.040605e+09 9.080572e+09
5.975611e-01 6.842831e+09 8.834895e+09
6.095392e-01 6.650615e+09 8.582095e+09
6.217573e-01 6.473823e+09 8.359163e+09
6.342204e-01 6.295526e+09 8.140805e+09
6.469333e-01 6.118175e+09 7.933534e+09
6.599011e-01 5.951462e+09 7.731606e+09
6.731287e-01 5.789325e+09 7.535445e+09
6.866215e-01 5.624829e+09 7.343460e+09
7.003848e-01 5.466580e+09 7.151431e+09
7.144240e-01 5.311131e+09 6.960275e+09
7.287445e-01 5.162187e+09 6.777234e+09
7.433522e-01 5.017100e+09 6.600095e+09
7.582526e-01 4.877901e+09 6.414698e+09
7.734517e-01 4.740938e+09 6.240678e+09
7.889555e-01 4.610555e+09 6.069571e+09
8.047701e-01 4.477464e+09 5.905201e+09
8.209016e-01 4.352216e+09 5.744655e+09
8.373565e-01 4.227793e+09 5.590823e+09
8.541413e-01 4.107734e+09 5.443656e+09
8.712625e-01 3.992292e+09 5.300973e+09
8.887268e-01 3.879241e+09 5.158036e+09
9.065413e-01 3.770281e+09 5.017337e+09
9.247129e-01 3.659035e+09 4.882587e+09
9.432487e-01 3.554450e+09 4.750099e+09
9.621560e-01 3.458210e+09 4.625670e+09
9.814423e-01 3.359703e+09 4.500736e+09
1.001115e+00 3.262810e+09 4.373490e+09
1.021183e+00 3.172932e+09 4.251148e+09
1.041652e+00 3.085135e+09 4.137400e+09
1.062532e+00 2.994593e+09 4.022396e+09
1.083830e+00 2.909370e+09 3.913845e+09
1.105556e+00 2.824235e+09 3.810199e+09
1.127716e+00 2.741985e+09 3.708681e+09
1.150321e+00 2.659055e+09 3.606930e+09
1.173379e+00 2.584911e+09 3.506542e+09
1.196900e+00 2.509734e+09 3.415465e+09
1.220892e+00 2.433935e+09 3.325037e+09
1.245364e+00 2.361662e+09 3.238222e+09
1.270327e+00 2.293177e+09 3.153426e+09
1.295791e+00 2.223957e+09 3.065903e+09
1.321765e+00 2.158977e+09 2.978721e+09
1.348260e+00 2.096185e+09 2.899615e+09
1.375286e+00 2.035151e+09 2.819223e+09
1.402853e+00 1.973443e+09 2.740440e+09
1.430973e+00 1.917028e+09 2.666542e+09
1.459657e+00 1.857888e+09 2.595502e+09
1.488916e+00 1.798819e+09 2.524963e+09
1.518761e+00 1.742279e+09 2.455747e+09
1.549204e+00 1.689908e+09 2.387861e+09
1.580258e+00 1.639642e+09 2.322006e+09
1.611934e+00 1.588534e+09 2.257599e+09
1.644245e+00 1.542397e+09 2.196702e+09
1.677204e+00 1.496010e+09 2.135551e+09
1.710823e+00 1.448158e+09 2.076781e+09
1.745117e+00 1.401720e+09 2.020280e+09
1.780097e+00 1.359137e+09 1.962170e+09
1.815779e+00 1.315696e+09 1.908728e+09
1.852176e+00 1.274835e+09 1.854526e+09
1.889303e+00 1.232213e+09 1.803319e+09
1.927174e+00 1.193140e+09 1.752513e+09
1.965804e+00 1.156309e+09 1.705755e+09
2.005209e+00 1.120208e+09 1.658769e+09
2.045403e+00 1.085679e+09 1.612537e+09
2.086403e+00 1.051394e+09 1.566952e+09
2.128224e+00 1.018217e+09 1.525361e+09
2.170885e+00 9.861113e+08 1.482638e+09
2.214400e+00 9.521380e+08 1.440354e+09
2.258787e+00 9.218408e+08 1.400989e+09
2.304064e+00 8.916623e+08 1.360157e+09
2.350249e+00 8.617142e+08 1.321065e+09
2.397360e+00 8.350291e+08 1.285155e+09
2.445415e+00 8.076243e+08 1.247167e+09
2.494433e+00 7.825800e+08 1.212225e+09
2.544434e+00 7.560271e+08 1.178013e+09
2.595437e+00 7.313001e+08 1.144094e+09
2.647462e+00 7.071787e+08 1.111707e+09
2.700530e+00 6.825462e+08 1.079780e+09
2.754662e+00 6.589164e+08 1.047584e+09
2.809879e+00 6.359322e+08 1.016001e+09
2.866203e+00 6.131052e+08 9.859471e+08
2.923656e+00 5.912627e+08 9.572000e+08
2.982260e+00 5.701128e+08 9.291116e+08
3.042039e+00 5.503468e+08 9.014317e+08
3.103017e+00 5.301220e+08 8.742266e+08
3.165216e+00 5.118964e+08 8.486455e+08
3.228663e+00 4.935417e+08 8.244295e+08
3.293381e+00 4.756474e+08 7.995702e+08
3.359397e+00 4.583413e+08 7.755831e+08
3.426736e+00 4.406427e+08 7.530135e+08
3.495424e+00 4.243248e+08 7.309390e+08
3.565490e+00 4.081816e+08 7.083651e+08
3.636960e+00 3.930369e+08 6.872615e+08
3.709862e+00 3.776192e+08 6.664816e+08
3.784226e+00 3.635108e+08 6.472028e+08
3.860081e+00 3.495813e+08 6.283793e+08
3.937456e+00 3.364111e+08 6.100396e+08
4.016382e+00 3.235825e+08 5.922282e+08
4.096890e+00 3.110511e+08 5.748637e+08
4.179012e+00 2.992439e+08 5.573235e+08
4.262780e+00 2.876631e+08 5.398927e+08
4.348227e+00 2.764703e+08 5.238444e+08
4.435387e+00 2.651880e+08 5.079995e+08
4.524294e+00 2.547679e+08 4.921304e+08
4.614983e+00 2.441678e+08 4.764648e+08
4.707490e+00 2.336369e+08 4.611320e+08
4.801851e+00 2.237006e+08 4.462934e+08
4.898104e+00 2.145676e+08 4.316592e+08
4.996286e+00 2.055028e+08 4.180848e+08
5.096436e+00 1.968170e+08 4.050103e+08
5.198594e+00 1.887649e+08 3.921761e+08
5.302799e+00 1.803254e+08 3.794536e+08
5.409093e+00 1.721663e+08 3.676217e+08
5.517518e+00 1.643337e+08 3.558504e+08
5.628116e+00 1.567205e+08 3.444470e+08
5.740932e+00 1.492374e+08 3.333924e+08
5.856008e+00 1.422897e+08 3.223539e+08
5.973391e+00 1.357732e+08 3.119783e+08
6.093127e+00 1.293588e+08 3.020646e+08
6.215264e+00 1.230844e+08 2.924581e+08
6.339848e+00 1.170897e+08 2.826470e+08
6.466930e+00 1.114927e+08 2.733581e+08
6.596559e+00 1.062029e+08 2.643819e+08
6.728787e+00 1.006972e+08 2.552651e+08
6.863665e+00 9.585980e+07 2.464468e+08
7.001246e+00 9.125855e+07 2.380023e+08
7.141586e+00 8.656738e+07 2.294027e+08
7.284738e+00 8.199711e+07 2.220154e+08
7.430760e+00 7.791977e+07 2.142842e+08
7.579709e+00 7.381179e+07 2.070729e+08
7.731644e+00 7.010941e+07 1.995848e+08
7.886624e+00 6.636005e+07 1.929443e+08
8.044711e+00 6.279549e+07 1.861225e+08
8.205967e+00 5.953603e+07 1.795950e+08
8.370455e+00 5.628342e+07 1.733294e+08
8.538240e+00 5.304299e+07 1.669539e+08
8.709388e+00 5.012756e+07 1.610628e+08
8.883967e+00 4.730213e+07 1.549796e+08
9.062045e+00 4.481076e+07 1.491884e+08
9.243693e+00 4.243776e+07 1.438913e+08
9.428983e+00 4.002228e+07 1.388033e+08
9.617986e+00 3.782683e+07 1.336976e+08
9.810778e+00 3.558984e+07 1.289680e+08
1.000743e+01 3.356644e+07 1.242369e+08
1.020803e+01 3.169611e+07 1.196892e+08
1.041265e+01 2.993900e+07 1.153817e+08
1.062137e+01 2.829775e+07 1.109592e+08
1.083428e+01 2.655031e+07 1.066210e+08
1.105145e+01 2.493284e+07 1.025529e+08
1.127297e+01 2.332334e+07 9.868448e+07
1.149894e+01 2.179369e+07 9.479069e+07
1.172944e+01 2.037559e+07 9.113369e+07
1.196455e+01 1.913422e+07 8.782571e+07
1.220438e+01 1.790276e+07 8.435962e+07
1.244902e+01 1.668941e+07 8.117729e+07
1.269856e+01 1.564086e+07 7.801116e+07
1.295310e+01 1.452019e+07 7.498697e+07
1.321274e+01 1.356503e+07 7.211672e+07
1.347759e+01 1.264604e+07 6.932501e+07
1.374775e+01 1.180792e+07 6.660103e+07
1.402332e+01 1.098393e+07 6.383119e+07
1.430442e+01 1.020390e+07 6.115241e+07
1.459115e+01 9.495859e+06 5.863437e+07
1.488362e+01 8.829401e+06 5.621453e+07
1.518197e+01 8.214421e+06 5.388054e+07
1.548629e+01 7.626406e+06 5.164802e+07
1.579671e+01 7.067636e+06 4.954469e+07
1.611335e+01 6.551125e+06 4.754825e+07
1.643634e+01 6.075031e+06 4.542417e+07
1.676581e+01 5.640760e+06 4.333597e+07
1.710188e+01 5.225971e+06 4.145243e+07
1.744468e+01 4.814167e+06 3.956372e+07
1.779436e+01 4.437831e+06 3.785543e+07
1.815105e+01 4.103704e+06 3.622939e+07
1.851488e+01 3.790847e+06 3.458612e+07
1.888601e+01 3.482126e+06 3.302590e+07
1.926458e+01 3.206253e+06 3.151576e+07
1.965074e+01 2.946274e+06 3.005736e+07
2.004464e+01 2.706551e+06 2.870233e+07
2.044643e+01 2.484371e+06 2.738918e+07
2.085628e+01 2.271799e+06 2.602801e+07
2.127434e+01 2.077645e+06 2.477911e+07
2.170078e+01 1.901218e+06 2.359416e+07
2.213577e+01 1.733279e+06 2.246963e+07
2.257948e+01 1.578063e+06 2.149575e+07
2.303209e+01 1.445703e+06 2.048611e+07
2.349376e+01 1.319463e+06 1.954757e+07
2.396469e+01 1.199846e+06 1.853648e+07
2.444506e+01 1.089628e+06 1.756682e+07
2.493506e+01 9.908828e+05 1.669588e+07
2.543488e+01 9.005082e+05 1.584203e+07
2.594472e+01 8.127997e+05 1.499076e+07
2.646478e+01 7.347137e+05 1.422475e+07
2.699527e+01 6.643460e+05 1.350107e+07
2.753639e+01 6.043578e+05 1.280224e+07
2.808835e+01 5.447431e+05 1.215716e+07
2.865138e+01 4.915289e+05 1.152393e+07
2.922570e+01 4.397758e+05 1.092664e+07
2.981152e+01 3.952738e+05 1.034001e+07
3.040909e+01 3.552298e+05 9.782173e+06
3.101864e+01 3.178854e+05 9.254690e+06
3.164041e+01 2.844607e+05 8.742418e+06
3.227464e+01 2.538400e+05 8.278313e+06
3.292158e+01 2.267617e+05 7.820871e+06
3.358149e+01 2.019586e+05 7.394035e+06
3.425463e+01 1.792446e+05 6.996284e+06
3.494126e+01 1.591903e+05 6.613621e+06
3.564165e+01 1.414334e+05 6.256191e+06
3.635609e+01 1.254685e+05 5.922114e+06
3.708484e+01 1.109561e+05 5.580272e+06
3.782820e+01 9.815282e+04 5.260317e+06
3.858647e+01 8.663935e+04 4.963454e+06
3.935993e+01 7.639345e+04 4.686098e+06
4.014890e+01 6.716105e+04 4.424447e+06
4.095368e+01 5.904296e+04 4.171578e+06
4.177459e+01 5.174294e+04 3.938666e+06
4.261196e+01 4.532007e+04 3.718222e+06
4.346611e+01 3.964924e+04 3.508358e+06
4.433739e+01 3.459481e+04 3.306999e+06
4.522613e+01 3.013457e+04 3.119298e+06
4.613268e+01 2.620049e+04 2.947302e+06
4.705741e+01 2.277146e+04 2.786953e+06
4.800067e+01 1.972683e+04 2.621474e+06
4.896284e+01 1.705264e+04 2.473620e+06
4.994430e+01 1.471298e+04 2.334040e+06
5.094543e+01 1.263085e+04 2.199188e+06
5.196662e+01 1.083798e+04 2.075979e+06
5.300829e+01 9.293900e+03 1.958747e+06
5.407084e+01 7.942234e+03 1.847952e+06
5.515468e+01 6.783148e+03 1.743575e+06
5.626026e+01 5.785677e+03 1.646544e+06
5.738799e+01 4.921085e+03 1.551729e+06
5.853833e+01 4.179326e+03 1.462254e+06
5.971172e+01 3.540134e+03 1.379894e+06
6.090864e+01 2.991835e+03 1.298159e+06
6.212955e+01 2.522054e+03 1.219502e+06
6.337493e+01 2.120460e+03 1.149950e+06
6.464528e+01 1.777691e+03 1.086553e+06
6.594109e+01 1.488232e+03 1.026515e+06
6.726287e+01 1.241967e+03 9.698506e+05
6.861115e+01 1.033710e+03 9.171921e+05
6.998645e+01 8.580525e+02 8.663770e+05
7.138933e+01 7.092983e+02 8.180811e+05
7.282032e+01 5.849103e+02 7.718262e+05
7.428000e+01 4.808094e+02 7.288235e+05
7.576894e+01 3.945389e+02 6.859438e+05
7.728772e+01 3.221083e+02 6.485933e+05
7.883694e+01 2.625040e+02 6.124285e+05
8.041722e+01 2.132887e+02 5.770083e+05
8.202918e+01 1.728803e+02 5.460153e+05
8.367345e+01 1.394069e+02 5.150218e+05
8.535068e+01 1.118623e+02 4.849348e+05
8.706153e+01 8.962341e+01 4.590118e+05
8.880667e+01 7.152967e+01 4.331486e+05
9.058679e+01 5.699540e+01 4.085157e+05
9.240260e+01 4.525574e+01 3.849623e+05
9.425480e+01 3.583659e+01 3.636018e+05
9.614413e+01 2.829287e+01 3.432995e+05
9.807133e+01 2.220200e+01 3.237741e+05
1.000372e+02 1.730750e+01 3.063605e+05
1.020424e+02 1.345353e+01 2.903798e+05
1.040878e+02 1.041648e+01 2.737766e+05
1.061743e+02 8.025972e+00 2.584536e+05
1.083025e+02 6.160556e+00 2.448075e+05
1.104734e+02 4.713821e+00 2.312762e+05
1.126879e+02 3.587968e+00 2.180905e+05
1.149467e+02 2.725072e+00 2.059988e+05
1.172508e+02 2.060176e+00 1.948589e+05
1.196011e+02 1.550640e+00 1.841261e+05
1.219985e+02 1.160930e+00 1.735679e+05
1.244439e+02 8.653112e-01 1.640191e+05
1.269384e+02 6.412240e-01 1.547805e+05
1.294828e+02 4.721920e-01 1.456281e+05
1.320783e+02 3.459536e-01 1.375423e+05
1.347258e+02 2.526480e-01 1.302815e+05
1.374264e+02 1.837105e-01 1.234371e+05
1.401811e+02 1.325700e-01 1.166115e+05
1.429910e+02 9.501299e-02 1.098804e+05
1.458573e+02 6.776912e-02 1.036531e+05
1.487810e+02 4.803580e-02 9.807297e+04
1.517633e+02 3.389998e-02 9.271214e+04
1.548053e+02 2.377418e-02 8.780128e+04
1.579084e+02 1.654808e-02 8.287682e+04
1.610737e+02 1.146674e-02 7.835969e+04
1.643024e+02 7.887331e-03 7.404098e+04
1.675958e+02 5.395239e-03 6.979952e+04
1.709552e+02 3.663056e-03 6.590936e+04
1.743820e+02 2.470313e-03 6.232837e+04
1.778775e+02 1.654540e-03 5.872339e+04
1.814430e+02 1.104834e-03 5.554388e+04
1.850801e+02 7.295591e-04 5.245259e+04
1.887900e+02 4.781874e-04 4.964152e+04
1.925743e+02 3.119560e-04 4.683654e+04
1.964344e+02 2.016735e-04 4.417885e+04
2.003719e+02 1.292203e-04 4.168715e+04
2.043883e+02 8.235443e-05 3.928410e+04
2.084853e+02 5.207187e-05 3.707021e+04
2.126644e+02 3.261528e-05 3.500268e+04
2.169272e+02 2.026828e-05 3.305048e+04
2.212755e+02 1.246431e-05 3.111841e+04
2.257109e+02 7.604825e-06 2.941700e+04
2.302353e+02 4.600405e-06 2.781545e+04
2.348503e+02 2.757810e-06 2.622537e+04
2.395579e+02 1.637636e-06 2.473421e+04
2.443598e+02 9.628287e-07 2.339579e+04
2.492580e+02 5.600110e-07 2.207309e+04
2.542544e+02 3.233116e-07 2.087729e+04
2.593509e+02 1.848608e-07 1.972804e+04
2.645495e+02 1.046797e-07 1.863107e+04
2.698524e+02 5.853937e-08 1.756861e+04
2.752616e+02 3.239368e-08 1.657990e+04
2.807792e+02 1.774405e-08 1.563893e+04
2.864074e+02 9.607809e-09 1.477328e+04
2.921484e+02 5.144131e-09 1.398703e+04
2.980045e+02 2.723957e-09 1.324378e+04
3.039780e+02 1.425577e-09 1.249265e+04
3.100712e+02 7.378756e-10 1.178300e+04
3.162865e+02 3.768147e-10 1.115255e+04
3.226265e+02 1.902925e-10 1.052177e+04
3.290935e+02 9.489671e-11 9.934671e+03
3.356901e+02 4.672025e-11 9.374667e+03
3.424190e+02 2.270858e-11 8.850384e+03
3.492828e+02 1.089264e-11 8.355143e+03
3.562841e+02 5.153489e-12 7.886881e+03
3.634258e+02 2.404873e-12 7.439295e+03
3.707107e+02 1.110443e-12 7.027554e+03
3.781415e+02 5.039210e-13 6.638408e+03
3.857213e+02 2.248149e-13 6.275508e+03
3.934531e+02 9.878458e-14 5.927503e+03
4.013398e+02 4.273883e-14 5.595343e+03
4.093847e+02 1.820080e-14 5.285099e+03
4.175907e+02 7.630040e-15 4.993491e+03
4.259613e+02 3.145072e-15 4.716208e+03
4.344997e+02 1.274171e-15 4.451485e+03
4.432092e+02 5.074682e-16 4.203912e+03
4.520933e+02 1.986613e-16 3.969969e+03
4.611555e+02 7.639349e-17 3.748821e+03
4.703993e+02 2.885172e-17 3.538469e+03
4.798284e+02 1.067978e-17 3.330947e+03
4.894465e+02 3.882955e-18 3.139363e+03
4.992574e+02 1.384898e-18 2.959271e+03
5.092650e+02 4.843718e-19 2.794975e+03
5.194732e+02 1.660681e-19 2.639696e+03
5.298860e+02 5.578362e-20 2.492942e+03
5.405075e+02 1.834411e-20 2.354249e+03
5.513420e+02 5.907011e-21 2.219733e+03
5.623936e+02 1.860012e-21 2.089594e+03
5.736667e+02 5.734245e-22 1.972415e+03
5.851658e+02 1.727549e-22 1.862224e+03
5.968954e+02 5.085351e-23 1.757236e+03
6.088601e+02 1.462894e-23 1.654961e+03
6.210647e+02 4.109809e-24 1.561345e+03
6.335139e+02 1.125352e-24 1.472953e+03
6.462126e+02 3.006142e-25 1.389495e+03
6.591659e+02 7.819382e-26 1.310700e+03
6.723788e+02 1.982993e-26 1.236309e+03
6.858566e+02 4.897055e-27 1.165726e+03
6.996046e+02 1.178751e-27 1.099056e+03
7.136281e+02 2.760206e-28 1.035995e+03
7.279327e+02 6.277879e-29 9.766358e+02
7.425240e+02 1.385817e-29 9.218111e+02
7.574079e+02 2.971928e-30 8.687691e+02
7.725901e+02 6.186467e-31 8.203999e+02
7.880766e+02 1.249840e-31 7.736409e+02
8.038735e+02 2.451429e-32 7.286212e+02
8.199871e+02 4.652786e-33 6.850129e+02
8.364237e+02 8.549428e-34 6.462667e+02
8.531897e+02 1.519288e-34 6.095750e+02
8.702918e+02 2.614552e-35 5.753242e+02
8.877368e+02 4.342496e-36 5.423083e+02
9.055314e+02 6.954177e-37 5.099322e+02
9.236827e+02 1.075328e-37 4.794548e+02
9.421978e+02 1.606229e-38 4.508909e+02
9.610841e+02 2.314747e-39 4.250727e+02
9.803490e+02 3.211785e-40 4.010985e+02
1.000000e+03 4.275291e-41 3.774463e+02
