# Energy(MeV) Fluence_Pi
5.000000e-02 6.882500e+10
5.100225e-02 6.748890e+10
5.202458e-02 6.611048e+10
5.306741e-02 6.473619e+10
5.413114e-02 6.341823e+10
5.521620e-02 6.208419e+10
5.632300e-02 6.067486e+10
5.745199e-02 5.942182e+10
5.860361e-02 5.825777e+10
5.977832e-02 5.697822e+10
6.097657e-02 5.573595e+10
6.219884e-02 5.459234e+10
6.344561e-02 5.350585e+10
6.471737e-02 5.234319e+10
6.601463e-02 5.118914e+10
6.733789e-02 5.009755e+10
6.868767e-02 4.905961e+10
7.006451e-02 4.806292e+10
7.146895e-02 4.709775e+10
7.290154e-02 4.614169e+10
7.436284e-02 4.513000e+10
7.585344e-02 4.416026e+10
7.737392e-02 4.326780e+10
7.892487e-02 4.236744e+10
8.050691e-02 4.150383e+10
8.212067e-02 4.055406e+10
8.376677e-02 3.970713e+10
8.544587e-02 3.886057e+10
8.715862e-02 3.802597e+10
8.890571e-02 3.719730e+10
9.068782e-02 3.642487e+10
9.250565e-02 3.567298e+10
9.435992e-02 3.490446e+10
9.625136e-02 3.417119e+10
9.818071e-02 3.343365e+10
1.001487e-01 3.268310e+10
1.021562e-01 3.199618e+10
1.042039e-01 3.129003e+10
1.062927e-01 3.063361e+10
1.084233e-01 2.995313e+10
1.105966e-01 2.935911e+10
1.128135e-01 2.875565e+10
1.150749e-01 2.809312e+10
1.173816e-01 2.749248e+10
1.197345e-01 2.691583e+10
1.221345e-01 2.635058e+10
1.245827e-01 2.577917e+10
1.270800e-01 2.521271e+10
1.296273e-01 2.465748e+10
1.322256e-01 2.413012e+10
1.348761e-01 2.359250e+10
1.375797e-01 2.310225e+10
1.403374e-01 2.260493e+10
1.431505e-01 2.211497e+10
1.460199e-01 2.163538e+10
1.489469e-01 2.116075e+10
1.519325e-01 2.067125e+10
1.549780e-01 2.022488e+10
1.580845e-01 1.977411e+10
1.612533e-01 1.934439e+10
1.644856e-01 1.890548e+10
1.677827e-01 1.846565e+10
1.711459e-01 1.805585e+10
1.745765e-01 1.768243e+10
1.780759e-01 1.728864e+10
1.816454e-01 1.690174e+10
1.852865e-01 1.652341e+10
1.890005e-01 1.615904e+10
1.927890e-01 1.580664e+10
1.966535e-01 1.544551e+10
2.005954e-01 1.509023e+10
2.046163e-01 1.476673e+10
2.087178e-01 1.443301e+10
2.129015e-01 1.411791e+10
2.171691e-01 1.380299e+10
2.215223e-01 1.349546e+10
2.259627e-01 1.320802e+10
2.304921e-01 1.291121e+10
2.351123e-01 1.261222e+10
2.398251e-01 1.232973e+10
2.446324e-01 1.203237e+10
2.495360e-01 1.175870e+10
2.545379e-01 1.150133e+10
2.596401e-01 1.125270e+10
2.648446e-01 1.099430e+10
2.701534e-01 1.073968e+10
2.755686e-01 1.048931e+10
2.810923e-01 1.022963e+10
2.867268e-01 1.000176e+10
2.924742e-01 9.779098e+09
2.983368e-01 9.564042e+09
3.043170e-01 9.339920e+09
3.104170e-01 9.130736e+09
3.166393e-01 8.931464e+09
3.229863e-01 8.725702e+09
3.294605e-01 8.511965e+09
3.360645e-01 8.319173e+09
3.428009e-01 8.124195e+09
3.496723e-01 7.923893e+09
3.566815e-01 7.738507e+09
3.638311e-01 7.566790e+09
3.711241e-01 7.389554e+09
3.785633e-01 7.210644e+09
3.861515e-01 7.040506e+09
3.938919e-01 6.875760e+09
4.017874e-01 6.705043e+09
4.098412e-01 6.545165e+09
4.180565e-01 6.388874e+09
4.264364e-01 6.238533e+09
4.349843e-01 6.086888e+09
4.437035e-01 5.937640e+09
4.525975e-01 5.790821e+09
4.616698e-01 5.650908e+09
4.709239e-01 5.511196e+09
4.803635e-01 5.369258e+09
4.899924e-01 5.234091e+09
4.998143e-01 5.113071e+09
5.098330e-01 4.979660e+09
5.200526e-01 4.858021e+09
5.304770e-01 4.732167e+09
5.411103e-01 4.602325e+09
5.519569e-01 4.477204e+09
5.630208e-01 4.365591e+09
5.743065e-01 4.251006e+09
5.858184e-01 4.140437e+09
5.975611e-01 4.029569e+09
6.095392e-01 3.920647e+09
6.217573e-01 3.814165e+09
6.342204e-01 3.706418e+09
6.469333e-01 3.604657e+09
6.599011e-01 3.506308e+09
6.731287e-01 3.410860e+09
6.866215e-01 3.314863e+09
7.003848e-01 3.218507e+09
7.144240e-01 3.128832e+09
7.287445e-01 3.037634e+09
7.433522e-01 2.950525e+09
7.582526e-01 2.864635e+09
7.734517e-01 2.780734e+09
7.889555e-01 2.696920e+09
8.047701e-01 2.618023e+09
8.209016e-01 2.544613e+09
8.373565e-01 2.472797e+09
8.541413e-01 2.401063e+09
8.712625e-01 2.331282e+09
8.887268e-01 2.260157e+09
9.065413e-01 2.191111e+09
9.247129e-01 2.124567e+09
9.432487e-01 2.059813e+09
9.621560e-01 1.993007e+09
9.814423e-01 1.932752e+09
1.001115e+00 1.871041e+09
1.021183e+00 1.810837e+09
1.041652e+00 1.752717e+09
1.062532e+00 1.694564e+09
1.083830e+00 1.638188e+09
1.105556e+00 1.582295e+09
1.127716e+00 1.528650e+09
1.150321e+00 1.476564e+09
1.173379e+00 1.428449e+09
1.196900e+00 1.377209e+09
1.220892e+00 1.328555e+09
1.245364e+00 1.283946e+09
1.270327e+00 1.240727e+09
1.295791e+00 1.197293e+09
1.321765e+00 1.154776e+09
1.348260e+00 1.114783e+09
1.375286e+00 1.076363e+09
1.402853e+00 1.039364e+09
1.430973e+00 1.002088e+09
1.459657e+00 9.657626e+08
1.488916e+00 9.311747e+08
1.518761e+00 8.956288e+08
1.549204e+00 8.605088e+08
1.580258e+00 8.272147e+08
1.611934e+00 7.967239e+08
1.644245e+00 7.651175e+08
1.677204e+00 7.349496e+08
1.710823e+00 7.083438e+08
1.745117e+00 6.802090e+08
1.780097e+00 6.535396e+08
1.815779e+00 6.260771e+08
1.852176e+00 5.998253e+08
1.889303e+00 5.757654e+08
1.927174e+00 5.515755e+08
1.965804e+00 5.290982e+08
2.005209e+00 5.057653e+08
2.045403e+00 4.840555e+08
2.086403e+00 4.635039e+08
2.128224e+00 4.441449e+08
2.170885e+00 4.256649e+08
2.214400e+00 4.058271e+08
2.258787e+00 3.877315e+08
2.304064e+00 3.719365e+08
2.350249e+00 3.558132e+08
2.397360e+00 3.408937e+08
2.445415e+00 3.253860e+08
2.494433e+00 3.096152e+08
2.544434e+00 2.954764e+08
2.595437e+00 2.821656e+08
2.647462e+00 2.691018e+08
2.700530e+00 2.563040e+08
2.754662e+00 2.445515e+08
2.809879e+00 2.327121e+08
2.866203e+00 2.213664e+08
2.923656e+00 2.112766e+08
2.982260e+00 2.014744e+08
3.042039e+00 1.919137e+08
3.103017e+00 1.826486e+08
3.165216e+00 1.741017e+08
3.228663e+00 1.655984e+08
3.293381e+00 1.575541e+08
3.359397e+00 1.498546e+08
3.426736e+00 1.424694e+08
3.495424e+00 1.354105e+08
3.565490e+00 1.287778e+08
3.636960e+00 1.223630e+08
3.709862e+00 1.162294e+08
3.784226e+00 1.104017e+08
3.860081e+00 1.048397e+08
3.937456e+00 9.963584e+07
4.016382e+00 9.468136e+07
4.096890e+00 8.986891e+07
4.179012e+00 8.533809e+07
4.262780e+00 8.103149e+07
4.348227e+00 7.697162e+07
4.435387e+00 7.306560e+07
4.524294e+00 6.940100e+07
4.614983e+00 6.590729e+07
4.707490e+00 6.258824e+07
4.801851e+00 5.946023e+07
4.898104e+00 5.640915e+07
4.996286e+00 5.353358e+07
5.096436e+00 5.084944e+07
5.198594e+00 4.827896e+07
5.302799e+00 4.581894e+07
5.409093e+00 4.345607e+07
5.517518e+00 4.124786e+07
5.628116e+00 3.912456e+07
5.740932e+00 3.708447e+07
5.856008e+00 3.520501e+07
5.973391e+00 3.339054e+07
6.093127e+00 3.167760e+07
6.215264e+00 3.003582e+07
6.339848e+00 2.855393e+07
6.466930e+00 2.710545e+07
6.596559e+00 2.568979e+07
6.728787e+00 2.436320e+07
6.863665e+00 2.309868e+07
7.001246e+00 2.189429e+07
7.141586e+00 2.078738e+07
7.284738e+00 1.973593e+07
7.430760e+00 1.874624e+07
7.579709e+00 1.779362e+07
7.731644e+00 1.688158e+07
7.886624e+00 1.601954e+07
8.044711e+00 1.520139e+07
8.205967e+00 1.443846e+07
8.370455e+00 1.372282e+07
8.538240e+00 1.301387e+07
8.709388e+00 1.234623e+07
8.883967e+00 1.171601e+07
9.062045e+00 1.110971e+07
9.243693e+00 1.052742e+07
9.428983e+00 9.980821e+06
9.617986e+00 9.466759e+06
9.810778e+00 8.983284e+06
1.000743e+01 8.514278e+06
1.020803e+01 8.073735e+06
1.041265e+01 7.648444e+06
1.062137e+01 7.239606e+06
1.083428e+01 6.872988e+06
1.105145e+01 6.521561e+06
1.127297e+01 6.190524e+06
1.149894e+01 5.872007e+06
1.172944e+01 5.571156e+06
1.196455e+01 5.284045e+06
1.220438e+01 5.015550e+06
1.244902e+01 4.752789e+06
1.269856e+01 4.511845e+06
1.295310e+01 4.278259e+06
1.321274e+01 4.059510e+06
1.347759e+01 3.851423e+06
1.374775e+01 3.646587e+06
1.402332e+01 3.460721e+06
1.430442e+01 3.280827e+06
1.459115e+01 3.109633e+06
1.488362e+01 2.948671e+06
1.518197e+01 2.796479e+06
1.548629e+01 2.652794e+06
1.579671e+01 2.515067e+06
1.611335e+01 2.386698e+06
1.643634e+01 2.261214e+06
1.676581e+01 2.142694e+06
1.710188e+01 2.028448e+06
1.744468e+01 1.920424e+06
1.779436e+01 1.820936e+06
1.815105e+01 1.727627e+06
1.851488e+01 1.635949e+06
1.888601e+01 1.549092e+06
1.926458e+01 1.467704e+06
1.965074e+01 1.391377e+06
2.004464e+01 1.319386e+06
2.044643e+01 1.251082e+06
2.085628e+01 1.187328e+06
2.127434e+01 1.125131e+06
2.170078e+01 1.066477e+06
2.213577e+01 1.010154e+06
2.257948e+01 9.578420e+05
2.303209e+01 9.076986e+05
2.349376e+01 8.604406e+05
2.396469e+01 8.157875e+05
2.444506e+01 7.716840e+05
2.493506e+01 7.305148e+05
2.543488e+01 6.915889e+05
2.594472e+01 6.548814e+05
2.646478e+01 6.200831e+05
2.699527e+01 5.870268e+05
2.753639e+01 5.558011e+05
2.808835e+01 5.263705e+05
2.865138e+01 4.980408e+05
2.922570e+01 4.716075e+05
2.981152e+01 4.466172e+05
3.040909e+01 4.229425e+05
3.101864e+01 4.008810e+05
3.164041e+01 3.800942e+05
3.227464e+01 3.598016e+05
3.292158e+01 3.407001e+05
3.358149e+01 3.224129e+05
3.425463e+01 3.051429e+05
3.494126e+01 2.886500e+05
3.564165e+01 2.732675e+05
3.635609e+01 2.583085e+05
3.708484e+01 2.446734e+05
3.782820e+01 2.318590e+05
3.858647e+01 2.196746e+05
3.935993e+01 2.080824e+05
4.014890e+01 1.969042e+05
4.095368e+01 1.865016e+05
4.177459e+01 1.764859e+05
4.261196e+01 1.672027e+05
4.346611e+01 1.583217e+05
4.433739e+01 1.497124e+05
4.522613e+01 1.416459e+05
4.613268e+01 1.339893e+05
4.705741e+01 1.269180e+05
4.800067e+01 1.201168e+05
4.896284e+01 1.136682e+05
4.994430e+01 1.075265e+05
5.094543e+01 1.015613e+05
5.196662e+01 9.589941e+04
5.300829e+01 9.067062e+04
5.407084e+01 8.564089e+04
5.515468e+01 8.095940e+04
5.626026e+01 7.664340e+04
5.738799e+01 7.249093e+04
5.853833e+01 6.855258e+04
5.971172e+01 6.486784e+04
6.090864e+01 6.137187e+04
6.212955e+01 5.804285e+04
6.337493e+01 5.483805e+04
6.464528e+01 5.178479e+04
6.594109e+01 4.896332e+04
6.726287e+01 4.627481e+04
6.861115e+01 4.375348e+04
6.998645e+01 4.135258e+04
7.138933e+01 3.903854e+04
7.282032e+01 3.679168e+04
7.428000e+01 3.464391e+04
7.576894e+01 3.270435e+04
7.728772e+01 3.089664e+04
7.883694e+01 2.918230e+04
8.041722e+01 2.756605e+04
8.202918e+01 2.603496e+04
8.367345e+01 2.454534e+04
8.535068e+01 2.317099e+04
8.706153e+01 2.186656e+04
8.880667e+01 2.062544e+04
9.058679e+01 1.946504e+04
9.240260e+01 1.832994e+04
9.425480e+01 1.729175e+04
9.614413e+01 1.631325e+04
9.807133e+01 1.538640e+04
1.000372e+02 1.451340e+04
1.020424e+02 1.367830e+04
1.040878e+02 1.290567e+04
1.061743e+02 1.217231e+04
1.083025e+02 1.147883e+04
1.104734e+02 1.082472e+04
1.126879e+02 1.022022e+04
1.149467e+02 9.647222e+03
1.172508e+02 9.056437e+03
1.196011e+02 8.517244e+03
1.219985e+02 8.033623e+03
1.244439e+02 7.554277e+03
1.269384e+02 7.099233e+03
1.294828e+02 6.672384e+03
1.320783e+02 6.285611e+03
1.347258e+02 5.904764e+03
1.374264e+02 5.553707e+03
1.401811e+02 5.225628e+03
1.429910e+02 4.917125e+03
1.458573e+02 4.617984e+03
1.487810e+02 4.336150e+03
1.517633e+02 4.082188e+03
1.548053e+02 3.845871e+03
1.579084e+02 3.620436e+03
1.610737e+02 3.402712e+03
1.643024e+02 3.198344e+03
1.675958e+02 3.005077e+03
1.709552e+02 2.818582e+03
1.743820e+02 2.648729e+03
1.778775e+02 2.490123e+03
1.814430e+02 2.336191e+03
1.850801e+02 2.192924e+03
1.887900e+02 2.060454e+03
1.925743e+02 1.933895e+03
1.964344e+02 1.806253e+03
2.003719e+02 1.696004e+03
2.043883e+02 1.587716e+03
2.084853e+02 1.492286e+03
2.126644e+02 1.391347e+03
2.169272e+02 1.303148e+03
2.212755e+02 1.220709e+03
2.257109e+02 1.146237e+03
2.302353e+02 1.076424e+03
2.348503e+02 1.005455e+03
2.395579e+02 9.437745e+02
2.443598e+02 8.802844e+02
2.492580e+02 8.226144e+02
2.542544e+02 7.698653e+02
2.593509e+02 7.234877e+02
2.645495e+02 6.791504e+02
2.698524e+02 6.371863e+02
2.752616e+02 5.943284e+02
2.807792e+02 5.519297e+02
2.864074e+02 5.158241e+02
2.921484e+02 4.797352e+02
2.980045e+02 4.491756e+02
3.039780e+02 4.196396e+02
3.100712e+02 3.902519e+02
3.162865e+02 3.645451e+02
3.226265e+02 3.416739e+02
3.290935e+02 3.182513e+02
3.356901e+02 2.972649e+02
3.424190e+02 2.777558e+02
3.492828e+02 2.583909e+02
3.562841e+02 2.403088e+02
3.634258e+02 2.237740e+02
3.707107e+02 2.077721e+02
3.781415e+02 1.927598e+02
3.857213e+02 1.786538e+02
3.934531e+02 1.655985e+02
4.013398e+02 1.540884e+02
4.093847e+02 1.429533e+02
4.175907e+02 1.325395e+02
4.259613e+02 1.225696e+02
4.344997e+02 1.132111e+02
4.432092e+02 1.047654e+02
4.520933e+02 9.687581e+01
4.611555e+02 8.942027e+01
4.703993e+02 8.267926e+01
4.798284e+02 7.612380e+01
4.894465e+02 7.008093e+01
4.992574e+02 6.467339e+01
5.092650e+02 5.981609e+01
5.194732e+02 5.513417e+01
5.298860e+02 5.080285e+01
5.405075e+02 4.694071e+01
5.513420e+02 4.326154e+01
5.623936e+02 3.980270e+01
5.736667e+02 3.667885e+01
5.851658e+02 3.356855e+01
5.968954e+02 3.064690e+01
6.088601e+02 2.809748e+01
6.210647e+02 2.573082e+01
6.335139e+02 2.365616e+01
6.462126e+02 2.169621e+01
6.591659e+02 1.982270e+01
6.723788e+02 1.817342e+01
6.858566e+02 1.659415e+01
6.996046e+02 1.516372e+01
7.136281e+02 1.388710e+01
7.279327e+02 1.277157e+01
7.425240e+02 1.170145e+01
7.574079e+02 1.074753e+01
7.725901e+02 9.858652e+00
7.880766e+02 9.031923e+00
8.038735e+02 8.230635e+00
8.199871e+02 7.458723e+00
8.364237e+02 6.740364e+00
8.531897e+02 6.113419e+00
8.702918e+02 5.593025e+00
8.877368e+02 5.061620e+00
9.055314e+02 4.575699e+00
9.236827e+02 4.165878e+00
9.421978e+02 3.793495e+00
9.610841e+02 3.413364e+00
9.803490e+02 3.060610e+00
1.000000e+03 2.728726e+00
