Energy(MeV)	Incoming Spectral Fluence(MeV-1 cm-2)	Residual Spectral Fluence(MeV-1 cm-2)
1.0000e-03	0.0000e+00	1.1105e+03
1.5000e-03	0.0000e+00	1.1107e+03
2.0000e-03	0.0000e+00	1.1109e+03
2.5000e-03	0.0000e+00	1.1110e+03
3.0000e-03	0.0000e+00	1.1111e+03
3.5000e-03	0.0000e+00	1.1112e+03
4.0000e-03	0.0000e+00	1.1113e+03
4.5000e-03	0.0000e+00	1.1114e+03
5.0000e-03	0.0000e+00	1.1114e+03
5.5000e-03	0.0000e+00	1.1115e+03
6.0000e-03	0.0000e+00	1.1115e+03
6.5000e-03	0.0000e+00	1.1116e+03
7.0000e-03	0.0000e+00	1.1116e+03
7.5000e-03	0.0000e+00	1.1117e+03
8.0000e-03	0.0000e+00	1.1117e+03
8.5000e-03	0.0000e+00	1.1117e+03
9.0000e-03	0.0000e+00	1.1118e+03
9.5000e-03	0.0000e+00	1.1118e+03
1.0000e-02	0.0000e+00	1.1118e+03
1.5000e-02	0.0000e+00	1.1121e+03
2.0000e-02	0.0000e+00	1.1122e+03
2.5000e-02	0.0000e+00	1.1124e+03
3.0000e-02	0.0000e+00	1.1125e+03
3.5000e-02	0.0000e+00	1.1126e+03
4.0000e-02	0.0000e+00	1.1130e+03
4.5000e-02	0.0000e+00	1.1134e+03
5.0000e-02	8.4852e+10	1.1137e+03
5.1002e-02	8.3231e+10	1.1137e+03
5.2025e-02	8.1656e+10	1.1138e+03
5.3067e-02	8.0111e+10	1.1139e+03
5.4131e-02	7.8718e+10	1.1139e+03
5.5216e-02	7.7127e+10	1.1140e+03
5.6323e-02	7.5553e+10	1.1140e+03
5.7452e-02	7.4188e+10	1.1141e+03
5.8604e-02	7.2737e+10	1.1142e+03
5.9778e-02	7.1288e+10	1.1142e+03
6.0977e-02	6.9906e+10	1.1143e+03
6.2199e-02	6.8540e+10	1.1143e+03
6.3446e-02	6.7310e+10	1.1144e+03
6.4717e-02	6.5962e+10	1.1144e+03
6.6015e-02	6.4606e+10	1.1145e+03
6.7338e-02	6.3306e+10	1.1146e+03
6.8688e-02	6.2156e+10	1.1146e+03
7.0065e-02	6.1047e+10	1.1147e+03
7.1469e-02	5.9942e+10	1.1147e+03
7.2902e-02	5.8763e+10	1.1148e+03
7.4363e-02	5.7690e+10	1.1149e+03
7.5853e-02	5.6653e+10	1.1149e+03
7.7374e-02	5.5457e+10	1.1150e+03
7.8925e-02	5.4330e+10	1.1150e+03
8.0507e-02	5.3328e+10	1.1151e+03
8.2121e-02	5.2332e+10	1.1152e+03
8.3767e-02	5.1317e+10	1.1152e+03
8.5446e-02	5.0221e+10	1.1153e+03
8.7159e-02	4.9133e+10	1.1153e+03
8.8906e-02	4.8217e+10	1.1154e+03
9.0688e-02	4.7234e+10	1.1155e+03
9.2506e-02	4.6291e+10	1.1156e+03
9.4360e-02	4.5196e+10	1.1157e+03
9.6251e-02	4.4347e+10	1.1158e+03
9.8181e-02	4.3448e+10	1.1160e+03
1.0015e-01	4.2574e+10	1.1161e+03
1.0216e-01	4.1784e+10	1.1162e+03
1.0420e-01	4.0930e+10	1.1163e+03
1.0629e-01	4.0003e+10	1.1164e+03
1.0842e-01	3.9115e+10	1.1165e+03
1.1060e-01	3.8288e+10	1.1167e+03
1.1281e-01	3.7489e+10	1.1168e+03
1.1507e-01	3.6756e+10	1.1169e+03
1.1738e-01	3.6014e+10	1.1170e+03
1.1973e-01	3.5174e+10	1.1171e+03
1.2213e-01	3.4356e+10	1.1172e+03
1.2458e-01	3.3600e+10	1.1174e+03
1.2708e-01	3.2860e+10	1.1175e+03
1.2963e-01	3.2196e+10	1.1176e+03
1.3223e-01	3.1558e+10	1.1177e+03
1.3488e-01	3.0914e+10	1.1178e+03
1.3758e-01	3.0278e+10	1.1180e+03
1.4034e-01	2.9624e+10	1.1181e+03
1.4315e-01	2.8889e+10	1.1182e+03
1.4602e-01	2.8281e+10	1.1183e+03
1.4895e-01	2.7658e+10	1.1185e+03
1.5193e-01	2.7065e+10	1.1187e+03
1.5498e-01	2.6431e+10	1.1189e+03
1.5808e-01	2.5818e+10	1.1190e+03
1.6125e-01	2.5209e+10	1.1192e+03
1.6449e-01	2.4594e+10	1.1194e+03
1.6778e-01	2.3995e+10	1.1196e+03
1.7115e-01	2.3433e+10	1.1197e+03
1.7458e-01	2.2992e+10	1.1199e+03
1.7808e-01	2.2426e+10	1.1201e+03
1.8165e-01	2.1892e+10	1.1203e+03
1.8529e-01	2.1374e+10	1.1204e+03
1.8900e-01	2.0828e+10	1.1206e+03
1.9279e-01	2.0307e+10	1.1208e+03
1.9665e-01	1.9828e+10	1.1209e+03
2.0060e-01	1.9351e+10	1.1211e+03
2.0462e-01	1.8869e+10	1.1214e+03
2.0872e-01	1.8422e+10	1.1216e+03
2.1290e-01	1.8018e+10	1.1218e+03
2.1717e-01	1.7535e+10	1.1221e+03
2.2152e-01	1.7086e+10	1.1223e+03
2.2596e-01	1.6670e+10	1.1225e+03
2.3049e-01	1.6286e+10	1.1228e+03
2.3511e-01	1.5888e+10	1.1230e+03
2.3983e-01	1.5462e+10	1.1232e+03
2.4463e-01	1.5057e+10	1.1235e+03
2.4954e-01	1.4638e+10	1.1237e+03
2.5454e-01	1.4228e+10	1.1239e+03
2.5964e-01	1.3835e+10	1.1242e+03
2.6484e-01	1.3448e+10	1.1245e+03
2.7015e-01	1.3069e+10	1.1248e+03
2.7557e-01	1.2724e+10	1.1251e+03
2.8109e-01	1.2406e+10	1.1254e+03
2.8673e-01	1.2068e+10	1.1256e+03
2.9247e-01	1.1730e+10	1.1259e+03
2.9834e-01	1.1419e+10	1.1262e+03
3.0432e-01	1.1122e+10	1.1265e+03
3.1042e-01	1.0809e+10	1.1268e+03
3.1664e-01	1.0492e+10	1.1271e+03
3.2299e-01	1.0179e+10	1.1275e+03
3.2946e-01	9.8745e+09	1.1278e+03
3.3606e-01	9.5713e+09	1.1282e+03
3.4280e-01	9.2985e+09	1.1285e+03
3.4967e-01	9.0499e+09	1.1289e+03
3.5668e-01	8.7837e+09	1.1292e+03
3.6383e-01	8.5109e+09	1.1296e+03
3.7112e-01	8.2712e+09	1.1299e+03
3.7856e-01	8.0491e+09	1.1303e+03
3.8615e-01	7.7999e+09	1.1307e+03
3.9389e-01	7.5734e+09	1.1312e+03
4.0179e-01	7.3558e+09	1.1316e+03
4.0984e-01	7.1439e+09	1.1320e+03
4.1806e-01	6.9248e+09	1.1324e+03
4.2644e-01	6.6963e+09	1.1328e+03
4.3498e-01	6.4770e+09	1.1333e+03
4.4370e-01	6.2564e+09	1.1337e+03
4.5260e-01	6.0538e+09	1.1342e+03
4.6167e-01	5.8701e+09	1.1346e+03
4.7092e-01	5.6879e+09	1.1351e+03
4.8036e-01	5.4985e+09	1.1356e+03
4.8999e-01	5.3130e+09	1.1361e+03
4.9981e-01	5.1390e+09	1.1366e+03
5.0983e-01	4.9522e+09	1.1371e+03
5.2005e-01	4.7690e+09	1.1376e+03
5.3048e-01	4.6236e+09	1.1381e+03
5.4111e-01	4.4618e+09	1.1386e+03
5.5196e-01	4.3055e+09	1.1392e+03
5.6302e-01	4.1630e+09	1.1398e+03
5.7431e-01	4.0489e+09	1.1403e+03
5.8582e-01	3.9108e+09	1.1409e+03
5.9756e-01	3.7865e+09	1.1415e+03
6.0954e-01	3.6746e+09	1.1421e+03
6.2176e-01	3.5298e+09	1.1427e+03
6.3422e-01	3.4114e+09	1.1433e+03
6.4693e-01	3.2993e+09	1.1439e+03
6.5990e-01	3.1767e+09	1.1445e+03
6.7313e-01	3.0792e+09	1.1451e+03
6.8662e-01	2.9788e+09	1.1458e+03
7.0038e-01	2.8793e+09	1.1464e+03
7.1442e-01	2.7603e+09	1.1471e+03
7.2874e-01	2.6709e+09	1.1478e+03
7.4335e-01	2.5861e+09	1.1485e+03
7.5825e-01	2.5041e+09	1.1492e+03
7.7345e-01	2.4187e+09	1.1500e+03
7.8896e-01	2.3425e+09	1.1508e+03
8.0477e-01	2.2596e+09	1.1516e+03
8.2090e-01	2.1738e+09	1.1524e+03
8.3736e-01	2.0907e+09	1.1533e+03
8.5414e-01	2.0231e+09	1.1541e+03
8.7126e-01	1.9344e+09	1.1550e+03
8.8873e-01	1.8566e+09	1.1559e+03
9.0654e-01	1.7869e+09	1.1568e+03
9.2471e-01	1.7158e+09	1.1577e+03
9.4325e-01	1.6552e+09	1.1587e+03
9.6216e-01	1.5989e+09	1.1596e+03
9.8144e-01	1.5480e+09	1.1606e+03
1.0011e+00	1.4985e+09	1.1616e+03
1.0212e+00	1.4503e+09	1.1627e+03
1.0417e+00	1.3931e+09	1.1637e+03
1.0625e+00	1.3446e+09	1.1648e+03
1.0838e+00	1.3001e+09	1.1659e+03
1.1056e+00	1.2454e+09	1.1670e+03
1.1277e+00	1.1942e+09	1.1681e+03
1.1503e+00	1.1513e+09	1.1693e+03
1.1734e+00	1.1123e+09	1.1705e+03
1.1969e+00	1.0691e+09	1.1717e+03
1.2209e+00	1.0183e+09	1.1729e+03
1.2454e+00	9.7417e+08	1.1742e+03
1.2703e+00	9.3667e+08	1.1755e+03
1.2958e+00	9.0188e+08	1.1768e+03
1.3218e+00	8.5575e+08	1.1781e+03
1.3483e+00	8.1173e+08	1.1795e+03
1.3753e+00	7.7019e+08	1.1809e+03
1.4029e+00	7.3215e+08	1.1823e+03
1.4310e+00	6.9657e+08	1.1838e+03
1.4597e+00	6.6665e+08	1.1852e+03
1.4889e+00	6.3385e+08	1.1867e+03
1.5188e+00	6.0803e+08	1.1883e+03
1.5492e+00	5.8192e+08	1.1899e+03
1.5803e+00	5.5220e+08	1.1915e+03
1.6119e+00	5.2816e+08	1.1931e+03
1.6442e+00	5.0301e+08	1.1948e+03
1.6772e+00	4.8255e+08	1.1965e+03
1.7108e+00	4.5933e+08	1.1982e+03
1.7451e+00	4.3620e+08	1.2000e+03
1.7801e+00	4.1423e+08	1.2018e+03
1.8158e+00	3.9471e+08	1.2036e+03
1.8522e+00	3.7881e+08	1.2055e+03
1.8893e+00	3.6335e+08	1.2074e+03
1.9272e+00	3.4622e+08	1.2093e+03
1.9658e+00	3.2850e+08	1.2113e+03
2.0052e+00	3.1298e+08	1.2134e+03
2.0454e+00	3.0050e+08	1.2154e+03
2.0864e+00	2.8829e+08	1.2175e+03
2.1282e+00	2.7513e+08	1.2197e+03
2.1709e+00	2.6311e+08	1.2219e+03
2.2144e+00	2.4855e+08	1.2241e+03
2.2588e+00	2.3625e+08	1.2264e+03
2.3041e+00	2.2480e+08	1.2288e+03
2.3502e+00	2.1329e+08	1.2312e+03
2.3974e+00	2.0238e+08	1.2336e+03
2.4454e+00	1.9228e+08	1.2361e+03
2.4944e+00	1.8406e+08	1.2386e+03
2.5444e+00	1.7628e+08	1.2412e+03
2.5954e+00	1.6887e+08	1.2392e+03
2.6475e+00	1.6171e+08	1.2406e+03
2.7005e+00	1.5427e+08	1.2432e+03
2.7547e+00	1.4727e+08	1.2460e+03
2.8099e+00	1.4009e+08	1.2489e+03
2.8662e+00	1.3325e+08	1.2518e+03
2.9237e+00	1.2663e+08	1.2547e+03
2.9823e+00	1.1974e+08	1.2577e+03
3.0420e+00	1.1357e+08	1.2608e+03
3.1030e+00	1.0772e+08	1.2640e+03
3.1652e+00	1.0227e+08	1.2672e+03
3.2287e+00	9.7051e+07	1.2704e+03
3.2934e+00	9.2297e+07	1.2738e+03
3.3594e+00	8.7844e+07	1.2772e+03
3.4267e+00	8.3575e+07	1.2806e+03
3.4954e+00	7.9340e+07	1.2842e+03
3.5655e+00	7.5271e+07	1.2878e+03
3.6370e+00	7.1411e+07	1.2915e+03
3.7099e+00	6.7748e+07	1.2952e+03
3.7842e+00	6.4273e+07	1.2990e+03
3.8601e+00	6.0976e+07	1.3030e+03
3.9375e+00	5.7848e+07	1.3069e+03
4.0164e+00	5.4881e+07	1.3110e+03
4.0969e+00	5.2065e+07	1.3151e+03
4.1790e+00	4.9393e+07	1.3194e+03
4.2628e+00	4.6859e+07	1.3237e+03
4.3482e+00	4.4454e+07	1.3281e+03
4.4354e+00	4.2154e+07	1.3326e+03
4.5243e+00	3.9888e+07	1.3372e+03
4.6150e+00	3.7744e+07	1.3418e+03
4.7075e+00	3.5714e+07	1.3466e+03
4.8019e+00	3.3794e+07	1.3514e+03
4.8981e+00	3.1977e+07	1.3564e+03
4.9963e+00	3.0269e+07	1.3614e+03
5.0964e+00	2.8655e+07	1.3665e+03
5.1986e+00	2.7223e+07	1.3717e+03
5.3028e+00	2.5880e+07	1.3765e+03
5.4091e+00	2.4608e+07	1.3817e+03
5.5175e+00	2.3399e+07	1.3872e+03
5.6281e+00	2.2249e+07	1.3928e+03
5.7409e+00	2.1155e+07	1.3985e+03
5.8560e+00	2.0094e+07	1.4044e+03
5.9734e+00	1.9049e+07	1.4103e+03
6.0931e+00	1.8101e+07	1.4163e+03
6.2153e+00	1.7109e+07	1.4225e+03
6.3398e+00	1.6195e+07	1.4288e+03
6.4669e+00	1.5383e+07	1.4352e+03
6.5966e+00	1.4618e+07	1.4416e+03
6.7288e+00	1.3853e+07	1.4483e+03
6.8637e+00	1.3098e+07	1.4550e+03
7.0012e+00	1.2384e+07	1.4619e+03
7.1416e+00	1.1709e+07	1.4688e+03
7.2847e+00	1.1077e+07	1.4759e+03
7.4308e+00	1.0481e+07	1.4832e+03
7.5797e+00	9.9166e+06	1.4905e+03
7.7316e+00	9.3829e+06	1.4980e+03
7.8866e+00	8.9080e+06	1.5056e+03
8.0447e+00	8.4629e+06	1.5133e+03
8.2060e+00	8.0399e+06	1.5212e+03
8.3705e+00	7.6380e+06	1.5292e+03
8.5382e+00	7.2561e+06	1.5374e+03
8.7094e+00	6.8932e+06	1.5457e+03
8.8840e+00	6.5484e+06	1.5542e+03
9.0620e+00	6.2208e+06	1.5628e+03
9.2437e+00	5.9095e+06	1.5715e+03
9.4290e+00	5.6137e+06	1.5804e+03
9.6180e+00	5.3327e+06	1.5895e+03
9.8108e+00	5.0657e+06	1.5992e+03
1.0007e+01	4.8120e+06	1.6088e+03
1.0208e+01	4.5709e+06	1.6186e+03
1.0413e+01	4.3419e+06	1.6280e+03
1.0621e+01	4.1243e+06	1.6376e+03
1.0834e+01	3.9175e+06	1.6473e+03
1.1051e+01	3.7210e+06	1.6572e+03
1.1273e+01	3.5274e+06	1.6674e+03
1.1499e+01	3.3437e+06	1.6777e+03
1.1729e+01	3.1696e+06	1.6902e+03
1.1965e+01	3.0046e+06	1.7013e+03
1.2204e+01	2.8481e+06	1.7119e+03
1.2449e+01	2.6997e+06	1.7226e+03
1.2699e+01	2.5590e+06	1.7335e+03
1.2953e+01	2.4257e+06	1.7445e+03
1.3213e+01	2.2992e+06	1.7558e+03
1.3478e+01	2.1793e+06	1.7674e+03
1.3748e+01	2.0657e+06	1.7791e+03
1.4023e+01	1.9579e+06	1.7895e+03
1.4304e+01	1.8557e+06	1.8010e+03
1.4591e+01	1.7589e+06	1.8125e+03
1.4884e+01	1.6670e+06	1.8238e+03
1.5182e+01	1.5800e+06	1.8350e+03
1.5486e+01	1.4975e+06	1.8462e+03
1.5797e+01	1.4192e+06	1.8573e+03
1.6113e+01	1.3450e+06	1.8684e+03
1.6436e+01	1.2699e+06	1.8796e+03
1.6766e+01	1.2010e+06	1.8896e+03
1.7102e+01	1.1368e+06	1.9006e+03
1.7445e+01	1.0697e+06	1.9116e+03
1.7794e+01	1.0105e+06	1.9227e+03
1.8151e+01	9.5500e+05	1.9337e+03
1.8515e+01	9.0251e+05	1.9447e+03
1.8886e+01	8.5407e+05	1.9558e+03
1.9265e+01	8.0408e+05	1.9670e+03
1.9651e+01	7.5978e+05	1.9783e+03
2.0045e+01	7.1674e+05	1.9903e+03
2.0446e+01	6.7791e+05	2.0008e+03
2.0856e+01	6.4111e+05	2.0115e+03
2.1274e+01	6.0818e+05	2.0256e+03
2.1701e+01	5.7694e+05	2.0362e+03
2.2136e+01	5.4728e+05	2.0467e+03
2.2579e+01	5.1915e+05	2.0579e+03
2.3032e+01	4.9245e+05	2.0676e+03
2.3494e+01	4.6610e+05	2.0779e+03
2.3965e+01	4.3991e+05	2.0878e+03
2.4445e+01	4.1474e+05	2.0975e+03
2.4935e+01	3.9075e+05	2.1069e+03
2.5435e+01	3.6826e+05	2.1158e+03
2.5945e+01	3.4878e+05	2.1246e+03
2.6465e+01	3.3022e+05	2.1335e+03
2.6995e+01	3.0962e+05	2.1427e+03
2.7536e+01	2.9262e+05	2.1533e+03
2.8088e+01	2.7596e+05	2.1624e+03
2.8651e+01	2.6015e+05	2.1748e+03
2.9226e+01	2.4541e+05	2.1834e+03
2.9812e+01	2.3243e+05	2.1925e+03
3.0409e+01	2.2013e+05	2.2012e+03
3.1019e+01	2.0866e+05	2.2086e+03
3.1640e+01	1.9786e+05	2.2158e+03
3.2275e+01	1.8762e+05	2.2228e+03
3.2922e+01	1.7790e+05	2.2299e+03
3.3581e+01	1.6868e+05	2.2372e+03
3.4255e+01	1.5877e+05	2.2455e+03
3.4941e+01	1.4975e+05	2.2516e+03
3.5642e+01	1.4182e+05	2.2571e+03
3.6356e+01	1.3444e+05	2.2637e+03
3.7085e+01	1.2748e+05	2.2675e+03
3.7828e+01	1.2090e+05	2.2698e+03
3.8586e+01	1.1465e+05	2.2708e+03
3.9360e+01	1.0872e+05	2.2717e+03
4.0149e+01	1.0211e+05	2.2738e+03
4.0954e+01	9.5593e+04	2.2732e+03
4.1775e+01	9.0205e+04	2.2740e+03
4.2612e+01	8.4211e+04	2.2734e+03
4.3466e+01	7.9575e+04	2.2714e+03
4.4337e+01	7.5290e+04	2.2685e+03
4.5226e+01	7.1231e+04	2.2653e+03
4.6133e+01	6.7281e+04	2.2580e+03
4.7057e+01	6.3327e+04	2.2494e+03
4.8001e+01	5.9807e+04	2.2377e+03
4.8963e+01	5.6476e+04	2.2243e+03
4.9944e+01	5.3369e+04	2.2111e+03
5.0945e+01	4.9921e+04	2.1967e+03
5.1967e+01	4.6442e+04	2.1836e+03
5.3008e+01	4.3662e+04	2.1672e+03
5.4071e+01	4.1194e+04	2.1508e+03
5.5155e+01	3.8862e+04	2.1343e+03
5.6260e+01	3.6705e+04	2.1196e+03
5.7388e+01	3.4636e+04	2.1017e+03
5.8538e+01	3.2523e+04	2.0827e+03
5.9712e+01	3.0619e+04	2.0613e+03
6.0909e+01	2.8786e+04	2.0408e+03
6.2130e+01	2.7178e+04	2.0195e+03
6.3375e+01	2.5602e+04	2.0008e+03
6.4645e+01	2.4152e+04	1.9830e+03
6.5941e+01	2.2792e+04	1.9611e+03
6.7263e+01	2.1511e+04	1.9356e+03
6.8611e+01	2.0302e+04	1.9097e+03
6.9986e+01	1.9160e+04	1.8801e+03
7.1389e+01	1.8072e+04	1.8482e+03
7.2820e+01	1.7010e+04	1.8154e+03
7.4280e+01	1.6041e+04	1.7779e+03
7.5769e+01	1.5138e+04	1.7380e+03
7.7288e+01	1.4285e+04	1.6986e+03
7.8837e+01	1.3480e+04	1.6705e+03
8.0417e+01	1.2719e+04	1.6431e+03
8.2029e+01	1.2001e+04	1.6151e+03
8.3673e+01	1.1155e+04	1.5842e+03
8.5351e+01	1.0512e+04	1.5511e+03
8.7062e+01	9.8906e+03	1.5108e+03
8.8807e+01	9.2429e+03	1.4711e+03
9.0587e+01	8.7149e+03	1.4326e+03
9.2403e+01	8.2333e+03	1.3961e+03
9.4255e+01	7.7684e+03	1.3628e+03
9.6144e+01	7.2798e+03	1.3297e+03
9.8071e+01	6.8626e+03	1.2949e+03
1.0004e+02	6.4461e+03	1.2576e+03
1.0204e+02	5.9733e+03	1.2149e+03
1.0409e+02	5.5500e+03	1.1717e+03
1.0617e+02	5.1987e+03	1.1374e+03
1.0830e+02	4.8991e+03	1.1036e+03
1.1047e+02	4.5956e+03	1.0620e+03
1.1269e+02	4.3261e+03	1.0191e+03
1.1495e+02	4.0252e+03	9.7510e+02
1.1725e+02	3.7505e+03	9.3378e+02
1.1960e+02	3.5104e+03	8.9554e+02
1.2200e+02	3.2792e+03	8.6370e+02
1.2444e+02	3.0902e+03	8.3242e+02
1.2694e+02	2.8883e+03	7.9328e+02
1.2948e+02	2.6850e+03	7.5456e+02
1.3208e+02	2.4718e+03	7.1721e+02
1.3473e+02	2.3287e+03	6.8178e+02
1.3743e+02	2.1851e+03	6.4871e+02
1.4018e+02	2.0229e+03	6.1894e+02
1.4299e+02	1.8824e+03	5.9354e+02
1.4586e+02	1.7650e+03	5.6810e+02
1.4878e+02	1.6462e+03	5.3796e+02
1.5176e+02	1.5139e+03	5.1111e+02
1.5481e+02	1.4179e+03	4.8759e+02
1.5791e+02	1.3039e+03	4.6752e+02
1.6107e+02	1.1925e+03	4.4809e+02
1.6430e+02	1.0977e+03	4.2967e+02
1.6760e+02	1.0263e+03	4.1199e+02
1.7096e+02	9.3751e+02	3.9457e+02
1.7438e+02	8.5642e+02	3.7322e+02
1.7788e+02	7.8387e+02	3.5144e+02
1.8144e+02	7.2320e+02	3.3275e+02
1.8508e+02	6.7549e+02	3.1826e+02
1.8879e+02	6.1792e+02	3.0420e+02
1.9257e+02	5.7143e+02	2.8911e+02
1.9643e+02	5.3505e+02	2.7216e+02
2.0037e+02	5.0093e+02	2.5424e+02
2.0439e+02	4.6967e+02	2.3721e+02
2.0849e+02	4.3998e+02	2.2226e+02
2.1266e+02	4.0203e+02	2.0911e+02
2.1693e+02	3.7104e+02	1.9628e+02
2.2128e+02	3.4872e+02	1.8608e+02
2.2571e+02	3.2641e+02	1.7680e+02
2.3024e+02	3.0064e+02	1.6797e+02
2.3485e+02	2.7400e+02	1.5920e+02
2.3956e+02	2.5000e+02	1.4985e+02
2.4436e+02	2.3100e+02	1.3957e+02
2.4926e+02	2.1249e+02	1.2955e+02
2.5425e+02	1.9846e+02	1.2041e+02
2.5935e+02	1.8571e+02	1.1228e+02
2.6455e+02	1.7375e+02	1.0509e+02
2.6985e+02	1.6118e+02	9.8817e+01
2.7526e+02	1.4727e+02	9.2917e+01
2.8078e+02	1.3418e+02	8.7029e+01
2.8641e+02	1.2302e+02	8.0631e+01
2.9215e+02	1.1329e+02	7.4390e+01
2.9800e+02	1.0520e+02	6.8563e+01
3.0398e+02	9.7672e+01	6.3086e+01
3.1007e+02	9.0237e+01	5.7937e+01
3.1629e+02	8.2083e+01	5.3013e+01
3.2263e+02	7.4608e+01	4.8411e+01
3.2909e+02	6.7760e+01	4.4188e+01
3.3569e+02	6.1481e+01	4.0559e+01
3.4242e+02	5.5528e+01	3.7129e+01
3.4928e+02	5.0046e+01	3.3891e+01
3.5628e+02	4.5056e+01	3.1147e+01
3.6343e+02	4.0949e+01	2.8878e+01
3.7071e+02	3.6940e+01	2.6551e+01
3.7814e+02	3.3305e+01	2.3991e+01
3.8572e+02	3.0633e+01	2.1791e+01
3.9345e+02	2.8111e+01	1.9921e+01
4.0134e+02	2.5064e+01	1.8293e+01
4.0938e+02	2.2507e+01	1.6960e+01
4.1759e+02	2.0380e+01	1.5393e+01
4.2596e+02	1.8549e+01	1.3909e+01
4.3450e+02	1.7129e+01	1.2619e+01
4.4321e+02	1.5284e+01	1.1412e+01
4.5209e+02	1.3710e+01	1.0361e+01
4.6116e+02	1.2347e+01	9.4299e+00
4.7040e+02	1.1025e+01	8.4589e+00
4.7983e+02	1.0026e+01	7.5049e+00
4.8945e+02	8.9707e+00	6.6502e+00
4.9926e+02	7.8932e+00	5.9038e+00
5.0926e+02	6.9346e+00	5.3159e+00
5.1947e+02	6.0830e+00	4.6878e+00
5.2989e+02	5.4596e+00	4.1536e+00
5.4051e+02	4.7691e+00	3.6819e+00
5.5134e+02	4.1964e+00	3.2257e+00
5.6239e+02	3.6939e+00	2.8148e+00
5.7367e+02	3.2047e+00	2.4518e+00
5.8517e+02	2.7753e+00	2.1320e+00
5.9690e+02	2.3990e+00	1.8507e+00
6.0886e+02	2.0699e+00	1.6037e+00
6.2106e+02	1.7824e+00	1.3872e+00
6.3351e+02	1.5334e+00	1.1987e+00
6.4621e+02	1.3167e+00	1.0356e+00
6.5917e+02	1.1299e+00	8.9345e-01
6.7238e+02	9.6971e-01	7.6922e-01
6.8586e+02	8.3059e-01	6.6106e-01
6.9960e+02	7.0997e-01	5.6702e-01
7.1363e+02	6.0560e-01	4.8510e-01
7.2793e+02	5.1548e-01	4.1430e-01
7.4252e+02	4.3798e-01	3.5330e-01
7.5741e+02	3.7159e-01	3.0057e-01
7.7259e+02	3.1455e-01	2.5679e-01
7.8808e+02	2.6567e-01	2.2206e-01
8.0387e+02	2.3042e-01	1.8762e-01
8.1999e+02	1.9358e-01	1.5755e-01
8.3642e+02	1.6174e-01	1.3195e-01
8.5319e+02	1.3479e-01	1.1023e-01
8.7029e+02	1.1204e-01	9.1811e-02
8.8774e+02	9.2874e-02	7.6270e-02
9.0553e+02	7.6777e-02	6.3194e-02
9.2368e+02	6.3292e-02	5.2271e-02
9.4220e+02	5.2105e-02	4.3190e-02
9.6108e+02	4.2852e-02	3.5590e-02
9.8035e+02	3.5141e-02	2.9261e-02
1.0000e+03	2.8755e-02	2.4047e-02