1.378405e+00 1.060139e+07
1.396721e+00 1.035687e+07
1.415280e+00 1.010399e+07
1.434085e+00 9.849645e+06
1.453141e+00 9.613908e+06
1.472449e+00 9.384858e+06
1.492015e+00 9.167617e+06
1.511840e+00 8.952685e+06
1.531928e+00 8.730734e+06
1.552284e+00 8.518645e+06
1.572910e+00 8.303494e+06
1.593810e+00 8.096265e+06
1.614988e+00 7.903529e+06
1.636447e+00 7.720978e+06
1.658192e+00 7.538174e+06
1.680225e+00 7.355833e+06
1.702551e+00 7.185190e+06
1.725174e+00 7.009624e+06
1.748097e+00 6.839261e+06
1.771325e+00 6.674664e+06
1.794862e+00 6.510884e+06
1.818711e+00 6.340323e+06
1.842877e+00 6.188619e+06
1.867365e+00 6.033612e+06
1.892177e+00 5.896711e+06
1.917320e+00 5.746712e+06
1.942796e+00 5.600188e+06
1.968611e+00 5.462521e+06
1.994770e+00 5.324032e+06
2.021275e+00 5.191900e+06
2.048133e+00 5.058637e+06
2.075348e+00 4.934636e+06
2.102924e+00 4.809410e+06
2.130867e+00 4.691783e+06
2.159181e+00 4.574796e+06
2.187871e+00 4.461096e+06
2.216942e+00 4.353924e+06
2.246400e+00 4.251438e+06
2.276249e+00 4.142639e+06
2.306495e+00 4.030870e+06
2.337143e+00 3.933847e+06
2.368198e+00 3.837455e+06
2.399665e+00 3.745314e+06
2.431551e+00 3.651507e+06
2.463861e+00 3.562142e+06
2.496599e+00 3.474963e+06
2.529773e+00 3.382501e+06
2.563387e+00 3.296226e+06
2.597449e+00 3.210230e+06
2.631962e+00 3.131111e+06
2.666935e+00 3.052474e+06
2.702372e+00 2.977487e+06
2.738280e+00 2.904939e+06
2.774665e+00 2.832278e+06
2.811533e+00 2.759152e+06
2.848892e+00 2.688731e+06
2.886747e+00 2.619590e+06
2.925104e+00 2.550066e+06
2.963972e+00 2.481950e+06
3.003356e+00 2.415089e+06
3.043263e+00 2.352618e+06
3.083701e+00 2.293277e+06
3.124676e+00 2.238311e+06
3.166195e+00 2.178628e+06
3.208266e+00 2.122669e+06
3.250896e+00 2.066709e+06
3.294092e+00 2.013863e+06
3.337863e+00 1.961137e+06
3.382215e+00 1.908397e+06
3.427156e+00 1.861440e+06
3.472694e+00 1.814587e+06
3.518839e+00 1.767627e+06
3.565595e+00 1.723324e+06
3.612974e+00 1.678517e+06
3.660981e+00 1.631942e+06
3.709627e+00 1.589056e+06
3.758918e+00 1.547641e+06
3.808866e+00 1.505179e+06
3.859476e+00 1.465924e+06
3.910759e+00 1.425961e+06
3.962723e+00 1.388314e+06
4.015378e+00 1.351374e+06
4.068733e+00 1.315763e+06
4.122796e+00 1.279642e+06
4.177578e+00 1.246059e+06
4.233088e+00 1.211528e+06
4.289336e+00 1.178277e+06
4.346330e+00 1.146501e+06
4.404083e+00 1.115041e+06
4.462602e+00 1.083609e+06
4.521899e+00 1.052461e+06
4.581984e+00 1.024168e+06
4.642868e+00 9.953257e+05
4.704559e+00 9.670100e+05
4.767072e+00 9.401397e+05
4.830414e+00 9.137756e+05
4.894599e+00 8.871904e+05
4.959636e+00 8.619254e+05
5.025538e+00 8.373227e+05
5.092315e+00 8.149884e+05
5.159980e+00 7.927103e+05
5.228543e+00 7.697711e+05
5.298017e+00 7.470799e+05
5.368415e+00 7.257488e+05
5.439748e+00 7.055646e+05
5.512030e+00 6.849684e+05
5.585270e+00 6.654587e+05
5.659486e+00 6.466701e+05
5.734686e+00 6.285943e+05
5.810887e+00 6.108506e+05
5.888099e+00 5.932354e+05
5.966338e+00 5.758157e+05
6.045615e+00 5.584890e+05
6.125947e+00 5.423030e+05
6.207345e+00 5.263162e+05
6.289827e+00 5.110860e+05
6.373403e+00 4.957684e+05
6.458091e+00 4.809700e+05
6.543902e+00 4.666247e+05
6.630854e+00 4.525505e+05
6.718963e+00 4.391726e+05
6.808240e+00 4.261969e+05
6.898706e+00 4.132718e+05
6.990372e+00 4.010767e+05
7.083258e+00 3.892828e+05
7.177377e+00 3.771861e+05
7.272748e+00 3.660026e+05
7.369384e+00 3.551910e+05
7.467306e+00 3.445361e+05
7.566527e+00 3.341645e+05
7.667069e+00 3.239717e+05
7.768945e+00 3.141773e+05
7.872176e+00 3.042436e+05
7.976777e+00 2.945140e+05
8.082770e+00 2.849602e+05
8.190169e+00 2.759726e+05
8.298998e+00 2.672810e+05
8.409270e+00 2.590660e+05
8.521008e+00 2.509545e+05
8.634233e+00 2.429557e+05
8.748960e+00 2.351106e+05
8.865213e+00 2.276737e+05
8.983009e+00 2.201251e+05
9.102372e+00 2.128516e+05
9.223320e+00 2.057882e+05
9.345877e+00 1.987659e+05
9.470059e+00 1.922716e+05
9.595895e+00 1.858097e+05
9.723399e+00 1.797987e+05
9.852601e+00 1.737925e+05
9.983517e+00 1.679985e+05
1.011617e+01 1.624327e+05
1.025059e+01 1.568970e+05
1.038680e+01 1.514826e+05
1.052481e+01 1.463573e+05
1.066466e+01 1.413214e+05
1.080637e+01 1.366026e+05
1.094996e+01 1.319068e+05
1.109546e+01 1.273815e+05
1.124289e+01 1.228030e+05
1.139228e+01 1.185037e+05
1.154366e+01 1.142267e+05
1.169704e+01 1.101325e+05
1.185247e+01 1.062671e+05
1.200996e+01 1.025332e+05
1.216954e+01 9.881528e+04
1.233125e+01 9.520916e+04
1.249510e+01 9.161654e+04
1.266113e+01 8.824153e+04
1.282936e+01 8.516502e+04
1.299984e+01 8.211983e+04
1.317257e+01 7.905369e+04
1.334760e+01 7.609646e+04
1.352496e+01 7.323035e+04
1.370467e+01 7.062433e+04
1.388677e+01 6.803494e+04
1.407129e+01 6.552855e+04
1.425827e+01 6.318073e+04
1.444772e+01 6.077296e+04
1.463970e+01 5.848557e+04
1.483423e+01 5.627259e+04
1.503134e+01 5.404073e+04
1.523107e+01 5.188161e+04
1.543345e+01 4.985238e+04
1.563852e+01 4.792564e+04
1.584632e+01 4.593109e+04
1.605688e+01 4.414093e+04
1.627024e+01 4.233573e+04
1.648643e+01 4.063375e+04
1.670549e+01 3.896991e+04
1.692747e+01 3.747018e+04
1.715239e+01 3.597592e+04
1.738031e+01 3.454935e+04
1.761125e+01 3.306743e+04
1.784526e+01 3.176484e+04
1.808238e+01 3.049639e+04
1.832265e+01 2.927524e+04
1.856611e+01 2.804178e+04
1.881281e+01 2.687982e+04
1.906279e+01 2.577384e+04
1.931609e+01 2.462744e+04
1.957275e+01 2.356001e+04
1.983282e+01 2.255118e+04
2.009635e+01 2.157689e+04
2.036338e+01 2.064208e+04
2.063397e+01 1.974700e+04
2.090814e+01 1.887200e+04
2.118596e+01 1.801911e+04
2.146747e+01 1.723103e+04
2.175272e+01 1.645152e+04
2.204176e+01 1.573597e+04
2.233464e+01 1.506818e+04
2.263141e+01 1.441025e+04
2.293213e+01 1.374908e+04
2.323684e+01 1.313435e+04
2.354560e+01 1.253674e+04
2.385847e+01 1.198081e+04
2.417549e+01 1.144446e+04
2.449672e+01 1.090700e+04
2.482223e+01 1.042360e+04
2.515205e+01 9.929729e+03
2.548626e+01 9.438511e+03
2.582491e+01 8.989895e+03
2.616806e+01 8.551062e+03
2.651577e+01 8.131068e+03
2.686810e+01 7.729091e+03
2.722511e+01 7.362129e+03
2.758686e+01 7.020274e+03
2.795343e+01 6.688838e+03
2.832486e+01 6.367063e+03
2.870123e+01 6.031431e+03
2.908260e+01 5.758519e+03
2.946904e+01 5.459233e+03
2.986061e+01 5.183782e+03
3.025739e+01 4.918481e+03
3.065943e+01 4.685235e+03
3.106682e+01 4.463286e+03
3.147962e+01 4.248500e+03
3.189790e+01 4.029521e+03
3.232175e+01 3.833549e+03
3.275122e+01 3.646572e+03
3.318641e+01 3.454194e+03
3.362738e+01 3.272933e+03
3.407421e+01 3.104361e+03
3.452697e+01 2.943551e+03
3.498575e+01 2.791232e+03
3.545062e+01 2.650586e+03
3.592168e+01 2.522555e+03
3.639899e+01 2.392401e+03
3.688264e+01 2.270023e+03
3.737272e+01 2.158598e+03
3.786932e+01 2.048993e+03
3.837251e+01 1.940328e+03
3.888239e+01 1.844247e+03
3.939903e+01 1.750838e+03
3.992256e+01 1.665564e+03
4.045303e+01 1.578523e+03
4.099054e+01 1.497168e+03
4.153521e+01 1.420530e+03
4.208711e+01 1.348172e+03
4.264635e+01 1.281162e+03
4.321301e+01 1.216296e+03
4.378721e+01 1.154961e+03
4.436903e+01 1.096184e+03
4.495860e+01 1.038857e+03
4.555598e+01 9.862837e+02
4.616131e+01 9.365521e+02
4.677468e+01 8.886320e+02
4.739621e+01 8.419469e+02
4.802598e+01 7.996098e+02
4.866413e+01 7.607522e+02
4.931076e+01 7.212976e+02
4.996598e+01 6.851920e+02
5.062990e+01 6.505876e+02
5.130266e+01 6.169566e+02
5.198434e+01 5.834444e+02
5.267508e+01 5.509472e+02
5.337501e+01 5.242734e+02
5.408422e+01 4.991537e+02
5.480288e+01 4.745853e+02
5.553107e+01 4.493468e+02
5.626895e+01 4.253936e+02
5.701662e+01 4.038219e+02
5.777424e+01 3.845813e+02
5.854191e+01 3.649598e+02
5.931980e+01 3.451289e+02
6.010801e+01 3.267138e+02
6.090670e+01 3.091193e+02
6.171600e+01 2.928576e+02
6.253606e+01 2.769944e+02
6.336701e+01 2.623856e+02
6.420901e+01 2.490404e+02
6.506218e+01 2.364434e+02
6.592669e+01 2.246766e+02
6.680270e+01 2.134949e+02
6.769035e+01 2.023387e+02
6.858979e+01 1.919710e+02
6.950117e+01 1.823462e+02
7.042468e+01 1.729807e+02
7.136045e+01 1.640647e+02
7.230866e+01 1.559014e+02
7.326946e+01 1.481614e+02
7.424304e+01 1.408056e+02
7.522955e+01 1.339450e+02
7.622917e+01 1.271989e+02
7.724207e+01 1.208239e+02
7.826843e+01 1.148471e+02
7.930842e+01 1.092429e+02
8.036224e+01 1.039978e+02
8.143005e+01 9.867402e+01
8.251207e+01 9.359459e+01
8.360844e+01 8.872743e+01
8.471939e+01 8.410447e+01
8.584512e+01 7.982369e+01
8.698578e+01 7.594380e+01
8.814162e+01 7.221750e+01
8.931279e+01 6.859403e+01
9.049956e+01 6.515215e+01
9.170206e+01 6.188289e+01
9.292057e+01 5.877747e+01
9.415525e+01 5.592512e+01
9.540636e+01 5.314604e+01
9.667406e+01 5.046225e+01
9.795863e+01 4.791379e+01
9.926025e+01 4.549173e+01
1.005792e+02 4.313691e+01
1.019157e+02 4.095257e+01
1.032699e+02 3.887865e+01
1.046421e+02 3.688370e+01
1.060325e+02 3.497359e+01
1.074414e+02 3.316999e+01
1.088690e+02 3.145044e+01
1.103156e+02 2.992778e+01
1.117815e+02 2.846094e+01
1.132668e+02 2.702641e+01
1.147718e+02 2.565082e+01
1.162969e+02 2.434942e+01
1.178422e+02 2.311515e+01
1.194080e+02 2.194333e+01
1.209946e+02 2.083085e+01
1.226024e+02 1.977461e+01
1.242315e+02 1.877183e+01
1.258822e+02 1.781979e+01
1.275548e+02 1.691621e+01
1.292497e+02 1.607360e+01
1.309672e+02 1.527292e+01
1.327074e+02 1.448578e+01
1.344707e+02 1.373177e+01
1.362575e+02 1.302906e+01
1.380681e+02 1.240772e+01
1.399027e+02 1.181601e+01
1.417616e+02 1.123959e+01
1.436453e+02 1.067590e+01
1.455540e+02 1.012544e+01
1.474881e+02 9.603329e+00
1.494478e+02 9.108121e+00
1.514336e+02 8.638395e+00
1.534458e+02 8.194525e+00
1.554848e+02 7.779029e+00
1.575507e+02 7.384808e+00
1.596442e+02 7.010735e+00
1.617655e+02 6.655788e+00
1.639150e+02 6.318983e+00
1.660930e+02 6.001350e+00
1.683000e+02 5.702206e+00
1.705363e+02 5.412081e+00
1.728022e+02 5.133074e+00
1.750984e+02 4.868464e+00
1.774250e+02 4.617519e+00
1.797826e+02 4.380786e+00
1.821714e+02 4.162397e+00
1.845920e+02 3.954902e+00
1.870448e+02 3.757765e+00
1.895302e+02 3.570467e+00
1.920486e+02 3.398786e+00
1.946004e+02 3.239464e+00
1.971862e+02 3.077993e+00
1.998064e+02 2.921874e+00
2.024612e+02 2.773682e+00
2.051515e+02 2.633005e+00
2.078775e+02 2.500022e+00
2.106397e+02 2.372703e+00
2.134385e+02 2.253368e+00
2.162746e+02 2.142627e+00
2.191484e+02 2.036029e+00
2.220603e+02 1.930449e+00
2.250109e+02 1.830361e+00
2.280008e+02 1.736342e+00
2.310304e+02 1.648299e+00
2.341001e+02 1.561780e+00
2.372108e+02 1.478910e+00
2.403628e+02 1.402328e+00
2.435567e+02 1.329742e+00
2.467928e+02 1.259306e+00
2.500721e+02 1.192603e+00
2.533950e+02 1.130622e+00
2.567621e+02 1.072185e+00
2.601737e+02 1.016802e+00
2.636308e+02 9.643064e-01
2.671339e+02 9.145489e-01
2.706835e+02 8.679888e-01
2.742801e+02 8.249104e-01
2.779247e+02 7.839884e-01
2.816176e+02 7.451160e-01
2.853595e+02 7.081911e-01
2.891513e+02 6.733523e-01
2.929934e+02 6.391407e-01
2.968867e+02 6.064024e-01
3.008315e+02 5.757545e-01
3.048288e+02 5.461242e-01
3.088793e+02 5.177014e-01
3.129836e+02 4.907539e-01
3.171422e+02 4.652065e-01
3.213563e+02 4.413744e-01
3.256264e+02 4.189569e-01
3.299532e+02 3.976807e-01
3.343374e+02 3.774885e-01
3.387800e+02 3.583232e-01
3.432816e+02 3.398323e-01
3.478430e+02 3.219654e-01
3.524648e+02 3.050383e-01
3.571483e+02 2.890002e-01
3.618940e+02 2.738052e-01
3.667025e+02 2.594627e-01
3.715752e+02 2.458953e-01
3.765125e+02 2.330378e-01
3.815155e+02 2.208529e-01
3.865848e+02 2.094893e-01
3.917216e+02 1.988005e-01
3.969267e+02 1.886579e-01
4.022009e+02 1.790652e-01
4.075450e+02 1.706847e-01
4.129604e+02 1.626975e-01
4.184477e+02 1.550855e-01
4.240079e+02 1.477746e-01
4.296418e+02 1.403361e-01
4.353507e+02 1.332701e-01
4.411355e+02 1.263692e-01
4.469972e+02 1.197107e-01
4.529365e+02 1.133993e-01
4.589550e+02 1.076620e-01
4.650535e+02 1.023522e-01
4.712327e+02 9.728869e-02
4.774943e+02 9.240155e-02
4.838391e+02 8.776092e-02
4.902682e+02 8.335434e-02
4.967825e+02 7.917013e-02
5.033836e+02 7.519674e-02
5.100724e+02 7.142365e-02
5.168501e+02 6.784077e-02
5.237176e+02 6.443861e-02
5.306766e+02 6.120774e-02
5.377280e+02 5.813967e-02
5.448732e+02 5.522615e-02
5.521130e+02 5.245953e-02
5.594493e+02 4.981535e-02
5.668832e+02 4.729418e-02
5.744157e+02 4.489990e-02
5.820481e+02 4.262626e-02
5.897822e+02 4.044857e-02
5.976190e+02 3.818257e-02
6.055597e+02 3.604026e-02
6.136062e+02 3.401492e-02
6.217596e+02 3.210043e-02
6.300214e+02 3.029801e-02
6.383925e+02 2.876958e-02
6.468753e+02 2.731818e-02
6.554708e+02 2.593997e-02
6.641805e+02 2.463127e-02
6.730056e+02 2.346759e-02
6.819483e+02 2.245486e-02
6.910098e+02 2.148746e-02
7.001918e+02 2.039528e-02
7.094953e+02 1.934932e-02
7.189229e+02 1.840500e-02
7.284757e+02 1.750424e-02
7.381551e+02 1.657020e-02
7.479634e+02 1.571367e-02
7.579022e+02 1.490113e-02
7.679730e+02 1.413351e-02
7.781771e+02 1.345017e-02
7.885173e+02 1.280062e-02
7.989949e+02 1.218321e-02
8.096118e+02 1.159631e-02
8.203692e+02 1.103842e-02
8.312700e+02 1.050803e-02
8.423157e+02 1.000379e-02
8.535081e+02 9.524388e-03
8.648488e+02 9.068596e-03
8.763407e+02 8.590427e-03
8.879852e+02 8.126592e-03
8.997845e+02 7.687522e-03
9.117401e+02 7.286920e-03
9.238550e+02 6.930079e-03
9.361309e+02 6.590924e-03
9.485695e+02 6.268585e-03
9.611738e+02 5.962193e-03
9.739456e+02 5.670967e-03
9.868871e+02 5.394148e-03
1.000000e+03 5.128133e-03
