1.378405e+00 2.203550e+06 3.161453e+06
1.396721e+00 2.154783e+06 3.083096e+06
1.415280e+00 2.105518e+06 3.001506e+06
1.434085e+00 2.058696e+06 2.925118e+06
1.453141e+00 2.015057e+06 2.854182e+06
1.472449e+00 1.971635e+06 2.782026e+06
1.492015e+00 1.930291e+06 2.711713e+06
1.511840e+00 1.886268e+06 2.641243e+06
1.531928e+00 1.840586e+06 2.574409e+06
1.552284e+00 1.801287e+06 2.507697e+06
1.572910e+00 1.761337e+06 2.440029e+06
1.593810e+00 1.722272e+06 2.377209e+06
1.614988e+00 1.685702e+06 2.314463e+06
1.636447e+00 1.646305e+06 2.253909e+06
1.658192e+00 1.609492e+06 2.196479e+06
1.680225e+00 1.572756e+06 2.142374e+06
1.702551e+00 1.535197e+06 2.087384e+06
1.725174e+00 1.499875e+06 2.035144e+06
1.748097e+00 1.466681e+06 1.984064e+06
1.771325e+00 1.430967e+06 1.934230e+06
1.794862e+00 1.397626e+06 1.886621e+06
1.818711e+00 1.368957e+06 1.838412e+06
1.842877e+00 1.337035e+06 1.788595e+06
1.867365e+00 1.305777e+06 1.741567e+06
1.892177e+00 1.274391e+06 1.696966e+06
1.917320e+00 1.243408e+06 1.650665e+06
1.942796e+00 1.214136e+06 1.610074e+06
1.968611e+00 1.186008e+06 1.567697e+06
1.994770e+00 1.156815e+06 1.525781e+06
2.021275e+00 1.129716e+06 1.487812e+06
2.048133e+00 1.102357e+06 1.450688e+06
2.075348e+00 1.076402e+06 1.413703e+06
2.102924e+00 1.050038e+06 1.378746e+06
2.130867e+00 1.024625e+06 1.344009e+06
2.159181e+00 9.999294e+05 1.311957e+06
2.187871e+00 9.756676e+05 1.279815e+06
2.216942e+00 9.510938e+05 1.247545e+06
2.246400e+00 9.267162e+05 1.214945e+06
2.276249e+00 9.024315e+05 1.183959e+06
2.306495e+00 8.811057e+05 1.152534e+06
2.337143e+00 8.580527e+05 1.125213e+06
2.368198e+00 8.358983e+05 1.097851e+06
2.399665e+00 8.155854e+05 1.071945e+06
2.431551e+00 7.946125e+05 1.045257e+06
2.463861e+00 7.753298e+05 1.018512e+06
2.496599e+00 7.565764e+05 9.931926e+05
2.529773e+00 7.380131e+05 9.666257e+05
2.563387e+00 7.193187e+05 9.421941e+05
2.597449e+00 7.004399e+05 9.183809e+05
2.631962e+00 6.819605e+05 8.959606e+05
2.666935e+00 6.652617e+05 8.728336e+05
2.702372e+00 6.478350e+05 8.505625e+05
2.738280e+00 6.318064e+05 8.297897e+05
2.774665e+00 6.145664e+05 8.087783e+05
2.811533e+00 5.992285e+05 7.892178e+05
2.848892e+00 5.824546e+05 7.696106e+05
2.886747e+00 5.674316e+05 7.498774e+05
2.925104e+00 5.523039e+05 7.299455e+05
2.963972e+00 5.378551e+05 7.132385e+05
3.003356e+00 5.243176e+05 6.948074e+05
3.043263e+00 5.100705e+05 6.763287e+05
3.083701e+00 4.953044e+05 6.583461e+05
3.124676e+00 4.823632e+05 6.418580e+05
3.166195e+00 4.704151e+05 6.265012e+05
3.208266e+00 4.570897e+05 6.102973e+05
3.250896e+00 4.439494e+05 5.951171e+05
3.294092e+00 4.317585e+05 5.805754e+05
3.337863e+00 4.205091e+05 5.662226e+05
3.382215e+00 4.093164e+05 5.510297e+05
3.427156e+00 3.976108e+05 5.369809e+05
3.472694e+00 3.870444e+05 5.243887e+05
3.518839e+00 3.765007e+05 5.101497e+05
3.565595e+00 3.656693e+05 4.971632e+05
3.612974e+00 3.549329e+05 4.845284e+05
3.660981e+00 3.449679e+05 4.715523e+05
3.709627e+00 3.355931e+05 4.592902e+05
3.758918e+00 3.261684e+05 4.475303e+05
3.808866e+00 3.172243e+05 4.365351e+05
3.859476e+00 3.081596e+05 4.251714e+05
3.910759e+00 2.993906e+05 4.143477e+05
3.962723e+00 2.913427e+05 4.034895e+05
4.015378e+00 2.831482e+05 3.925059e+05
4.068733e+00 2.750199e+05 3.817566e+05
4.122796e+00 2.673895e+05 3.711493e+05
4.177578e+00 2.602762e+05 3.610449e+05
4.233088e+00 2.528483e+05 3.521586e+05
4.289336e+00 2.459417e+05 3.433002e+05
4.346330e+00 2.388280e+05 3.346751e+05
4.404083e+00 2.321312e+05 3.260803e+05
4.462602e+00 2.256424e+05 3.176805e+05
4.521899e+00 2.191913e+05 3.094693e+05
4.581984e+00 2.125780e+05 3.015454e+05
4.642868e+00 2.067362e+05 2.938895e+05
4.704559e+00 2.006661e+05 2.860053e+05
4.767072e+00 1.948151e+05 2.782812e+05
4.830414e+00 1.892478e+05 2.706765e+05
4.894599e+00 1.837637e+05 2.630930e+05
4.959636e+00 1.778469e+05 2.559117e+05
5.025538e+00 1.722566e+05 2.488586e+05
5.092315e+00 1.669933e+05 2.419851e+05
5.159980e+00 1.618730e+05 2.355382e+05
5.228543e+00 1.570897e+05 2.291183e+05
5.298017e+00 1.523619e+05 2.228963e+05
5.368415e+00 1.477804e+05 2.170971e+05
5.439748e+00 1.432939e+05 2.112910e+05
5.512030e+00 1.390506e+05 2.057539e+05
5.585270e+00 1.347322e+05 2.003874e+05
5.659486e+00 1.306654e+05 1.953157e+05
5.734686e+00 1.265500e+05 1.900720e+05
5.810887e+00 1.226155e+05 1.850194e+05
5.888099e+00 1.189446e+05 1.801927e+05
5.966338e+00 1.153920e+05 1.752843e+05
6.045615e+00 1.117716e+05 1.705039e+05
6.125947e+00 1.081770e+05 1.658224e+05
6.207345e+00 1.048299e+05 1.610769e+05
6.289827e+00 1.015235e+05 1.565918e+05
6.373403e+00 9.826919e+04 1.522248e+05
6.458091e+00 9.518427e+04 1.479020e+05
6.543902e+00 9.203185e+04 1.437613e+05
6.630854e+00 8.906216e+04 1.397617e+05
6.718963e+00 8.623963e+04 1.357401e+05
6.808240e+00 8.362815e+04 1.318310e+05
6.898706e+00 8.089217e+04 1.279804e+05
6.990372e+00 7.836355e+04 1.244060e+05
7.083258e+00 7.578444e+04 1.208533e+05
7.177377e+00 7.330545e+04 1.173824e+05
7.272748e+00 7.103441e+04 1.139979e+05
7.369384e+00 6.882813e+04 1.107059e+05
7.467306e+00 6.651107e+04 1.077040e+05
7.566527e+00 6.424173e+04 1.046162e+05
7.667069e+00 6.206410e+04 1.015514e+05
7.768945e+00 6.002981e+04 9.853824e+04
7.872176e+00 5.799920e+04 9.564898e+04
7.976777e+00 5.607139e+04 9.288528e+04
8.082770e+00 5.416732e+04 9.012150e+04
8.190169e+00 5.239172e+04 8.749033e+04
8.298998e+00 5.063730e+04 8.492826e+04
8.409270e+00 4.879668e+04 8.242626e+04
8.521008e+00 4.717195e+04 7.997037e+04
8.634233e+00 4.560486e+04 7.756216e+04
8.748960e+00 4.408574e+04 7.521581e+04
8.865213e+00 4.256268e+04 7.295236e+04
8.983009e+00 4.115292e+04 7.074043e+04
9.102372e+00 3.972182e+04 6.857731e+04
9.223320e+00 3.825560e+04 6.646510e+04
9.345877e+00 3.690570e+04 6.434385e+04
9.470059e+00 3.567372e+04 6.241578e+04
9.595895e+00 3.448092e+04 6.045634e+04
9.723399e+00 3.318636e+04 5.856896e+04
9.852601e+00 3.207063e+04 5.676496e+04
9.983517e+00 3.089523e+04 5.500435e+04
1.011617e+01 2.982024e+04 5.324718e+04
1.025059e+01 2.876030e+04 5.161455e+04
1.038680e+01 2.774547e+04 5.002505e+04
1.052481e+01 2.676588e+04 4.855556e+04
1.066466e+01 2.580493e+04 4.694846e+04
1.080637e+01 2.483174e+04 4.540361e+04
1.094996e+01 2.384326e+04 4.390690e+04
1.109546e+01 2.288810e+04 4.252676e+04
1.124289e+01 2.201395e+04 4.118277e+04
1.139228e+01 2.120656e+04 3.981897e+04
1.154366e+01 2.043688e+04 3.849281e+04
1.169704e+01 1.964539e+04 3.723435e+04
1.185247e+01 1.894970e+04 3.600640e+04
1.200996e+01 1.819512e+04 3.482083e+04
1.216954e+01 1.751823e+04 3.369500e+04
1.233125e+01 1.680945e+04 3.260049e+04
1.249510e+01 1.615622e+04 3.148264e+04
1.266113e+01 1.552320e+04 3.039458e+04
1.282936e+01 1.487647e+04 2.938998e+04
1.299984e+01 1.423767e+04 2.840290e+04
1.317257e+01 1.367092e+04 2.745657e+04
1.334760e+01 1.314614e+04 2.657768e+04
1.352496e+01 1.262656e+04 2.572835e+04
1.370467e+01 1.214918e+04 2.487560e+04
1.388677e+01 1.164984e+04 2.398402e+04
1.407129e+01 1.118498e+04 2.316611e+04
1.425827e+01 1.072831e+04 2.238829e+04
1.444772e+01 1.025783e+04 2.157730e+04
1.463970e+01 9.837292e+03 2.077654e+04
1.483423e+01 9.409775e+03 2.007122e+04
1.503134e+01 9.032308e+03 1.935111e+04
1.523107e+01 8.659142e+03 1.869618e+04
1.543345e+01 8.307810e+03 1.800311e+04
1.563852e+01 7.959978e+03 1.735392e+04
1.584632e+01 7.614085e+03 1.673285e+04
1.605688e+01 7.293905e+03 1.611115e+04
1.627024e+01 6.983826e+03 1.550153e+04
1.648643e+01 6.671437e+03 1.492478e+04
1.670549e+01 6.372133e+03 1.442399e+04
1.692747e+01 6.095148e+03 1.392006e+04
1.715239e+01 5.814795e+03 1.345448e+04
1.738031e+01 5.552403e+03 1.296498e+04
1.761125e+01 5.307960e+03 1.250765e+04
1.784526e+01 5.069980e+03 1.205659e+04
1.808238e+01 4.847969e+03 1.160048e+04
1.832265e+01 4.626308e+03 1.116122e+04
1.856611e+01 4.415554e+03 1.075139e+04
1.881281e+01 4.210111e+03 1.034914e+04
1.906279e+01 4.024439e+03 9.965959e+03
1.931609e+01 3.835656e+03 9.627301e+03
1.957275e+01 3.660390e+03 9.299876e+03
1.983282e+01 3.491073e+03 8.963750e+03
2.009635e+01 3.327113e+03 8.620336e+03
2.036338e+01 3.176214e+03 8.280570e+03
2.063397e+01 3.016413e+03 7.934655e+03
2.090814e+01 2.881561e+03 7.614332e+03
2.118596e+01 2.743144e+03 7.321988e+03
2.146747e+01 2.611140e+03 7.052518e+03
2.175272e+01 2.487036e+03 6.799849e+03
2.204176e+01 2.372397e+03 6.555682e+03
2.233464e+01 2.250090e+03 6.320945e+03
2.263141e+01 2.134946e+03 6.057807e+03
2.293213e+01 2.027750e+03 5.831111e+03
2.323684e+01 1.925889e+03 5.630615e+03
2.354560e+01 1.828507e+03 5.429285e+03
2.385847e+01 1.735437e+03 5.236153e+03
2.417549e+01 1.647086e+03 5.050421e+03
2.449672e+01 1.559837e+03 4.869932e+03
2.482223e+01 1.472235e+03 4.695614e+03
2.515205e+01 1.392974e+03 4.527538e+03
2.548626e+01 1.322557e+03 4.351768e+03
2.582491e+01 1.253135e+03 4.179232e+03
2.616806e+01 1.188807e+03 4.003122e+03
2.651577e+01 1.128374e+03 3.838029e+03
2.686810e+01 1.066937e+03 3.698169e+03
2.722511e+01 1.009151e+03 3.563413e+03
2.758686e+01 9.580199e+02 3.433580e+03
2.795343e+01 9.104007e+02 3.301295e+03
2.832486e+01 8.642962e+02 3.170071e+03
2.870123e+01 8.209516e+02 3.045360e+03
2.908260e+01 7.792321e+02 2.943522e+03
2.946904e+01 7.361620e+02 2.845091e+03
2.986061e+01 6.942879e+02 2.748594e+03
3.025739e+01 6.546511e+02 2.649699e+03
3.065943e+01 6.163088e+02 2.547660e+03
3.106682e+01 5.804770e+02 2.448905e+03
3.147962e+01 5.480346e+02 2.352762e+03
3.189790e+01 5.149753e+02 2.260392e+03
3.232175e+01 4.855420e+02 2.171648e+03
3.275122e+01 4.554979e+02 2.092878e+03
3.318641e+01 4.281640e+02 2.012655e+03
3.362738e+01 4.021660e+02 1.935373e+03
3.407421e+01 3.790355e+02 1.859649e+03
3.452697e+01 3.608907e+02 1.786239e+03
3.498575e+01 3.387187e+02 1.720933e+03
3.545062e+01 3.180478e+02 1.658019e+03
3.592168e+01 3.001195e+02 1.597405e+03
3.639899e+01 2.814538e+02 1.538854e+03
3.688264e+01 2.647695e+02 1.482380e+03
3.737272e+01 2.489954e+02 1.427983e+03
3.786932e+01 2.344745e+02 1.372438e+03
3.837251e+01 2.210826e+02 1.318002e+03
3.888239e+01 2.066506e+02 1.265714e+03
3.939903e+01 1.937915e+02 1.218568e+03
3.992256e+01 1.828480e+02 1.174592e+03
4.045303e+01 1.712448e+02 1.130042e+03
4.099054e+01 1.609681e+02 1.088098e+03
4.153521e+01 1.505449e+02 1.045625e+03
4.208711e+01 1.403090e+02 1.006795e+03
4.264635e+01 1.323314e+02 9.716305e+02
4.321301e+01 1.241483e+02 9.376946e+02
4.378721e+01 1.164735e+02 9.049435e+02
4.436903e+01 1.095561e+02 8.732187e+02
4.495860e+01 1.021852e+02 8.423468e+02
4.555598e+01 9.548436e+01 8.125682e+02
4.616131e+01 8.974980e+01 7.829369e+02
4.677468e+01 8.425420e+01 7.537163e+02
4.739621e+01 7.944805e+01 7.255865e+02
4.802598e+01 7.410982e+01 6.985084e+02
4.866413e+01 6.930288e+01 6.744494e+02
4.931076e+01 6.510932e+01 6.524416e+02
4.996598e+01 6.072227e+01 6.304309e+02
5.062990e+01 5.695832e+01 6.069834e+02
5.130266e+01 5.326332e+01 5.841928e+02
5.198434e+01 4.964704e+01 5.622744e+02
5.267508e+01 4.633385e+01 5.423609e+02
5.337501e+01 4.314185e+01 5.231524e+02
5.408422e+01 4.017204e+01 5.046248e+02
5.480288e+01 3.745465e+01 4.867531e+02
5.553107e+01 3.489193e+01 4.695150e+02
5.626895e+01 3.262540e+01 4.528870e+02
5.701662e+01 3.072014e+01 4.368486e+02
5.777424e+01 2.872382e+01 4.213778e+02
5.854191e+01 2.688493e+01 4.064556e+02
5.931980e+01 2.513190e+01 3.920615e+02
6.010801e+01 2.343173e+01 3.781226e+02
6.090670e+01 2.184178e+01 3.646339e+02
6.171600e+01 2.057425e+01 3.516271e+02
6.253606e+01 1.917696e+01 3.385364e+02
6.336701e+01 1.790445e+01 3.259027e+02
6.420901e+01 1.672466e+01 3.136685e+02
6.506218e+01 1.562270e+01 3.022950e+02
6.592669e+01 1.453595e+01 2.916587e+02
6.680270e+01 1.357259e+01 2.807020e+02
6.769035e+01 1.265616e+01 2.700402e+02
6.858979e+01 1.179242e+01 2.597247e+02
6.950117e+01 1.105691e+01 2.498035e+02
7.042468e+01 1.033320e+01 2.402612e+02
7.136045e+01 9.659929e+00 2.310837e+02
7.230866e+01 9.019167e+00 2.222566e+02
7.326946e+01 8.451613e+00 2.137669e+02
7.424304e+01 7.956027e+00 2.056014e+02
7.522955e+01 7.403091e+00 1.977480e+02
7.622917e+01 6.868083e+00 1.901945e+02
7.724207e+01 6.394135e+00 1.830588e+02
7.826843e+01 5.964996e+00 1.761564e+02
7.930842e+01 5.581982e+00 1.695599e+02
8.036224e+01 5.223589e+00 1.632106e+02
8.143005e+01 4.892556e+00 1.570992e+02
8.251207e+01 4.567860e+00 1.512166e+02
8.360844e+01 4.253663e+00 1.455545e+02
8.471939e+01 4.013856e+00 1.401045e+02
8.584512e+01 3.744671e+00 1.348586e+02
8.698578e+01 3.500159e+00 1.298093e+02
8.814162e+01 3.252697e+00 1.249490e+02
8.931279e+01 3.062170e+00 1.202709e+02
9.049956e+01 2.868980e+00 1.157680e+02
9.170206e+01 2.684625e+00 1.114338e+02
9.292057e+01 2.508189e+00 1.072618e+02
9.415525e+01 2.331053e+00 1.032462e+02
9.540636e+01 2.174135e+00 9.938099e+01
9.667406e+01 2.030860e+00 9.566059e+01
9.795863e+01 1.906784e+00 9.207944e+01
9.926025e+01 1.790306e+00 8.863252e+01
1.005792e+02 1.681200e+00 8.529898e+01
1.019157e+02 1.573812e+00 8.208613e+01
1.032699e+02 1.466766e+00 7.899430e+01
1.046421e+02 1.367710e+00 7.601910e+01
1.060325e+02 1.270497e+00 7.315587e+01
1.074414e+02 1.183879e+00 7.040049e+01
1.088690e+02 1.107308e+00 6.774904e+01
1.103156e+02 1.030788e+00 6.519738e+01
1.117815e+02 9.590061e-01 6.274183e+01
1.132668e+02 8.926515e-01 6.037881e+01
1.147718e+02 8.393114e-01 5.810490e+01
1.162969e+02 7.933179e-01 5.591657e+01
1.178422e+02 7.405953e-01 5.381066e+01
1.194080e+02 6.928134e-01 5.178410e+01
1.209946e+02 6.397648e-01 4.983396e+01
1.226024e+02 5.936540e-01 4.795720e+01
1.242315e+02 5.517105e-01 4.615115e+01
1.258822e+02 5.143794e-01 4.441314e+01
1.275548e+02 4.776925e-01 4.274065e+01
1.292497e+02 4.446424e-01 4.113112e+01
1.309672e+02 4.194729e-01 3.958221e+01
1.327074e+02 3.911103e-01 3.809165e+01
1.344707e+02 3.666284e-01 3.665729e+01
1.362575e+02 3.443094e-01 3.528404e+01
1.380681e+02 3.233593e-01 3.404838e+01
1.399027e+02 3.001155e-01 3.289154e+01
1.417616e+02 2.785608e-01 3.177415e+01
1.436453e+02 2.598276e-01 3.069477e+01
1.455540e+02 2.427699e-01 2.965216e+01
1.474881e+02 2.249843e-01 2.864505e+01
1.494478e+02 2.088106e-01 2.767227e+01
1.514336e+02 1.949055e-01 2.673258e+01
1.534458e+02 1.838199e-01 2.582487e+01
1.554848e+02 1.711245e-01 2.487608e+01
1.575507e+02 1.582985e-01 2.396035e+01
1.596442e+02 1.465582e-01 2.307836e+01
1.617655e+02 1.364202e-01 2.222891e+01
1.639150e+02 1.279286e-01 2.143409e+01
1.660930e+02 1.199659e-01 2.069584e+01
1.683000e+02 1.124986e-01 1.998300e+01
1.705363e+02 1.054962e-01 1.929473e+01
1.728022e+02 9.881102e-02 1.863022e+01
1.750984e+02 9.213351e-02 1.798858e+01
1.774250e+02 8.590733e-02 1.736906e+01
1.797826e+02 8.010201e-02 1.677089e+01
1.821714e+02 7.468930e-02 1.619336e+01
1.845920e+02 6.964221e-02 1.563571e+01
1.870448e+02 6.506956e-02 1.509728e+01
1.895302e+02 6.082240e-02 1.457740e+01
1.920486e+02 5.685266e-02 1.407292e+01
1.946004e+02 5.321683e-02 1.358185e+01
1.971862e+02 4.980907e-02 1.310794e+01
1.998064e+02 4.654829e-02 1.265058e+01
2.024612e+02 4.355361e-02 1.220920e+01
2.051515e+02 4.075345e-02 1.178323e+01
2.078775e+02 3.820054e-02 1.137212e+01
2.106397e+02 3.580755e-02 1.097537e+01
2.134385e+02 3.356456e-02 1.059250e+01
2.162746e+02 3.146200e-02 1.022297e+01
2.191484e+02 2.945466e-02 9.866350e+00
2.220603e+02 2.752254e-02 9.522194e+00
2.250109e+02 2.577170e-02 9.190040e+00
2.280008e+02 2.434282e-02 8.869483e+00
2.310304e+02 2.267026e-02 8.560118e+00
2.341001e+02 2.124868e-02 8.261566e+00
2.372108e+02 1.988342e-02 7.973424e+00
2.403628e+02 1.853689e-02 7.695342e+00
2.435567e+02 1.728494e-02 7.426968e+00
2.467928e+02 1.612058e-02 7.167973e+00
2.500721e+02 1.503468e-02 6.918008e+00
2.533950e+02 1.404056e-02 6.676770e+00
2.567621e+02 1.314274e-02 6.443952e+00
2.601737e+02 1.226025e-02 6.230771e+00
2.636308e+02 1.143544e-02 6.015093e+00
2.671339e+02 1.068109e-02 5.802236e+00
2.706835e+02 9.984334e-03 5.601395e+00
2.742801e+02 9.333063e-03 5.409764e+00
2.779247e+02 8.724248e-03 5.224692e+00
2.816176e+02 8.155155e-03 5.045963e+00
2.853595e+02 7.623207e-03 4.873364e+00
2.891513e+02 7.125936e-03 4.706673e+00
2.929934e+02 6.661109e-03 4.543194e+00
2.968867e+02 6.226603e-03 4.384826e+00
3.008315e+02 5.811283e-03 4.231992e+00
3.048288e+02 5.424274e-03 4.084485e+00
3.088793e+02 5.063047e-03 3.942125e+00
3.129836e+02 4.725871e-03 3.804733e+00
3.171422e+02 4.403397e-03 3.672141e+00
3.213563e+02 4.100902e-03 3.544169e+00
3.256264e+02 3.819187e-03 3.420663e+00
3.299532e+02 3.556826e-03 3.301466e+00
3.343374e+02 3.314488e-03 3.186433e+00
3.387800e+02 3.088708e-03 3.075408e+00
3.432816e+02 2.883952e-03 2.968256e+00
3.478430e+02 2.685938e-03 2.864843e+00
3.524648e+02 2.511224e-03 2.765041e+00
3.571483e+02 2.347877e-03 2.668717e+00
3.618940e+02 2.196443e-03 2.575753e+00
3.667025e+02 2.054883e-03 2.484961e+00
3.715752e+02 1.922441e-03 2.396096e+00
3.765125e+02 1.798532e-03 2.310412e+00
3.815155e+02 1.673266e-03 2.227798e+00
3.865848e+02 1.556696e-03 2.148145e+00
3.917216e+02 1.448243e-03 2.071342e+00
3.969267e+02 1.347347e-03 1.997288e+00
4.022009e+02 1.253482e-03 1.925887e+00
4.075450e+02 1.174269e-03 1.857045e+00
4.129604e+02 1.103207e-03 1.790665e+00
4.184477e+02 1.031732e-03 1.726661e+00
4.240079e+02 9.623074e-04 1.664949e+00
4.296418e+02 8.975556e-04 1.605449e+00
4.353507e+02 8.374995e-04 1.548076e+00
4.411355e+02 7.816444e-04 1.492757e+00
4.469972e+02 7.295160e-04 1.439418e+00
4.529365e+02 6.821627e-04 1.387991e+00
4.589550e+02 6.348877e-04 1.338402e+00
4.650535e+02 5.915364e-04 1.290588e+00
4.712327e+02 5.522890e-04 1.244487e+00
4.774943e+02 5.200290e-04 1.200034e+00
4.838391e+02 4.849179e-04 1.157172e+00
4.902682e+02 4.521872e-04 1.115825e+00
4.967825e+02 4.217336e-04 1.075664e+00
5.033836e+02 3.929678e-04 1.036949e+00
5.100724e+02 3.660653e-04 9.996297e-01
5.168501e+02 3.408832e-04 9.636560e-01
5.237176e+02 3.173726e-04 9.289806e-01
5.306766e+02 2.955295e-04 8.955539e-01
5.377280e+02 2.754237e-04 8.633321e-01
5.448732e+02 2.570119e-04 8.322717e-01
5.521130e+02 2.398312e-04 8.023321e-01
5.594493e+02 2.238486e-04 7.734705e-01
5.668832e+02 2.089335e-04 7.456491e-01
5.744157e+02 1.950794e-04 7.188302e-01
5.820481e+02 1.821455e-04 6.929790e-01
5.897822e+02 1.700683e-04 6.680583e-01
5.976190e+02 1.586468e-04 6.440355e-01
6.055597e+02 1.479836e-04 6.208793e-01
6.136062e+02 1.382297e-04 5.985566e-01
6.217596e+02 1.291396e-04 5.770381e-01
6.300214e+02 1.205524e-04 5.562948e-01
6.383925e+02 1.125170e-04 5.362997e-01
6.468753e+02 1.050166e-04 5.170240e-01
6.554708e+02 9.801600e-05 4.984426e-01
6.641805e+02 9.148188e-05 4.805306e-01
6.730056e+02 8.538344e-05 4.632644e-01
6.819483e+02 7.969112e-05 4.466194e-01
6.910098e+02 7.437813e-05 4.305738e-01
7.001918e+02 6.941920e-05 4.151061e-01
7.094953e+02 6.479096e-05 4.001960e-01
7.189229e+02 6.047096e-05 3.858221e-01
7.284757e+02 5.646649e-05 3.719658e-01
7.381551e+02 5.276274e-05 3.586089e-01
7.479634e+02 4.911659e-05 3.457323e-01
7.579022e+02 4.575139e-05 3.333193e-01
7.679730e+02 4.263797e-05 3.213531e-01
7.781771e+02 3.973641e-05 3.098181e-01
7.885173e+02 3.703211e-05 2.986978e-01
7.989949e+02 3.451173e-05 2.879777e-01
8.096118e+02 3.216283e-05 2.776434e-01
8.203692e+02 2.997378e-05 2.676814e-01
8.312700e+02 2.793355e-05 2.621235e-01
8.423157e+02 2.603468e-05 2.541603e-01
8.535081e+02 2.426987e-05 2.456620e-01
8.648488e+02 2.262468e-05 2.367953e-01
8.763407e+02 2.109091e-05 2.282490e-01
8.879852e+02 1.966108e-05 2.200119e-01
8.997845e+02 1.832814e-05 2.168238e-01
9.117401e+02 1.710670e-05 2.163036e-01
9.238550e+02 1.597406e-05 2.086500e-01
9.361309e+02 1.491636e-05 2.012110e-01
9.485695e+02 1.401295e-05 1.940384e-01
9.611738e+02 1.324698e-05 1.871201e-01
9.739456e+02 1.240143e-05 1.804163e-01
9.868871e+02 1.158555e-05 1.739533e-01
1.000000e+03 1.083434e-05 1.677229e-01
