1.000000e+00 1.884360e+07
1.013939e+00 1.838399e+07
1.028073e+00 1.794388e+07
1.042404e+00 1.753007e+07
1.056935e+00 1.710709e+07
1.071668e+00 1.670226e+07
1.086606e+00 1.628193e+07
1.101753e+00 1.589312e+07
1.117111e+00 1.554091e+07
1.132683e+00 1.517135e+07
1.148472e+00 1.478427e+07
1.164481e+00 1.442164e+07
1.180713e+00 1.406833e+07
1.197171e+00 1.371908e+07
1.213859e+00 1.337497e+07
1.230780e+00 1.304072e+07
1.247936e+00 1.272308e+07
1.265332e+00 1.240190e+07
1.282970e+00 1.209046e+07
1.300854e+00 1.179225e+07
1.318987e+00 1.149469e+07
1.337373e+00 1.120060e+07
1.356015e+00 1.092556e+07
1.374917e+00 1.065083e+07
1.394083e+00 1.039279e+07
1.413516e+00 1.012920e+07
1.433219e+00 9.860663e+06
1.453198e+00 9.613233e+06
1.473454e+00 9.374372e+06
1.493993e+00 9.147216e+06
1.514819e+00 8.917583e+06
1.535935e+00 8.688068e+06
1.557345e+00 8.466095e+06
1.579053e+00 8.239436e+06
1.601064e+00 8.028627e+06
1.623382e+00 7.830150e+06
1.646012e+00 7.636880e+06
1.668956e+00 7.446414e+06
1.692220e+00 7.263134e+06
1.715809e+00 7.078712e+06
1.739726e+00 6.900113e+06
1.763977e+00 6.727371e+06
1.788566e+00 6.553112e+06
1.813498e+00 6.374728e+06
1.838777e+00 6.214607e+06
1.864409e+00 6.050835e+06
1.890397e+00 5.907023e+06
1.916748e+00 5.749879e+06
1.943467e+00 5.596882e+06
1.970558e+00 5.452579e+06
1.998026e+00 5.307777e+06
2.025878e+00 5.168163e+06
2.054117e+00 5.027779e+06
2.082751e+00 4.902643e+06
2.111783e+00 4.773601e+06
2.141220e+00 4.649942e+06
2.171068e+00 4.525069e+06
2.201331e+00 4.408177e+06
2.232016e+00 4.300817e+06
2.263130e+00 4.191569e+06
2.294676e+00 4.071468e+06
2.326663e+00 3.966110e+06
2.359095e+00 3.865462e+06
2.391980e+00 3.765766e+06
2.425323e+00 3.669258e+06
2.459130e+00 3.574357e+06
2.493409e+00 3.483851e+06
2.528166e+00 3.386687e+06
2.563407e+00 3.296172e+06
2.599140e+00 3.206126e+06
2.635371e+00 3.123416e+06
2.672106e+00 3.041605e+06
2.709354e+00 2.962975e+06
2.747121e+00 2.887963e+06
2.785414e+00 2.810519e+06
2.824241e+00 2.735252e+06
2.863610e+00 2.661500e+06
2.903527e+00 2.589383e+06
2.944000e+00 2.517523e+06
2.985038e+00 2.444344e+06
3.026648e+00 2.378478e+06
3.068838e+00 2.314770e+06
3.111616e+00 2.255563e+06
3.154990e+00 2.194248e+06
3.198969e+00 2.134832e+06
3.243561e+00 2.076648e+06
3.288774e+00 2.020170e+06
3.334618e+00 1.965168e+06
3.381101e+00 1.909681e+06
3.428231e+00 1.860285e+06
3.476019e+00 1.811237e+06
3.524473e+00 1.761892e+06
3.573602e+00 1.715934e+06
3.623416e+00 1.668895e+06
3.673925e+00 1.619746e+06
3.725137e+00 1.576119e+06
3.777064e+00 1.532977e+06
3.829714e+00 1.487599e+06
3.883098e+00 1.446372e+06
3.937226e+00 1.407711e+06
3.992109e+00 1.367417e+06
4.047757e+00 1.329984e+06
4.104181e+00 1.292523e+06
4.161391e+00 1.255594e+06
4.219398e+00 1.219847e+06
4.278214e+00 1.184516e+06
4.337850e+00 1.151056e+06
4.398317e+00 1.118184e+06
4.459628e+00 1.085052e+06
4.521792e+00 1.052514e+06
4.584824e+00 1.022843e+06
4.648734e+00 9.925650e+05
4.713535e+00 9.630172e+05
4.779239e+00 9.348154e+05
4.845859e+00 9.072657e+05
4.913407e+00 8.796489e+05
4.981898e+00 8.532381e+05
5.051342e+00 8.285048e+05
5.121755e+00 8.052572e+05
5.193150e+00 7.816036e+05
5.265540e+00 7.571297e+05
5.338938e+00 7.344192e+05
5.413360e+00 7.128244e+05
5.488820e+00 6.914417e+05
5.565331e+00 6.706131e+05
5.642908e+00 6.507207e+05
5.721568e+00 6.317338e+05
5.801323e+00 6.130354e+05
5.882190e+00 5.945601e+05
5.964185e+00 5.762812e+05
6.047322e+00 5.581385e+05
6.131619e+00 5.411844e+05
6.217090e+00 5.244299e+05
6.303753e+00 5.085151e+05
6.391624e+00 4.925854e+05
6.480720e+00 4.770854e+05
6.571058e+00 4.621730e+05
6.662655e+00 4.476975e+05
6.755528e+00 4.339701e+05
6.849697e+00 4.202709e+05
6.945178e+00 4.069872e+05
7.041990e+00 3.944651e+05
7.140151e+00 3.820486e+05
7.239681e+00 3.697456e+05
7.340598e+00 3.584054e+05
7.442922e+00 3.471495e+05
7.546673e+00 3.362067e+05
7.651869e+00 3.254715e+05
7.758532e+00 3.151986e+05
7.866682e+00 3.047659e+05
7.976339e+00 2.945539e+05
8.087525e+00 2.845546e+05
8.200261e+00 2.751176e+05
8.314568e+00 2.661038e+05
8.430468e+00 2.575379e+05
8.547985e+00 2.490933e+05
8.667139e+00 2.406837e+05
8.787954e+00 2.325680e+05
8.910453e+00 2.247715e+05
9.034660e+00 2.170366e+05
9.160598e+00 2.094137e+05
9.288292e+00 2.020828e+05
9.417766e+00 1.949629e+05
9.549045e+00 1.881724e+05
9.682153e+00 1.816812e+05
9.817117e+00 1.754192e+05
9.953962e+00 1.692977e+05
1.009272e+01 1.634087e+05
1.023340e+01 1.575882e+05
1.037605e+01 1.518941e+05
1.052069e+01 1.465037e+05
1.066734e+01 1.412309e+05
1.081604e+01 1.362860e+05
1.096681e+01 1.313839e+05
1.111968e+01 1.266339e+05
1.127468e+01 1.218699e+05
1.143184e+01 1.173942e+05
1.159120e+01 1.129225e+05
1.175277e+01 1.087148e+05
1.191660e+01 1.047294e+05
1.208271e+01 1.008210e+05
1.225114e+01 9.698740e+04
1.242191e+01 9.326152e+04
1.259506e+01 8.949213e+04
1.277063e+01 8.623912e+04
1.294865e+01 8.301997e+04
1.312915e+01 7.981310e+04
1.331216e+01 7.667889e+04
1.349772e+01 7.364594e+04
1.368587e+01 7.089114e+04
1.387665e+01 6.817364e+04
1.407008e+01 6.554428e+04
1.426621e+01 6.308268e+04
1.446507e+01 6.055890e+04
1.466671e+01 5.817206e+04
1.487115e+01 5.586272e+04
1.507845e+01 5.354637e+04
1.528864e+01 5.132468e+04
1.550175e+01 4.918400e+04
1.571784e+01 4.717148e+04
1.593694e+01 4.515882e+04
1.615909e+01 4.326459e+04
1.638434e+01 4.144782e+04
1.661273e+01 3.967230e+04
1.684430e+01 3.802929e+04
1.707910e+01 3.644499e+04
1.731717e+01 3.494239e+04
1.755856e+01 3.341633e+04
1.780332e+01 3.198747e+04
1.805149e+01 3.066650e+04
1.830312e+01 2.937068e+04
1.855825e+01 2.808116e+04
1.881694e+01 2.686132e+04
1.907924e+01 2.569789e+04
1.934520e+01 2.449434e+04
1.961486e+01 2.340222e+04
1.988828e+01 2.234336e+04
2.016551e+01 2.131061e+04
2.044661e+01 2.036823e+04
2.073162e+01 1.942968e+04
2.102061e+01 1.852385e+04
2.131362e+01 1.764456e+04
2.161073e+01 1.682671e+04
2.191197e+01 1.603890e+04
2.221741e+01 1.533373e+04
2.252711e+01 1.463536e+04
2.284112e+01 1.394098e+04
2.315951e+01 1.328286e+04
2.348235e+01 1.266494e+04
2.380968e+01 1.207161e+04
2.414157e+01 1.150039e+04
2.447809e+01 1.093636e+04
2.481930e+01 1.042775e+04
2.516527e+01 9.909429e+03
2.551606e+01 9.397395e+03
2.587174e+01 8.925943e+03
2.623238e+01 8.472870e+03
2.659804e+01 8.033967e+03
2.696881e+01 7.623581e+03
2.734474e+01 7.244424e+03
2.772591e+01 6.886432e+03
2.811239e+01 6.563897e+03
2.850426e+01 6.196603e+03
2.890160e+01 5.884913e+03
2.930447e+01 5.586406e+03
2.971296e+01 5.276557e+03
3.012714e+01 5.004319e+03
3.054710e+01 4.744148e+03
3.097291e+01 4.516884e+03
3.140465e+01 4.291018e+03
3.184242e+01 4.057695e+03
3.228628e+01 3.849951e+03
3.273634e+01 3.653361e+03
3.319266e+01 3.451516e+03
3.365535e+01 3.262049e+03
3.412449e+01 3.086078e+03
3.460016e+01 2.917628e+03
3.508247e+01 2.761725e+03
3.557150e+01 2.616906e+03
3.606735e+01 2.484278e+03
3.657011e+01 2.346915e+03
3.707988e+01 2.222645e+03
3.759675e+01 2.112165e+03
3.812083e+01 1.992889e+03
3.865221e+01 1.886159e+03
3.919100e+01 1.788247e+03
3.973730e+01 1.696205e+03
4.029122e+01 1.604280e+03
4.085286e+01 1.517843e+03
4.142232e+01 1.435764e+03
4.199973e+01 1.358893e+03
4.258518e+01 1.288161e+03
4.317880e+01 1.220078e+03
4.378069e+01 1.155636e+03
4.439097e+01 1.093981e+03
4.500975e+01 1.034061e+03
4.563716e+01 9.794923e+02
4.627332e+01 9.275643e+02
4.691835e+01 8.777149e+02
4.757236e+01 8.297596e+02
4.823549e+01 7.868187e+02
4.890787e+01 7.461311e+02
4.958962e+01 7.055528e+02
5.028087e+01 6.686575e+02
5.098176e+01 6.316579e+02
5.169242e+01 5.984260e+02
5.241298e+01 5.628435e+02
5.314359e+01 5.328318e+02
5.388438e+01 5.062479e+02
5.463550e+01 4.801686e+02
5.539709e+01 4.538791e+02
5.616930e+01 4.285764e+02
5.695227e+01 4.055123e+02
5.774615e+01 3.852735e+02
5.855110e+01 3.647199e+02
5.936727e+01 3.438882e+02
6.019482e+01 3.245849e+02
6.103390e+01 3.064607e+02
6.188468e+01 2.894233e+02
6.274732e+01 2.730210e+02
6.362198e+01 2.582517e+02
6.450884e+01 2.444945e+02
6.540806e+01 2.316448e+02
6.631981e+01 2.195698e+02
6.724427e+01 2.078661e+02
6.818162e+01 1.964882e+02
6.913204e+01 1.861698e+02
7.009570e+01 1.762586e+02
7.107280e+01 1.667430e+02
7.206351e+01 1.579574e+02
7.306804e+01 1.497432e+02
7.408657e+01 1.419563e+02
7.511929e+01 1.347162e+02
7.616642e+01 1.276097e+02
7.722814e+01 1.209088e+02
7.830465e+01 1.146503e+02
7.939618e+01 1.087768e+02
8.050292e+01 1.033273e+02
8.162509e+01 9.773484e+01
8.276289e+01 9.242815e+01
8.391656e+01 8.741881e+01
8.508632e+01 8.264191e+01
8.627237e+01 7.834166e+01
8.747496e+01 7.434937e+01
8.869432e+01 7.047832e+01
8.993067e+01 6.677431e+01
9.118425e+01 6.326480e+01
9.245531e+01 5.993959e+01
9.374409e+01 5.684204e+01
9.505083e+01 5.393065e+01
9.637579e+01 5.107814e+01
9.771921e+01 4.837633e+01
9.908137e+01 4.581728e+01
1.004625e+02 4.333448e+01
1.018629e+02 4.103615e+01
1.032828e+02 3.885951e+01
1.047225e+02 3.676757e+01
1.061823e+02 3.477745e+01
1.076624e+02 3.289627e+01
1.091632e+02 3.111005e+01
1.106848e+02 2.956784e+01
1.122277e+02 2.801772e+01
1.137921e+02 2.653595e+01
1.153783e+02 2.512225e+01
1.169866e+02 2.378853e+01
1.186174e+02 2.252549e+01
1.202708e+02 2.132937e+01
1.219473e+02 2.019665e+01
1.236472e+02 1.912397e+01
1.253708e+02 1.810814e+01
1.271184e+02 1.714617e+01
1.288904e+02 1.624777e+01
1.306870e+02 1.540004e+01
1.325087e+02 1.457394e+01
1.343558e+02 1.377940e+01
1.362287e+02 1.303929e+01
1.381276e+02 1.238794e+01
1.400531e+02 1.176912e+01
1.420053e+02 1.116508e+01
1.439848e+02 1.057531e+01
1.459919e+02 1.000420e+01
1.480269e+02 9.463891e+00
1.500903e+02 8.952723e+00
1.521825e+02 8.469126e+00
1.543038e+02 8.016340e+00
1.564548e+02 7.590707e+00
1.586357e+02 7.187880e+00
1.608469e+02 6.806629e+00
1.630891e+02 6.445790e+00
1.653624e+02 6.104264e+00
1.676675e+02 5.786567e+00
1.700047e+02 5.480262e+00
1.723745e+02 5.184339e+00
1.747773e+02 4.904422e+00
1.772136e+02 4.639645e+00
1.796838e+02 4.390120e+00
1.821885e+02 4.160880e+00
1.847281e+02 3.943626e+00
1.873032e+02 3.737731e+00
1.899141e+02 3.542599e+00
1.925614e+02 3.365977e+00
1.952456e+02 3.200414e+00
1.979672e+02 3.030389e+00
2.007267e+02 2.869401e+00
2.035248e+02 2.716969e+00
2.063618e+02 2.572639e+00
2.092383e+02 2.435979e+00
2.121550e+02 2.306583e+00
2.151123e+02 2.187153e+00
2.181109e+02 2.074599e+00
2.211512e+02 1.962657e+00
2.242340e+02 1.856073e+00
2.273597e+02 1.755725e+00
2.305289e+02 1.662479e+00
2.337424e+02 1.571687e+00
2.370006e+02 1.484235e+00
2.403043e+02 1.403703e+00
2.436540e+02 1.327569e+00
2.470504e+02 1.253901e+00
2.504942e+02 1.184343e+00
2.539859e+02 1.120082e+00
2.575263e+02 1.059455e+00
2.611161e+02 1.002142e+00
2.647559e+02 9.479615e-01
2.684465e+02 8.967406e-01
2.721885e+02 8.496233e-01
2.759826e+02 8.054645e-01
2.798297e+02 7.636226e-01
2.837304e+02 7.239752e-01
2.876854e+02 6.866652e-01
2.916956e+02 6.505740e-01
2.957617e+02 6.155832e-01
2.998844e+02 5.829317e-01
3.040646e+02 5.517022e-01
3.083031e+02 5.216300e-01
3.126007e+02 4.931927e-01
3.169582e+02 4.663015e-01
3.213764e+02 4.412653e-01
3.258562e+02 4.177913e-01
3.303985e+02 3.955691e-01
3.350041e+02 3.745316e-01
3.396739e+02 3.546157e-01
3.444087e+02 3.353048e-01
3.492096e+02 3.168413e-01
3.540774e+02 2.993941e-01
3.590130e+02 2.829074e-01
3.640175e+02 2.673382e-01
3.690917e+02 2.526968e-01
3.742366e+02 2.388577e-01
3.794533e+02 2.257770e-01
3.847427e+02 2.134973e-01
3.901058e+02 2.020875e-01
3.955436e+02 1.912884e-01
4.010573e+02 1.810672e-01
4.066478e+02 1.720561e-01
4.123163e+02 1.636221e-01
4.180637e+02 1.556031e-01
4.238913e+02 1.479337e-01
4.298001e+02 1.401338e-01
4.357913e+02 1.327434e-01
4.418660e+02 1.255150e-01
4.480254e+02 1.185878e-01
4.542706e+02 1.120385e-01
4.606029e+02 1.061935e-01
4.670234e+02 1.007081e-01
4.735335e+02 9.545592e-02
4.801343e+02 9.043395e-02
4.868271e+02 8.567728e-02
4.936132e+02 8.117187e-02
5.004939e+02 7.690442e-02
5.074705e+02 7.286232e-02
5.145444e+02 6.903365e-02
5.217169e+02 6.540709e-02
5.289893e+02 6.197196e-02
5.363631e+02 5.871812e-02
5.438397e+02 5.563598e-02
5.514206e+02 5.271645e-02
5.591071e+02 4.993543e-02
5.669007e+02 4.728841e-02
5.748030e+02 4.478094e-02
5.828155e+02 4.240569e-02
5.909396e+02 4.010393e-02
5.991770e+02 3.775044e-02
6.075292e+02 3.553145e-02
6.159978e+02 3.343948e-02
6.245845e+02 3.146747e-02
6.332908e+02 2.968922e-02
6.421186e+02 2.812043e-02
6.510694e+02 2.663452e-02
6.601449e+02 2.522709e-02
6.693470e+02 2.389954e-02
6.786773e+02 2.281837e-02
6.881377e+02 2.178794e-02
6.977300e+02 2.068865e-02
7.074559e+02 1.956166e-02
7.173175e+02 1.856159e-02
7.273165e+02 1.761314e-02
7.374549e+02 1.663354e-02
7.477346e+02 1.573302e-02
7.581576e+02 1.488094e-02
7.687260e+02 1.408158e-02
7.794416e+02 1.336849e-02
7.903066e+02 1.269237e-02
8.013230e+02 1.205128e-02
8.124930e+02 1.144338e-02
8.238187e+02 1.086690e-02
8.353023e+02 1.032022e-02
8.469460e+02 9.801752e-03
8.587519e+02 9.310025e-03
8.707225e+02 8.825804e-03
8.828599e+02 8.326867e-03
8.951665e+02 7.855817e-03
9.076446e+02 7.412834e-03
9.202967e+02 7.032532e-03
9.331251e+02 6.671975e-03
9.461324e+02 6.330129e-03
9.593209e+02 6.006015e-03
9.726934e+02 5.698705e-03
9.862522e+02 5.407320e-03
1.000000e+03 5.128133e-03
