1.000000e+00 4.710900e+06
1.013939e+00 4.595998e+06
1.028073e+00 4.485969e+06
1.042404e+00 4.382517e+06
1.056935e+00 4.276772e+06
1.071668e+00 4.175565e+06
1.086606e+00 4.070482e+06
1.101753e+00 3.973280e+06
1.117111e+00 3.885227e+06
1.132683e+00 3.792837e+06
1.148472e+00 3.696069e+06
1.164481e+00 3.605411e+06
1.180713e+00 3.517083e+06
1.197171e+00 3.429771e+06
1.213859e+00 3.343743e+06
1.230780e+00 3.260181e+06
1.247936e+00 3.180771e+06
1.265332e+00 3.100476e+06
1.282970e+00 3.022615e+06
1.300854e+00 2.948063e+06
1.318987e+00 2.873672e+06
1.337373e+00 2.800150e+06
1.356015e+00 2.731390e+06
1.374917e+00 2.662708e+06
1.394083e+00 2.598198e+06
1.413516e+00 2.532299e+06
1.433219e+00 2.465166e+06
1.453198e+00 2.403308e+06
1.473454e+00 2.343593e+06
1.493993e+00 2.286804e+06
1.514819e+00 2.229396e+06
1.535935e+00 2.172017e+06
1.557345e+00 2.116524e+06
1.579053e+00 2.059859e+06
1.601064e+00 2.007157e+06
1.623382e+00 1.957538e+06
1.646012e+00 1.909220e+06
1.668956e+00 1.861604e+06
1.692220e+00 1.815783e+06
1.715809e+00 1.769678e+06
1.739726e+00 1.725028e+06
1.763977e+00 1.681843e+06
1.788566e+00 1.638278e+06
1.813498e+00 1.593682e+06
1.838777e+00 1.553652e+06
1.864409e+00 1.512709e+06
1.890397e+00 1.476756e+06
1.916748e+00 1.437470e+06
1.943467e+00 1.399221e+06
1.970558e+00 1.363145e+06
1.998026e+00 1.326944e+06
2.025878e+00 1.292041e+06
2.054117e+00 1.256945e+06
2.082751e+00 1.225661e+06
2.111783e+00 1.193400e+06
2.141220e+00 1.162486e+06
2.171068e+00 1.131267e+06
2.201331e+00 1.102044e+06
2.232016e+00 1.075204e+06
2.263130e+00 1.047892e+06
2.294676e+00 1.017867e+06
2.326663e+00 9.915276e+05
2.359095e+00 9.663654e+05
2.391980e+00 9.414416e+05
2.425323e+00 9.173146e+05
2.459130e+00 8.935892e+05
2.493409e+00 8.709628e+05
2.528166e+00 8.466718e+05
2.563407e+00 8.240430e+05
2.599140e+00 8.015315e+05
2.635371e+00 7.808541e+05
2.672106e+00 7.604013e+05
2.709354e+00 7.407436e+05
2.747121e+00 7.219908e+05
2.785414e+00 7.026297e+05
2.824241e+00 6.838129e+05
2.863610e+00 6.653751e+05
2.903527e+00 6.473457e+05
2.944000e+00 6.293807e+05
2.985038e+00 6.110860e+05
3.026648e+00 5.946195e+05
3.068838e+00 5.786925e+05
3.111616e+00 5.638908e+05
3.154990e+00 5.485621e+05
3.198969e+00 5.337081e+05
3.243561e+00 5.191620e+05
3.288774e+00 5.050426e+05
3.334618e+00 4.912919e+05
3.381101e+00 4.774202e+05
3.428231e+00 4.650712e+05
3.476019e+00 4.528093e+05
3.524473e+00 4.404730e+05
3.573602e+00 4.289834e+05
3.623416e+00 4.172237e+05
3.673925e+00 4.049366e+05
3.725137e+00 3.940298e+05
3.777064e+00 3.832441e+05
3.829714e+00 3.718998e+05
3.883098e+00 3.615929e+05
3.937226e+00 3.519277e+05
3.992109e+00 3.418541e+05
4.047757e+00 3.324960e+05
4.104181e+00 3.231308e+05
4.161391e+00 3.138985e+05
4.219398e+00 3.049618e+05
4.278214e+00 2.961289e+05
4.337850e+00 2.877639e+05
4.398317e+00 2.795460e+05
4.459628e+00 2.712630e+05
4.521792e+00 2.631285e+05
4.584824e+00 2.557107e+05
4.648734e+00 2.481413e+05
4.713535e+00 2.407543e+05
4.779239e+00 2.337039e+05
4.845859e+00 2.268164e+05
4.913407e+00 2.199122e+05
4.981898e+00 2.133095e+05
5.051342e+00 2.071262e+05
5.121755e+00 2.013143e+05
5.193150e+00 1.954009e+05
5.265540e+00 1.892824e+05
5.338938e+00 1.836048e+05
5.413360e+00 1.782061e+05
5.488820e+00 1.728604e+05
5.565331e+00 1.676533e+05
5.642908e+00 1.626802e+05
5.721568e+00 1.579335e+05
5.801323e+00 1.532588e+05
5.882190e+00 1.486400e+05
5.964185e+00 1.440703e+05
6.047322e+00 1.395346e+05
6.131619e+00 1.352961e+05
6.217090e+00 1.311075e+05
6.303753e+00 1.271288e+05
6.391624e+00 1.231463e+05
6.480720e+00 1.192714e+05
6.571058e+00 1.155432e+05
6.662655e+00 1.119244e+05
6.755528e+00 1.084925e+05
6.849697e+00 1.050677e+05
6.945178e+00 1.017468e+05
7.041990e+00 9.861627e+04
7.140151e+00 9.551215e+04
7.239681e+00 9.243641e+04
7.340598e+00 8.960134e+04
7.442922e+00 8.678737e+04
7.546673e+00 8.405167e+04
7.651869e+00 8.136788e+04
7.758532e+00 7.879964e+04
7.866682e+00 7.619146e+04
7.976339e+00 7.363848e+04
8.087525e+00 7.113865e+04
8.200261e+00 6.877940e+04
8.314568e+00 6.652595e+04
8.430468e+00 6.438448e+04
8.547985e+00 6.227333e+04
8.667139e+00 6.017092e+04
8.787954e+00 5.814199e+04
8.910453e+00 5.619287e+04
9.034660e+00 5.425915e+04
9.160598e+00 5.235341e+04
9.288292e+00 5.052070e+04
9.417766e+00 4.874072e+04
9.549045e+00 4.704311e+04
9.682153e+00 4.542030e+04
9.817117e+00 4.385479e+04
9.953962e+00 4.232443e+04
1.009272e+01 4.085218e+04
1.023340e+01 3.939706e+04
1.037605e+01 3.797351e+04
1.052069e+01 3.662592e+04
1.066734e+01 3.530772e+04
1.081604e+01 3.407150e+04
1.096681e+01 3.284596e+04
1.111968e+01 3.165848e+04
1.127468e+01 3.046748e+04
1.143184e+01 2.934855e+04
1.159120e+01 2.823063e+04
1.175277e+01 2.717870e+04
1.191660e+01 2.618235e+04
1.208271e+01 2.520524e+04
1.225114e+01 2.424685e+04
1.242191e+01 2.331538e+04
1.259506e+01 2.237303e+04
1.277063e+01 2.155978e+04
1.294865e+01 2.075499e+04
1.312915e+01 1.995327e+04
1.331216e+01 1.916972e+04
1.349772e+01 1.841148e+04
1.368587e+01 1.772279e+04
1.387665e+01 1.704341e+04
1.407008e+01 1.638607e+04
1.426621e+01 1.577067e+04
1.446507e+01 1.513973e+04
1.466671e+01 1.454302e+04
1.487115e+01 1.396568e+04
1.507845e+01 1.338659e+04
1.528864e+01 1.283117e+04
1.550175e+01 1.229600e+04
1.571784e+01 1.179287e+04
1.593694e+01 1.128970e+04
1.615909e+01 1.081615e+04
1.638434e+01 1.036196e+04
1.661273e+01 9.918076e+03
1.684430e+01 9.507322e+03
1.707910e+01 9.111248e+03
1.731717e+01 8.735598e+03
1.755856e+01 8.354083e+03
1.780332e+01 7.996866e+03
1.805149e+01 7.666626e+03
1.830312e+01 7.342671e+03
1.855825e+01 7.020291e+03
1.881694e+01 6.715331e+03
1.907924e+01 6.424471e+03
1.934520e+01 6.123585e+03
1.961486e+01 5.850556e+03
1.988828e+01 5.585841e+03
2.016551e+01 5.327651e+03
2.044661e+01 5.092056e+03
2.073162e+01 4.857420e+03
2.102061e+01 4.630963e+03
2.131362e+01 4.411140e+03
2.161073e+01 4.206677e+03
2.191197e+01 4.009724e+03
2.221741e+01 3.833432e+03
2.252711e+01 3.658839e+03
2.284112e+01 3.485244e+03
2.315951e+01 3.320714e+03
2.348235e+01 3.166235e+03
2.380968e+01 3.017902e+03
2.414157e+01 2.875097e+03
2.447809e+01 2.734091e+03
2.481930e+01 2.606939e+03
2.516527e+01 2.477357e+03
2.551606e+01 2.349349e+03
2.587174e+01 2.231486e+03
2.623238e+01 2.118218e+03
2.659804e+01 2.008492e+03
2.696881e+01 1.905895e+03
2.734474e+01 1.811106e+03
2.772591e+01 1.721608e+03
2.811239e+01 1.640974e+03
2.850426e+01 1.549151e+03
2.890160e+01 1.471228e+03
2.930447e+01 1.396601e+03
2.971296e+01 1.319139e+03
3.012714e+01 1.251080e+03
3.054710e+01 1.186037e+03
3.097291e+01 1.129221e+03
3.140465e+01 1.072755e+03
3.184242e+01 1.014424e+03
3.228628e+01 9.624877e+02
3.273634e+01 9.133402e+02
3.319266e+01 8.628790e+02
3.365535e+01 8.155123e+02
3.412449e+01 7.715195e+02
3.460016e+01 7.294069e+02
3.508247e+01 6.904312e+02
3.557150e+01 6.542264e+02
3.606735e+01 6.210694e+02
3.657011e+01 5.867289e+02
3.707988e+01 5.556611e+02
3.759675e+01 5.280412e+02
3.812083e+01 4.982223e+02
3.865221e+01 4.715397e+02
3.919100e+01 4.470617e+02
3.973730e+01 4.240514e+02
4.029122e+01 4.010701e+02
4.085286e+01 3.794607e+02
4.142232e+01 3.589411e+02
4.199973e+01 3.397231e+02
4.258518e+01 3.220403e+02
4.317880e+01 3.050196e+02
4.378069e+01 2.889091e+02
4.439097e+01 2.734953e+02
4.500975e+01 2.585152e+02
4.563716e+01 2.448731e+02
4.627332e+01 2.318911e+02
4.691835e+01 2.194287e+02
4.757236e+01 2.074399e+02
4.823549e+01 1.967047e+02
4.890787e+01 1.865328e+02
4.958962e+01 1.763882e+02
5.028087e+01 1.671644e+02
5.098176e+01 1.579145e+02
5.169242e+01 1.496065e+02
5.241298e+01 1.407109e+02
5.314359e+01 1.332080e+02
5.388438e+01 1.265620e+02
5.463550e+01 1.200421e+02
5.539709e+01 1.134698e+02
5.616930e+01 1.071441e+02
5.695227e+01 1.013781e+02
5.774615e+01 9.631838e+01
5.855110e+01 9.117998e+01
5.936727e+01 8.597204e+01
6.019482e+01 8.114623e+01
6.103390e+01 7.661518e+01
6.188468e+01 7.235583e+01
6.274732e+01 6.825524e+01
6.362198e+01 6.456293e+01
6.450884e+01 6.112361e+01
6.540806e+01 5.791120e+01
6.631981e+01 5.489245e+01
6.724427e+01 5.196653e+01
6.818162e+01 4.912206e+01
6.913204e+01 4.654245e+01
7.009570e+01 4.406465e+01
7.107280e+01 4.168576e+01
7.206351e+01 3.948934e+01
7.306804e+01 3.743580e+01
7.408657e+01 3.548906e+01
7.511929e+01 3.367904e+01
7.616642e+01 3.190242e+01
7.722814e+01 3.022720e+01
7.830465e+01 2.866258e+01
7.939618e+01 2.719421e+01
8.050292e+01 2.583183e+01
8.162509e+01 2.443371e+01
8.276289e+01 2.310704e+01
8.391656e+01 2.185470e+01
8.508632e+01 2.066048e+01
8.627237e+01 1.958541e+01
8.747496e+01 1.858734e+01
8.869432e+01 1.761958e+01
8.993067e+01 1.669358e+01
9.118425e+01 1.581620e+01
9.245531e+01 1.498490e+01
9.374409e+01 1.421051e+01
9.505083e+01 1.348266e+01
9.637579e+01 1.276953e+01
9.771921e+01 1.209408e+01
9.908137e+01 1.145432e+01
1.004625e+02 1.083362e+01
1.018629e+02 1.025904e+01
1.032828e+02 9.714876e+00
1.047225e+02 9.191893e+00
1.061823e+02 8.694364e+00
1.076624e+02 8.224069e+00
1.091632e+02 7.777513e+00
1.106848e+02 7.391959e+00
1.122277e+02 7.004429e+00
1.137921e+02 6.633988e+00
1.153783e+02 6.280563e+00
1.169866e+02 5.947133e+00
1.186174e+02 5.631372e+00
1.202708e+02 5.332344e+00
1.219473e+02 5.049163e+00
1.236472e+02 4.780992e+00
1.253708e+02 4.527036e+00
1.271184e+02 4.286542e+00
1.288904e+02 4.061943e+00
1.306870e+02 3.850011e+00
1.325087e+02 3.643485e+00
1.343558e+02 3.444850e+00
1.362287e+02 3.259822e+00
1.381276e+02 3.096984e+00
1.400531e+02 2.942281e+00
1.420053e+02 2.791269e+00
1.439848e+02 2.643827e+00
1.459919e+02 2.501050e+00
1.480269e+02 2.365973e+00
1.500903e+02 2.238181e+00
1.521825e+02 2.117281e+00
1.543038e+02 2.004085e+00
1.564548e+02 1.897677e+00
1.586357e+02 1.796970e+00
1.608469e+02 1.701657e+00
1.630891e+02 1.611448e+00
1.653624e+02 1.526066e+00
1.676675e+02 1.446642e+00
1.700047e+02 1.370066e+00
1.723745e+02 1.296085e+00
1.747773e+02 1.226106e+00
1.772136e+02 1.159911e+00
1.796838e+02 1.097530e+00
1.821885e+02 1.040220e+00
1.847281e+02 9.859065e-01
1.873032e+02 9.344327e-01
1.899141e+02 8.856498e-01
1.925614e+02 8.414941e-01
1.952456e+02 8.001036e-01
1.979672e+02 7.575973e-01
2.007267e+02 7.173502e-01
2.035248e+02 6.792422e-01
2.063618e+02 6.431597e-01
2.092383e+02 6.089948e-01
2.121550e+02 5.766456e-01
2.151123e+02 5.467884e-01
2.181109e+02 5.186498e-01
2.211512e+02 4.906643e-01
2.242340e+02 4.640183e-01
2.273597e+02 4.389312e-01
2.305289e+02 4.156197e-01
2.337424e+02 3.929218e-01
2.370006e+02 3.710588e-01
2.403043e+02 3.509258e-01
2.436540e+02 3.318922e-01
2.470504e+02 3.134752e-01
2.504942e+02 2.960858e-01
2.539859e+02 2.800205e-01
2.575263e+02 2.648637e-01
2.611161e+02 2.505355e-01
2.647559e+02 2.369904e-01
2.684465e+02 2.241851e-01
2.721885e+02 2.124058e-01
2.759826e+02 2.013661e-01
2.798297e+02 1.909056e-01
2.837304e+02 1.809938e-01
2.876854e+02 1.716663e-01
2.916956e+02 1.626435e-01
2.957617e+02 1.538958e-01
2.998844e+02 1.457329e-01
3.040646e+02 1.379255e-01
3.083031e+02 1.304075e-01
3.126007e+02 1.232982e-01
3.169582e+02 1.165754e-01
3.213764e+02 1.103163e-01
3.258562e+02 1.044478e-01
3.303985e+02 9.889226e-02
3.350041e+02 9.363290e-02
3.396739e+02 8.865393e-02
3.444087e+02 8.382621e-02
3.492096e+02 7.921032e-02
3.540774e+02 7.484853e-02
3.590130e+02 7.072686e-02
3.640175e+02 6.683454e-02
3.690917e+02 6.317419e-02
3.742366e+02 5.971443e-02
3.794533e+02 5.644424e-02
3.847427e+02 5.337433e-02
3.901058e+02 5.052187e-02
3.955436e+02 4.782209e-02
4.010573e+02 4.526679e-02
4.066478e+02 4.301403e-02
4.123163e+02 4.090554e-02
4.180637e+02 3.890077e-02
4.238913e+02 3.698343e-02
4.298001e+02 3.503345e-02
4.357913e+02 3.318586e-02
4.418660e+02 3.137875e-02
4.480254e+02 2.964694e-02
4.542706e+02 2.800962e-02
4.606029e+02 2.654837e-02
4.670234e+02 2.517703e-02
4.735335e+02 2.386398e-02
4.801343e+02 2.260849e-02
4.868271e+02 2.141932e-02
4.936132e+02 2.029297e-02
5.004939e+02 1.922611e-02
5.074705e+02 1.821558e-02
5.145444e+02 1.725841e-02
5.217169e+02 1.635177e-02
5.289893e+02 1.549299e-02
5.363631e+02 1.467953e-02
5.438397e+02 1.390900e-02
5.514206e+02 1.317911e-02
5.591071e+02 1.248386e-02
5.669007e+02 1.182210e-02
5.748030e+02 1.119523e-02
5.828155e+02 1.060142e-02
5.909396e+02 1.002598e-02
5.991770e+02 9.437609e-03
6.075292e+02 8.882862e-03
6.159978e+02 8.359870e-03
6.245845e+02 7.866867e-03
6.332908e+02 7.422304e-03
6.421186e+02 7.030108e-03
6.510694e+02 6.658629e-03
6.601449e+02 6.306774e-03
6.693470e+02 5.974885e-03
6.786773e+02 5.704594e-03
6.881377e+02 5.446984e-03
6.977300e+02 5.172162e-03
7.074559e+02 4.890414e-03
7.173175e+02 4.640397e-03
7.273165e+02 4.403285e-03
7.374549e+02 4.158384e-03
7.477346e+02 3.933255e-03
7.581576e+02 3.720234e-03
7.687260e+02 3.520394e-03
7.794416e+02 3.342122e-03
7.903066e+02 3.173093e-03
8.013230e+02 3.012821e-03
8.124930e+02 2.860844e-03
8.238187e+02 2.716726e-03
8.353023e+02 2.580055e-03
8.469460e+02 2.450438e-03
8.587519e+02 2.327506e-03
8.707225e+02 2.206451e-03
8.828599e+02 2.081717e-03
8.951665e+02 1.963954e-03
9.076446e+02 1.853209e-03
9.202967e+02 1.758133e-03
9.331251e+02 1.667994e-03
9.461324e+02 1.582532e-03
9.593209e+02 1.501504e-03
9.726934e+02 1.424676e-03
9.862522e+02 1.351830e-03
1.000000e+03 1.282033e-03
