1.378405e+00 8.814200e+06 1.264581e+07
1.396721e+00 8.619132e+06 1.233239e+07
1.415280e+00 8.422073e+06 1.200602e+07
1.434085e+00 8.234784e+06 1.170047e+07
1.453141e+00 8.060228e+06 1.141673e+07
1.472449e+00 7.886540e+06 1.112811e+07
1.492015e+00 7.721163e+06 1.084685e+07
1.511840e+00 7.545073e+06 1.056497e+07
1.531928e+00 7.362345e+06 1.029764e+07
1.552284e+00 7.205149e+06 1.003079e+07
1.572910e+00 7.045349e+06 9.760115e+06
1.593810e+00 6.889089e+06 9.508834e+06
1.614988e+00 6.742807e+06 9.257853e+06
1.636447e+00 6.585219e+06 9.015636e+06
1.658192e+00 6.437968e+06 8.785918e+06
1.680225e+00 6.291023e+06 8.569497e+06
1.702551e+00 6.140790e+06 8.349535e+06
1.725174e+00 5.999502e+06 8.140575e+06
1.748097e+00 5.866724e+06 7.936256e+06
1.771325e+00 5.723869e+06 7.736919e+06
1.794862e+00 5.590503e+06 7.546485e+06
1.818711e+00 5.475827e+06 7.353649e+06
1.842877e+00 5.348139e+06 7.154381e+06
1.867365e+00 5.223107e+06 6.966268e+06
1.892177e+00 5.097563e+06 6.787864e+06
1.917320e+00 4.973634e+06 6.602661e+06
1.942796e+00 4.856543e+06 6.440294e+06
1.968611e+00 4.744034e+06 6.270789e+06
1.994770e+00 4.627260e+06 6.103123e+06
2.021275e+00 4.518865e+06 5.951249e+06
2.048133e+00 4.409428e+06 5.802753e+06
2.075348e+00 4.305608e+06 5.654813e+06
2.102924e+00 4.200154e+06 5.514985e+06
2.130867e+00 4.098500e+06 5.376038e+06
2.159181e+00 3.999718e+06 5.247826e+06
2.187871e+00 3.902670e+06 5.119260e+06
2.216942e+00 3.804375e+06 4.990180e+06
2.246400e+00 3.706865e+06 4.859779e+06
2.276249e+00 3.609726e+06 4.735837e+06
2.306495e+00 3.524423e+06 4.610135e+06
2.337143e+00 3.432211e+06 4.500852e+06
2.368198e+00 3.343593e+06 4.391405e+06
2.399665e+00 3.262342e+06 4.287782e+06
2.431551e+00 3.178450e+06 4.181029e+06
2.463861e+00 3.101319e+06 4.074048e+06
2.496599e+00 3.026306e+06 3.972770e+06
2.529773e+00 2.952052e+06 3.866503e+06
2.563387e+00 2.877275e+06 3.768777e+06
2.597449e+00 2.801760e+06 3.673523e+06
2.631962e+00 2.727842e+06 3.583843e+06
2.666935e+00 2.661047e+06 3.491335e+06
2.702372e+00 2.591340e+06 3.402250e+06
2.738280e+00 2.527226e+06 3.319159e+06
2.774665e+00 2.458265e+06 3.235113e+06
2.811533e+00 2.396914e+06 3.156871e+06
2.848892e+00 2.329818e+06 3.078443e+06
2.886747e+00 2.269726e+06 2.999510e+06
2.925104e+00 2.209216e+06 2.919782e+06
2.963972e+00 2.151420e+06 2.852954e+06
3.003356e+00 2.097270e+06 2.779230e+06
3.043263e+00 2.040282e+06 2.705315e+06
3.083701e+00 1.981218e+06 2.633384e+06
3.124676e+00 1.929453e+06 2.567432e+06
3.166195e+00 1.881660e+06 2.506005e+06
3.208266e+00 1.828359e+06 2.441189e+06
3.250896e+00 1.775798e+06 2.380468e+06
3.294092e+00 1.727034e+06 2.322301e+06
3.337863e+00 1.682036e+06 2.264890e+06
3.382215e+00 1.637266e+06 2.204119e+06
3.427156e+00 1.590443e+06 2.147924e+06
3.472694e+00 1.548178e+06 2.097555e+06
3.518839e+00 1.506003e+06 2.040599e+06
3.565595e+00 1.462677e+06 1.988653e+06
3.612974e+00 1.419732e+06 1.938114e+06
3.660981e+00 1.379872e+06 1.886209e+06
3.709627e+00 1.342372e+06 1.837161e+06
3.758918e+00 1.304673e+06 1.790121e+06
3.808866e+00 1.268897e+06 1.746140e+06
3.859476e+00 1.232638e+06 1.700685e+06
3.910759e+00 1.197563e+06 1.657391e+06
3.962723e+00 1.165371e+06 1.613958e+06
4.015378e+00 1.132593e+06 1.570024e+06
4.068733e+00 1.100080e+06 1.527026e+06
4.122796e+00 1.069558e+06 1.484597e+06
4.177578e+00 1.041105e+06 1.444180e+06
4.233088e+00 1.011393e+06 1.408634e+06
4.289336e+00 9.837666e+05 1.373201e+06
4.346330e+00 9.553121e+05 1.338700e+06
4.404083e+00 9.285247e+05 1.304321e+06
4.462602e+00 9.025698e+05 1.270722e+06
4.521899e+00 8.767652e+05 1.237877e+06
4.581984e+00 8.503121e+05 1.206182e+06
4.642868e+00 8.269448e+05 1.175558e+06
4.704559e+00 8.026643e+05 1.144021e+06
4.767072e+00 7.792604e+05 1.113125e+06
4.830414e+00 7.569913e+05 1.082706e+06
4.894599e+00 7.350550e+05 1.052372e+06
4.959636e+00 7.113876e+05 1.023647e+06
5.025538e+00 6.890263e+05 9.954346e+05
5.092315e+00 6.679732e+05 9.679405e+05
5.159980e+00 6.474921e+05 9.421530e+05
5.228543e+00 6.283587e+05 9.164732e+05
5.298017e+00 6.094474e+05 8.915852e+05
5.368415e+00 5.911218e+05 8.683883e+05
5.439748e+00 5.731757e+05 8.451640e+05
5.512030e+00 5.562026e+05 8.230157e+05
5.585270e+00 5.389287e+05 8.015497e+05
5.659486e+00 5.226616e+05 7.812629e+05
5.734686e+00 5.061999e+05 7.602882e+05
5.810887e+00 4.904620e+05 7.400778e+05
5.888099e+00 4.757785e+05 7.207709e+05
5.966338e+00 4.615680e+05 7.011371e+05
6.045615e+00 4.470866e+05 6.820156e+05
6.125947e+00 4.327078e+05 6.632897e+05
6.207345e+00 4.193197e+05 6.443078e+05
6.289827e+00 4.060939e+05 6.263672e+05
6.373403e+00 3.930768e+05 6.088993e+05
6.458091e+00 3.807371e+05 5.916080e+05
6.543902e+00 3.681274e+05 5.750453e+05
6.630854e+00 3.562486e+05 5.590468e+05
6.718963e+00 3.449585e+05 5.429604e+05
6.808240e+00 3.345126e+05 5.273239e+05
6.898706e+00 3.235687e+05 5.119218e+05
6.990372e+00 3.134542e+05 4.976241e+05
7.083258e+00 3.031378e+05 4.834132e+05
7.177377e+00 2.932218e+05 4.695295e+05
7.272748e+00 2.841376e+05 4.559915e+05
7.369384e+00 2.753125e+05 4.428237e+05
7.467306e+00 2.660443e+05 4.308160e+05
7.566527e+00 2.569669e+05 4.184647e+05
7.667069e+00 2.482564e+05 4.062054e+05
7.768945e+00 2.401192e+05 3.941530e+05
7.872176e+00 2.319968e+05 3.825959e+05
7.976777e+00 2.242856e+05 3.715411e+05
8.082770e+00 2.166693e+05 3.604860e+05
8.190169e+00 2.095669e+05 3.499613e+05
8.298998e+00 2.025492e+05 3.397131e+05
8.409270e+00 1.951867e+05 3.297050e+05
8.521008e+00 1.886878e+05 3.198815e+05
8.634233e+00 1.824194e+05 3.102487e+05
8.748960e+00 1.763429e+05 3.008632e+05
8.865213e+00 1.702507e+05 2.918094e+05
8.983009e+00 1.646117e+05 2.829617e+05
9.102372e+00 1.588873e+05 2.743093e+05
9.223320e+00 1.530224e+05 2.658604e+05
9.345877e+00 1.476228e+05 2.573754e+05
9.470059e+00 1.426949e+05 2.496631e+05
9.595895e+00 1.379237e+05 2.418254e+05
9.723399e+00 1.327455e+05 2.342758e+05
9.852601e+00 1.282825e+05 2.270598e+05
9.983517e+00 1.235809e+05 2.200174e+05
1.011617e+01 1.192810e+05 2.129887e+05
1.025059e+01 1.150412e+05 2.064582e+05
1.038680e+01 1.109819e+05 2.001002e+05
1.052481e+01 1.070635e+05 1.942222e+05
1.066466e+01 1.032197e+05 1.877939e+05
1.080637e+01 9.932694e+04 1.816144e+05
1.094996e+01 9.537304e+04 1.756276e+05
1.109546e+01 9.155241e+04 1.701070e+05
1.124289e+01 8.805582e+04 1.647311e+05
1.139228e+01 8.482622e+04 1.592759e+05
1.154366e+01 8.174754e+04 1.539712e+05
1.169704e+01 7.858155e+04 1.489374e+05
1.185247e+01 7.579878e+04 1.440256e+05
1.200996e+01 7.278048e+04 1.392833e+05
1.216954e+01 7.007294e+04 1.347800e+05
1.233125e+01 6.723781e+04 1.304020e+05
1.249510e+01 6.462486e+04 1.259306e+05
1.266113e+01 6.209279e+04 1.215783e+05
1.282936e+01 5.950587e+04 1.175599e+05
1.299984e+01 5.695069e+04 1.136116e+05
1.317257e+01 5.468368e+04 1.098263e+05
1.334760e+01 5.258457e+04 1.063107e+05
1.352496e+01 5.050626e+04 1.029134e+05
1.370467e+01 4.859670e+04 9.950240e+04
1.388677e+01 4.659935e+04 9.593610e+04
1.407129e+01 4.473993e+04 9.266443e+04
1.425827e+01 4.291324e+04 8.955314e+04
1.444772e+01 4.103134e+04 8.630921e+04
1.463970e+01 3.934917e+04 8.310616e+04
1.483423e+01 3.763910e+04 8.028490e+04
1.503134e+01 3.612923e+04 7.740443e+04
1.523107e+01 3.463657e+04 7.478473e+04
1.543345e+01 3.323124e+04 7.201246e+04
1.563852e+01 3.183991e+04 6.941567e+04
1.584632e+01 3.045634e+04 6.693142e+04
1.605688e+01 2.917562e+04 6.444458e+04
1.627024e+01 2.793531e+04 6.200613e+04
1.648643e+01 2.668575e+04 5.969913e+04
1.670549e+01 2.548853e+04 5.769595e+04
1.692747e+01 2.438059e+04 5.568025e+04
1.715239e+01 2.325918e+04 5.381794e+04
1.738031e+01 2.220961e+04 5.185994e+04
1.761125e+01 2.123184e+04 5.003059e+04
1.784526e+01 2.027992e+04 4.822636e+04
1.808238e+01 1.939188e+04 4.640193e+04
1.832265e+01 1.850523e+04 4.464487e+04
1.856611e+01 1.766222e+04 4.300555e+04
1.881281e+01 1.684044e+04 4.139654e+04
1.906279e+01 1.609775e+04 3.986384e+04
1.931609e+01 1.534262e+04 3.850920e+04
1.957275e+01 1.464156e+04 3.719951e+04
1.983282e+01 1.396429e+04 3.585500e+04
2.009635e+01 1.330845e+04 3.448134e+04
2.036338e+01 1.270486e+04 3.312228e+04
2.063397e+01 1.206565e+04 3.173862e+04
2.090814e+01 1.152624e+04 3.045733e+04
2.118596e+01 1.097257e+04 2.928795e+04
2.146747e+01 1.044456e+04 2.821007e+04
2.175272e+01 9.948143e+03 2.719940e+04
2.204176e+01 9.489588e+03 2.622273e+04
2.233464e+01 9.000362e+03 2.528378e+04
2.263141e+01 8.539783e+03 2.423123e+04
2.293213e+01 8.111000e+03 2.332445e+04
2.323684e+01 7.703556e+03 2.252246e+04
2.354560e+01 7.314028e+03 2.171714e+04
2.385847e+01 6.941750e+03 2.094461e+04
2.417549e+01 6.588344e+03 2.020168e+04
2.449672e+01 6.239348e+03 1.947973e+04
2.482223e+01 5.888942e+03 1.878245e+04
2.515205e+01 5.571895e+03 1.811015e+04
2.548626e+01 5.290230e+03 1.740707e+04
2.582491e+01 5.012541e+03 1.671693e+04
2.616806e+01 4.755228e+03 1.601249e+04
2.651577e+01 4.513497e+03 1.535212e+04
2.686810e+01 4.267747e+03 1.479268e+04
2.722511e+01 4.036603e+03 1.425365e+04
2.758686e+01 3.832080e+03 1.373432e+04
2.795343e+01 3.641603e+03 1.320518e+04
2.832486e+01 3.457185e+03 1.268028e+04
2.870123e+01 3.283807e+03 1.218144e+04
2.908260e+01 3.116928e+03 1.177409e+04
2.946904e+01 2.944648e+03 1.138037e+04
2.986061e+01 2.777152e+03 1.099438e+04
3.025739e+01 2.618604e+03 1.059880e+04
3.065943e+01 2.465235e+03 1.019064e+04
3.106682e+01 2.321908e+03 9.795621e+03
3.147962e+01 2.192139e+03 9.411047e+03
3.189790e+01 2.059901e+03 9.041567e+03
3.232175e+01 1.942168e+03 8.686591e+03
3.275122e+01 1.821991e+03 8.371514e+03
3.318641e+01 1.712656e+03 8.050619e+03
3.362738e+01 1.608664e+03 7.741490e+03
3.407421e+01 1.516142e+03 7.438596e+03
3.452697e+01 1.443563e+03 7.144955e+03
3.498575e+01 1.354875e+03 6.883734e+03
3.545062e+01 1.272191e+03 6.632076e+03
3.592168e+01 1.200478e+03 6.389619e+03
3.639899e+01 1.125815e+03 6.155415e+03
3.688264e+01 1.059078e+03 5.929519e+03
3.737272e+01 9.959816e+02 5.711931e+03
3.786932e+01 9.378981e+02 5.489751e+03
3.837251e+01 8.843305e+02 5.272006e+03
3.888239e+01 8.266025e+02 5.062855e+03
3.939903e+01 7.751658e+02 4.874274e+03
3.992256e+01 7.313921e+02 4.698369e+03
4.045303e+01 6.849791e+02 4.520168e+03
4.099054e+01 6.438725e+02 4.352393e+03
4.153521e+01 6.021794e+02 4.182498e+03
4.208711e+01 5.612359e+02 4.027181e+03
4.264635e+01 5.293256e+02 3.886522e+03
4.321301e+01 4.965933e+02 3.750778e+03
4.378721e+01 4.658939e+02 3.619774e+03
4.436903e+01 4.382244e+02 3.492875e+03
4.495860e+01 4.087409e+02 3.369387e+03
4.555598e+01 3.819374e+02 3.250273e+03
4.616131e+01 3.589992e+02 3.131748e+03
4.677468e+01 3.370168e+02 3.014865e+03
4.739621e+01 3.177922e+02 2.902346e+03
4.802598e+01 2.964393e+02 2.794034e+03
4.866413e+01 2.772115e+02 2.697798e+03
4.931076e+01 2.604373e+02 2.609766e+03
4.996598e+01 2.428891e+02 2.521724e+03
5.062990e+01 2.278333e+02 2.427934e+03
5.130266e+01 2.130533e+02 2.336771e+03
5.198434e+01 1.985881e+02 2.249097e+03
5.267508e+01 1.853354e+02 2.169444e+03
5.337501e+01 1.725674e+02 2.092609e+03
5.408422e+01 1.606882e+02 2.018499e+03
5.480288e+01 1.498186e+02 1.947012e+03
5.553107e+01 1.395677e+02 1.878060e+03
5.626895e+01 1.305016e+02 1.811548e+03
5.701662e+01 1.228806e+02 1.747394e+03
5.777424e+01 1.148953e+02 1.685511e+03
5.854191e+01 1.075397e+02 1.625822e+03
5.931980e+01 1.005276e+02 1.568246e+03
6.010801e+01 9.372692e+01 1.512490e+03
6.090670e+01 8.736713e+01 1.458535e+03
6.171600e+01 8.229700e+01 1.406509e+03
6.253606e+01 7.670782e+01 1.354146e+03
6.336701e+01 7.161779e+01 1.303611e+03
6.420901e+01 6.689864e+01 1.254674e+03
6.506218e+01 6.249081e+01 1.209180e+03
6.592669e+01 5.814382e+01 1.166635e+03
6.680270e+01 5.429036e+01 1.122808e+03
6.769035e+01 5.062462e+01 1.080161e+03
6.858979e+01 4.716967e+01 1.038899e+03
6.950117e+01 4.422762e+01 9.992141e+02
7.042468e+01 4.133281e+01 9.610449e+02
7.136045e+01 3.863971e+01 9.243346e+02
7.230866e+01 3.607667e+01 8.890263e+02
7.326946e+01 3.380645e+01 8.550677e+02
7.424304e+01 3.182411e+01 8.224056e+02
7.522955e+01 2.961236e+01 7.909922e+02
7.622917e+01 2.747233e+01 7.607781e+02
7.724207e+01 2.557654e+01 7.322351e+02
7.826843e+01 2.385998e+01 7.046254e+02
7.930842e+01 2.232793e+01 6.782398e+02
8.036224e+01 2.089436e+01 6.528422e+02
8.143005e+01 1.957022e+01 6.283967e+02
8.251207e+01 1.827144e+01 6.048663e+02
8.360844e+01 1.701465e+01 5.822180e+02
8.471939e+01 1.605542e+01 5.604181e+02
8.584512e+01 1.497868e+01 5.394343e+02
8.698578e+01 1.400063e+01 5.192372e+02
8.814162e+01 1.301079e+01 4.997961e+02
8.931279e+01 1.224868e+01 4.810837e+02
9.049956e+01 1.147592e+01 4.630719e+02
9.170206e+01 1.073850e+01 4.457351e+02
9.292057e+01 1.003276e+01 4.290474e+02
9.415525e+01 9.324211e+00 4.129849e+02
9.540636e+01 8.696541e+00 3.975239e+02
9.667406e+01 8.123439e+00 3.826424e+02
9.795863e+01 7.627135e+00 3.683178e+02
9.926025e+01 7.161225e+00 3.545301e+02
1.005792e+02 6.724801e+00 3.411959e+02
1.019157e+02 6.295248e+00 3.283445e+02
1.032699e+02 5.867064e+00 3.159772e+02
1.046421e+02 5.470838e+00 3.040764e+02
1.060325e+02 5.081987e+00 2.926235e+02
1.074414e+02 4.735515e+00 2.816020e+02
1.088690e+02 4.429233e+00 2.709962e+02
1.103156e+02 4.123151e+00 2.607895e+02
1.117815e+02 3.836024e+00 2.509673e+02
1.132668e+02 3.570606e+00 2.415152e+02
1.147718e+02 3.357246e+00 2.324196e+02
1.162969e+02 3.173272e+00 2.236663e+02
1.178422e+02 2.962381e+00 2.152426e+02
1.194080e+02 2.771253e+00 2.071364e+02
1.209946e+02 2.559059e+00 1.993359e+02
1.226024e+02 2.374616e+00 1.918288e+02
1.242315e+02 2.206842e+00 1.846046e+02
1.258822e+02 2.057518e+00 1.776525e+02
1.275548e+02 1.910770e+00 1.709626e+02
1.292497e+02 1.778570e+00 1.645245e+02
1.309672e+02 1.677892e+00 1.583288e+02
1.327074e+02 1.564441e+00 1.523666e+02
1.344707e+02 1.466514e+00 1.466292e+02
1.362575e+02 1.377238e+00 1.411361e+02
1.380681e+02 1.293437e+00 1.361935e+02
1.399027e+02 1.200462e+00 1.315661e+02
1.417616e+02 1.114243e+00 1.270966e+02
1.436453e+02 1.039310e+00 1.227791e+02
1.455540e+02 9.710794e-01 1.186086e+02
1.474881e+02 8.999373e-01 1.145802e+02
1.494478e+02 8.352426e-01 1.106891e+02
1.514336e+02 7.796220e-01 1.069303e+02
1.534458e+02 7.352796e-01 1.032995e+02
1.554848e+02 6.844979e-01 9.950431e+01
1.575507e+02 6.331941e-01 9.584138e+01
1.596442e+02 5.862328e-01 9.231344e+01
1.617655e+02 5.456809e-01 8.891563e+01
1.639150e+02 5.117142e-01 8.573637e+01
1.660930e+02 4.798635e-01 8.278335e+01
1.683000e+02 4.499944e-01 7.993200e+01
1.705363e+02 4.219847e-01 7.717894e+01
1.728022e+02 3.952441e-01 7.452087e+01
1.750984e+02 3.685340e-01 7.195432e+01
1.774250e+02 3.436293e-01 6.947624e+01
1.797826e+02 3.204081e-01 6.708355e+01
1.821714e+02 2.987572e-01 6.477343e+01
1.845920e+02 2.785688e-01 6.254284e+01
1.870448e+02 2.602783e-01 6.038911e+01
1.895302e+02 2.432896e-01 5.830962e+01
1.920486e+02 2.274107e-01 5.629167e+01
1.946004e+02 2.128673e-01 5.432742e+01
1.971862e+02 1.992363e-01 5.243176e+01
1.998064e+02 1.861932e-01 5.060231e+01
2.024612e+02 1.742144e-01 4.883682e+01
2.051515e+02 1.630138e-01 4.713290e+01
2.078775e+02 1.528022e-01 4.548849e+01
2.106397e+02 1.432302e-01 4.390150e+01
2.134385e+02 1.342583e-01 4.236999e+01
2.162746e+02 1.258480e-01 4.089189e+01
2.191484e+02 1.178186e-01 3.946540e+01
2.220603e+02 1.100902e-01 3.808878e+01
2.250109e+02 1.030868e-01 3.676016e+01
2.280008e+02 9.737129e-02 3.547793e+01
2.310304e+02 9.068103e-02 3.424047e+01
2.341001e+02 8.499472e-02 3.304626e+01
2.372108e+02 7.953366e-02 3.189370e+01
2.403628e+02 7.414758e-02 3.078137e+01
2.435567e+02 6.913974e-02 2.970787e+01
2.467928e+02 6.448234e-02 2.867189e+01
2.500721e+02 6.013871e-02 2.767203e+01
2.533950e+02 5.616223e-02 2.670708e+01
2.567621e+02 5.257095e-02 2.577581e+01
2.601737e+02 4.904100e-02 2.492309e+01
2.636308e+02 4.574176e-02 2.406037e+01
2.671339e+02 4.272434e-02 2.320894e+01
2.706835e+02 3.993734e-02 2.240558e+01
2.742801e+02 3.733225e-02 2.163906e+01
2.779247e+02 3.489699e-02 2.089877e+01
2.816176e+02 3.262062e-02 2.018385e+01
2.853595e+02 3.049283e-02 1.949346e+01
2.891513e+02 2.850375e-02 1.882669e+01
2.929934e+02 2.664443e-02 1.817278e+01
2.968867e+02 2.490641e-02 1.753931e+01
3.008315e+02 2.324513e-02 1.692797e+01
3.048288e+02 2.169710e-02 1.633794e+01
3.088793e+02 2.025219e-02 1.576850e+01
3.129836e+02 1.890348e-02 1.521893e+01
3.171422e+02 1.761359e-02 1.468856e+01
3.213563e+02 1.640361e-02 1.417668e+01
3.256264e+02 1.527675e-02 1.368265e+01
3.299532e+02 1.422730e-02 1.320586e+01
3.343374e+02 1.325795e-02 1.274573e+01
3.387800e+02 1.235483e-02 1.230163e+01
3.432816e+02 1.153581e-02 1.187302e+01
3.478430e+02 1.074375e-02 1.145937e+01
3.524648e+02 1.004490e-02 1.106016e+01
3.571483e+02 9.391509e-03 1.067487e+01
3.618940e+02 8.785774e-03 1.030301e+01
3.667025e+02 8.219533e-03 9.939845e+00
3.715752e+02 7.689762e-03 9.584382e+00
3.765125e+02 7.194129e-03 9.241650e+00
3.815155e+02 6.693063e-03 8.911192e+00
3.865848e+02 6.226784e-03 8.592581e+00
3.917216e+02 5.792972e-03 8.285367e+00
3.969267e+02 5.389390e-03 7.989154e+00
4.022009e+02 5.013928e-03 7.703547e+00
4.075450e+02 4.697074e-03 7.428179e+00
4.129604e+02 4.412828e-03 7.162658e+00
4.184477e+02 4.126929e-03 6.906644e+00
4.240079e+02 3.849230e-03 6.659796e+00
4.296418e+02 3.590222e-03 6.421795e+00
4.353507e+02 3.349998e-03 6.192304e+00
4.411355e+02 3.126578e-03 5.971028e+00
4.469972e+02 2.918064e-03 5.757673e+00
4.529365e+02 2.728651e-03 5.551964e+00
4.589550e+02 2.539551e-03 5.353609e+00
4.650535e+02 2.366146e-03 5.162353e+00
4.712327e+02 2.209156e-03 4.977949e+00
4.774943e+02 2.080116e-03 4.800138e+00
4.838391e+02 1.939672e-03 4.628690e+00
4.902682e+02 1.808749e-03 4.463300e+00
4.967825e+02 1.686934e-03 4.302655e+00
5.033836e+02 1.571871e-03 4.147795e+00
5.100724e+02 1.464261e-03 3.998519e+00
5.168501e+02 1.363533e-03 3.854624e+00
5.237176e+02 1.269490e-03 3.715922e+00
5.306766e+02 1.182118e-03 3.582216e+00
5.377280e+02 1.101695e-03 3.453328e+00
5.448732e+02 1.028048e-03 3.329087e+00
5.521130e+02 9.593249e-04 3.209329e+00
5.594493e+02 8.953944e-04 3.093882e+00
5.668832e+02 8.357340e-04 2.982596e+00
5.744157e+02 7.803178e-04 2.875321e+00
5.820481e+02 7.285822e-04 2.771916e+00
5.897822e+02 6.802732e-04 2.672233e+00
5.976190e+02 6.345871e-04 2.576142e+00
6.055597e+02 5.919345e-04 2.483517e+00
6.136062e+02 5.529189e-04 2.394226e+00
6.217596e+02 5.165582e-04 2.308152e+00
6.300214e+02 4.822098e-04 2.225179e+00
6.383925e+02 4.500680e-04 2.145199e+00
6.468753e+02 4.200665e-04 2.068096e+00
6.554708e+02 3.920640e-04 1.993771e+00
6.641805e+02 3.659275e-04 1.922122e+00
6.730056e+02 3.415338e-04 1.853058e+00
6.819483e+02 3.187645e-04 1.786478e+00
6.910098e+02 2.975125e-04 1.722295e+00
7.001918e+02 2.776768e-04 1.660424e+00
7.094953e+02 2.591638e-04 1.600784e+00
7.189229e+02 2.418838e-04 1.543289e+00
7.284757e+02 2.258659e-04 1.487863e+00
7.381551e+02 2.110510e-04 1.434436e+00
7.479634e+02 1.964663e-04 1.382929e+00
7.579022e+02 1.830056e-04 1.333277e+00
7.679730e+02 1.705519e-04 1.285412e+00
7.781771e+02 1.589456e-04 1.239272e+00
7.885173e+02 1.481284e-04 1.194791e+00
7.989949e+02 1.380469e-04 1.151911e+00
8.096118e+02 1.286513e-04 1.110574e+00
8.203692e+02 1.198951e-04 1.070726e+00
8.312700e+02 1.117342e-04 1.048494e+00
8.423157e+02 1.041387e-04 1.016641e+00
8.535081e+02 9.707946e-05 9.826481e-01
8.648488e+02 9.049874e-05 9.471810e-01
8.763407e+02 8.436363e-05 9.129959e-01
8.879852e+02 7.864433e-05 8.800477e-01
8.997845e+02 7.331254e-05 8.672952e-01
9.117401e+02 6.842680e-05 8.652143e-01
9.238550e+02 6.389623e-05 8.346001e-01
9.361309e+02 5.966543e-05 8.048440e-01
9.485695e+02 5.605180e-05 7.761534e-01
9.611738e+02 5.298790e-05 7.484802e-01
9.739456e+02 4.960573e-05 7.216651e-01
9.868871e+02 4.634219e-05 6.958133e-01
1.000000e+03 4.333737e-05 6.708918e-01
