1.378405e+00 2.650346e+06
1.396721e+00 2.589218e+06
1.415280e+00 2.525997e+06
1.434085e+00 2.462411e+06
1.453141e+00 2.403477e+06
1.472449e+00 2.346215e+06
1.492015e+00 2.291904e+06
1.511840e+00 2.238171e+06
1.531928e+00 2.182683e+06
1.552284e+00 2.129661e+06
1.572910e+00 2.075873e+06
1.593810e+00 2.024066e+06
1.614988e+00 1.975882e+06
1.636447e+00 1.930245e+06
1.658192e+00 1.884544e+06
1.680225e+00 1.838958e+06
1.702551e+00 1.796298e+06
1.725174e+00 1.752406e+06
1.748097e+00 1.709815e+06
1.771325e+00 1.668666e+06
1.794862e+00 1.627721e+06
1.818711e+00 1.585081e+06
1.842877e+00 1.547155e+06
1.867365e+00 1.508403e+06
1.892177e+00 1.474178e+06
1.917320e+00 1.436678e+06
1.942796e+00 1.400047e+06
1.968611e+00 1.365630e+06
1.994770e+00 1.331008e+06
2.021275e+00 1.297975e+06
2.048133e+00 1.264659e+06
2.075348e+00 1.233659e+06
2.102924e+00 1.202352e+06
2.130867e+00 1.172946e+06
2.159181e+00 1.143699e+06
2.187871e+00 1.115274e+06
2.216942e+00 1.088481e+06
2.246400e+00 1.062860e+06
2.276249e+00 1.035660e+06
2.306495e+00 1.007718e+06
2.337143e+00 9.834616e+05
2.368198e+00 9.593638e+05
2.399665e+00 9.363284e+05
2.431551e+00 9.128766e+05
2.463861e+00 8.905356e+05
2.496599e+00 8.687408e+05
2.529773e+00 8.456251e+05
2.563387e+00 8.240565e+05
2.597449e+00 8.025575e+05
2.631962e+00 7.827776e+05
2.666935e+00 7.631185e+05
2.702372e+00 7.443718e+05
2.738280e+00 7.262346e+05
2.774665e+00 7.080696e+05
2.811533e+00 6.897880e+05
2.848892e+00 6.721828e+05
2.886747e+00 6.548974e+05
2.925104e+00 6.375165e+05
2.963972e+00 6.204874e+05
3.003356e+00 6.037722e+05
3.043263e+00 5.881545e+05
3.083701e+00 5.733193e+05
3.124676e+00 5.595778e+05
3.166195e+00 5.446571e+05
3.208266e+00 5.306672e+05
3.250896e+00 5.166772e+05
3.294092e+00 5.034659e+05
3.337863e+00 4.902841e+05
3.382215e+00 4.770992e+05
3.427156e+00 4.653600e+05
3.472694e+00 4.536468e+05
3.518839e+00 4.419068e+05
3.565595e+00 4.308309e+05
3.612974e+00 4.196292e+05
3.660981e+00 4.079855e+05
3.709627e+00 3.972641e+05
3.758918e+00 3.869103e+05
3.808866e+00 3.762947e+05
3.859476e+00 3.664809e+05
3.910759e+00 3.564903e+05
3.962723e+00 3.470785e+05
4.015378e+00 3.378434e+05
4.068733e+00 3.289407e+05
4.122796e+00 3.199106e+05
4.177578e+00 3.115146e+05
4.233088e+00 3.028821e+05
4.289336e+00 2.945692e+05
4.346330e+00 2.866254e+05
4.404083e+00 2.787602e+05
4.462602e+00 2.709022e+05
4.521899e+00 2.631152e+05
4.581984e+00 2.560421e+05
4.642868e+00 2.488314e+05
4.704559e+00 2.417525e+05
4.767072e+00 2.350349e+05
4.830414e+00 2.284439e+05
4.894599e+00 2.217976e+05
4.959636e+00 2.154814e+05
5.025538e+00 2.093307e+05
5.092315e+00 2.037471e+05
5.159980e+00 1.981776e+05
5.228543e+00 1.924428e+05
5.298017e+00 1.867700e+05
5.368415e+00 1.814372e+05
5.439748e+00 1.763911e+05
5.512030e+00 1.712421e+05
5.585270e+00 1.663647e+05
5.659486e+00 1.616675e+05
5.734686e+00 1.571486e+05
5.810887e+00 1.527126e+05
5.888099e+00 1.483088e+05
5.966338e+00 1.439539e+05
6.045615e+00 1.396223e+05
6.125947e+00 1.355757e+05
6.207345e+00 1.315790e+05
6.289827e+00 1.277715e+05
6.373403e+00 1.239421e+05
6.458091e+00 1.202425e+05
6.543902e+00 1.166562e+05
6.630854e+00 1.131376e+05
6.718963e+00 1.097932e+05
6.808240e+00 1.065492e+05
6.898706e+00 1.033179e+05
6.990372e+00 1.002692e+05
7.083258e+00 9.732071e+04
7.177377e+00 9.429652e+04
7.272748e+00 9.150066e+04
7.369384e+00 8.879774e+04
7.467306e+00 8.613403e+04
7.566527e+00 8.354113e+04
7.667069e+00 8.099292e+04
7.768945e+00 7.854432e+04
7.872176e+00 7.606090e+04
7.976777e+00 7.362849e+04
8.082770e+00 7.124005e+04
8.190169e+00 6.899316e+04
8.298998e+00 6.682024e+04
8.409270e+00 6.476650e+04
8.521008e+00 6.273863e+04
8.634233e+00 6.073893e+04
8.748960e+00 5.877766e+04
8.865213e+00 5.691842e+04
8.983009e+00 5.503127e+04
9.102372e+00 5.321291e+04
9.223320e+00 5.144705e+04
9.345877e+00 4.969148e+04
9.470059e+00 4.806791e+04
9.595895e+00 4.645242e+04
9.723399e+00 4.494968e+04
9.852601e+00 4.344812e+04
9.983517e+00 4.199961e+04
1.011617e+01 4.060818e+04
1.025059e+01 3.922426e+04
1.038680e+01 3.787064e+04
1.052481e+01 3.658932e+04
1.066466e+01 3.533035e+04
1.080637e+01 3.415065e+04
1.094996e+01 3.297670e+04
1.109546e+01 3.184537e+04
1.124289e+01 3.070075e+04
1.139228e+01 2.962593e+04
1.154366e+01 2.855667e+04
1.169704e+01 2.753314e+04
1.185247e+01 2.656678e+04
1.200996e+01 2.563330e+04
1.216954e+01 2.470382e+04
1.233125e+01 2.380229e+04
1.249510e+01 2.290413e+04
1.266113e+01 2.206038e+04
1.282936e+01 2.129126e+04
1.299984e+01 2.052996e+04
1.317257e+01 1.976342e+04
1.334760e+01 1.902412e+04
1.352496e+01 1.830759e+04
1.370467e+01 1.765608e+04
1.388677e+01 1.700873e+04
1.407129e+01 1.638214e+04
1.425827e+01 1.579518e+04
1.444772e+01 1.519324e+04
1.463970e+01 1.462139e+04
1.483423e+01 1.406815e+04
1.503134e+01 1.351018e+04
1.523107e+01 1.297040e+04
1.543345e+01 1.246309e+04
1.563852e+01 1.198141e+04
1.584632e+01 1.148277e+04
1.605688e+01 1.103523e+04
1.627024e+01 1.058393e+04
1.648643e+01 1.015844e+04
1.670549e+01 9.742478e+03
1.692747e+01 9.367545e+03
1.715239e+01 8.993979e+03
1.738031e+01 8.637337e+03
1.761125e+01 8.266857e+03
1.784526e+01 7.941210e+03
1.808238e+01 7.624097e+03
1.832265e+01 7.318810e+03
1.856611e+01 7.010445e+03
1.881281e+01 6.719955e+03
1.906279e+01 6.443460e+03
1.931609e+01 6.156860e+03
1.957275e+01 5.890002e+03
1.983282e+01 5.637796e+03
2.009635e+01 5.394222e+03
2.036338e+01 5.160521e+03
2.063397e+01 4.936749e+03
2.090814e+01 4.717999e+03
2.118596e+01 4.504777e+03
2.146747e+01 4.307758e+03
2.175272e+01 4.112879e+03
2.204176e+01 3.933992e+03
2.233464e+01 3.767046e+03
2.263141e+01 3.602563e+03
2.293213e+01 3.437270e+03
2.323684e+01 3.283588e+03
2.354560e+01 3.134184e+03
2.385847e+01 2.995203e+03
2.417549e+01 2.861116e+03
2.449672e+01 2.726750e+03
2.482223e+01 2.605901e+03
2.515205e+01 2.482432e+03
2.548626e+01 2.359628e+03
2.582491e+01 2.247474e+03
2.616806e+01 2.137765e+03
2.651577e+01 2.032767e+03
2.686810e+01 1.932273e+03
2.722511e+01 1.840532e+03
2.758686e+01 1.755068e+03
2.795343e+01 1.672209e+03
2.832486e+01 1.591766e+03
2.870123e+01 1.507858e+03
2.908260e+01 1.439630e+03
2.946904e+01 1.364808e+03
2.986061e+01 1.295946e+03
3.025739e+01 1.229620e+03
3.065943e+01 1.171309e+03
3.106682e+01 1.115821e+03
3.147962e+01 1.062125e+03
3.189790e+01 1.007380e+03
3.232175e+01 9.583873e+02
3.275122e+01 9.116429e+02
3.318641e+01 8.635486e+02
3.362738e+01 8.182333e+02
3.407421e+01 7.760901e+02
3.452697e+01 7.358878e+02
3.498575e+01 6.978080e+02
3.545062e+01 6.626465e+02
3.592168e+01 6.306387e+02
3.639899e+01 5.981002e+02
3.688264e+01 5.675057e+02
3.737272e+01 5.396496e+02
3.786932e+01 5.122481e+02
3.837251e+01 4.850820e+02
3.888239e+01 4.610617e+02
3.939903e+01 4.377094e+02
3.992256e+01 4.163911e+02
4.045303e+01 3.946308e+02
4.099054e+01 3.742919e+02
4.153521e+01 3.551325e+02
4.208711e+01 3.370431e+02
4.264635e+01 3.202906e+02
4.321301e+01 3.040741e+02
4.378721e+01 2.887403e+02
4.436903e+01 2.740459e+02
4.495860e+01 2.597143e+02
4.555598e+01 2.465709e+02
4.616131e+01 2.341380e+02
4.677468e+01 2.221580e+02
4.739621e+01 2.104867e+02
4.802598e+01 1.999025e+02
4.866413e+01 1.901881e+02
4.931076e+01 1.803244e+02
4.996598e+01 1.712980e+02
5.062990e+01 1.626469e+02
5.130266e+01 1.542392e+02
5.198434e+01 1.458611e+02
5.267508e+01 1.377368e+02
5.337501e+01 1.310684e+02
5.408422e+01 1.247884e+02
5.480288e+01 1.186463e+02
5.553107e+01 1.123367e+02
5.626895e+01 1.063484e+02
5.701662e+01 1.009555e+02
5.777424e+01 9.614532e+01
5.854191e+01 9.123995e+01
5.931980e+01 8.628222e+01
6.010801e+01 8.167845e+01
6.090670e+01 7.727982e+01
6.171600e+01 7.321441e+01
6.253606e+01 6.924861e+01
6.336701e+01 6.559640e+01
6.420901e+01 6.226010e+01
6.506218e+01 5.911085e+01
6.592669e+01 5.616916e+01
6.680270e+01 5.337371e+01
6.769035e+01 5.058467e+01
6.858979e+01 4.799276e+01
6.950117e+01 4.558654e+01
7.042468e+01 4.324517e+01
7.136045e+01 4.101618e+01
7.230866e+01 3.897535e+01
7.326946e+01 3.704035e+01
7.424304e+01 3.520139e+01
7.522955e+01 3.348624e+01
7.622917e+01 3.179972e+01
7.724207e+01 3.020596e+01
7.826843e+01 2.871178e+01
7.930842e+01 2.731074e+01
8.036224e+01 2.599946e+01
8.143005e+01 2.466850e+01
8.251207e+01 2.339865e+01
8.360844e+01 2.218186e+01
8.471939e+01 2.102612e+01
8.584512e+01 1.995592e+01
8.698578e+01 1.898595e+01
8.814162e+01 1.805438e+01
8.931279e+01 1.714851e+01
9.049956e+01 1.628804e+01
9.170206e+01 1.547072e+01
9.292057e+01 1.469437e+01
9.415525e+01 1.398128e+01
9.540636e+01 1.328651e+01
9.667406e+01 1.261556e+01
9.795863e+01 1.197845e+01
9.926025e+01 1.137293e+01
1.005792e+02 1.078423e+01
1.019157e+02 1.023814e+01
1.032699e+02 9.719664e+00
1.046421e+02 9.220924e+00
1.060325e+02 8.743397e+00
1.074414e+02 8.292496e+00
1.088690e+02 7.862610e+00
1.103156e+02 7.481946e+00
1.117815e+02 7.115236e+00
1.132668e+02 6.756603e+00
1.147718e+02 6.412705e+00
1.162969e+02 6.087354e+00
1.178422e+02 5.778788e+00
1.194080e+02 5.485833e+00
1.209946e+02 5.207712e+00
1.226024e+02 4.943653e+00
1.242315e+02 4.692956e+00
1.258822e+02 4.454948e+00
1.275548e+02 4.229052e+00
1.292497e+02 4.018399e+00
1.309672e+02 3.818229e+00
1.327074e+02 3.621444e+00
1.344707e+02 3.432943e+00
1.362575e+02 3.257266e+00
1.380681e+02 3.101931e+00
1.399027e+02 2.954003e+00
1.417616e+02 2.809897e+00
1.436453e+02 2.668975e+00
1.455540e+02 2.531361e+00
1.474881e+02 2.400832e+00
1.494478e+02 2.277030e+00
1.514336e+02 2.159599e+00
1.534458e+02 2.048631e+00
1.554848e+02 1.944757e+00
1.575507e+02 1.846202e+00
1.596442e+02 1.752684e+00
1.617655e+02 1.663947e+00
1.639150e+02 1.579746e+00
1.660930e+02 1.500338e+00
1.683000e+02 1.425551e+00
1.705363e+02 1.353020e+00
1.728022e+02 1.283268e+00
1.750984e+02 1.217116e+00
1.774250e+02 1.154380e+00
1.797826e+02 1.095196e+00
1.821714e+02 1.040599e+00
1.845920e+02 9.887256e-01
1.870448e+02 9.394413e-01
1.895302e+02 8.926168e-01
1.920486e+02 8.496964e-01
1.946004e+02 8.098660e-01
1.971862e+02 7.694982e-01
1.998064e+02 7.304684e-01
2.024612e+02 6.934206e-01
2.051515e+02 6.582512e-01
2.078775e+02 6.250055e-01
2.106397e+02 5.931758e-01
2.134385e+02 5.633420e-01
2.162746e+02 5.356567e-01
2.191484e+02 5.090073e-01
2.220603e+02 4.826123e-01
2.250109e+02 4.575904e-01
2.280008e+02 4.340855e-01
2.310304e+02 4.120747e-01
2.341001e+02 3.904451e-01
2.372108e+02 3.697276e-01
2.403628e+02 3.505820e-01
2.435567e+02 3.324355e-01
2.467928e+02 3.148264e-01
2.500721e+02 2.981508e-01
2.533950e+02 2.826555e-01
2.567621e+02 2.680464e-01
2.601737e+02 2.542005e-01
2.636308e+02 2.410766e-01
2.671339e+02 2.286372e-01
2.706835e+02 2.169972e-01
2.742801e+02 2.062276e-01
2.779247e+02 1.959971e-01
2.816176e+02 1.862790e-01
2.853595e+02 1.770478e-01
2.891513e+02 1.683381e-01
2.929934e+02 1.597852e-01
2.968867e+02 1.516006e-01
3.008315e+02 1.439386e-01
3.048288e+02 1.365310e-01
3.088793e+02 1.294253e-01
3.129836e+02 1.226885e-01
3.171422e+02 1.163016e-01
3.213563e+02 1.103436e-01
3.256264e+02 1.047392e-01
3.299532e+02 9.942018e-02
3.343374e+02 9.437211e-02
3.387800e+02 8.958080e-02
3.432816e+02 8.495808e-02
3.478430e+02 8.049135e-02
3.524648e+02 7.625957e-02
3.571483e+02 7.225005e-02
3.618940e+02 6.845129e-02
3.667025e+02 6.486567e-02
3.715752e+02 6.147382e-02
3.765125e+02 5.825944e-02
3.815155e+02 5.521323e-02
3.865848e+02 5.237233e-02
3.917216e+02 4.970013e-02
3.969267e+02 4.716446e-02
4.022009e+02 4.476630e-02
4.075450e+02 4.267118e-02
4.129604e+02 4.067438e-02
4.184477e+02 3.877137e-02
4.240079e+02 3.694366e-02
4.296418e+02 3.508402e-02
4.353507e+02 3.331751e-02
4.411355e+02 3.159231e-02
4.469972e+02 2.992769e-02
4.529365e+02 2.834983e-02
4.589550e+02 2.691550e-02
4.650535e+02 2.558804e-02
4.712327e+02 2.432217e-02
4.774943e+02 2.310039e-02
4.838391e+02 2.194023e-02
4.902682e+02 2.083859e-02
4.967825e+02 1.979253e-02
5.033836e+02 1.879919e-02
5.100724e+02 1.785591e-02
5.168501e+02 1.696019e-02
5.237176e+02 1.610965e-02
5.306766e+02 1.530193e-02
5.377280e+02 1.453492e-02
5.448732e+02 1.380654e-02
5.521130e+02 1.311488e-02
5.594493e+02 1.245384e-02
5.668832e+02 1.182355e-02
5.744157e+02 1.122497e-02
5.820481e+02 1.065656e-02
5.897822e+02 1.011214e-02
5.976190e+02 9.545642e-03
6.055597e+02 9.010065e-03
6.136062e+02 8.503731e-03
6.217596e+02 8.025108e-03
6.300214e+02 7.574502e-03
6.383925e+02 7.192396e-03
6.468753e+02 6.829544e-03
6.554708e+02 6.484992e-03
6.641805e+02 6.157818e-03
6.730056e+02 5.866897e-03
6.819483e+02 5.613715e-03
6.910098e+02 5.371865e-03
7.001918e+02 5.098820e-03
7.094953e+02 4.837330e-03
7.189229e+02 4.601250e-03
7.284757e+02 4.376060e-03
7.381551e+02 4.142550e-03
7.479634e+02 3.928418e-03
7.579022e+02 3.725282e-03
7.679730e+02 3.533379e-03
7.781771e+02 3.362542e-03
7.885173e+02 3.200156e-03
7.989949e+02 3.045803e-03
8.096118e+02 2.899079e-03
8.203692e+02 2.759605e-03
8.312700e+02 2.627008e-03
8.423157e+02 2.500948e-03
8.535081e+02 2.381097e-03
8.648488e+02 2.267149e-03
8.763407e+02 2.147607e-03
8.879852e+02 2.031648e-03
8.997845e+02 1.921880e-03
9.117401e+02 1.821730e-03
9.238550e+02 1.732520e-03
9.361309e+02 1.647731e-03
9.485695e+02 1.567146e-03
9.611738e+02 1.490548e-03
9.739456e+02 1.417742e-03
9.868871e+02 1.348537e-03
1.000000e+03 1.282033e-03
