1.000000e+00 1.486536e+07 2.398891e+07
1.013939e+00 1.454832e+07 2.332992e+07
1.028073e+00 1.422321e+07 2.270101e+07
1.042404e+00 1.392493e+07 2.208371e+07
1.056935e+00 1.362393e+07 2.148308e+07
1.071668e+00 1.331743e+07 2.091815e+07
1.086606e+00 1.301674e+07 2.035414e+07
1.101753e+00 1.272963e+07 1.977558e+07
1.117111e+00 1.245253e+07 1.923458e+07
1.132683e+00 1.217964e+07 1.870533e+07
1.148472e+00 1.190436e+07 1.818841e+07
1.164481e+00 1.164615e+07 1.769569e+07
1.180713e+00 1.139225e+07 1.719850e+07
1.197171e+00 1.114351e+07 1.670794e+07
1.213859e+00 1.089432e+07 1.624909e+07
1.230780e+00 1.063231e+07 1.583063e+07
1.247936e+00 1.041363e+07 1.536055e+07
1.265332e+00 1.017694e+07 1.495075e+07
1.282970e+00 9.932743e+06 1.453657e+07
1.300854e+00 9.716395e+06 1.413773e+07
1.318987e+00 9.494194e+06 1.376371e+07
1.337373e+00 9.281209e+06 1.339576e+07
1.356015e+00 9.065057e+06 1.304174e+07
1.374917e+00 8.852495e+06 1.270555e+07
1.394083e+00 8.646781e+06 1.237381e+07
1.413516e+00 8.441392e+06 1.203652e+07
1.433219e+00 8.243038e+06 1.171418e+07
1.453198e+00 8.059701e+06 1.141579e+07
1.473454e+00 7.877937e+06 1.111618e+07
1.493993e+00 7.704619e+06 1.081944e+07
1.514819e+00 7.516632e+06 1.052491e+07
1.535935e+00 7.328169e+06 1.024507e+07
1.557345e+00 7.165426e+06 9.961469e+06
1.579053e+00 6.998813e+06 9.689654e+06
1.601064e+00 6.838394e+06 9.421752e+06
1.623382e+00 6.680035e+06 9.163334e+06
1.646012e+00 6.519924e+06 8.910854e+06
1.668956e+00 6.365556e+06 8.679636e+06
1.692220e+00 6.205694e+06 8.446080e+06
1.715809e+00 6.055588e+06 8.226768e+06
1.739726e+00 5.914368e+06 8.010268e+06
1.763977e+00 5.771081e+06 7.804455e+06
1.788566e+00 5.625390e+06 7.593347e+06
1.813498e+00 5.499869e+06 7.397753e+06
1.838777e+00 5.370482e+06 7.186794e+06
1.864409e+00 5.237182e+06 6.987101e+06
1.890397e+00 5.106711e+06 6.800160e+06
1.916748e+00 4.976372e+06 6.606931e+06
1.943467e+00 4.853670e+06 6.435103e+06
1.970558e+00 4.735060e+06 6.257640e+06
1.998026e+00 4.613226e+06 6.084209e+06
2.025878e+00 4.499440e+06 5.926144e+06
2.054117e+00 4.387543e+06 5.769852e+06
2.082751e+00 4.278329e+06 5.616000e+06
2.111783e+00 4.165765e+06 5.469945e+06
2.141220e+00 4.062190e+06 5.325437e+06
2.171068e+00 3.958739e+06 5.198571e+06
2.201331e+00 3.856059e+06 5.061011e+06
2.232016e+00 3.756505e+06 4.920676e+06
2.263130e+00 3.651423e+06 4.785517e+06
2.294676e+00 3.559994e+06 4.659192e+06
2.326663e+00 3.462872e+06 4.536305e+06
2.359095e+00 3.369130e+06 4.423749e+06
2.391980e+00 3.280589e+06 4.312584e+06
2.425323e+00 3.195255e+06 4.201641e+06
2.459130e+00 3.112338e+06 4.089266e+06
2.493409e+00 3.033020e+06 3.982498e+06
2.528166e+00 2.955585e+06 3.871837e+06
2.563407e+00 2.877231e+06 3.768725e+06
2.599140e+00 2.798121e+06 3.668907e+06
2.635371e+00 2.721616e+06 3.574385e+06
2.672106e+00 2.649748e+06 3.478421e+06
2.709354e+00 2.577810e+06 3.385499e+06
2.747121e+00 2.510926e+06 3.296784e+06
2.785414e+00 2.441395e+06 3.212473e+06
2.824241e+00 2.373258e+06 3.127689e+06
2.863610e+00 2.307622e+06 3.048873e+06
2.903527e+00 2.241510e+06 2.963891e+06
2.944000e+00 2.182679e+06 2.886350e+06
2.985038e+00 2.121357e+06 2.814623e+06
3.026648e+00 2.063922e+06 2.734706e+06
3.068838e+00 2.002248e+06 2.659807e+06
3.111616e+00 1.944808e+06 2.587880e+06
3.154990e+00 1.894807e+06 2.522838e+06
3.198969e+00 1.840702e+06 2.454557e+06
3.243561e+00 1.784032e+06 2.390404e+06
3.288774e+00 1.732886e+06 2.329359e+06
3.334618e+00 1.685158e+06 2.269057e+06
3.381101e+00 1.638458e+06 2.205630e+06
3.428231e+00 1.589426e+06 2.146542e+06
3.476019e+00 1.545155e+06 2.093582e+06
3.524473e+00 1.500691e+06 2.034368e+06
3.573602e+00 1.455270e+06 1.980793e+06
3.623416e+00 1.410629e+06 1.926881e+06
3.673925e+00 1.369821e+06 1.872808e+06
3.725137e+00 1.331299e+06 1.820862e+06
3.777064e+00 1.291922e+06 1.773712e+06
3.829714e+00 1.253730e+06 1.727967e+06
3.883098e+00 1.216354e+06 1.679578e+06
3.937226e+00 1.181243e+06 1.634558e+06
3.992109e+00 1.147137e+06 1.588981e+06
4.047757e+00 1.112535e+06 1.543940e+06
4.104181e+00 1.079908e+06 1.499229e+06
4.161391e+00 1.049385e+06 1.456117e+06
4.219398e+00 1.018251e+06 1.416522e+06
4.278214e+00 9.892808e+05 1.379819e+06
4.337850e+00 9.596241e+05 1.343886e+06
4.398317e+00 9.311162e+05 1.307864e+06
4.459628e+00 9.038665e+05 1.272412e+06
4.521792e+00 8.768110e+05 1.237935e+06
4.584824e+00 8.491087e+05 1.204759e+06
4.648734e+00 8.245897e+05 1.172432e+06
4.713535e+00 7.992192e+05 1.139519e+06
4.779239e+00 7.749145e+05 1.107231e+06
4.845859e+00 7.516927e+05 1.075438e+06
4.913407e+00 7.281036e+05 1.043615e+06
4.981898e+00 7.035217e+05 1.013790e+06
5.051342e+00 6.807244e+05 9.841734e+05
5.121755e+00 6.589419e+05 9.569409e+05
5.193150e+00 6.379628e+05 9.296245e+05
5.265540e+00 6.176338e+05 9.026081e+05
5.338938e+00 5.987774e+05 8.779081e+05
5.413360e+00 5.793322e+05 8.538022e+05
5.488820e+00 5.618953e+05 8.300382e+05
5.565331e+00 5.435654e+05 8.073517e+05
5.642908e+00 5.263352e+05 7.858128e+05
5.721568e+00 5.091211e+05 7.638183e+05
5.801323e+00 4.923016e+05 7.425785e+05
5.882190e+00 4.769060e+05 7.222772e+05
5.964185e+00 4.619552e+05 7.016674e+05
6.047322e+00 4.467656e+05 6.816204e+05
6.131619e+00 4.317376e+05 6.619987e+05
6.217090e+00 4.178468e+05 6.420274e+05
6.303753e+00 4.038858e+05 6.234148e+05
6.391624e+00 3.903124e+05 6.051416e+05
6.480720e+00 3.772350e+05 5.871622e+05
6.571058e+00 3.643468e+05 5.700481e+05
6.662655e+00 3.520802e+05 5.531048e+05
6.755528e+00 3.406275e+05 5.364355e+05
6.849697e+00 3.294440e+05 5.201201e+05
6.945178e+00 3.182118e+05 5.046168e+05
7.041990e+00 3.076657e+05 4.896587e+05
7.140151e+00 2.970619e+05 4.749648e+05
7.239681e+00 2.871900e+05 4.607401e+05
7.340598e+00 2.780066e+05 4.465832e+05
7.442922e+00 2.683135e+05 4.337534e+05
7.546673e+00 2.587621e+05 4.211194e+05
7.651869e+00 2.494974e+05 4.078748e+05
7.758532e+00 2.409304e+05 3.954407e+05
7.866682e+00 2.324128e+05 3.831943e+05
7.976339e+00 2.243169e+05 3.715894e+05
8.087525e+00 2.163482e+05 3.599583e+05
8.200261e+00 2.089156e+05 3.489944e+05
8.314568e+00 2.014693e+05 3.382766e+05
8.430468e+00 1.939220e+05 3.278194e+05
8.547985e+00 1.871684e+05 3.175559e+05
8.667139e+00 1.804698e+05 3.075184e+05
8.787954e+00 1.743390e+05 2.977944e+05
8.910453e+00 1.679945e+05 2.883892e+05
9.034660e+00 1.620503e+05 2.791761e+05
9.160598e+00 1.561470e+05 2.702095e+05
9.288292e+00 1.500235e+05 2.614621e+05
9.417766e+00 1.447410e+05 2.529285e+05
9.549045e+00 1.396754e+05 2.447208e+05
9.682153e+00 1.342712e+05 2.366480e+05
9.817117e+00 1.295451e+05 2.289904e+05
9.953962e+00 1.246033e+05 2.216000e+05
1.009272e+01 1.200255e+05 2.141957e+05
1.023340e+01 1.155755e+05 2.072703e+05
1.037605e+01 1.112947e+05 2.005608e+05
1.052069e+01 1.071782e+05 1.943955e+05
1.066734e+01 1.031487e+05 1.876710e+05
1.081604e+01 9.905485e+04 1.812043e+05
1.096681e+01 9.492128e+04 1.750070e+05
1.111968e+01 9.093392e+04 1.692104e+05
1.127468e+01 8.735244e+04 1.635863e+05
1.143184e+01 8.400755e+04 1.578402e+05
1.159120e+01 8.081008e+04 1.523882e+05
1.175277e+01 7.755801e+04 1.471555e+05
1.191660e+01 7.460233e+04 1.420887e+05
1.208271e+01 7.159972e+04 1.371912e+05
1.225114e+01 6.861358e+04 1.325527e+05
1.242191e+01 6.577118e+04 1.278975e+05
1.259506e+01 6.310299e+04 1.232254e+05
1.277063e+01 6.037108e+04 1.189662e+05
1.294865e+01 5.766594e+04 1.147681e+05
1.312915e+01 5.521002e+04 1.107612e+05
1.331216e+01 5.298647e+04 1.070001e+05
1.349772e+01 5.080003e+04 1.034356e+05
1.368587e+01 4.880395e+04 9.986815e+04
1.387665e+01 4.670926e+04 9.613024e+04
1.407008e+01 4.475199e+04 9.268508e+04
1.426621e+01 4.283522e+04 8.942236e+04
1.446507e+01 4.085570e+04 8.601421e+04
1.466671e+01 3.909851e+04 8.273237e+04
1.487115e+01 3.734270e+04 7.971982e+04
1.507845e+01 3.579543e+04 7.677543e+04
1.528864e+01 3.422528e+04 7.402977e+04
1.550175e+01 3.275415e+04 7.107289e+04
1.571784e+01 3.127680e+04 6.850339e+04
1.593694e+01 2.989207e+04 6.584734e+04
1.615909e+01 2.860039e+04 6.327745e+04
1.638434e+01 2.725759e+04 6.072836e+04
1.661273e+01 2.600663e+04 5.864348e+04
1.684430e+01 2.478029e+04 5.637522e+04
1.707910e+01 2.363219e+04 5.444315e+04
1.731717e+01 2.248770e+04 5.241445e+04
1.755856e+01 2.145034e+04 5.043061e+04
1.780332e+01 2.044373e+04 4.855595e+04
1.805149e+01 1.950054e+04 4.663439e+04
1.830312e+01 1.857213e+04 4.478442e+04
1.855825e+01 1.768942e+04 4.305821e+04
1.881694e+01 1.682892e+04 4.137072e+04
1.907924e+01 1.605306e+04 3.977390e+04
1.934520e+01 1.526079e+04 3.835756e+04
1.961486e+01 1.453405e+04 3.699041e+04
1.988828e+01 1.383734e+04 3.556510e+04
2.016551e+01 1.315355e+04 3.412312e+04
2.044661e+01 1.249681e+04 3.270296e+04
2.073162e+01 1.186151e+04 3.124891e+04
2.102061e+01 1.129836e+04 2.997738e+04
2.131362e+01 1.072834e+04 2.877945e+04
2.161073e+01 1.018847e+04 2.770430e+04
2.191197e+01 9.692141e+03 2.663045e+04
2.221741e+01 9.195036e+03 2.566242e+04
2.252711e+01 8.695234e+03 2.460492e+04
2.284112e+01 8.237362e+03 2.360920e+04
2.315951e+01 7.804727e+03 2.272476e+04
2.348235e+01 7.391994e+03 2.190204e+04
2.380968e+01 6.998378e+03 2.106224e+04
2.414157e+01 6.624895e+03 2.027944e+04
2.447809e+01 6.261218e+03 1.952070e+04
2.481930e+01 5.892187e+03 1.878856e+04
2.516527e+01 5.559055e+03 1.808389e+04
2.551606e+01 5.265112e+03 1.733901e+04
2.587174e+01 4.975438e+03 1.661884e+04
2.623238e+01 4.710846e+03 1.588153e+04
2.659804e+01 4.454234e+03 1.521894e+04
2.696881e+01 4.200094e+03 1.463786e+04
2.734474e+01 3.965558e+03 1.407901e+04
2.772591e+01 3.758519e+03 1.353300e+04
2.811239e+01 3.557530e+03 1.299322e+04
2.850426e+01 3.374537e+03 1.243162e+04
2.890160e+01 3.198818e+03 1.196502e+04
2.930447e+01 3.022377e+03 1.154577e+04
2.971296e+01 2.843119e+03 1.114122e+04
3.012714e+01 2.665528e+03 1.072811e+04
3.054710e+01 2.508598e+03 1.030297e+04
3.097291e+01 2.352640e+03 9.885702e+03
3.140465e+01 2.214962e+03 9.479376e+03
3.184242e+01 2.077446e+03 9.089458e+03
3.228628e+01 1.952343e+03 8.715582e+03
3.273634e+01 1.826050e+03 8.381197e+03
3.319266e+01 1.711119e+03 8.046123e+03
3.365535e+01 1.602896e+03 7.722423e+03
3.412449e+01 1.508057e+03 7.405137e+03
3.460016e+01 1.429696e+03 7.102387e+03
3.508247e+01 1.336844e+03 6.830320e+03
3.557150e+01 1.254519e+03 6.568684e+03
3.606735e+01 1.176861e+03 6.317079e+03
3.657011e+01 1.102004e+03 6.074178e+03
3.707988e+01 1.033046e+03 5.840623e+03
3.759675e+01 9.688132e+02 5.611275e+03
3.812083e+01 9.108553e+02 5.379474e+03
3.865221e+01 8.521456e+02 5.155883e+03
3.919100e+01 7.954178e+02 4.944456e+03
3.973730e+01 7.446407e+02 4.763047e+03
4.029122e+01 7.004197e+02 4.572008e+03
4.085286e+01 6.538890e+02 4.396792e+03
4.142232e+01 6.100944e+02 4.216974e+03
4.199973e+01 5.671804e+02 4.049787e+03
4.258518e+01 5.320824e+02 3.901575e+03
4.317880e+01 4.984855e+02 3.758788e+03
4.378069e+01 4.662033e+02 3.621228e+03
4.439097e+01 4.370327e+02 3.488171e+03
4.500975e+01 4.062775e+02 3.358955e+03
4.563716e+01 3.787380e+02 3.234531e+03
4.627332e+01 3.550015e+02 3.109954e+03
4.691835e+01 3.325528e+02 2.988341e+03
4.757236e+01 3.116877e+02 2.871488e+03
4.823549e+01 2.896422e+02 2.759209e+03
4.890787e+01 2.709914e+02 2.664423e+03
4.958962e+01 2.526053e+02 2.572747e+03
5.028087e+01 2.357270e+02 2.476640e+03
5.098176e+01 2.199476e+02 2.379818e+03
5.169242e+01 2.045063e+02 2.285883e+03
5.241298e+01 1.906811e+02 2.199207e+03
5.314359e+01 1.766669e+02 2.117596e+03
5.388438e+01 1.639345e+02 2.039014e+03
5.463550e+01 1.523121e+02 1.963349e+03
5.539709e+01 1.412816e+02 1.890493e+03
5.616930e+01 1.315494e+02 1.820341e+03
5.695227e+01 1.234787e+02 1.752793e+03
5.774615e+01 1.151763e+02 1.687752e+03
5.855110e+01 1.074579e+02 1.625125e+03
5.936727e+01 1.001498e+02 1.564823e+03
6.019482e+01 9.290149e+01 1.506495e+03
6.103390e+01 8.660379e+01 1.450187e+03
6.188468e+01 8.110878e+01 1.395623e+03
6.274732e+01 7.534626e+01 1.341051e+03
6.362198e+01 7.014790e+01 1.288615e+03
6.450884e+01 6.530850e+01 1.237737e+03
6.540806e+01 6.080324e+01 1.191907e+03
6.631981e+01 5.622975e+01 1.146693e+03
6.724427e+01 5.246598e+01 1.101440e+03
6.818162e+01 4.870162e+01 1.057357e+03
6.913204e+01 4.530805e+01 1.015039e+03
7.009570e+01 4.228365e+01 9.744144e+02
7.107280e+01 3.947772e+01 9.354163e+02
7.206351e+01 3.669588e+01 8.979793e+02
7.306804e+01 3.421366e+01 8.620409e+02
7.408657e+01 3.212651e+01 8.275410e+02
7.511929e+01 2.986543e+01 7.944222e+02
7.616642e+01 2.759681e+01 7.626291e+02
7.722814e+01 2.560139e+01 7.326241e+02
7.830465e+01 2.380442e+01 7.036834e+02
7.939618e+01 2.220413e+01 6.760745e+02
8.050292e+01 2.071146e+01 6.495494e+02
8.162509e+01 1.934148e+01 6.240654e+02
8.276289e+01 1.796167e+01 5.995817e+02
8.391656e+01 1.674164e+01 5.760590e+02
8.508632e+01 1.569457e+01 5.534596e+02
8.627237e+01 1.460511e+01 5.317472e+02
8.747496e+01 1.357060e+01 5.108870e+02
8.869432e+01 1.263927e+01 4.908455e+02
8.993067e+01 1.186328e+01 4.715906e+02
9.118425e+01 1.104196e+01 4.530914e+02
9.245531e+01 1.033665e+01 4.353182e+02
9.374409e+01 9.546112e+00 4.182426e+02
9.505083e+01 8.873044e+00 4.018371e+02
9.637579e+01 8.247328e+00 3.860754e+02
9.771921e+01 7.716791e+00 3.709322e+02
9.908137e+01 7.223172e+00 3.563834e+02
1.004625e+02 6.761785e+00 3.423499e+02
1.018629e+02 6.312671e+00 3.288394e+02
1.032828e+02 5.863148e+00 3.158622e+02
1.047225e+02 5.446193e+00 3.033973e+02
1.061823e+02 5.043477e+00 2.914245e+02
1.076624e+02 4.686481e+00 2.799242e+02
1.091632e+02 4.367523e+00 2.688779e+02
1.106848e+02 4.048308e+00 2.582676e+02
1.122277e+02 3.763944e+00 2.480761e+02
1.137921e+02 3.486346e+00 2.382869e+02
1.153783e+02 3.280688e+00 2.288841e+02
1.169866e+02 3.081249e+00 2.198524e+02
1.186174e+02 2.863443e+00 2.111772e+02
1.202708e+02 2.651951e+00 2.028445e+02
1.219473e+02 2.447805e+00 1.948406e+02
1.236472e+02 2.264017e+00 1.871527e+02
1.253708e+02 2.100200e+00 1.797682e+02
1.271184e+02 1.948200e+00 1.726751e+02
1.288904e+02 1.801407e+00 1.658620e+02
1.306870e+02 1.693530e+00 1.593178e+02
1.325087e+02 1.577554e+00 1.530319e+02
1.343558e+02 1.472493e+00 1.469941e+02
1.362287e+02 1.378626e+00 1.412189e+02
1.381276e+02 1.290789e+00 1.360398e+02
1.400531e+02 1.193200e+00 1.311966e+02
1.420053e+02 1.103495e+00 1.265263e+02
1.439848e+02 1.028535e+00 1.220226e+02
1.459919e+02 9.544123e-01 1.176797e+02
1.480269e+02 8.812193e-01 1.134917e+02
1.500903e+02 8.158024e-01 1.094531e+02
1.521825e+02 7.627410e-01 1.055586e+02
1.543038e+02 7.163106e-01 1.016836e+02
1.564548e+02 6.596062e-01 9.776132e+01
1.586357e+02 6.082619e-01 9.399068e+01
1.608469e+02 5.612789e-01 9.036578e+01
1.630891e+02 5.244555e-01 8.689418e+01
1.653624e+02 4.902730e-01 8.375800e+01
1.676675e+02 4.583188e-01 8.073509e+01
1.700047e+02 4.284476e-01 7.782137e+01
1.723745e+02 4.004709e-01 7.501288e+01
1.747773e+02 3.721370e-01 7.230582e+01
1.772136e+02 3.458081e-01 6.969653e+01
1.796838e+02 3.213425e-01 6.718147e+01
1.821885e+02 2.986082e-01 6.475725e+01
1.847281e+02 2.774826e-01 6.242056e+01
1.873032e+02 2.584479e-01 6.016827e+01
1.899141e+02 2.407857e-01 5.799730e+01
1.925614e+02 2.243768e-01 5.588921e+01
1.952456e+02 2.093745e-01 5.384578e+01
1.979672e+02 1.951822e-01 5.187712e+01
2.007267e+02 1.819319e-01 4.998049e+01
2.035248e+02 1.696763e-01 4.815327e+01
2.063618e+02 1.583817e-01 4.639291e+01
2.092383e+02 1.479931e-01 4.469695e+01
2.121550e+02 1.382860e-01 4.306305e+01
2.151123e+02 1.292156e-01 4.148893e+01
2.181109e+02 1.207279e-01 3.997240e+01
2.211512e+02 1.124359e-01 3.851135e+01
2.242340e+02 1.048093e-01 3.710376e+01
2.273597e+02 9.871259e-02 3.574766e+01
2.305289e+02 9.170822e-02 3.444117e+01
2.337424e+02 8.562964e-02 3.318247e+01
2.370006e+02 7.990999e-02 3.196982e+01
2.403043e+02 7.424337e-02 3.080153e+01
2.436540e+02 6.899392e-02 2.967597e+01
2.470504e+02 6.412797e-02 2.859158e+01
2.504942e+02 5.960540e-02 2.754686e+01
2.539859e+02 5.551119e-02 2.654035e+01
2.575263e+02 5.176000e-02 2.557226e+01
2.611161e+02 4.811433e-02 2.469757e+01
2.647559e+02 4.472547e-02 2.378232e+01
2.684465e+02 4.166743e-02 2.290136e+01
2.721885e+02 3.882160e-02 2.208034e+01
2.759826e+02 3.617015e-02 2.128880e+01
2.798297e+02 3.369980e-02 2.052568e+01
2.837304e+02 3.139818e-02 1.978997e+01
2.876854e+02 2.925376e-02 1.908067e+01
2.916956e+02 2.725581e-02 1.839093e+01
2.957617e+02 2.539433e-02 1.771920e+01
2.998844e+02 2.363221e-02 1.707203e+01
3.040646e+02 2.198329e-02 1.644852e+01
3.083031e+02 2.045056e-02 1.584782e+01
3.126007e+02 1.902466e-02 1.526907e+01
3.169582e+02 1.766880e-02 1.471149e+01
3.213764e+02 1.639808e-02 1.417429e+01
3.258562e+02 1.521875e-02 1.365674e+01
3.303985e+02 1.412493e-02 1.315810e+01
3.350041e+02 1.311754e-02 1.267769e+01
3.396739e+02 1.218206e-02 1.221485e+01
3.444087e+02 1.133750e-02 1.176892e+01
3.492096e+02 1.053122e-02 1.133930e+01
3.540774e+02 9.813963e-03 1.092538e+01
3.590130e+02 9.147427e-03 1.052659e+01
3.640175e+02 8.530134e-03 1.014237e+01
3.690917e+02 7.954489e-03 9.763346e+00
3.742366e+02 7.417684e-03 9.397521e+00
3.794533e+02 6.894498e-03 9.045422e+00
3.847427e+02 6.391639e-03 8.706536e+00
3.901058e+02 5.925462e-03 8.380366e+00
3.955436e+02 5.493291e-03 8.066434e+00
4.010573e+02 5.092645e-03 7.764280e+00
4.066478e+02 4.746287e-03 7.473462e+00
4.123163e+02 4.445523e-03 7.193555e+00
4.180637e+02 4.146970e-03 6.924148e+00
4.238913e+02 3.854820e-03 6.664847e+00
4.298001e+02 3.583247e-03 6.415273e+00
4.357913e+02 3.332326e-03 6.175061e+00
4.418660e+02 3.099646e-03 5.943858e+00
4.480254e+02 2.883525e-03 5.721326e+00
4.542706e+02 2.685335e-03 5.507141e+00
4.606029e+02 2.490508e-03 5.300988e+00
4.670234e+02 2.313534e-03 5.102566e+00
4.735335e+02 2.163865e-03 4.911585e+00
4.801343e+02 2.020258e-03 4.727765e+00
4.868271e+02 1.877450e-03 4.550837e+00
4.936132e+02 1.745186e-03 4.379809e+00
5.004939e+02 1.621056e-03 4.214636e+00
5.074705e+02 1.504751e-03 4.055702e+00
5.145444e+02 1.396941e-03 3.902772e+00
5.217169e+02 1.296072e-03 3.755619e+00
5.289893e+02 1.202524e-03 3.614024e+00
5.363631e+02 1.116468e-03 3.477777e+00
5.438397e+02 1.038328e-03 3.346676e+00
5.514206e+02 9.656565e-04 3.220527e+00
5.591071e+02 8.982610e-04 3.099141e+00
5.669007e+02 8.355985e-04 2.982339e+00
5.748030e+02 7.775890e-04 2.869948e+00
5.828155e+02 7.236098e-04 2.761801e+00
5.909396e+02 6.733193e-04 2.657737e+00
5.991770e+02 6.259376e-04 2.557602e+00
6.075292e+02 5.820172e-04 2.461248e+00
6.159978e+02 5.419452e-04 2.368531e+00
6.245845e+02 5.045526e-04 2.279315e+00
6.332908e+02 4.693410e-04 2.193466e+00
6.421186e+02 4.365857e-04 2.110857e+00
6.510694e+02 4.061155e-04 2.031367e+00
6.601449e+02 3.777711e-04 1.954876e+00
6.693470e+02 3.514041e-04 1.881273e+00
6.786773e+02 3.268767e-04 1.810447e+00
6.881377e+02 3.040605e-04 1.742293e+00
6.977300e+02 2.828363e-04 1.676712e+00
7.074559e+02 2.630929e-04 1.613604e+00
7.173175e+02 2.447271e-04 1.552878e+00
7.273165e+02 2.277223e-04 1.494443e+00
7.374549e+02 2.120828e-04 1.438212e+00
7.477346e+02 1.967838e-04 1.384102e+00
7.581576e+02 1.826767e-04 1.332033e+00
7.687260e+02 1.696618e-04 1.281928e+00
7.794416e+02 1.575737e-04 1.233713e+00
7.903066e+02 1.463465e-04 1.187316e+00
8.013230e+02 1.359188e-04 1.142669e+00
8.124930e+02 1.262337e-04 1.099705e+00
8.238187e+02 1.172383e-04 1.061189e+00
8.353023e+02 1.088837e-04 1.036668e+00
8.469460e+02 1.011467e-04 1.003786e+00
8.587519e+02 9.396831e-05 9.660277e-01
8.707225e+02 8.729912e-05 9.294948e-01
8.828599e+02 8.110306e-05 8.943468e-01
8.951665e+02 7.534657e-05 8.682952e-01
9.076446e+02 7.004437e-05 8.658455e-01
9.202967e+02 6.518881e-05 8.435058e-01
9.331251e+02 6.066967e-05 8.119942e-01
9.461324e+02 5.666935e-05 7.816633e-01
9.593209e+02 5.342500e-05 7.524689e-01
9.726934e+02 4.993934e-05 7.242355e-01
9.862522e+02 4.649390e-05 6.970519e-01
1.000000e+03 4.333738e-05 6.708918e-01
