1.000000e+00 3.716339e+06 5.997227e+06
1.013939e+00 3.637080e+06 5.832479e+06
1.028073e+00 3.555802e+06 5.675252e+06
1.042404e+00 3.481231e+06 5.520927e+06
1.056935e+00 3.405984e+06 5.370770e+06
1.071668e+00 3.329358e+06 5.229537e+06
1.086606e+00 3.254184e+06 5.088536e+06
1.101753e+00 3.182407e+06 4.943894e+06
1.117111e+00 3.113133e+06 4.808645e+06
1.132683e+00 3.044911e+06 4.676332e+06
1.148472e+00 2.976089e+06 4.547102e+06
1.164481e+00 2.911537e+06 4.423923e+06
1.180713e+00 2.848064e+06 4.299625e+06
1.197171e+00 2.785877e+06 4.176986e+06
1.213859e+00 2.723580e+06 4.062274e+06
1.230780e+00 2.658077e+06 3.957658e+06
1.247936e+00 2.603407e+06 3.840137e+06
1.265332e+00 2.544234e+06 3.737689e+06
1.282970e+00 2.483186e+06 3.634142e+06
1.300854e+00 2.429099e+06 3.534432e+06
1.318987e+00 2.373549e+06 3.440928e+06
1.337373e+00 2.320302e+06 3.348940e+06
1.356015e+00 2.266264e+06 3.260435e+06
1.374917e+00 2.213124e+06 3.176387e+06
1.394083e+00 2.161695e+06 3.093451e+06
1.413516e+00 2.110348e+06 3.009129e+06
1.433219e+00 2.060759e+06 2.928545e+06
1.453198e+00 2.014925e+06 2.853948e+06
1.473454e+00 1.969484e+06 2.779044e+06
1.493993e+00 1.926155e+06 2.704861e+06
1.514819e+00 1.879158e+06 2.631227e+06
1.535935e+00 1.832042e+06 2.561266e+06
1.557345e+00 1.791356e+06 2.490367e+06
1.579053e+00 1.749703e+06 2.422413e+06
1.601064e+00 1.709599e+06 2.355438e+06
1.623382e+00 1.670009e+06 2.290834e+06
1.646012e+00 1.629981e+06 2.227714e+06
1.668956e+00 1.591389e+06 2.169909e+06
1.692220e+00 1.551424e+06 2.111520e+06
1.715809e+00 1.513897e+06 2.056692e+06
1.739726e+00 1.478592e+06 2.002567e+06
1.763977e+00 1.442770e+06 1.951114e+06
1.788566e+00 1.406348e+06 1.898337e+06
1.813498e+00 1.374967e+06 1.849438e+06
1.838777e+00 1.342620e+06 1.796699e+06
1.864409e+00 1.309295e+06 1.746775e+06
1.890397e+00 1.276678e+06 1.700040e+06
1.916748e+00 1.244093e+06 1.651733e+06
1.943467e+00 1.213418e+06 1.608776e+06
1.970558e+00 1.183765e+06 1.564410e+06
1.998026e+00 1.153307e+06 1.521052e+06
2.025878e+00 1.124860e+06 1.481536e+06
2.054117e+00 1.096886e+06 1.442463e+06
2.082751e+00 1.069582e+06 1.404000e+06
2.111783e+00 1.041441e+06 1.367486e+06
2.141220e+00 1.015548e+06 1.331359e+06
2.171068e+00 9.896848e+05 1.299643e+06
2.201331e+00 9.640147e+05 1.265253e+06
2.232016e+00 9.391264e+05 1.230169e+06
2.263130e+00 9.128557e+05 1.196379e+06
2.294676e+00 8.899985e+05 1.164798e+06
2.326663e+00 8.657181e+05 1.134076e+06
2.359095e+00 8.422825e+05 1.105937e+06
2.391980e+00 8.201473e+05 1.078146e+06
2.425323e+00 7.988137e+05 1.050410e+06
2.459130e+00 7.780845e+05 1.022317e+06
2.493409e+00 7.582550e+05 9.956246e+05
2.528166e+00 7.388961e+05 9.679592e+05
2.563407e+00 7.193077e+05 9.421813e+05
2.599140e+00 6.995303e+05 9.172268e+05
2.635371e+00 6.804039e+05 8.935963e+05
2.672106e+00 6.624369e+05 8.696054e+05
2.709354e+00 6.444526e+05 8.463748e+05
2.747121e+00 6.277315e+05 8.241960e+05
2.785414e+00 6.103488e+05 8.031183e+05
2.824241e+00 5.933146e+05 7.819223e+05
2.863610e+00 5.769055e+05 7.622183e+05
2.903527e+00 5.603774e+05 7.409726e+05
2.944000e+00 5.456698e+05 7.215875e+05
2.985038e+00 5.303393e+05 7.036557e+05
3.026648e+00 5.159804e+05 6.836765e+05
3.068838e+00 5.005619e+05 6.649519e+05
3.111616e+00 4.862020e+05 6.469701e+05
3.154990e+00 4.737017e+05 6.307094e+05
3.198969e+00 4.601756e+05 6.136393e+05
3.243561e+00 4.460079e+05 5.976010e+05
3.288774e+00 4.332215e+05 5.823398e+05
3.334618e+00 4.212894e+05 5.672642e+05
3.381101e+00 4.096145e+05 5.514074e+05
3.428231e+00 3.973565e+05 5.366354e+05
3.476019e+00 3.862886e+05 5.233956e+05
3.524473e+00 3.751726e+05 5.085920e+05
3.573602e+00 3.638176e+05 4.951983e+05
3.623416e+00 3.526571e+05 4.817203e+05
3.673925e+00 3.424553e+05 4.682019e+05
3.725137e+00 3.328247e+05 4.552155e+05
3.777064e+00 3.229806e+05 4.434281e+05
3.829714e+00 3.134326e+05 4.319918e+05
3.883098e+00 3.040885e+05 4.198945e+05
3.937226e+00 2.953107e+05 4.086396e+05
3.992109e+00 2.867842e+05 3.972451e+05
4.047757e+00 2.781338e+05 3.859850e+05
4.104181e+00 2.699769e+05 3.748072e+05
4.161391e+00 2.623463e+05 3.640292e+05
4.219398e+00 2.545628e+05 3.541306e+05
4.278214e+00 2.473202e+05 3.449547e+05
4.337850e+00 2.399060e+05 3.359715e+05
4.398317e+00 2.327791e+05 3.269660e+05
4.459628e+00 2.259666e+05 3.181031e+05
4.521792e+00 2.192027e+05 3.094838e+05
4.584824e+00 2.122772e+05 3.011897e+05
4.648734e+00 2.061474e+05 2.931079e+05
4.713535e+00 1.998048e+05 2.848798e+05
4.779239e+00 1.937286e+05 2.768078e+05
4.845859e+00 1.879232e+05 2.688594e+05
4.913407e+00 1.820259e+05 2.609037e+05
4.981898e+00 1.758804e+05 2.534475e+05
5.051342e+00 1.701811e+05 2.460433e+05
5.121755e+00 1.647355e+05 2.392352e+05
5.193150e+00 1.594907e+05 2.324061e+05
5.265540e+00 1.544084e+05 2.256520e+05
5.338938e+00 1.496944e+05 2.194770e+05
5.413360e+00 1.448330e+05 2.134505e+05
5.488820e+00 1.404738e+05 2.075096e+05
5.565331e+00 1.358913e+05 2.018379e+05
5.642908e+00 1.315838e+05 1.964532e+05
5.721568e+00 1.272803e+05 1.909546e+05
5.801323e+00 1.230754e+05 1.856446e+05
5.882190e+00 1.192265e+05 1.805693e+05
5.964185e+00 1.154888e+05 1.754168e+05
6.047322e+00 1.116914e+05 1.704051e+05
6.131619e+00 1.079344e+05 1.654997e+05
6.217090e+00 1.044617e+05 1.605068e+05
6.303753e+00 1.009714e+05 1.558537e+05
6.391624e+00 9.757811e+04 1.512854e+05
6.480720e+00 9.430874e+04 1.467906e+05
6.571058e+00 9.108670e+04 1.425120e+05
6.662655e+00 8.802004e+04 1.382762e+05
6.755528e+00 8.515687e+04 1.341089e+05
6.849697e+00 8.236099e+04 1.300300e+05
6.945178e+00 7.955294e+04 1.261542e+05
7.041990e+00 7.691644e+04 1.224147e+05
7.140151e+00 7.426546e+04 1.187412e+05
7.239681e+00 7.179749e+04 1.151850e+05
7.340598e+00 6.950165e+04 1.116458e+05
7.442922e+00 6.707837e+04 1.084383e+05
7.546673e+00 6.469053e+04 1.052798e+05
7.651869e+00 6.237435e+04 1.019687e+05
7.758532e+00 6.023261e+04 9.886018e+04
7.866682e+00 5.810320e+04 9.579858e+04
7.976339e+00 5.607922e+04 9.289734e+04
8.087525e+00 5.408705e+04 8.998957e+04
8.200261e+00 5.222890e+04 8.724861e+04
8.314568e+00 5.036733e+04 8.456915e+04
8.430468e+00 4.848051e+04 8.195486e+04
8.547985e+00 4.679209e+04 7.938897e+04
8.667139e+00 4.511745e+04 7.687961e+04
8.787954e+00 4.358474e+04 7.444859e+04
8.910453e+00 4.199862e+04 7.209730e+04
9.034660e+00 4.051258e+04 6.979401e+04
9.160598e+00 3.903674e+04 6.755236e+04
9.288292e+00 3.750588e+04 6.536552e+04
9.417766e+00 3.618525e+04 6.323213e+04
9.549045e+00 3.491885e+04 6.118019e+04
9.682153e+00 3.356779e+04 5.916200e+04
9.817117e+00 3.238629e+04 5.724759e+04
9.953962e+00 3.115083e+04 5.540000e+04
1.009272e+01 3.000639e+04 5.354891e+04
1.023340e+01 2.889387e+04 5.181757e+04
1.037605e+01 2.782366e+04 5.014020e+04
1.052069e+01 2.679454e+04 4.859886e+04
1.066734e+01 2.578717e+04 4.691775e+04
1.081604e+01 2.476371e+04 4.530107e+04
1.096681e+01 2.373032e+04 4.375174e+04
1.111968e+01 2.273348e+04 4.230261e+04
1.127468e+01 2.183811e+04 4.089656e+04
1.143184e+01 2.100189e+04 3.946005e+04
1.159120e+01 2.020252e+04 3.809705e+04
1.175277e+01 1.938950e+04 3.678889e+04
1.191660e+01 1.865058e+04 3.552217e+04
1.208271e+01 1.789993e+04 3.429780e+04
1.225114e+01 1.715340e+04 3.313817e+04
1.242191e+01 1.644279e+04 3.197438e+04
1.259506e+01 1.577575e+04 3.080634e+04
1.277063e+01 1.509277e+04 2.974154e+04
1.294865e+01 1.441648e+04 2.869203e+04
1.312915e+01 1.380250e+04 2.769030e+04
1.331216e+01 1.324662e+04 2.675002e+04
1.349772e+01 1.270001e+04 2.585891e+04
1.368587e+01 1.220099e+04 2.496704e+04
1.387665e+01 1.167731e+04 2.403256e+04
1.407008e+01 1.118800e+04 2.317127e+04
1.426621e+01 1.070881e+04 2.235559e+04
1.446507e+01 1.021392e+04 2.150355e+04
1.466671e+01 9.774628e+03 2.068309e+04
1.487115e+01 9.335676e+03 1.992996e+04
1.507845e+01 8.948857e+03 1.919386e+04
1.528864e+01 8.556321e+03 1.850744e+04
1.550175e+01 8.188537e+03 1.776822e+04
1.571784e+01 7.819201e+03 1.712585e+04
1.593694e+01 7.473018e+03 1.646184e+04
1.615909e+01 7.150099e+03 1.581936e+04
1.638434e+01 6.814397e+03 1.518209e+04
1.661273e+01 6.501658e+03 1.466087e+04
1.684430e+01 6.195073e+03 1.409381e+04
1.707910e+01 5.908048e+03 1.361079e+04
1.731717e+01 5.621924e+03 1.310361e+04
1.755856e+01 5.362584e+03 1.260765e+04
1.780332e+01 5.110932e+03 1.213899e+04
1.805149e+01 4.875136e+03 1.165860e+04
1.830312e+01 4.643032e+03 1.119611e+04
1.855825e+01 4.422354e+03 1.076455e+04
1.881694e+01 4.207231e+03 1.034268e+04
1.907924e+01 4.013266e+03 9.943474e+03
1.934520e+01 3.815199e+03 9.589390e+03
1.961486e+01 3.633512e+03 9.247604e+03
1.988828e+01 3.459334e+03 8.891275e+03
2.016551e+01 3.288389e+03 8.530781e+03
2.044661e+01 3.124203e+03 8.175741e+03
2.073162e+01 2.965378e+03 7.812227e+03
2.102061e+01 2.824590e+03 7.494344e+03
2.131362e+01 2.682086e+03 7.194862e+03
2.161073e+01 2.547118e+03 6.926074e+03
2.191197e+01 2.423035e+03 6.657613e+03
2.221741e+01 2.298759e+03 6.415604e+03
2.252711e+01 2.173809e+03 6.151230e+03
2.284112e+01 2.059340e+03 5.902301e+03
2.315951e+01 1.951182e+03 5.681189e+03
2.348235e+01 1.847999e+03 5.475510e+03
2.380968e+01 1.749595e+03 5.265560e+03
2.414157e+01 1.656224e+03 5.069859e+03
2.447809e+01 1.565305e+03 4.880174e+03
2.481930e+01 1.473047e+03 4.697140e+03
2.516527e+01 1.389764e+03 4.520971e+03
2.551606e+01 1.316278e+03 4.334753e+03
2.587174e+01 1.243860e+03 4.154710e+03
2.623238e+01 1.177712e+03 3.970383e+03
2.659804e+01 1.113558e+03 3.804735e+03
2.696881e+01 1.050024e+03 3.659465e+03
2.734474e+01 9.913896e+02 3.519753e+03
2.772591e+01 9.396298e+02 3.383251e+03
2.811239e+01 8.893826e+02 3.248304e+03
2.850426e+01 8.436343e+02 3.107904e+03
2.890160e+01 7.997045e+02 2.991256e+03
2.930447e+01 7.555943e+02 2.886442e+03
2.971296e+01 7.107799e+02 2.785304e+03
3.012714e+01 6.663820e+02 2.682027e+03
3.054710e+01 6.271495e+02 2.575742e+03
3.097291e+01 5.881600e+02 2.471425e+03
3.140465e+01 5.537404e+02 2.369844e+03
3.184242e+01 5.193616e+02 2.272365e+03
3.228628e+01 4.880857e+02 2.178895e+03
3.273634e+01 4.565126e+02 2.095299e+03
3.319266e+01 4.277797e+02 2.011531e+03
3.365535e+01 4.007240e+02 1.930606e+03
3.412449e+01 3.770143e+02 1.851284e+03
3.460016e+01 3.574240e+02 1.775597e+03
3.508247e+01 3.342109e+02 1.707580e+03
3.557150e+01 3.136299e+02 1.642171e+03
3.606735e+01 2.942152e+02 1.579270e+03
3.657011e+01 2.755011e+02 1.518545e+03
3.707988e+01 2.582614e+02 1.460156e+03
3.759675e+01 2.422033e+02 1.402819e+03
3.812083e+01 2.277138e+02 1.344868e+03
3.865221e+01 2.130364e+02 1.288971e+03
3.919100e+01 1.988544e+02 1.236114e+03
3.973730e+01 1.861602e+02 1.190762e+03
4.029122e+01 1.751049e+02 1.143002e+03
4.085286e+01 1.634723e+02 1.099198e+03
4.142232e+01 1.525236e+02 1.054243e+03
4.199973e+01 1.417951e+02 1.012447e+03
4.258518e+01 1.330206e+02 9.753937e+02
4.317880e+01 1.246214e+02 9.396970e+02
4.378069e+01 1.165508e+02 9.053069e+02
4.439097e+01 1.092582e+02 8.720428e+02
4.500975e+01 1.015694e+02 8.397389e+02
4.563716e+01 9.468449e+01 8.086328e+02
4.627332e+01 8.875036e+01 7.774884e+02
4.691835e+01 8.313819e+01 7.470852e+02
4.757236e+01 7.792193e+01 7.178721e+02
4.823549e+01 7.241054e+01 6.898023e+02
4.890787e+01 6.774784e+01 6.661058e+02
4.958962e+01 6.315134e+01 6.431866e+02
5.028087e+01 5.893174e+01 6.191601e+02
5.098176e+01 5.498690e+01 5.949544e+02
5.169242e+01 5.112657e+01 5.714709e+02
5.241298e+01 4.767028e+01 5.498017e+02
5.314359e+01 4.416673e+01 5.293989e+02
5.388438e+01 4.098363e+01 5.097535e+02
5.463550e+01 3.807802e+01 4.908373e+02
5.539709e+01 3.532040e+01 4.726232e+02
5.616930e+01 3.288735e+01 4.550853e+02
5.695227e+01 3.086968e+01 4.381982e+02
5.774615e+01 2.879409e+01 4.219380e+02
5.855110e+01 2.686448e+01 4.062814e+02
5.936727e+01 2.503745e+01 3.912058e+02
6.019482e+01 2.322537e+01 3.766238e+02
6.103390e+01 2.165095e+01 3.625467e+02
6.188468e+01 2.027719e+01 3.489057e+02
6.274732e+01 1.883657e+01 3.352628e+02
6.362198e+01 1.753698e+01 3.221537e+02
6.450884e+01 1.632712e+01 3.094342e+02
6.540806e+01 1.520081e+01 2.979769e+02
6.631981e+01 1.405744e+01 2.866732e+02
6.724427e+01 1.311650e+01 2.753600e+02
6.818162e+01 1.217541e+01 2.643392e+02
6.913204e+01 1.132701e+01 2.537597e+02
7.009570e+01 1.057091e+01 2.436036e+02
7.107280e+01 9.869429e+00 2.338541e+02
7.206351e+01 9.173970e+00 2.244948e+02
7.306804e+01 8.553416e+00 2.155102e+02
7.408657e+01 8.031626e+00 2.068853e+02
7.511929e+01 7.466358e+00 1.986056e+02
7.616642e+01 6.899202e+00 1.906573e+02
7.722814e+01 6.400349e+00 1.831560e+02
7.830465e+01 5.951105e+00 1.759208e+02
7.939618e+01 5.551034e+00 1.690186e+02
8.050292e+01 5.177864e+00 1.623873e+02
8.162509e+01 4.835371e+00 1.560164e+02
8.276289e+01 4.490416e+00 1.498954e+02
8.391656e+01 4.185410e+00 1.440148e+02
8.508632e+01 3.923643e+00 1.383649e+02
8.627237e+01 3.651278e+00 1.329368e+02
8.747496e+01 3.392650e+00 1.277218e+02
8.869432e+01 3.159818e+00 1.227114e+02
8.993067e+01 2.965819e+00 1.178977e+02
9.118425e+01 2.760490e+00 1.132729e+02
9.245531e+01 2.584163e+00 1.088296e+02
9.374409e+01 2.386528e+00 1.045606e+02
9.505083e+01 2.218261e+00 1.004593e+02
9.637579e+01 2.061832e+00 9.651884e+01
9.771921e+01 1.929198e+00 9.273306e+01
9.908137e+01 1.805793e+00 8.909584e+01
1.004625e+02 1.690446e+00 8.558747e+01
1.018629e+02 1.578168e+00 8.220985e+01
1.032828e+02 1.465787e+00 7.896556e+01
1.047225e+02 1.361548e+00 7.584933e+01
1.061823e+02 1.260869e+00 7.285612e+01
1.076624e+02 1.171620e+00 6.998105e+01
1.091632e+02 1.091881e+00 6.721947e+01
1.106848e+02 1.012077e+00 6.456690e+01
1.122277e+02 9.409859e-01 6.201903e+01
1.137921e+02 8.715866e-01 5.957172e+01
1.153783e+02 8.201719e-01 5.722102e+01
1.169866e+02 7.703121e-01 5.496311e+01
1.186174e+02 7.158608e-01 5.279431e+01
1.202708e+02 6.629877e-01 5.071112e+01
1.219473e+02 6.119513e-01 4.871015e+01
1.236472e+02 5.660043e-01 4.678817e+01
1.253708e+02 5.250501e-01 4.494204e+01
1.271184e+02 4.870500e-01 4.316878e+01
1.288904e+02 4.503518e-01 4.146550e+01
1.306870e+02 4.233824e-01 3.982946e+01
1.325087e+02 3.943885e-01 3.825798e+01
1.343558e+02 3.681232e-01 3.674853e+01
1.362287e+02 3.446566e-01 3.530472e+01
1.381276e+02 3.226972e-01 3.400995e+01
1.400531e+02 2.983000e-01 3.279915e+01
1.420053e+02 2.758736e-01 3.163157e+01
1.439848e+02 2.571338e-01 3.050566e+01
1.459919e+02 2.386031e-01 2.941992e+01
1.480269e+02 2.203048e-01 2.837292e+01
1.500903e+02 2.039506e-01 2.736328e+01
1.521825e+02 1.906852e-01 2.638966e+01
1.543038e+02 1.790776e-01 2.542090e+01
1.564548e+02 1.649016e-01 2.444033e+01
1.586357e+02 1.520655e-01 2.349767e+01
1.608469e+02 1.403197e-01 2.259144e+01
1.630891e+02 1.311139e-01 2.172354e+01
1.653624e+02 1.225683e-01 2.093950e+01
1.676675e+02 1.145797e-01 2.018377e+01
1.700047e+02 1.071119e-01 1.945534e+01
1.723745e+02 1.001177e-01 1.875322e+01
1.747773e+02 9.303424e-02 1.807646e+01
1.772136e+02 8.645203e-02 1.742413e+01
1.796838e+02 8.033562e-02 1.679537e+01
1.821885e+02 7.465204e-02 1.618931e+01
1.847281e+02 6.937065e-02 1.560514e+01
1.873032e+02 6.461196e-02 1.504207e+01
1.899141e+02 6.019643e-02 1.449933e+01
1.925614e+02 5.609419e-02 1.397230e+01
1.952456e+02 5.234362e-02 1.346144e+01
1.979672e+02 4.879555e-02 1.296928e+01
2.007267e+02 4.548298e-02 1.249512e+01
2.035248e+02 4.241909e-02 1.203832e+01
2.063618e+02 3.959542e-02 1.159823e+01
2.092383e+02 3.699828e-02 1.117424e+01
2.121550e+02 3.457149e-02 1.076576e+01
2.151123e+02 3.230390e-02 1.037223e+01
2.181109e+02 3.018198e-02 9.993099e+00
2.211512e+02 2.810898e-02 9.627838e+00
2.242340e+02 2.620232e-02 9.275939e+00
2.273597e+02 2.467815e-02 8.936914e+00
2.305289e+02 2.292706e-02 8.610292e+00
2.337424e+02 2.140741e-02 8.295618e+00
2.370006e+02 1.997750e-02 7.992455e+00
2.403043e+02 1.856084e-02 7.700381e+00
2.436540e+02 1.724848e-02 7.418992e+00
2.470504e+02 1.603199e-02 7.147895e+00
2.504942e+02 1.490135e-02 6.886715e+00
2.539859e+02 1.387780e-02 6.635087e+00
2.575263e+02 1.294000e-02 6.393065e+00
2.611161e+02 1.202858e-02 6.174392e+00
2.647559e+02 1.118137e-02 5.945579e+00
2.684465e+02 1.041686e-02 5.725339e+00
2.721885e+02 9.705400e-03 5.520084e+00
2.759826e+02 9.042537e-03 5.322200e+00
2.798297e+02 8.424949e-03 5.131421e+00
2.837304e+02 7.849544e-03 4.947492e+00
2.876854e+02 7.313441e-03 4.770168e+00
2.916956e+02 6.813954e-03 4.597733e+00
2.957617e+02 6.348582e-03 4.429800e+00
2.998844e+02 5.908052e-03 4.268007e+00
3.040646e+02 5.495823e-03 4.112131e+00
3.083031e+02 5.112639e-03 3.961954e+00
3.126007e+02 4.756166e-03 3.817268e+00
3.169582e+02 4.417199e-03 3.677873e+00
3.213764e+02 4.099519e-03 3.543573e+00
3.258562e+02 3.804686e-03 3.414184e+00
3.303985e+02 3.531233e-03 3.289525e+00
3.350041e+02 3.279384e-03 3.169424e+00
3.396739e+02 3.045514e-03 3.053712e+00
3.444087e+02 2.834376e-03 2.942231e+00
3.492096e+02 2.632804e-03 2.834825e+00
3.540774e+02 2.453491e-03 2.731345e+00
3.590130e+02 2.286857e-03 2.631647e+00
3.640175e+02 2.132533e-03 2.535593e+00
3.690917e+02 1.988622e-03 2.440837e+00
3.742366e+02 1.854421e-03 2.349380e+00
3.794533e+02 1.723624e-03 2.261356e+00
3.847427e+02 1.597910e-03 2.176634e+00
3.901058e+02 1.481366e-03 2.095091e+00
3.955436e+02 1.373323e-03 2.016608e+00
4.010573e+02 1.273161e-03 1.941070e+00
4.066478e+02 1.186572e-03 1.868366e+00
4.123163e+02 1.111381e-03 1.798389e+00
4.180637e+02 1.036743e-03 1.731037e+00
4.238913e+02 9.637050e-04 1.666212e+00
4.298001e+02 8.958117e-04 1.603818e+00
4.357913e+02 8.330816e-04 1.543765e+00
4.418660e+02 7.749116e-04 1.485964e+00
4.480254e+02 7.208813e-04 1.430332e+00
4.542706e+02 6.713337e-04 1.376785e+00
4.606029e+02 6.226270e-04 1.325247e+00
4.670234e+02 5.783835e-04 1.275642e+00
4.735335e+02 5.409664e-04 1.227896e+00
4.801343e+02 5.050645e-04 1.181941e+00
4.868271e+02 4.693625e-04 1.137709e+00
4.936132e+02 4.362966e-04 1.094952e+00
5.004939e+02 4.052640e-04 1.053659e+00
5.074705e+02 3.761877e-04 1.013926e+00
5.145444e+02 3.492353e-04 9.756931e-01
5.217169e+02 3.240179e-04 9.389048e-01
5.289893e+02 3.006309e-04 9.035060e-01
5.363631e+02 2.791171e-04 8.694443e-01
5.438397e+02 2.595821e-04 8.366691e-01
5.514206e+02 2.414141e-04 8.051317e-01
5.591071e+02 2.245653e-04 7.747853e-01
5.669007e+02 2.088996e-04 7.455849e-01
5.748030e+02 1.943973e-04 7.174871e-01
5.828155e+02 1.809024e-04 6.904503e-01
5.909396e+02 1.683298e-04 6.644343e-01
5.991770e+02 1.564844e-04 6.394006e-01
6.075292e+02 1.455043e-04 6.153120e-01
6.159978e+02 1.354863e-04 5.921328e-01
6.245845e+02 1.261382e-04 5.698287e-01
6.332908e+02 1.173352e-04 5.483664e-01
6.421186e+02 1.091464e-04 5.277143e-01
6.510694e+02 1.015289e-04 5.078417e-01
6.601449e+02 9.444277e-05 4.887191e-01
6.693470e+02 8.785103e-05 4.703182e-01
6.786773e+02 8.171917e-05 4.526117e-01
6.881377e+02 7.601513e-05 4.355733e-01
6.977300e+02 7.070907e-05 4.191779e-01
7.074559e+02 6.577323e-05 4.034011e-01
7.173175e+02 6.118178e-05 3.882195e-01
7.273165e+02 5.693059e-05 3.736107e-01
7.374549e+02 5.302071e-05 3.595529e-01
7.477346e+02 4.919594e-05 3.460255e-01
7.581576e+02 4.566916e-05 3.330083e-01
7.687260e+02 4.241545e-05 3.204821e-01
7.794416e+02 3.939343e-05 3.084283e-01
7.903066e+02 3.658662e-05 2.968290e-01
8.013230e+02 3.397969e-05 2.856672e-01
8.124930e+02 3.155842e-05 2.749263e-01
8.238187e+02 2.930959e-05 2.652973e-01
8.353023e+02 2.722092e-05 2.591670e-01
8.469460e+02 2.528669e-05 2.509465e-01
8.587519e+02 2.349208e-05 2.415069e-01
8.707225e+02 2.182478e-05 2.323737e-01
8.828599e+02 2.027576e-05 2.235867e-01
8.951665e+02 1.883664e-05 2.170738e-01
9.076446e+02 1.751109e-05 2.164614e-01
9.202967e+02 1.629720e-05 2.108764e-01
9.331251e+02 1.516742e-05 2.029985e-01
9.461324e+02 1.416734e-05 1.954158e-01
9.593209e+02 1.335625e-05 1.881172e-01
9.726934e+02 1.248484e-05 1.810589e-01
9.862522e+02 1.162348e-05 1.742630e-01
1.000000e+03 1.083435e-05 1.677229e-01
