1.000000e+00 1.255106e-29 1.448928e+10
1.013939e+00 1.255084e-29 1.405426e+10
1.028073e+00 1.255063e-29 1.361226e+10
1.042404e+00 1.255041e-29 1.320851e+10
1.056935e+00 1.255019e-29 1.279111e+10
1.071668e+00 1.254996e-29 1.239569e+10
1.086606e+00 1.254973e-29 1.202255e+10
1.101753e+00 1.254950e-29 1.164244e+10
1.117111e+00 1.254927e-29 1.129977e+10
1.132683e+00 1.254903e-29 1.095472e+10
1.148472e+00 1.254879e-29 1.061541e+10
1.164481e+00 1.254854e-29 1.029814e+10
1.180713e+00 1.254829e-29 9.985222e+09
1.197171e+00 1.254804e-29 9.679028e+09
1.213859e+00 1.254779e-29 9.383019e+09
1.230780e+00 1.254753e-29 9.092617e+09
1.247936e+00 1.254726e-29 8.806532e+09
1.265332e+00 1.254700e-29 8.549628e+09
1.282970e+00 1.254673e-29 8.294108e+09
1.300854e+00 1.254646e-29 8.064726e+09
1.318987e+00 1.254618e-29 7.814490e+09
1.337373e+00 1.254590e-29 7.586301e+09
1.356015e+00 1.254561e-29 7.371350e+09
1.374917e+00 1.254532e-29 7.146163e+09
1.394083e+00 1.254503e-29 6.927133e+09
1.413516e+00 1.254473e-29 6.720031e+09
1.433219e+00 1.254443e-29 6.524407e+09
1.453198e+00 1.254412e-29 6.328547e+09
1.473454e+00 1.254382e-29 6.143885e+09
1.493993e+00 1.254350e-29 5.960431e+09
1.514819e+00 1.254318e-29 5.783344e+09
1.535935e+00 1.254286e-29 5.619153e+09
1.557345e+00 1.254253e-29 5.444727e+09
1.579053e+00 1.254220e-29 5.285473e+09
1.601064e+00 1.254186e-29 5.129712e+09
1.623382e+00 1.254152e-29 4.980772e+09
1.646012e+00 1.254118e-29 4.828818e+09
1.668956e+00 1.254083e-29 4.678666e+09
1.692220e+00 1.254047e-29 4.542203e+09
1.715809e+00 1.254011e-29 4.402661e+09
1.739726e+00 1.253974e-29 4.269537e+09
1.763977e+00 1.253937e-29 4.140250e+09
1.788566e+00 1.253900e-29 4.014860e+09
1.813498e+00 1.253862e-29 3.890207e+09
1.838777e+00 1.253823e-29 3.772666e+09
1.864409e+00 1.253784e-29 3.656669e+09
1.890397e+00 1.253744e-29 3.547304e+09
1.916748e+00 1.253704e-29 3.440917e+09
1.943467e+00 1.253663e-29 3.337055e+09
1.970558e+00 1.253621e-29 3.235186e+09
1.998026e+00 1.253579e-29 3.136646e+09
2.025878e+00 1.253537e-29 3.041109e+09
2.054117e+00 1.253494e-29 2.949721e+09
2.082751e+00 1.253450e-29 2.860746e+09
2.111783e+00 1.253406e-29 2.774632e+09
2.141220e+00 1.253361e-29 2.691085e+09
2.171068e+00 1.253315e-29 2.611666e+09
2.201331e+00 1.253269e-29 2.533169e+09
2.232016e+00 1.253222e-29 2.455633e+09
2.263130e+00 1.253174e-29 2.381931e+09
2.294676e+00 1.253126e-29 2.310964e+09
2.326663e+00 1.253077e-29 2.241721e+09
2.359095e+00 1.253028e-29 2.170766e+09
2.391980e+00 1.252977e-29 2.101212e+09
2.425323e+00 1.252927e-29 2.034807e+09
2.459130e+00 1.252875e-29 1.972954e+09
2.493409e+00 1.252823e-29 1.910728e+09
2.528166e+00 1.252769e-29 1.851796e+09
2.563407e+00 1.252716e-29 1.793184e+09
2.599140e+00 1.252661e-29 1.736185e+09
2.635371e+00 1.252606e-29 1.681067e+09
2.672106e+00 1.252550e-29 1.626038e+09
2.709354e+00 1.252493e-29 1.572062e+09
2.747121e+00 1.252435e-29 1.521141e+09
2.785414e+00 1.252377e-29 1.471875e+09
2.824241e+00 1.252317e-29 1.424885e+09
2.863610e+00 1.252257e-29 1.378001e+09
2.903527e+00 1.252196e-29 1.333522e+09
2.944000e+00 1.252134e-29 1.290401e+09
2.985038e+00 1.252072e-29 1.248948e+09
3.026648e+00 1.252008e-29 1.208275e+09
3.068838e+00 1.251944e-29 1.169896e+09
3.111616e+00 1.251879e-29 1.130495e+09
3.154990e+00 1.251812e-29 1.092982e+09
3.198969e+00 1.251745e-29 1.057760e+09
3.243561e+00 1.251677e-29 1.024943e+09
3.288774e+00 1.251608e-29 9.910762e+08
3.334618e+00 1.251538e-29 9.578607e+08
3.381101e+00 1.251467e-29 9.259916e+08
3.428231e+00 1.251395e-29 8.952837e+08
3.476019e+00 1.251322e-29 8.641253e+08
3.524473e+00 1.251249e-29 8.353354e+08
3.573602e+00 1.251174e-29 8.059585e+08
3.623416e+00 1.251098e-29 7.782369e+08
3.673925e+00 1.251021e-29 7.517958e+08
3.725137e+00 1.250942e-29 7.260168e+08
3.777064e+00 1.250863e-29 7.010467e+08
3.829714e+00 1.250783e-29 6.775738e+08
3.883098e+00 1.250702e-29 6.534591e+08
3.937226e+00 1.250619e-29 6.312853e+08
3.992109e+00 1.250535e-29 6.095615e+08
4.047757e+00 1.250450e-29 5.875638e+08
4.104181e+00 1.250364e-29 5.673501e+08
4.161391e+00 1.250277e-29 5.481318e+08
4.219398e+00 1.250189e-29 5.295085e+08
4.278214e+00 1.250099e-29 5.108084e+08
4.337850e+00 1.250008e-29 4.926208e+08
4.398317e+00 1.249916e-29 4.749359e+08
4.459628e+00 1.249823e-29 4.580944e+08
4.521792e+00 1.249728e-29 4.412747e+08
4.584824e+00 1.249632e-29 4.247197e+08
4.648734e+00 1.249535e-29 4.093035e+08
4.713535e+00 1.249436e-29 3.946007e+08
4.779239e+00 1.249336e-29 3.804310e+08
4.845859e+00 1.249234e-29 3.666578e+08
4.913407e+00 1.249131e-29 3.527673e+08
4.981898e+00 1.249027e-29 3.397893e+08
5.051342e+00 1.248921e-29 3.272821e+08
5.121755e+00 1.248814e-29 3.152016e+08
5.193150e+00 1.248705e-29 3.035191e+08
5.265540e+00 1.248595e-29 2.924334e+08
5.338938e+00 1.248483e-29 2.815525e+08
5.413360e+00 1.248370e-29 2.708536e+08
5.488820e+00 1.248255e-29 2.608418e+08
5.565331e+00 1.248139e-29 2.511817e+08
5.642908e+00 1.248021e-29 2.418347e+08
5.721568e+00 1.247901e-29 2.327909e+08
5.801323e+00 1.247780e-29 2.241981e+08
5.882190e+00 1.247657e-29 2.159191e+08
5.964185e+00 1.247532e-29 2.077221e+08
6.047322e+00 1.247406e-29 2.000794e+08
6.131619e+00 1.247277e-29 1.926950e+08
6.217090e+00 1.247147e-29 1.854584e+08
6.303753e+00 1.247016e-29 1.785333e+08
6.391624e+00 1.246882e-29 1.718374e+08
6.480720e+00 1.246747e-29 1.653097e+08
6.571058e+00 1.246609e-29 1.590900e+08
6.662655e+00 1.246470e-29 1.530530e+08
6.755528e+00 1.246329e-29 1.471848e+08
6.849697e+00 1.246186e-29 1.416219e+08
6.945178e+00 1.246041e-29 1.363033e+08
7.041990e+00 1.245894e-29 1.311145e+08
7.140151e+00 1.245745e-29 1.261925e+08
7.239681e+00 1.245593e-29 1.214809e+08
7.340598e+00 1.245440e-29 1.169553e+08
7.442922e+00 1.245285e-29 1.126209e+08
7.546673e+00 1.245127e-29 1.084432e+08
7.651869e+00 1.244968e-29 1.044132e+08
7.758532e+00 1.244806e-29 1.005471e+08
7.866682e+00 1.244642e-29 9.676054e+07
7.976339e+00 1.244475e-29 9.313874e+07
8.087525e+00 1.244307e-29 8.962449e+07
8.200261e+00 1.244135e-29 8.631480e+07
8.314568e+00 1.243962e-29 8.308241e+07
8.430468e+00 1.243786e-29 7.997084e+07
8.547985e+00 1.243608e-29 7.697557e+07
8.667139e+00 1.243427e-29 7.409170e+07
8.787954e+00 1.243244e-29 7.128718e+07
8.910453e+00 1.243059e-29 6.861014e+07
9.034660e+00 1.242870e-29 6.600223e+07
9.160598e+00 1.242680e-29 6.347746e+07
9.288292e+00 1.242486e-29 6.106637e+07
9.417766e+00 1.242290e-29 5.875280e+07
9.549045e+00 1.242091e-29 5.657348e+07
9.682153e+00 1.241890e-29 5.439127e+07
9.817117e+00 1.241685e-29 5.236580e+07
9.953962e+00 1.241478e-29 5.043606e+07
1.009272e+01 1.241268e-29 4.853170e+07
1.023340e+01 1.241055e-29 4.670898e+07
1.037605e+01 1.240839e-29 4.492573e+07
1.052069e+01 1.240621e-29 4.320991e+07
1.066734e+01 1.240399e-29 4.152961e+07
1.081604e+01 1.240174e-29 3.999312e+07
1.096681e+01 1.239946e-29 3.845331e+07
1.111968e+01 1.239715e-29 3.697544e+07
1.127468e+01 1.239481e-29 3.555635e+07
1.143184e+01 1.239243e-29 3.419056e+07
1.159120e+01 1.239002e-29 3.289562e+07
1.175277e+01 1.238758e-29 3.166405e+07
1.191660e+01 1.238511e-29 3.046031e+07
1.208271e+01 1.238260e-29 2.929290e+07
1.225114e+01 1.238006e-29 2.815853e+07
1.242191e+01 1.237748e-29 2.709429e+07
1.259506e+01 1.237487e-29 2.605898e+07
1.277063e+01 1.237222e-29 2.508781e+07
1.294865e+01 1.236953e-29 2.414049e+07
1.312915e+01 1.236681e-29 2.322689e+07
1.331216e+01 1.236405e-29 2.236042e+07
1.349772e+01 1.236126e-29 2.152367e+07
1.368587e+01 1.235842e-29 2.070360e+07
1.387665e+01 1.235555e-29 1.992332e+07
1.407008e+01 1.235263e-29 1.919384e+07
1.426621e+01 1.234968e-29 1.848014e+07
1.446507e+01 1.234668e-29 1.778888e+07
1.466671e+01 1.234365e-29 1.710951e+07
1.487115e+01 1.234057e-29 1.645701e+07
1.507845e+01 1.233745e-29 1.583829e+07
1.528864e+01 1.233429e-29 1.524201e+07
1.550175e+01 1.233109e-29 1.467503e+07
1.571784e+01 1.232784e-29 1.411820e+07
1.593694e+01 1.232455e-29 1.358461e+07
1.615909e+01 1.232121e-29 1.307154e+07
1.638434e+01 1.231783e-29 1.257199e+07
1.661273e+01 1.231440e-29 1.209836e+07
1.684430e+01 1.231092e-29 1.163651e+07
1.707910e+01 1.230740e-29 1.119686e+07
1.731717e+01 1.230382e-29 1.077160e+07
1.755856e+01 1.230020e-29 1.037933e+07
1.780332e+01 1.229653e-29 9.976338e+06
1.805149e+01 1.229281e-29 9.597276e+06
1.830312e+01 1.228904e-29 9.231007e+06
1.855825e+01 1.228522e-29 8.887330e+06
1.881694e+01 1.228135e-29 8.543469e+06
1.907924e+01 1.227742e-29 8.211688e+06
1.934520e+01 1.227344e-29 7.904976e+06
1.961486e+01 1.226940e-29 7.610691e+06
1.988828e+01 1.226531e-29 7.308924e+06
2.016551e+01 1.226117e-29 7.025943e+06
2.044661e+01 1.225697e-29 6.759935e+06
2.073162e+01 1.225271e-29 6.497996e+06
2.102061e+01 1.224839e-29 6.250020e+06
2.131362e+01 1.224402e-29 6.011632e+06
2.161073e+01 1.223958e-29 5.782240e+06
2.191197e+01 1.223509e-29 5.561736e+06
2.221741e+01 1.223053e-29 5.349940e+06
2.252711e+01 1.222591e-29 5.146599e+06
2.284112e+01 1.222123e-29 4.951930e+06
2.315951e+01 1.221649e-29 4.764515e+06
2.348235e+01 1.221168e-29 4.584004e+06
2.380968e+01 1.220681e-29 4.410173e+06
2.414157e+01 1.220187e-29 4.244147e+06
2.447809e+01 1.219687e-29 4.081284e+06
2.481930e+01 1.219179e-29 3.924843e+06
2.516527e+01 1.218665e-29 3.775045e+06
2.551606e+01 1.218144e-29 3.629514e+06
2.587174e+01 1.217616e-29 3.489100e+06
2.623238e+01 1.217081e-29 3.354365e+06
2.659804e+01 1.216538e-29 3.227199e+06
2.696881e+01 1.215988e-29 3.105113e+06
2.734474e+01 1.215431e-29 2.988087e+06
2.772591e+01 1.214866e-29 2.877208e+06
2.811239e+01 1.214294e-29 2.769761e+06
2.850426e+01 1.213714e-29 2.665975e+06
2.890160e+01 1.213126e-29 2.565278e+06
2.930447e+01 1.212530e-29 2.467702e+06
2.971296e+01 1.211927e-29 2.375617e+06
3.012714e+01 1.211315e-29 2.286848e+06
3.054710e+01 1.210695e-29 2.198544e+06
3.097291e+01 1.210066e-29 2.113791e+06
3.140465e+01 1.209429e-29 2.033285e+06
3.184242e+01 1.208784e-29 1.955641e+06
3.228628e+01 1.208130e-29 1.880000e+06
3.273634e+01 1.207467e-29 1.809614e+06
3.319266e+01 1.206796e-29 1.740094e+06
3.365535e+01 1.206115e-29 1.673016e+06
3.412449e+01 1.205425e-29 1.608955e+06
3.460016e+01 1.204726e-29 1.547091e+06
3.508247e+01 1.204018e-29 1.487829e+06
3.557150e+01 1.203301e-29 1.429172e+06
3.606735e+01 1.202573e-29 1.373931e+06
3.657011e+01 1.201836e-29 1.320673e+06
3.707988e+01 1.201090e-29 1.269957e+06
3.759675e+01 1.200333e-29 1.222485e+06
3.812083e+01 1.199566e-29 1.175813e+06
3.865221e+01 1.198789e-29 1.130692e+06
3.919100e+01 1.198002e-29 1.086641e+06
3.973730e+01 1.197204e-29 1.044660e+06
4.029122e+01 1.196396e-29 1.004537e+06
4.085286e+01 1.195577e-29 9.653276e+05
4.142232e+01 1.194747e-29 9.285322e+05
4.199973e+01 1.193906e-29 8.924191e+05
4.258518e+01 1.193054e-29 8.574539e+05
4.317880e+01 1.192191e-29 8.238450e+05
4.378069e+01 1.191317e-29 7.915402e+05
4.439097e+01 1.190430e-29 7.606936e+05
4.500975e+01 1.189533e-29 7.319415e+05
4.563716e+01 1.188623e-29 7.042048e+05
4.627332e+01 1.187701e-29 6.766204e+05
4.691835e+01 1.186768e-29 6.505807e+05
4.757236e+01 1.185822e-29 6.252578e+05
4.823549e+01 1.184863e-29 6.013056e+05
4.890787e+01 1.183892e-29 5.781488e+05
4.958962e+01 1.182909e-29 5.559646e+05
5.028087e+01 1.181912e-29 5.337470e+05
5.098176e+01 1.180903e-29 5.126894e+05
5.169242e+01 1.179880e-29 4.933417e+05
5.241298e+01 1.178844e-29 4.748459e+05
5.314359e+01 1.177794e-29 4.561414e+05
5.388438e+01 1.176731e-29 4.385749e+05
5.463550e+01 1.175654e-29 4.215791e+05
5.539709e+01 1.174562e-29 4.049144e+05
5.616930e+01 1.173457e-29 3.893799e+05
5.695227e+01 1.172337e-29 3.741424e+05
5.774615e+01 1.171203e-29 3.596564e+05
5.855110e+01 1.170054e-29 3.458500e+05
5.936727e+01 1.168890e-29 3.323795e+05
6.019482e+01 1.167712e-29 3.193263e+05
6.103390e+01 1.166518e-29 3.067920e+05
6.188468e+01 1.165308e-29 2.947221e+05
6.274732e+01 1.164083e-29 2.831388e+05
6.362198e+01 1.162842e-29 2.720038e+05
6.450884e+01 1.161586e-29 2.615132e+05
6.540806e+01 1.160313e-29 2.511504e+05
6.631981e+01 1.159024e-29 2.411932e+05
6.724427e+01 1.157718e-29 2.317244e+05
6.818162e+01 1.156396e-29 2.226467e+05
6.913204e+01 1.155056e-29 2.139797e+05
7.009570e+01 1.153700e-29 2.057759e+05
7.107280e+01 1.152326e-29 1.975409e+05
7.206351e+01 1.150935e-29 1.898637e+05
7.306804e+01 1.149527e-29 1.824424e+05
7.408657e+01 1.148100e-29 1.753073e+05
7.511929e+01 1.146655e-29 1.685641e+05
7.616642e+01 1.145192e-29 1.622221e+05
7.722814e+01 1.143711e-29 1.560140e+05
7.830465e+01 1.142210e-29 1.501625e+05
7.939618e+01 1.140691e-29 1.443139e+05
8.050292e+01 1.139153e-29 1.385925e+05
8.162509e+01 1.137596e-29 1.331336e+05
8.276289e+01 1.136018e-29 1.278077e+05
8.391656e+01 1.134422e-29 1.228121e+05
8.508632e+01 1.132805e-29 1.180065e+05
8.627237e+01 1.131168e-29 1.133697e+05
8.747496e+01 1.129510e-29 1.088999e+05
8.869432e+01 1.127832e-29 1.045901e+05
8.993067e+01 1.126134e-29 1.003828e+05
9.118425e+01 1.124414e-29 9.632225e+04
9.245531e+01 1.122672e-29 9.242283e+04
9.374409e+01 1.120910e-29 8.891069e+04
9.505083e+01 1.119125e-29 8.551969e+04
9.637579e+01 1.117319e-29 8.212947e+04
9.771921e+01 1.115490e-29 7.879506e+04
9.908137e+01 1.113639e-29 7.550411e+04
1.004625e+02 1.111765e-29 7.251276e+04
1.018629e+02 1.109869e-29 6.964922e+04
1.032828e+02 1.107949e-29 6.688814e+04
1.047225e+02 1.106006e-29 6.418935e+04
1.061823e+02 1.104039e-29 6.161065e+04
1.076624e+02 1.102048e-29 5.916379e+04
1.091632e+02 1.100034e-29 5.681333e+04
1.106848e+02 1.097995e-29 5.454583e+04
1.122277e+02 1.095931e-29 5.236460e+04
1.137921e+02 1.093843e-29 5.030507e+04
1.153783e+02 1.091729e-29 4.825777e+04
1.169866e+02 1.089590e-29 4.632843e+04
1.186174e+02 1.087426e-29 4.447468e+04
1.202708e+02 1.085236e-29 4.276703e+04
1.219473e+02 1.083020e-29 4.098243e+04
1.236472e+02 1.080778e-29 3.933899e+04
1.253708e+02 1.078509e-29 3.775167e+04
1.271184e+02 1.076213e-29 3.623881e+04
1.288904e+02 1.073891e-29 3.478391e+04
1.306870e+02 1.071541e-29 3.338058e+04
1.325087e+02 1.069163e-29 3.202734e+04
1.343558e+02 1.066758e-29 3.072756e+04
1.362287e+02 1.064325e-29 2.946605e+04
1.381276e+02 1.061864e-29 2.825337e+04
1.400531e+02 1.059374e-29 2.709913e+04
1.420053e+02 1.056855e-29 2.599797e+04
1.439848e+02 1.054307e-29 2.491705e+04
1.459919e+02 1.051731e-29 2.390523e+04
1.480269e+02 1.049124e-29 2.289830e+04
1.500903e+02 1.046488e-29 2.192695e+04
1.521825e+02 1.043822e-29 2.102498e+04
1.543038e+02 1.041126e-29 2.016549e+04
1.564548e+02 1.038399e-29 1.934033e+04
1.586357e+02 1.035641e-29 1.854817e+04
1.608469e+02 1.032853e-29 1.779114e+04
1.630891e+02 1.030033e-29 1.706636e+04
1.653624e+02 1.027182e-29 1.635888e+04
1.676675e+02 1.024299e-29 1.569739e+04
1.700047e+02 1.021384e-29 1.505859e+04
1.723745e+02 1.018438e-29 1.444255e+04
1.747773e+02 1.015458e-29 1.384509e+04
1.772136e+02 1.012446e-29 1.327330e+04
1.796838e+02 1.009402e-29 1.272510e+04
1.821885e+02 1.006324e-29 1.220114e+04
1.847281e+02 1.003212e-29 1.169812e+04
1.873032e+02 1.000068e-29 1.121397e+04
1.899141e+02 9.968892e-30 1.073673e+04
1.925614e+02 9.936766e-30 1.028580e+04
1.952456e+02 9.904299e-30 9.849691e+03
1.979672e+02 9.871488e-30 9.433703e+03
2.007267e+02 9.838330e-30 9.038019e+03
2.035248e+02 9.804823e-30 8.654945e+03
2.063618e+02 9.770966e-30 8.277918e+03
2.092383e+02 9.736757e-30 7.920501e+03
2.121550e+02 9.702192e-30 7.574528e+03
2.151123e+02 9.667272e-30 7.254468e+03
2.181109e+02 9.631992e-30 6.950261e+03
2.211512e+02 9.596353e-30 6.666290e+03
2.242340e+02 9.560351e-30 6.371594e+03
2.273597e+02 9.523986e-30 6.090560e+03
2.305289e+02 9.477639e-30 5.827227e+03
2.337424e+02 9.440445e-30 5.581366e+03
2.370006e+02 9.402881e-30 5.345572e+03
2.403043e+02 9.364946e-30 5.121020e+03
2.436540e+02 9.326638e-30 4.902386e+03
2.470504e+02 9.287957e-30 4.692344e+03
2.504942e+02 9.248900e-30 4.493143e+03
2.539859e+02 9.209467e-30 4.306474e+03
2.575263e+02 9.169655e-30 4.127675e+03
2.611161e+02 9.129464e-30 3.952553e+03
2.647559e+02 9.088893e-30 3.783622e+03
2.684465e+02 9.047940e-30 3.621884e+03
2.721885e+02 9.006605e-30 3.468643e+03
2.759826e+02 8.964887e-30 3.325036e+03
2.798297e+02 8.922784e-30 3.185675e+03
2.837304e+02 8.880296e-30 3.054982e+03
2.876854e+02 8.837423e-30 2.921721e+03
2.916956e+02 8.794163e-30 2.793470e+03
2.957617e+02 8.750516e-30 2.670927e+03
2.998844e+02 8.706482e-30 2.551380e+03
3.040646e+02 8.662061e-30 2.438170e+03
3.083031e+02 8.617252e-30 2.329699e+03
3.126007e+02 8.572055e-30 2.226368e+03
3.169582e+02 8.526470e-30 2.130550e+03
3.213764e+02 8.480497e-30 2.036351e+03
3.258562e+02 8.434136e-30 1.947862e+03
3.303985e+02 8.387387e-30 1.864138e+03
3.350041e+02 8.340252e-30 1.784054e+03
3.396739e+02 8.292730e-30 1.707055e+03
3.444087e+02 8.244822e-30 1.631433e+03
3.492096e+02 8.196529e-30 1.558692e+03
3.540774e+02 8.147851e-30 1.489042e+03
3.590130e+02 8.098790e-30 1.422811e+03
3.640175e+02 8.049347e-30 1.359723e+03
3.690917e+02 7.999523e-30 1.297952e+03
3.742366e+02 7.949319e-30 1.239194e+03
3.794533e+02 7.898737e-30 1.183346e+03
3.847427e+02 7.847779e-30 1.130059e+03
3.901058e+02 7.796445e-30 1.079397e+03
3.955436e+02 7.744740e-30 1.030914e+03
4.010573e+02 7.692663e-30 9.841292e+02
4.066478e+02 7.640218e-30 9.390953e+02
4.123163e+02 7.587407e-30 8.961922e+02
4.180637e+02 7.534233e-30 8.566252e+02
4.238913e+02 7.480698e-30 8.175001e+02
4.298001e+02 7.426805e-30 7.792455e+02
4.357913e+02 7.372557e-30 7.439725e+02
4.418660e+02 7.317957e-30 7.095310e+02
4.480254e+02 7.263009e-30 6.759182e+02
4.542706e+02 7.207717e-30 6.448834e+02
4.606029e+02 7.152084e-30 6.150058e+02
4.670234e+02 7.096113e-30 5.862290e+02
4.735335e+02 7.039810e-30 5.585391e+02
4.801343e+02 6.983177e-30 5.320627e+02
4.868271e+02 6.926221e-30 5.083226e+02
4.936132e+02 6.868945e-30 4.858420e+02
5.004939e+02 6.811354e-30 4.637909e+02
5.074705e+02 6.753453e-30 4.430015e+02
5.145444e+02 6.695248e-30 4.224070e+02
5.217169e+02 6.636743e-30 4.026287e+02
5.289893e+02 6.577945e-30 3.834437e+02
5.363631e+02 6.518859e-30 3.654937e+02
5.438397e+02 6.459491e-30 3.483841e+02
5.514206e+02 6.399848e-30 3.319123e+02
5.591071e+02 6.339936e-30 3.158751e+02
5.669007e+02 6.279761e-30 3.007054e+02
5.748030e+02 6.219330e-30 2.862760e+02
5.828155e+02 6.158651e-30 2.726456e+02
5.909396e+02 6.097731e-30 2.604677e+02
5.991770e+02 6.036576e-30 2.480828e+02
6.075292e+02 5.975195e-30 2.360195e+02
6.159978e+02 5.913596e-30 2.247999e+02
6.245845e+02 5.851787e-30 2.140855e+02
6.332908e+02 5.789775e-30 2.036939e+02
6.421186e+02 5.727570e-30 1.936578e+02
6.510694e+02 5.665180e-30 1.844599e+02
6.601449e+02 5.602615e-30 1.758581e+02
6.693470e+02 5.539883e-30 1.676561e+02
6.786773e+02 5.476993e-30 1.595819e+02
6.881377e+02 5.413956e-30 1.518780e+02
6.977300e+02 5.350780e-30 1.445195e+02
7.074559e+02 5.287477e-30 1.375002e+02
7.173175e+02 5.224056e-30 1.308241e+02
7.273165e+02 5.160527e-30 1.240407e+02
7.374549e+02 5.096902e-30 1.180833e+02
7.477346e+02 5.033191e-30 1.124387e+02
7.581576e+02 4.969404e-30 1.070748e+02
7.687260e+02 4.905554e-30 1.019408e+02
7.794416e+02 4.796492e-30 9.706547e+01
7.903066e+02 4.732528e-30 9.230832e+01
8.013230e+02 4.668542e-30 8.765550e+01
8.124930e+02 4.604549e-30 8.294843e+01
8.238187e+02 4.540558e-30 7.876923e+01
8.353023e+02 4.400761e-30 7.492558e+01
8.469460e+02 4.336864e-30 7.113182e+01
8.587519e+02 4.273025e-30 6.766786e+01
8.707225e+02 4.209255e-30 6.434123e+01
8.828599e+02 4.145567e-30 6.091212e+01
8.951665e+02 4.081976e-30 5.813185e+01
9.076446e+02 4.018494e-30 5.496443e+01
9.202967e+02 3.955135e-30 5.197869e+01
9.331251e+02 3.891913e-30 4.921584e+01
9.461324e+02 3.828842e-30 4.667522e+01
9.593209e+02 3.765934e-30 4.425735e+01
9.726934e+02 3.703205e-30 4.216642e+01
9.862522e+02 3.640669e-30 4.001104e+01
1.000000e+03 3.578338e-30 3.796062e+01
