1.000000e+00 1.187850e+10
1.013939e+00 1.151972e+10
1.028073e+00 1.115969e+10
1.042404e+00 1.085647e+10
1.056935e+00 1.055054e+10
1.071668e+00 1.026797e+10
1.086606e+00 1.000426e+10
1.101753e+00 9.722225e+09
1.117111e+00 9.446951e+09
1.132683e+00 9.166259e+09
1.148472e+00 8.874986e+09
1.164481e+00 8.629623e+09
1.180713e+00 8.374019e+09
1.197171e+00 8.138763e+09
1.213859e+00 7.900683e+09
1.230780e+00 7.682233e+09
1.247936e+00 7.464147e+09
1.265332e+00 7.245263e+09
1.282970e+00 7.021845e+09
1.300854e+00 6.813759e+09
1.318987e+00 6.604039e+09
1.337373e+00 6.395979e+09
1.356015e+00 6.187355e+09
1.374917e+00 6.004860e+09
1.394083e+00 5.816062e+09
1.413516e+00 5.636806e+09
1.433219e+00 5.472169e+09
1.453198e+00 5.294611e+09
1.473454e+00 5.134792e+09
1.493993e+00 4.982492e+09
1.514819e+00 4.838480e+09
1.535935e+00 4.690143e+09
1.557345e+00 4.545066e+09
1.579053e+00 4.401912e+09
1.601064e+00 4.270532e+09
1.623382e+00 4.119686e+09
1.646012e+00 3.983028e+09
1.668956e+00 3.853159e+09
1.692220e+00 3.731159e+09
1.715809e+00 3.608112e+09
1.739726e+00 3.497483e+09
1.763977e+00 3.378603e+09
1.788566e+00 3.272223e+09
1.813498e+00 3.163997e+09
1.838777e+00 3.058950e+09
1.864409e+00 2.952373e+09
1.890397e+00 2.857836e+09
1.916748e+00 2.766464e+09
1.943467e+00 2.682704e+09
1.970558e+00 2.596862e+09
1.998026e+00 2.506233e+09
2.025878e+00 2.423044e+09
2.054117e+00 2.343998e+09
2.082751e+00 2.270682e+09
2.111783e+00 2.197773e+09
2.141220e+00 2.124054e+09
2.171068e+00 2.051734e+09
2.201331e+00 1.982778e+09
2.232016e+00 1.915776e+09
2.263130e+00 1.847484e+09
2.294676e+00 1.783995e+09
2.326663e+00 1.724098e+09
2.359095e+00 1.668299e+09
2.391980e+00 1.611322e+09
2.425323e+00 1.555220e+09
2.459130e+00 1.502366e+09
2.493409e+00 1.449896e+09
2.528166e+00 1.398258e+09
2.563407e+00 1.348164e+09
2.599140e+00 1.299577e+09
2.635371e+00 1.254880e+09
2.672106e+00 1.212293e+09
2.709354e+00 1.169636e+09
2.747121e+00 1.127667e+09
2.785414e+00 1.086896e+09
2.824241e+00 1.046866e+09
2.863610e+00 1.008608e+09
2.903527e+00 9.717470e+08
2.944000e+00 9.375833e+08
2.985038e+00 9.032688e+08
3.026648e+00 8.698543e+08
3.068838e+00 8.376752e+08
3.111616e+00 8.066858e+08
3.154990e+00 7.770910e+08
3.198969e+00 7.485504e+08
3.243561e+00 7.210385e+08
3.288774e+00 6.945188e+08
3.334618e+00 6.696254e+08
3.381101e+00 6.456458e+08
3.428231e+00 6.225573e+08
3.476019e+00 6.003367e+08
3.524473e+00 5.797308e+08
3.573602e+00 5.597126e+08
3.623416e+00 5.391835e+08
3.673925e+00 5.193920e+08
3.725137e+00 5.001898e+08
3.777064e+00 4.819165e+08
3.829714e+00 4.643693e+08
3.883098e+00 4.474608e+08
3.937226e+00 4.311678e+08
3.992109e+00 4.154877e+08
4.047757e+00 4.006125e+08
4.104181e+00 3.858917e+08
4.161391e+00 3.719401e+08
4.219398e+00 3.582078e+08
4.278214e+00 3.448018e+08
4.337850e+00 3.321239e+08
4.398317e+00 3.195710e+08
4.459628e+00 3.074773e+08
4.521792e+00 2.958267e+08
4.584824e+00 2.846852e+08
4.648734e+00 2.740330e+08
4.713535e+00 2.636340e+08
4.779239e+00 2.538122e+08
4.845859e+00 2.444086e+08
4.913407e+00 2.353532e+08
4.981898e+00 2.265215e+08
5.051342e+00 2.178744e+08
5.121755e+00 2.096681e+08
5.193150e+00 2.020312e+08
5.265540e+00 1.946730e+08
5.338938e+00 1.873502e+08
5.413360e+00 1.802371e+08
5.488820e+00 1.733938e+08
5.565331e+00 1.668103e+08
5.642908e+00 1.604766e+08
5.721568e+00 1.544657e+08
5.801323e+00 1.486563e+08
5.882190e+00 1.432280e+08
5.964185e+00 1.379977e+08
6.047322e+00 1.329580e+08
6.131619e+00 1.281157e+08
6.217090e+00 1.234763e+08
6.303753e+00 1.190039e+08
6.391624e+00 1.146744e+08
6.480720e+00 1.104039e+08
6.571058e+00 1.063768e+08
6.662655e+00 1.024973e+08
6.755528e+00 9.850077e+07
6.849697e+00 9.462909e+07
6.945178e+00 9.090715e+07
7.041990e+00 8.737285e+07
7.140151e+00 8.392733e+07
7.239681e+00 8.061760e+07
7.340598e+00 7.752893e+07
7.442922e+00 7.459282e+07
7.546673e+00 7.179317e+07
7.651869e+00 6.909843e+07
7.758532e+00 6.650465e+07
7.866682e+00 6.400807e+07
7.976339e+00 6.171565e+07
8.087525e+00 5.942206e+07
8.200261e+00 5.724204e+07
8.314568e+00 5.514252e+07
8.430468e+00 5.314962e+07
8.547985e+00 5.114244e+07
8.667139e+00 4.919899e+07
8.787954e+00 4.732930e+07
8.910453e+00 4.553056e+07
9.034660e+00 4.380009e+07
9.160598e+00 4.213529e+07
9.288292e+00 4.054127e+07
9.417766e+00 3.901552e+07
9.549045e+00 3.754696e+07
9.682153e+00 3.613344e+07
9.817117e+00 3.477291e+07
9.953962e+00 3.345578e+07
1.009272e+01 3.220210e+07
1.023340e+01 3.100520e+07
1.037605e+01 2.980366e+07
1.052069e+01 2.865738e+07
1.066734e+01 2.756923e+07
1.081604e+01 2.652638e+07
1.096681e+01 2.552863e+07
1.111968e+01 2.456828e+07
1.127468e+01 2.363513e+07
1.143184e+01 2.273734e+07
1.159120e+01 2.187579e+07
1.175277e+01 2.107284e+07
1.191660e+01 2.027625e+07
1.208271e+01 1.951766e+07
1.225114e+01 1.877571e+07
1.242191e+01 1.805824e+07
1.259506e+01 1.735375e+07
1.277063e+01 1.667809e+07
1.294865e+01 1.602870e+07
1.312915e+01 1.540398e+07
1.331216e+01 1.480777e+07
1.349772e+01 1.423559e+07
1.368587e+01 1.368548e+07
1.387665e+01 1.315660e+07
1.407008e+01 1.264813e+07
1.426621e+01 1.215927e+07
1.446507e+01 1.168927e+07
1.466671e+01 1.123741e+07
1.487115e+01 1.081005e+07
1.507845e+01 1.039594e+07
1.528864e+01 9.985701e+06
1.550175e+01 9.592660e+06
1.571784e+01 9.219931e+06
1.593694e+01 8.863363e+06
1.615909e+01 8.522608e+06
1.638434e+01 8.197711e+06
1.661273e+01 7.885125e+06
1.684430e+01 7.584384e+06
1.707910e+01 7.295622e+06
1.731717e+01 7.023800e+06
1.755856e+01 6.755325e+06
1.780332e+01 6.492629e+06
1.805149e+01 6.235946e+06
1.830312e+01 5.985192e+06
1.855825e+01 5.761285e+06
1.881694e+01 5.553970e+06
1.907924e+01 5.354124e+06
1.934520e+01 5.160570e+06
1.961486e+01 4.967570e+06
1.988828e+01 4.782154e+06
2.016551e+01 4.602783e+06
2.044661e+01 4.430479e+06
2.073162e+01 4.264570e+06
2.102061e+01 4.102141e+06
2.131362e+01 3.945754e+06
2.161073e+01 3.800582e+06
2.191197e+01 3.660302e+06
2.221741e+01 3.522454e+06
2.252711e+01 3.388250e+06
2.284112e+01 3.257382e+06
2.315951e+01 3.129966e+06
2.348235e+01 3.007499e+06
2.380968e+01 2.889955e+06
2.414157e+01 2.784035e+06
2.447809e+01 2.677518e+06
2.481930e+01 2.570442e+06
2.516527e+01 2.467584e+06
2.551606e+01 2.368780e+06
2.587174e+01 2.273872e+06
2.623238e+01 2.183968e+06
2.659804e+01 2.099543e+06
2.696881e+01 2.018599e+06
2.734474e+01 1.940720e+06
2.772591e+01 1.866573e+06
2.811239e+01 1.796060e+06
2.850426e+01 1.726626e+06
2.890160e+01 1.659699e+06
2.930447e+01 1.595351e+06
2.971296e+01 1.533485e+06
3.012714e+01 1.474004e+06
3.054710e+01 1.416279e+06
3.097291e+01 1.358668e+06
3.140465e+01 1.304671e+06
3.184242e+01 1.254279e+06
3.228628e+01 1.205689e+06
3.273634e+01 1.157521e+06
3.319266e+01 1.112213e+06
3.365535e+01 1.067755e+06
3.412449e+01 1.024480e+06
3.460016e+01 9.846710e+05
3.508247e+01 9.459015e+05
3.557150e+01 9.088410e+05
3.606735e+01 8.738987e+05
3.657011e+01 8.401121e+05
3.707988e+01 8.076247e+05
3.759675e+01 7.755899e+05
3.812083e+01 7.447842e+05
3.865221e+01 7.151974e+05
3.919100e+01 6.867815e+05
3.973730e+01 6.594903e+05
4.029122e+01 6.319202e+05
4.085286e+01 6.045334e+05
4.142232e+01 5.804891e+05
4.199973e+01 5.574891e+05
4.258518e+01 5.353945e+05
4.317880e+01 5.141698e+05
4.378069e+01 4.937810e+05
4.439097e+01 4.741953e+05
4.500975e+01 4.553811e+05
4.563716e+01 4.373082e+05
4.627332e+01 4.199476e+05
4.691835e+01 4.032713e+05
4.757236e+01 3.872524e+05
4.823549e+01 3.718652e+05
4.890787e+01 3.570848e+05
4.958962e+01 3.428875e+05
5.028087e+01 3.292504e+05
5.098176e+01 3.163639e+05
5.169242e+01 3.040341e+05
5.241298e+01 2.921804e+05
5.314359e+01 2.803969e+05
5.388438e+01 2.691891e+05
5.463550e+01 2.585577e+05
5.539709e+01 2.481556e+05
5.616930e+01 2.379916e+05
5.695227e+01 2.281173e+05
5.774615e+01 2.189198e+05
5.855110e+01 2.100865e+05
5.936727e+01 2.016032e+05
6.019482e+01 1.935580e+05
6.103390e+01 1.858495e+05
6.188468e+01 1.778875e+05
6.274732e+01 1.710913e+05
6.362198e+01 1.645519e+05
6.450884e+01 1.582540e+05
6.540806e+01 1.520135e+05
6.631981e+01 1.459764e+05
6.724427e+01 1.398514e+05
6.818162e+01 1.340030e+05
6.913204e+01 1.285597e+05
7.009570e+01 1.234164e+05
7.107280e+01 1.185848e+05
7.206351e+01 1.139410e+05
7.306804e+01 1.094776e+05
7.408657e+01 1.051723e+05
7.511929e+01 1.010646e+05
7.616642e+01 9.697705e+04
7.722814e+01 9.287052e+04
7.830465e+01 8.916622e+04
7.939618e+01 8.567458e+04
8.050292e+01 8.252730e+04
8.162509e+01 7.928811e+04
8.276289e+01 7.599168e+04
8.391656e+01 7.301130e+04
8.508632e+01 7.002721e+04
8.627237e+01 6.720479e+04
8.747496e+01 6.449260e+04
8.869432e+01 6.188170e+04
8.993067e+01 5.952812e+04
9.118425e+01 5.696602e+04
9.245531e+01 5.477079e+04
9.374409e+01 5.254426e+04
9.505083e+01 5.042294e+04
9.637579e+01 4.838572e+04
9.771921e+01 4.635715e+04
9.908137e+01 4.443338e+04
1.004625e+02 4.261130e+04
1.018629e+02 4.088376e+04
1.032828e+02 3.918917e+04
1.047225e+02 3.753708e+04
1.061823e+02 3.592174e+04
1.076624e+02 3.445512e+04
1.091632e+02 3.300899e+04
1.106848e+02 3.161990e+04
1.122277e+02 3.032526e+04
1.137921e+02 2.908943e+04
1.153783e+02 2.790309e+04
1.169866e+02 2.676428e+04
1.186174e+02 2.567113e+04
1.202708e+02 2.459902e+04
1.219473e+02 2.355919e+04
1.236472e+02 2.258667e+04
1.253708e+02 2.162062e+04
1.271184e+02 2.072437e+04
1.288904e+02 1.987230e+04
1.306870e+02 1.906382e+04
1.325087e+02 1.826975e+04
1.343558e+02 1.750639e+04
1.362287e+02 1.679109e+04
1.381276e+02 1.608919e+04
1.400531e+02 1.542989e+04
1.420053e+02 1.478578e+04
1.439848e+02 1.417185e+04
1.459919e+02 1.358000e+04
1.480269e+02 1.302316e+04
1.500903e+02 1.248271e+04
1.521825e+02 1.195871e+04
1.543038e+02 1.145480e+04
1.564548e+02 1.097915e+04
1.586357e+02 1.052512e+04
1.608469e+02 1.008151e+04
1.630891e+02 9.659685e+03
1.653624e+02 9.247293e+03
1.676675e+02 8.858656e+03
1.700047e+02 8.484318e+03
1.723745e+02 8.121796e+03
1.747773e+02 7.787950e+03
1.772136e+02 7.454268e+03
1.796838e+02 7.136169e+03
1.821885e+02 6.840006e+03
1.847281e+02 6.556971e+03
1.873032e+02 6.284888e+03
1.899141e+02 6.022969e+03
1.925614e+02 5.768901e+03
1.952456e+02 5.524428e+03
1.979672e+02 5.290040e+03
2.007267e+02 5.065328e+03
2.035248e+02 4.849903e+03
2.063618e+02 4.643387e+03
2.092383e+02 4.442637e+03
2.121550e+02 4.242675e+03
2.151123e+02 4.048798e+03
2.181109e+02 3.863110e+03
2.211512e+02 3.696839e+03
2.242340e+02 3.541293e+03
2.273597e+02 3.372295e+03
2.305289e+02 3.215573e+03
2.337424e+02 3.097693e+03
2.370006e+02 2.955029e+03
2.403043e+02 2.813480e+03
2.436540e+02 2.684171e+03
2.470504e+02 2.550802e+03
2.504942e+02 2.437068e+03
2.539859e+02 2.329705e+03
2.575263e+02 2.226889e+03
2.611161e+02 2.128433e+03
2.647559e+02 2.034157e+03
2.684465e+02 1.938607e+03
2.721885e+02 1.849745e+03
2.759826e+02 1.769774e+03
2.798297e+02 1.694784e+03
2.837304e+02 1.623475e+03
2.876854e+02 1.555114e+03
2.916956e+02 1.486385e+03
2.957617e+02 1.419878e+03
2.998844e+02 1.352283e+03
3.040646e+02 1.290503e+03
3.083031e+02 1.233706e+03
3.126007e+02 1.179060e+03
3.169582e+02 1.121886e+03
3.213764e+02 1.070253e+03
3.258562e+02 1.020875e+03
3.303985e+02 9.746623e+02
3.350041e+02 9.314065e+02
3.396739e+02 8.873252e+02
3.444087e+02 8.408106e+02
3.492096e+02 8.026554e+02
3.540774e+02 7.680468e+02
3.590130e+02 7.321587e+02
3.640175e+02 6.976230e+02
3.690917e+02 6.645185e+02
3.742366e+02 6.327156e+02
3.794533e+02 6.051819e+02
3.847427e+02 5.765175e+02
3.901058e+02 5.491310e+02
3.955436e+02 5.237612e+02
4.010573e+02 4.997971e+02
4.066478e+02 4.768262e+02
4.123163e+02 4.560013e+02
4.180637e+02 4.326383e+02
4.238913e+02 4.113841e+02
4.298001e+02 3.914830e+02
4.357913e+02 3.732550e+02
4.418660e+02 3.546396e+02
4.480254e+02 3.360049e+02
4.542706e+02 3.200518e+02
4.606029e+02 3.037793e+02
4.670234e+02 2.898216e+02
4.735335e+02 2.759489e+02
4.801343e+02 2.625409e+02
4.868271e+02 2.499717e+02
4.936132e+02 2.375916e+02
5.004939e+02 2.261410e+02
5.074705e+02 2.146369e+02
5.145444e+02 2.042390e+02
5.217169e+02 1.935748e+02
5.289893e+02 1.825548e+02
5.363631e+02 1.730453e+02
5.438397e+02 1.635686e+02
5.514206e+02 1.551392e+02
5.591071e+02 1.473487e+02
5.669007e+02 1.398412e+02
5.748030e+02 1.324766e+02
5.828155e+02 1.256708e+02
5.909396e+02 1.193878e+02
5.991770e+02 1.134782e+02
6.075292e+02 1.075354e+02
6.159978e+02 1.017374e+02
6.245845e+02 9.629554e+01
6.332908e+02 9.186696e+01
6.421186e+02 8.754022e+01
6.510694e+02 8.333066e+01
6.601449e+02 7.884813e+01
6.693470e+02 7.478291e+01
6.786773e+02 7.063050e+01
6.881377e+02 6.669236e+01
6.977300e+02 6.326045e+01
7.074559e+02 6.033159e+01
7.173175e+02 5.718843e+01
7.273165e+02 5.376296e+01
7.374549e+02 5.044549e+01
7.477346e+02 4.727886e+01
7.581576e+02 4.419594e+01
7.687260e+02 4.184625e+01
7.794416e+02 3.952009e+01
7.903066e+02 3.738147e+01
8.013230e+02 3.518798e+01
8.124930e+02 3.315778e+01
8.238187e+02 3.118161e+01
8.353023e+02 2.931509e+01
8.469460e+02 2.763116e+01
8.587519e+02 2.606298e+01
8.707225e+02 2.462138e+01
8.828599e+02 2.313570e+01
8.951665e+02 2.179848e+01
9.076446e+02 2.064409e+01
9.202967e+02 1.941621e+01
9.331251e+02 1.830000e+01
9.461324e+02 1.733451e+01
9.593209e+02 1.632884e+01
9.726934e+02 1.546322e+01
9.862522e+02 1.466589e+01
1.000000e+03 1.383042e+01
