Energy(MeV)	Incoming Spectral Fluence(MeV-1 cm-2)	Residual Spectral Fluence(MeV-1 cm-2)
1.0000e-03	0.0000e+00	1.2093e+05
1.5000e-03	0.0000e+00	1.2095e+05
2.0000e-03	0.0000e+00	1.2097e+05
2.5000e-03	0.0000e+00	1.2099e+05
3.0000e-03	0.0000e+00	1.2100e+05
3.5000e-03	0.0000e+00	1.2101e+05
4.0000e-03	0.0000e+00	1.2102e+05
4.5000e-03	0.0000e+00	1.2102e+05
5.0000e-03	0.0000e+00	1.2103e+05
5.5000e-03	0.0000e+00	1.2104e+05
6.0000e-03	0.0000e+00	1.2104e+05
6.5000e-03	0.0000e+00	1.2105e+05
7.0000e-03	0.0000e+00	1.2105e+05
7.5000e-03	0.0000e+00	1.2106e+05
8.0000e-03	0.0000e+00	1.2106e+05
8.5000e-03	0.0000e+00	1.2106e+05
9.0000e-03	0.0000e+00	1.2107e+05
9.5000e-03	0.0000e+00	1.2107e+05
1.0000e-02	0.0000e+00	1.2107e+05
1.5000e-02	0.0000e+00	1.2110e+05
2.0000e-02	0.0000e+00	1.2112e+05
2.5000e-02	0.0000e+00	1.2113e+05
3.0000e-02	0.0000e+00	1.2115e+05
3.5000e-02	0.0000e+00	1.2116e+05
4.0000e-02	0.0000e+00	1.2120e+05
4.5000e-02	0.0000e+00	1.2124e+05
5.0000e-02	0.0000e+00	1.2128e+05
5.5000e-02	0.0000e+00	1.2131e+05
6.0000e-02	0.0000e+00	1.2134e+05
6.5000e-02	0.0000e+00	1.2136e+05
7.0000e-02	0.0000e+00	1.2138e+05
7.5000e-02	0.0000e+00	1.2141e+05
8.0000e-02	0.0000e+00	1.2143e+05
8.5000e-02	0.0000e+00	1.2145e+05
9.0000e-02	0.0000e+00	1.2147e+05
9.5000e-02	0.0000e+00	1.2150e+05
1.0000e-01	0.0000e+00	1.2154e+05
1.5000e-01	0.0000e+00	1.2181e+05
2.0000e-01	0.0000e+00	1.2208e+05
2.5000e-01	0.0000e+00	1.2237e+05
3.0000e-01	0.0000e+00	1.2265e+05
3.5000e-01	0.0000e+00	1.2293e+05
4.0000e-01	0.0000e+00	1.2321e+05
4.5000e-01	0.0000e+00	1.2349e+05
5.0000e-01	0.0000e+00	1.2377e+05
5.5000e-01	0.0000e+00	1.2404e+05
6.0000e-01	0.0000e+00	1.2431e+05
6.5000e-01	0.0000e+00	1.2458e+05
7.0000e-01	0.0000e+00	1.2483e+05
7.5000e-01	0.0000e+00	1.2510e+05
8.0000e-01	0.0000e+00	1.2537e+05
8.5000e-01	0.0000e+00	1.2565e+05
9.0000e-01	0.0000e+00	1.2593e+05
9.5000e-01	0.0000e+00	1.2621e+05
1.0000e+00	0.0000e+00	1.2648e+05
1.5000e+00	2.9916e+09	1.2928e+05
1.5197e+00	2.9393e+09	1.2939e+05
1.5396e+00	2.8880e+09	1.2950e+05
1.5598e+00	2.8382e+09	1.2962e+05
1.5803e+00	2.7895e+09	1.2973e+05
1.6010e+00	2.7414e+09	1.2985e+05
1.6220e+00	2.6933e+09	1.2997e+05
1.6433e+00	2.6474e+09	1.3008e+05
1.6648e+00	2.6006e+09	1.3021e+05
1.6866e+00	2.5553e+09	1.3033e+05
1.7088e+00	2.5108e+09	1.3045e+05
1.7312e+00	2.4674e+09	1.3058e+05
1.7539e+00	2.4248e+09	1.3070e+05
1.7769e+00	2.3825e+09	1.3083e+05
1.8002e+00	2.3405e+09	1.3096e+05
1.8238e+00	2.2994e+09	1.3110e+05
1.8477e+00	2.2594e+09	1.3123e+05
1.8720e+00	2.2196e+09	1.3136e+05
1.8965e+00	2.1799e+09	1.3150e+05
1.9214e+00	2.1413e+09	1.3164e+05
1.9466e+00	2.1032e+09	1.3178e+05
1.9721e+00	2.0665e+09	1.3193e+05
1.9980e+00	2.0297e+09	1.3207e+05
2.0242e+00	1.9930e+09	1.3222e+05
2.0507e+00	1.9581e+09	1.3237e+05
2.0776e+00	1.9234e+09	1.3252e+05
2.1049e+00	1.8888e+09	1.3267e+05
2.1325e+00	1.8560e+09	1.3282e+05
2.1605e+00	1.8230e+09	1.3298e+05
2.1888e+00	1.7906e+09	1.3314e+05
2.2175e+00	1.7591e+09	1.3330e+05
2.2466e+00	1.7278e+09	1.3346e+05
2.2761e+00	1.6977e+09	1.3363e+05
2.3059e+00	1.6681e+09	1.3379e+05
2.3362e+00	1.6390e+09	1.3396e+05
2.3668e+00	1.6100e+09	1.3414e+05
2.3978e+00	1.5817e+09	1.3431e+05
2.4293e+00	1.5537e+09	1.3448e+05
2.4612e+00	1.5258e+09	1.3466e+05
2.4934e+00	1.4986e+09	1.3484e+05
2.5261e+00	1.4721e+09	1.3503e+05
2.5593e+00	1.4460e+09	1.3510e+05
2.5928e+00	1.4202e+09	1.3493e+05
2.6268e+00	1.3945e+09	1.3497e+05
2.6613e+00	1.3692e+09	1.3513e+05
2.6962e+00	1.3446e+09	1.3533e+05
2.7316e+00	1.3204e+09	1.3552e+05
2.7674e+00	1.2962e+09	1.3572e+05
2.8037e+00	1.2729e+09	1.3593e+05
2.8405e+00	1.2504e+09	1.3613e+05
2.8777e+00	1.2278e+09	1.3634e+05
2.9155e+00	1.2053e+09	1.3655e+05
2.9537e+00	1.1835e+09	1.3677e+05
2.9924e+00	1.1624e+09	1.3698e+05
3.0317e+00	1.1416e+09	1.3720e+05
3.0715e+00	1.1212e+09	1.3742e+05
3.1117e+00	1.1010e+09	1.3765e+05
3.1526e+00	1.0813e+09	1.3788e+05
3.1939e+00	1.0616e+09	1.3811e+05
3.2358e+00	1.0425e+09	1.3834e+05
3.2782e+00	1.0238e+09	1.3858e+05
3.3212e+00	1.0052e+09	1.3882e+05
3.3648e+00	9.8687e+08	1.3906e+05
3.4089e+00	9.6889e+08	1.3931e+05
3.4536e+00	9.5150e+08	1.3956e+05
3.4989e+00	9.3411e+08	1.3981e+05
3.5448e+00	9.1700e+08	1.4007e+05
3.5913e+00	9.0034e+08	1.4033e+05
3.6384e+00	8.8410e+08	1.4059e+05
3.6861e+00	8.6789e+08	1.4086e+05
3.7345e+00	8.5181e+08	1.4113e+05
3.7835e+00	8.3609e+08	1.4140e+05
3.8331e+00	8.2065e+08	1.4168e+05
3.8834e+00	8.0541e+08	1.4196e+05
3.9343e+00	7.9088e+08	1.4225e+05
3.9859e+00	7.7626e+08	1.4253e+05
4.0382e+00	7.6216e+08	1.4283e+05
4.0911e+00	7.4864e+08	1.4312e+05
4.1448e+00	7.3517e+08	1.4342e+05
4.1992e+00	7.2182e+08	1.4373e+05
4.2542e+00	7.0873e+08	1.4403e+05
4.3100e+00	6.9593e+08	1.4435e+05
4.3666e+00	6.8304e+08	1.4466e+05
4.4238e+00	6.7020e+08	1.4498e+05
4.4819e+00	6.5753e+08	1.4531e+05
4.5406e+00	6.4535e+08	1.4563e+05
4.6002e+00	6.3348e+08	1.4597e+05
4.6605e+00	6.2169e+08	1.4630e+05
4.7217e+00	6.1013e+08	1.4664e+05
4.7836e+00	5.9861e+08	1.4699e+05
4.8463e+00	5.8750e+08	1.4734e+05
4.9099e+00	5.7655e+08	1.4769e+05
4.9743e+00	5.6595e+08	1.4805e+05
5.0395e+00	5.5544e+08	1.4841e+05
5.1056e+00	5.4500e+08	1.4878e+05
5.1726e+00	5.3475e+08	1.4915e+05
5.2404e+00	5.2485e+08	1.4950e+05
5.3092e+00	5.1515e+08	1.4984e+05
5.3788e+00	5.0525e+08	1.5021e+05
5.4494e+00	4.9556e+08	1.5060e+05
5.5208e+00	4.8622e+08	1.5099e+05
5.5932e+00	4.7698e+08	1.5139e+05
5.6666e+00	4.6791e+08	1.5179e+05
5.7409e+00	4.5911e+08	1.5220e+05
5.8162e+00	4.5049e+08	1.5262e+05
5.8925e+00	4.4199e+08	1.5304e+05
5.9698e+00	4.3341e+08	1.5346e+05
6.0481e+00	4.2507e+08	1.5389e+05
6.1274e+00	4.1699e+08	1.5433e+05
6.2078e+00	4.0909e+08	1.5477e+05
6.2892e+00	4.0129e+08	1.5521e+05
6.3717e+00	3.9361e+08	1.5567e+05
6.4553e+00	3.8600e+08	1.5612e+05
6.5399e+00	3.7851e+08	1.5659e+05
6.6257e+00	3.7126e+08	1.5705e+05
6.7126e+00	3.6411e+08	1.5753e+05
6.8007e+00	3.5708e+08	1.5801e+05
6.8899e+00	3.5020e+08	1.5849e+05
6.9802e+00	3.4340e+08	1.5899e+05
7.0718e+00	3.3683e+08	1.5948e+05
7.1645e+00	3.3025e+08	1.5999e+05
7.2585e+00	3.2391e+08	1.6050e+05
7.3537e+00	3.1755e+08	1.6101e+05
7.4501e+00	3.1144e+08	1.6153e+05
7.5479e+00	3.0543e+08	1.6206e+05
7.6469e+00	2.9941e+08	1.6260e+05
7.7472e+00	2.9353e+08	1.6314e+05
7.8488e+00	2.8776e+08	1.6368e+05
7.9517e+00	2.8209e+08	1.6424e+05
8.0560e+00	2.7653e+08	1.6480e+05
8.1617e+00	2.7101e+08	1.6536e+05
8.2687e+00	2.6567e+08	1.6594e+05
8.3772e+00	2.6033e+08	1.6652e+05
8.4870e+00	2.5514e+08	1.6710e+05
8.5984e+00	2.4999e+08	1.6770e+05
8.7111e+00	2.4493e+08	1.6830e+05
8.8254e+00	2.4003e+08	1.6891e+05
8.9411e+00	2.3519e+08	1.6953e+05
9.0584e+00	2.3047e+08	1.7015e+05
9.1772e+00	2.2585e+08	1.7078e+05
9.2976e+00	2.2135e+08	1.7142e+05
9.4195e+00	2.1682e+08	1.7206e+05
9.5431e+00	2.1241e+08	1.7272e+05
9.6682e+00	2.0811e+08	1.7340e+05
9.7951e+00	2.0376e+08	1.7410e+05
9.9235e+00	1.9951e+08	1.7479e+05
1.0054e+01	1.9540e+08	1.7549e+05
1.0186e+01	1.9134e+08	1.7621e+05
1.0319e+01	1.8730e+08	1.7689e+05
1.0454e+01	1.8335e+08	1.7757e+05
1.0592e+01	1.7946e+08	1.7827e+05
1.0731e+01	1.7566e+08	1.7898e+05
1.0871e+01	1.7193e+08	1.7969e+05
1.1014e+01	1.6830e+08	1.8041e+05
1.1158e+01	1.6476e+08	1.8114e+05
1.1305e+01	1.6126e+08	1.8187e+05
1.1453e+01	1.5776e+08	1.8262e+05
1.1603e+01	1.5435e+08	1.8343e+05
1.1755e+01	1.5105e+08	1.8440e+05
1.1910e+01	1.4782e+08	1.8519e+05
1.2066e+01	1.4463e+08	1.8596e+05
1.2224e+01	1.4147e+08	1.8674e+05
1.2384e+01	1.3841e+08	1.8752e+05
1.2547e+01	1.3541e+08	1.8830e+05
1.2711e+01	1.3241e+08	1.8910e+05
1.2878e+01	1.2947e+08	1.8990e+05
1.3047e+01	1.2661e+08	1.9071e+05
1.3218e+01	1.2381e+08	1.9154e+05
1.3391e+01	1.2104e+08	1.9238e+05
1.3567e+01	1.1835e+08	1.9324e+05
1.3745e+01	1.1570e+08	1.9410e+05
1.3925e+01	1.1306e+08	1.9485e+05
1.4108e+01	1.1049e+08	1.9569e+05
1.4293e+01	1.0797e+08	1.9656e+05
1.4480e+01	1.0548e+08	1.9742e+05
1.4670e+01	1.0303e+08	1.9829e+05
1.4863e+01	1.0066e+08	1.9916e+05
1.5058e+01	9.8342e+07	2.0003e+05
1.5255e+01	9.6031e+07	2.0091e+05
1.5455e+01	9.3781e+07	2.0178e+05
1.5658e+01	9.1579e+07	2.0267e+05
1.5863e+01	8.9394e+07	2.0356e+05
1.6071e+01	8.7250e+07	2.0446e+05
1.6282e+01	8.5145e+07	2.0536e+05
1.6496e+01	8.3095e+07	2.0626e+05
1.6712e+01	8.1095e+07	2.0705e+05
1.6931e+01	7.9119e+07	2.0795e+05
1.7153e+01	7.7196e+07	2.0886e+05
1.7378e+01	7.5318e+07	2.0977e+05
1.7606e+01	7.3477e+07	2.1068e+05
1.7837e+01	7.1665e+07	2.1160e+05
1.8071e+01	6.9886e+07	2.1252e+05
1.8308e+01	6.8129e+07	2.1344e+05
1.8548e+01	6.6394e+07	2.1437e+05
1.8792e+01	6.4705e+07	2.1530e+05
1.9038e+01	6.3065e+07	2.1624e+05
1.9288e+01	6.1446e+07	2.1719e+05
1.9541e+01	5.9865e+07	2.1814e+05
1.9797e+01	5.8324e+07	2.1917e+05
2.0057e+01	5.6838e+07	2.2016e+05
2.0320e+01	5.5368e+07	2.2107e+05
2.0586e+01	5.3904e+07	2.2199e+05
2.0856e+01	5.2498e+07	2.2292e+05
2.1130e+01	5.1100e+07	2.2403e+05
2.1407e+01	4.9731e+07	2.2516e+05
2.1688e+01	4.8393e+07	2.2607e+05
2.1972e+01	4.7089e+07	2.2699e+05
2.2260e+01	4.5797e+07	2.2792e+05
2.2552e+01	4.4533e+07	2.2891e+05
2.2848e+01	4.3301e+07	2.2974e+05
2.3148e+01	4.2103e+07	2.3067e+05
2.3451e+01	4.0946e+07	2.3159e+05
2.3759e+01	3.9814e+07	2.3249e+05
2.4071e+01	3.8695e+07	2.3338e+05
2.4386e+01	3.7615e+07	2.3426e+05
2.4706e+01	3.6541e+07	2.3514e+05
2.5030e+01	3.5507e+07	2.3600e+05
2.5359e+01	3.4489e+07	2.3685e+05
2.5691e+01	3.3492e+07	2.3768e+05
2.6028e+01	3.2528e+07	2.3851e+05
2.6369e+01	3.1567e+07	2.3934e+05
2.6715e+01	3.0642e+07	2.4017e+05
2.7066e+01	2.9732e+07	2.4101e+05
2.7421e+01	2.8836e+07	2.4189e+05
2.7780e+01	2.7980e+07	2.4277e+05
2.8145e+01	2.7143e+07	2.4351e+05
2.8514e+01	2.6314e+07	2.4429e+05
2.8888e+01	2.5502e+07	2.4542e+05
2.9267e+01	2.4720e+07	2.4613e+05
2.9651e+01	2.3961e+07	2.4688e+05
3.0039e+01	2.3215e+07	2.4769e+05
3.0433e+01	2.2487e+07	2.4841e+05
3.0833e+01	2.1778e+07	2.4907e+05
3.1237e+01	2.1086e+07	2.4969e+05
3.1647e+01	2.0408e+07	2.5030e+05
3.2062e+01	1.9750e+07	2.5087e+05
3.2482e+01	1.9111e+07	2.5141e+05
3.2908e+01	1.8490e+07	2.5194e+05
3.3340e+01	1.7886e+07	2.5245e+05
3.3777e+01	1.7301e+07	2.5299e+05
3.4220e+01	1.6732e+07	2.5363e+05
3.4669e+01	1.6180e+07	2.5403e+05
3.5124e+01	1.5632e+07	2.5448e+05
3.5585e+01	1.5103e+07	2.5485e+05
3.6051e+01	1.4588e+07	2.5534e+05
3.6524e+01	1.4089e+07	2.5578e+05
3.7003e+01	1.3600e+07	2.5610e+05
3.7488e+01	1.3128e+07	2.5637e+05
3.7980e+01	1.2670e+07	2.5661e+05
3.8478e+01	1.2223e+07	2.5679e+05
3.8983e+01	1.1783e+07	2.5696e+05
3.9494e+01	1.1364e+07	2.5715e+05
4.0012e+01	1.0954e+07	2.5749e+05
4.0537e+01	1.0562e+07	2.5757e+05
4.1069e+01	1.0183e+07	2.5761e+05
4.1607e+01	9.8155e+06	2.5774e+05
4.2153e+01	9.4533e+06	2.5782e+05
4.2706e+01	9.1000e+06	2.5774e+05
4.3266e+01	8.7571e+06	2.5762e+05
4.3834e+01	8.4291e+06	2.5743e+05
4.4409e+01	8.1123e+06	2.5723e+05
4.4991e+01	7.8040e+06	2.5705e+05
4.5581e+01	7.5112e+06	2.5679e+05
4.6179e+01	7.2302e+06	2.5649e+05
4.6785e+01	6.9553e+06	2.5630e+05
4.7398e+01	6.6792e+06	2.5597e+05
4.8020e+01	6.4222e+06	2.5552e+05
4.8650e+01	6.1781e+06	2.5498e+05
4.9288e+01	5.9439e+06	2.5443e+05
4.9934e+01	5.7180e+06	2.5391e+05
5.0589e+01	5.4972e+06	2.5333e+05
5.1253e+01	5.2807e+06	2.5274e+05
5.1925e+01	5.0712e+06	2.5226e+05
5.2606e+01	4.8707e+06	2.5156e+05
5.3296e+01	4.6826e+06	2.5076e+05
5.3995e+01	4.4988e+06	2.5000e+05
5.4703e+01	4.3226e+06	2.4918e+05
5.5421e+01	4.1588e+06	2.4823e+05
5.6148e+01	3.9943e+06	2.4751e+05
5.6884e+01	3.8373e+06	2.4652e+05
5.7630e+01	3.6893e+06	2.4543e+05
5.8386e+01	3.5475e+06	2.4439e+05
5.9152e+01	3.4114e+06	2.4324e+05
5.9928e+01	3.2801e+06	2.4210e+05
6.0714e+01	3.1543e+06	2.4101e+05
6.1510e+01	3.0345e+06	2.3974e+05
6.2317e+01	2.9167e+06	2.3845e+05
6.3134e+01	2.8036e+06	2.3711e+05
6.3962e+01	2.6960e+06	2.3576e+05
6.4801e+01	2.5909e+06	2.3441e+05
6.5651e+01	2.4891e+06	2.3287e+05
6.6512e+01	2.3951e+06	2.3140e+05
6.7384e+01	2.3033e+06	2.2977e+05
6.8268e+01	2.2159e+06	2.2831e+05
6.9164e+01	2.1318e+06	2.2657e+05
7.0071e+01	2.0502e+06	2.2482e+05
7.0990e+01	1.9708e+06	2.2298e+05
7.1921e+01	1.8949e+06	2.2131e+05
7.2864e+01	1.8226e+06	2.1938e+05
7.3820e+01	1.7524e+06	2.1745e+05
7.4788e+01	1.6856e+06	2.1545e+05
7.5769e+01	1.6200e+06	2.1355e+05
7.6763e+01	1.5587e+06	2.1147e+05
7.7770e+01	1.4984e+06	2.0937e+05
7.8790e+01	1.4402e+06	2.0736e+05
7.9823e+01	1.3848e+06	2.0517e+05
8.0870e+01	1.3315e+06	2.0297e+05
8.1931e+01	1.2813e+06	2.0087e+05
8.3005e+01	1.2309e+06	1.9864e+05
8.4094e+01	1.1839e+06	1.9639e+05
8.5197e+01	1.1387e+06	1.9419e+05
8.6314e+01	1.0950e+06	1.9188e+05
8.7446e+01	1.0522e+06	1.8956e+05
8.8593e+01	1.0122e+06	1.8732e+05
8.9755e+01	9.7360e+05	1.8492e+05
9.0932e+01	9.3697e+05	1.8251e+05
9.2125e+01	9.0142e+05	1.8021e+05
9.3333e+01	8.6634e+05	1.7776e+05
9.4558e+01	8.3301e+05	1.7544e+05
9.5798e+01	8.0145e+05	1.7297e+05
9.7054e+01	7.7083e+05	1.7059e+05
9.8327e+01	7.4079e+05	1.6818e+05
9.9617e+01	7.1244e+05	1.6569e+05
1.0092e+02	6.8495e+05	1.6320e+05
1.0225e+02	6.5843e+05	1.6076e+05
1.0359e+02	6.3295e+05	1.5826e+05
1.0495e+02	6.0856e+05	1.5579e+05
1.0632e+02	5.8502e+05	1.5327e+05
1.0772e+02	5.6230e+05	1.5078e+05
1.0913e+02	5.4058e+05	1.4828e+05
1.1056e+02	5.1971e+05	1.4589e+05
1.1201e+02	4.9965e+05	1.4343e+05
1.1348e+02	4.8033e+05	1.4100e+05
1.1497e+02	4.6176e+05	1.3855e+05
1.1648e+02	4.4426e+05	1.3611e+05
1.1801e+02	4.2764e+05	1.3369e+05
1.1955e+02	4.1140e+05	1.3122e+05
1.2112e+02	3.9600e+05	1.2879e+05
1.2271e+02	3.8119e+05	1.2637e+05
1.2432e+02	3.6694e+05	1.2396e+05
1.2595e+02	3.5321e+05	1.2166e+05
1.2760e+02	3.3986e+05	1.1936e+05
1.2928e+02	3.2692e+05	1.1704e+05
1.3097e+02	3.1447e+05	1.1475e+05
1.3269e+02	3.0246e+05	1.1247e+05
1.3443e+02	2.9091e+05	1.1018e+05
1.3619e+02	2.7989e+05	1.0791e+05
1.3798e+02	2.6934e+05	1.0568e+05
1.3979e+02	2.5919e+05	1.0348e+05
1.4162e+02	2.4944e+05	1.0130e+05
1.4348e+02	2.4008e+05	9.9134e+04
1.4536e+02	2.3107e+05	9.6978e+04
1.4727e+02	2.2249e+05	9.4852e+04
1.4920e+02	2.1416e+05	9.2764e+04
1.5116e+02	2.0613e+05	9.0659e+04
1.5314e+02	1.9832e+05	8.8577e+04
1.5515e+02	1.9078e+05	8.6517e+04
1.5718e+02	1.8374e+05	8.4500e+04
1.5924e+02	1.7687e+05	8.2514e+04
1.6133e+02	1.7025e+05	8.0558e+04
1.6345e+02	1.6385e+05	7.8644e+04
1.6559e+02	1.5763e+05	7.6761e+04
1.6776e+02	1.5168e+05	7.4908e+04
1.6996e+02	1.4613e+05	7.3087e+04
1.7219e+02	1.4073e+05	7.1304e+04
1.7445e+02	1.3548e+05	6.9569e+04
1.7674e+02	1.3042e+05	6.7873e+04
1.7906e+02	1.2556e+05	6.6200e+04
1.8141e+02	1.2088e+05	6.4526e+04
1.8379e+02	1.1639e+05	6.2869e+04
1.8620e+02	1.1206e+05	6.1233e+04
1.8864e+02	1.0789e+05	5.9623e+04
1.9111e+02	1.0392e+05	5.8076e+04
1.9362e+02	1.0005e+05	5.6571e+04
1.9616e+02	9.6364e+04	5.5103e+04
1.9873e+02	9.2807e+04	5.3644e+04
2.0134e+02	8.9353e+04	5.2165e+04
2.0398e+02	8.6029e+04	5.0730e+04
2.0665e+02	8.2830e+04	4.9341e+04
2.0936e+02	7.9767e+04	4.7992e+04
2.1211e+02	7.6862e+04	4.6678e+04
2.1489e+02	7.4066e+04	4.5441e+04
2.1771e+02	7.1303e+04	4.4251e+04
2.2057e+02	6.8627e+04	4.3095e+04
2.2346e+02	6.6043e+04	4.1939e+04
2.2639e+02	6.3597e+04	4.0758e+04
2.2936e+02	6.1290e+04	3.9600e+04
2.3237e+02	5.9026e+04	3.8506e+04
2.3542e+02	5.6812e+04	3.7456e+04
2.3850e+02	5.4713e+04	3.6410e+04
2.4163e+02	5.2715e+04	3.5356e+04
2.4480e+02	5.0788e+04	3.4324e+04
2.4801e+02	4.9022e+04	3.3316e+04
2.5126e+02	4.7322e+04	3.2320e+04
2.5456e+02	4.5666e+04	3.1344e+04
2.5790e+02	4.3975e+04	3.0394e+04
2.6128e+02	4.2340e+04	2.9469e+04
2.6471e+02	4.0845e+04	2.8570e+04
2.6818e+02	3.9403e+04	2.7695e+04
2.7170e+02	3.7943e+04	2.6848e+04
2.7526e+02	3.6536e+04	2.6031e+04
2.7887e+02	3.5179e+04	2.5237e+04
2.8253e+02	3.3872e+04	2.4464e+04
2.8624e+02	3.2613e+04	2.3717e+04
2.8999e+02	3.1402e+04	2.2999e+04
2.9379e+02	3.0237e+04	2.2301e+04
2.9765e+02	2.9115e+04	2.1620e+04
3.0155e+02	2.8035e+04	2.0947e+04
3.0551e+02	2.6995e+04	2.0288e+04
3.0951e+02	2.5994e+04	1.9648e+04
3.1357e+02	2.5035e+04	1.9031e+04
3.1768e+02	2.4125e+04	1.8443e+04
3.2185e+02	2.3250e+04	1.7879e+04
3.2607e+02	2.2402e+04	1.7331e+04
3.3035e+02	2.1580e+04	1.6804e+04
3.3468e+02	2.0789e+04	1.6289e+04
3.3907e+02	2.0027e+04	1.5783e+04
3.4352e+02	1.9311e+04	1.5290e+04
3.4802e+02	1.8631e+04	1.4811e+04
3.5259e+02	1.7965e+04	1.4339e+04
3.5721e+02	1.7333e+04	1.3879e+04
3.6190e+02	1.6715e+04	1.3434e+04
3.6665e+02	1.6113e+04	1.3002e+04
3.7145e+02	1.5534e+04	1.2587e+04
3.7633e+02	1.4976e+04	1.2180e+04
3.8126e+02	1.4433e+04	1.1785e+04
3.8626e+02	1.3915e+04	1.1402e+04
3.9133e+02	1.3412e+04	1.1035e+04
3.9646e+02	1.2936e+04	1.0687e+04
4.0166e+02	1.2464e+04	1.0347e+04
4.0693e+02	1.2009e+04	1.0018e+04
4.1227e+02	1.1569e+04	9.7108e+03
4.1767e+02	1.1157e+04	9.3980e+03
4.2315e+02	1.0768e+04	9.1024e+03
4.2870e+02	1.0380e+04	8.8118e+03
4.3433e+02	1.0039e+04	8.5238e+03
4.4002e+02	9.6804e+03	8.2523e+03
4.4579e+02	9.3491e+03	7.9993e+03
4.5164e+02	9.0220e+03	7.7442e+03
4.5756e+02	8.6949e+03	7.4881e+03
4.6357e+02	8.3913e+03	7.2359e+03
4.6965e+02	8.1116e+03	6.9905e+03
4.7581e+02	7.8256e+03	6.7647e+03
4.8205e+02	7.5440e+03	6.5525e+03
4.8837e+02	7.2683e+03	6.3376e+03
4.9477e+02	7.0025e+03	6.1317e+03
5.0126e+02	6.7719e+03	5.9396e+03
5.0784e+02	6.5312e+03	5.7594e+03
5.1450e+02	6.2988e+03	5.5815e+03
5.2125e+02	6.0830e+03	5.4033e+03
5.2808e+02	5.8867e+03	5.2332e+03
5.3501e+02	5.6941e+03	5.0643e+03
5.4203e+02	5.4990e+03	4.9011e+03
5.4914e+02	5.3159e+03	4.7435e+03
5.5634e+02	5.1305e+03	4.5851e+03
5.6364e+02	4.9532e+03	4.4336e+03
5.7103e+02	4.7833e+03	4.2851e+03
5.7852e+02	4.6124e+03	4.1397e+03
5.8611e+02	4.4530e+03	3.9999e+03
5.9379e+02	4.2940e+03	3.8706e+03
6.0158e+02	4.1398e+03	3.7490e+03
6.0947e+02	3.9913e+03	3.6290e+03
6.1746e+02	3.8586e+03	3.5135e+03
6.2556e+02	3.7306e+03	3.4062e+03
6.3377e+02	3.6036e+03	3.3024e+03
6.4208e+02	3.4857e+03	3.1980e+03
6.5050e+02	3.3775e+03	3.0969e+03
6.5903e+02	3.2647e+03	3.0011e+03
6.6768e+02	3.1557e+03	2.9102e+03
6.7643e+02	3.0515e+03	2.8170e+03
6.8531e+02	2.9584e+03	2.7271e+03
6.9430e+02	2.8583e+03	2.6414e+03
7.0340e+02	2.7635e+03	2.5643e+03
7.1263e+02	2.6688e+03	2.4828e+03
7.2197e+02	2.5910e+03	2.3983e+03
7.3144e+02	2.5052e+03	2.3163e+03
7.4104e+02	2.4157e+03	2.2399e+03
7.5076e+02	2.3295e+03	2.1658e+03
7.6060e+02	2.2503e+03	2.0924e+03
7.7058e+02	2.1729e+03	2.0208e+03
7.8069e+02	2.0963e+03	1.9520e+03
7.9093e+02	2.0220e+03	1.8886e+03
8.0130e+02	1.9504e+03	1.8263e+03
8.1181e+02	1.8861e+03	1.7651e+03
8.2246e+02	1.8206e+03	1.7092e+03
8.3324e+02	1.7573e+03	1.6559e+03
8.4417e+02	1.7021e+03	1.6068e+03
8.5524e+02	1.6460e+03	1.5609e+03
8.6646e+02	1.5976e+03	1.5128e+03
8.7783e+02	1.5509e+03	1.4635e+03
8.8934e+02	1.4989e+03	1.4170e+03
9.0100e+02	1.4484e+03	1.3720e+03
9.1282e+02	1.4025e+03	1.3267e+03
9.2479e+02	1.3551e+03	1.2829e+03
9.3692e+02	1.3091e+03	1.2405e+03
9.4921e+02	1.2649e+03	1.1999e+03
9.6166e+02	1.2214e+03	1.1611e+03
9.7428e+02	1.1813e+03	1.1235e+03
9.8705e+02	1.1417e+03	1.0877e+03
1.0000e+03	1.1045e+03	1.0530e+03