Energy(MeV)	Incoming Spectral Fluence(MeV-1 cm-2)	Residual Spectral Fluence(MeV-1 cm-2)
1.0000e-03	0.0000e+00	1.2317e+05
1.5000e-03	0.0000e+00	1.2320e+05
2.0000e-03	0.0000e+00	1.2322e+05
2.5000e-03	0.0000e+00	1.2323e+05
3.0000e-03	0.0000e+00	1.2325e+05
3.5000e-03	0.0000e+00	1.2326e+05
4.0000e-03	0.0000e+00	1.2327e+05
4.5000e-03	0.0000e+00	1.2327e+05
5.0000e-03	0.0000e+00	1.2328e+05
5.5000e-03	0.0000e+00	1.2329e+05
6.0000e-03	0.0000e+00	1.2329e+05
6.5000e-03	0.0000e+00	1.2330e+05
7.0000e-03	0.0000e+00	1.2330e+05
7.5000e-03	0.0000e+00	1.2331e+05
8.0000e-03	0.0000e+00	1.2331e+05
8.5000e-03	0.0000e+00	1.2332e+05
9.0000e-03	0.0000e+00	1.2332e+05
9.5000e-03	0.0000e+00	1.2333e+05
1.0000e-02	0.0000e+00	1.2333e+05
1.5000e-02	0.0000e+00	1.2336e+05
2.0000e-02	0.0000e+00	1.2338e+05
2.5000e-02	0.0000e+00	1.2340e+05
3.0000e-02	0.0000e+00	1.2341e+05
3.5000e-02	0.0000e+00	1.2343e+05
4.0000e-02	0.0000e+00	1.2345e+05
4.5000e-02	0.0000e+00	1.2347e+05
5.0000e-02	0.0000e+00	1.2349e+05
5.5000e-02	0.0000e+00	1.2351e+05
6.0000e-02	0.0000e+00	1.2353e+05
6.5000e-02	0.0000e+00	1.2355e+05
7.0000e-02	0.0000e+00	1.2358e+05
7.5000e-02	0.0000e+00	1.2360e+05
8.0000e-02	0.0000e+00	1.2362e+05
8.5000e-02	0.0000e+00	1.2364e+05
9.0000e-02	0.0000e+00	1.2366e+05
9.5000e-02	0.0000e+00	1.2369e+05
1.0000e-01	0.0000e+00	1.2371e+05
1.5000e-01	0.0000e+00	1.2394e+05
2.0000e-01	0.0000e+00	1.2418e+05
2.5000e-01	0.0000e+00	1.2442e+05
3.0000e-01	0.0000e+00	1.2466e+05
3.5000e-01	0.0000e+00	1.2489e+05
4.0000e-01	0.0000e+00	1.2513e+05
4.5000e-01	0.0000e+00	1.2537e+05
5.0000e-01	0.0000e+00	1.2558e+05
5.5000e-01	0.0000e+00	1.2577e+05
6.0000e-01	0.0000e+00	1.2601e+05
6.5000e-01	0.0000e+00	1.2624e+05
7.0000e-01	0.0000e+00	1.2648e+05
7.5000e-01	0.0000e+00	1.2671e+05
8.0000e-01	0.0000e+00	1.2695e+05
8.5000e-01	0.0000e+00	1.2718e+05
9.0000e-01	0.0000e+00	1.2742e+05
9.5000e-01	0.0000e+00	1.2766e+05
1.0000e+00	0.0000e+00	1.2789e+05
1.5000e+00	1.0790e+10	1.3027e+05
1.5197e+00	1.0613e+10	1.3035e+05
1.5396e+00	1.0437e+10	1.3041e+05
1.5598e+00	1.0264e+10	1.3048e+05
1.5803e+00	1.0093e+10	1.3056e+05
1.6010e+00	9.9276e+09	1.3065e+05
1.6220e+00	9.7640e+09	1.3075e+05
1.6433e+00	9.5995e+09	1.3085e+05
1.6648e+00	9.4420e+09	1.3095e+05
1.6866e+00	9.2891e+09	1.3105e+05
1.7088e+00	9.1365e+09	1.3116e+05
1.7312e+00	8.9852e+09	1.3127e+05
1.7539e+00	8.8365e+09	1.3138e+05
1.7769e+00	8.6898e+09	1.3149e+05
1.8002e+00	8.5453e+09	1.3160e+05
1.8238e+00	8.4034e+09	1.3171e+05
1.8477e+00	8.2664e+09	1.3182e+05
1.8720e+00	8.1301e+09	1.3194e+05
1.8965e+00	7.9944e+09	1.3206e+05
1.9214e+00	7.8608e+09	1.3217e+05
1.9466e+00	7.7294e+09	1.3229e+05
1.9721e+00	7.6000e+09	1.3241e+05
1.9980e+00	7.4723e+09	1.3254e+05
2.0242e+00	7.3479e+09	1.3266e+05
2.0507e+00	7.2269e+09	1.3279e+05
2.0776e+00	7.1069e+09	1.3292e+05
2.1049e+00	6.9889e+09	1.3304e+05
2.1325e+00	6.8712e+09	1.3318e+05
2.1605e+00	6.7560e+09	1.3331e+05
2.1888e+00	6.6415e+09	1.3344e+05
2.2175e+00	6.5303e+09	1.3358e+05
2.2466e+00	6.4238e+09	1.3372e+05
2.2761e+00	6.3182e+09	1.3386e+05
2.3059e+00	6.2104e+09	1.3400e+05
2.3362e+00	6.1040e+09	1.3415e+05
2.3668e+00	6.0012e+09	1.3429e+05
2.3978e+00	5.9019e+09	1.3444e+05
2.4293e+00	5.8037e+09	1.3459e+05
2.4612e+00	5.7067e+09	1.3474e+05
2.4934e+00	5.6102e+09	1.3489e+05
2.5261e+00	5.5158e+09	1.3505e+05
2.5593e+00	5.4238e+09	1.3519e+05
2.5928e+00	5.3308e+09	1.3528e+05
2.6268e+00	5.2407e+09	1.3540e+05
2.6613e+00	5.1509e+09	1.3556e+05
2.6962e+00	5.0632e+09	1.3572e+05
2.7316e+00	4.9772e+09	1.3589e+05
2.7674e+00	4.8909e+09	1.3606e+05
2.8037e+00	4.8078e+09	1.3623e+05
2.8405e+00	4.7259e+09	1.3641e+05
2.8777e+00	4.6454e+09	1.3659e+05
2.9155e+00	4.5659e+09	1.3677e+05
2.9537e+00	4.4880e+09	1.3695e+05
2.9924e+00	4.4112e+09	1.3713e+05
3.0317e+00	4.3355e+09	1.3732e+05
3.0715e+00	4.2600e+09	1.3751e+05
3.1117e+00	4.1868e+09	1.3770e+05
3.1526e+00	4.1147e+09	1.3789e+05
3.1939e+00	4.0444e+09	1.3809e+05
3.2358e+00	3.9748e+09	1.3828e+05
3.2782e+00	3.9053e+09	1.3849e+05
3.3212e+00	3.8373e+09	1.3869e+05
3.3648e+00	3.7705e+09	1.3890e+05
3.4089e+00	3.7034e+09	1.3912e+05
3.4536e+00	3.6386e+09	1.3933e+05
3.4989e+00	3.5743e+09	1.3955e+05
3.5448e+00	3.5110e+09	1.3977e+05
3.5913e+00	3.4489e+09	1.3999e+05
3.6384e+00	3.3881e+09	1.4022e+05
3.6861e+00	3.3276e+09	1.4044e+05
3.7345e+00	3.2690e+09	1.4067e+05
3.7835e+00	3.2103e+09	1.4091e+05
3.8331e+00	3.1528e+09	1.4114e+05
3.8834e+00	3.0966e+09	1.4138e+05
3.9343e+00	3.0416e+09	1.4162e+05
3.9859e+00	2.9870e+09	1.4187e+05
4.0382e+00	2.9341e+09	1.4212e+05
4.0911e+00	2.8811e+09	1.4237e+05
4.1448e+00	2.8297e+09	1.4262e+05
4.1992e+00	2.7787e+09	1.4288e+05
4.2542e+00	2.7287e+09	1.4314e+05
4.3100e+00	2.6795e+09	1.4341e+05
4.3666e+00	2.6308e+09	1.4368e+05
4.4238e+00	2.5829e+09	1.4395e+05
4.4819e+00	2.5365e+09	1.4423e+05
4.5406e+00	2.4897e+09	1.4451e+05
4.6002e+00	2.4436e+09	1.4479e+05
4.6605e+00	2.3978e+09	1.4508e+05
4.7217e+00	2.3539e+09	1.4537e+05
4.7836e+00	2.3107e+09	1.4566e+05
4.8463e+00	2.2682e+09	1.4596e+05
4.9099e+00	2.2266e+09	1.4626e+05
4.9743e+00	2.1851e+09	1.4657e+05
5.0395e+00	2.1444e+09	1.4688e+05
5.1056e+00	2.1050e+09	1.4719e+05
5.1726e+00	2.0658e+09	1.4751e+05
5.2404e+00	2.0280e+09	1.4783e+05
5.3092e+00	1.9905e+09	1.4814e+05
5.3788e+00	1.9537e+09	1.4846e+05
5.4494e+00	1.9165e+09	1.4880e+05
5.5208e+00	1.8800e+09	1.4913e+05
5.5932e+00	1.8443e+09	1.4947e+05
5.6666e+00	1.8094e+09	1.4982e+05
5.7409e+00	1.7755e+09	1.5016e+05
5.8162e+00	1.7418e+09	1.5052e+05
5.8925e+00	1.7088e+09	1.5087e+05
5.9698e+00	1.6767e+09	1.5124e+05
6.0481e+00	1.6447e+09	1.5160e+05
6.1274e+00	1.6134e+09	1.5198e+05
6.2078e+00	1.5825e+09	1.5235e+05
6.2892e+00	1.5521e+09	1.5274e+05
6.3717e+00	1.5224e+09	1.5313e+05
6.4553e+00	1.4936e+09	1.5353e+05
6.5399e+00	1.4649e+09	1.5392e+05
6.6257e+00	1.4368e+09	1.5432e+05
6.7126e+00	1.4096e+09	1.5472e+05
6.8007e+00	1.3826e+09	1.5513e+05
6.8899e+00	1.3563e+09	1.5554e+05
6.9802e+00	1.3295e+09	1.5596e+05
7.0718e+00	1.3033e+09	1.5638e+05
7.1645e+00	1.2779e+09	1.5681e+05
7.2585e+00	1.2528e+09	1.5725e+05
7.3537e+00	1.2279e+09	1.5769e+05
7.4501e+00	1.2038e+09	1.5813e+05
7.5479e+00	1.1802e+09	1.5858e+05
7.6469e+00	1.1572e+09	1.5903e+05
7.7472e+00	1.1341e+09	1.5949e+05
7.8488e+00	1.1112e+09	1.5996e+05
7.9517e+00	1.0888e+09	1.6043e+05
8.0560e+00	1.0670e+09	1.6090e+05
8.1617e+00	1.0456e+09	1.6138e+05
8.2687e+00	1.0249e+09	1.6187e+05
8.3772e+00	1.0046e+09	1.6236e+05
8.4870e+00	9.8418e+08	1.6286e+05
8.5984e+00	9.6417e+08	1.6337e+05
8.7111e+00	9.4447e+08	1.6388e+05
8.8254e+00	9.2525e+08	1.6440e+05
8.9411e+00	9.0649e+08	1.6493e+05
9.0584e+00	8.8801e+08	1.6546e+05
9.1772e+00	8.6997e+08	1.6600e+05
9.2976e+00	8.5200e+08	1.6655e+05
9.4195e+00	8.3442e+08	1.6710e+05
9.5431e+00	8.1711e+08	1.6765e+05
9.6682e+00	8.0019e+08	1.6820e+05
9.7951e+00	7.8361e+08	1.6876e+05
9.9235e+00	7.6737e+08	1.6934e+05
1.0054e+01	7.5131e+08	1.6991e+05
1.0186e+01	7.3567e+08	1.7050e+05
1.0319e+01	7.2026e+08	1.7109e+05
1.0454e+01	7.0511e+08	1.7167e+05
1.0592e+01	6.9011e+08	1.7226e+05
1.0731e+01	6.7541e+08	1.7285e+05
1.0871e+01	6.6098e+08	1.7345e+05
1.1014e+01	6.4681e+08	1.7406e+05
1.1158e+01	6.3292e+08	1.7468e+05
1.1305e+01	6.1929e+08	1.7530e+05
1.1453e+01	6.0586e+08	1.7593e+05
1.1603e+01	5.9270e+08	1.7657e+05
1.1755e+01	5.7985e+08	1.7727e+05
1.1910e+01	5.6721e+08	1.7792e+05
1.2066e+01	5.5472e+08	1.7858e+05
1.2224e+01	5.4246e+08	1.7923e+05
1.2384e+01	5.3051e+08	1.7989e+05
1.2547e+01	5.1874e+08	1.8055e+05
1.2711e+01	5.0719e+08	1.8123e+05
1.2878e+01	4.9580e+08	1.8192e+05
1.3047e+01	4.8460e+08	1.8261e+05
1.3218e+01	4.7355e+08	1.8331e+05
1.3391e+01	4.6274e+08	1.8401e+05
1.3567e+01	4.5219e+08	1.8472e+05
1.3745e+01	4.4189e+08	1.8543e+05
1.3925e+01	4.3165e+08	1.8612e+05
1.4108e+01	4.2164e+08	1.8684e+05
1.4293e+01	4.1194e+08	1.8757e+05
1.4480e+01	4.0228e+08	1.8831e+05
1.4670e+01	3.9277e+08	1.8906e+05
1.4863e+01	3.8353e+08	1.8981e+05
1.5058e+01	3.7451e+08	1.9055e+05
1.5255e+01	3.6550e+08	1.9131e+05
1.5455e+01	3.5684e+08	1.9205e+05
1.5658e+01	3.4833e+08	1.9281e+05
1.5863e+01	3.4003e+08	1.9359e+05
1.6071e+01	3.3190e+08	1.9436e+05
1.6282e+01	3.2390e+08	1.9513e+05
1.6496e+01	3.1601e+08	1.9591e+05
1.6712e+01	3.0830e+08	1.9668e+05
1.6931e+01	3.0071e+08	1.9748e+05
1.7153e+01	2.9333e+08	1.9829e+05
1.7378e+01	2.8611e+08	1.9911e+05
1.7606e+01	2.7894e+08	1.9991e+05
1.7837e+01	2.7198e+08	2.0072e+05
1.8071e+01	2.6516e+08	2.0152e+05
1.8308e+01	2.5845e+08	2.0232e+05
1.8548e+01	2.5188e+08	2.0315e+05
1.8792e+01	2.4550e+08	2.0398e+05
1.9038e+01	2.3917e+08	2.0480e+05
1.9288e+01	2.3303e+08	2.0561e+05
1.9541e+01	2.2696e+08	2.0643e+05
1.9797e+01	2.2103e+08	2.0727e+05
2.0057e+01	2.1530e+08	2.0814e+05
2.0320e+01	2.0960e+08	2.0895e+05
2.0586e+01	2.0404e+08	2.0976e+05
2.0856e+01	1.9853e+08	2.1058e+05
2.1130e+01	1.9320e+08	2.1141e+05
2.1407e+01	1.8795e+08	2.1227e+05
2.1688e+01	1.8287e+08	2.1307e+05
2.1972e+01	1.7793e+08	2.1388e+05
2.2260e+01	1.7301e+08	2.1468e+05
2.2552e+01	1.6822e+08	2.1550e+05
2.2848e+01	1.6356e+08	2.1631e+05
2.3148e+01	1.5899e+08	2.1713e+05
2.3451e+01	1.5453e+08	2.1794e+05
2.3759e+01	1.5014e+08	2.1873e+05
2.4071e+01	1.4591e+08	2.1955e+05
2.4386e+01	1.4175e+08	2.2035e+05
2.4706e+01	1.3768e+08	2.2113e+05
2.5030e+01	1.3370e+08	2.2194e+05
2.5359e+01	1.2981e+08	2.2271e+05
2.5691e+01	1.2604e+08	2.2351e+05
2.6028e+01	1.2230e+08	2.2433e+05
2.6369e+01	1.1869e+08	2.2510e+05
2.6715e+01	1.1511e+08	2.2588e+05
2.7066e+01	1.1169e+08	2.2667e+05
2.7421e+01	1.0835e+08	2.2742e+05
2.7780e+01	1.0505e+08	2.2820e+05
2.8145e+01	1.0181e+08	2.2898e+05
2.8514e+01	9.8681e+07	2.2969e+05
2.8888e+01	9.5631e+07	2.3045e+05
2.9267e+01	9.2647e+07	2.3113e+05
2.9651e+01	8.9737e+07	2.3179e+05
3.0039e+01	8.6915e+07	2.3246e+05
3.0433e+01	8.4164e+07	2.3310e+05
3.0833e+01	8.1476e+07	2.3371e+05
3.1237e+01	7.8856e+07	2.3433e+05
3.1647e+01	7.6290e+07	2.3492e+05
3.2062e+01	7.3796e+07	2.3549e+05
3.2482e+01	7.1390e+07	2.3602e+05
3.2908e+01	6.9032e+07	2.3656e+05
3.3340e+01	6.6726e+07	2.3710e+05
3.3777e+01	6.4495e+07	2.3762e+05
3.4220e+01	6.2343e+07	2.3816e+05
3.4669e+01	6.0248e+07	2.3863e+05
3.5124e+01	5.8209e+07	2.3909e+05
3.5585e+01	5.6228e+07	2.3950e+05
3.6051e+01	5.4279e+07	2.3991e+05
3.6524e+01	5.2378e+07	2.4033e+05
3.7003e+01	5.0549e+07	2.4069e+05
3.7488e+01	4.8770e+07	2.4101e+05
3.7980e+01	4.7022e+07	2.4132e+05
3.8478e+01	4.5336e+07	2.4160e+05
3.8983e+01	4.3693e+07	2.4184e+05
3.9494e+01	4.2107e+07	2.4210e+05
4.0012e+01	4.0576e+07	2.4235e+05
4.0537e+01	3.9080e+07	2.4252e+05
4.1069e+01	3.7618e+07	2.4266e+05
4.1607e+01	3.6223e+07	2.4277e+05
4.2153e+01	3.4846e+07	2.4286e+05
4.2706e+01	3.3532e+07	2.4289e+05
4.3266e+01	3.2244e+07	2.4288e+05
4.3834e+01	3.1001e+07	2.4284e+05
4.4409e+01	2.9811e+07	2.4278e+05
4.4991e+01	2.8655e+07	2.4270e+05
4.5581e+01	2.7540e+07	2.4257e+05
4.6179e+01	2.6474e+07	2.4240e+05
4.6785e+01	2.5434e+07	2.4223e+05
4.7398e+01	2.4436e+07	2.4200e+05
4.8020e+01	2.3463e+07	2.4171e+05
4.8650e+01	2.2511e+07	2.4137e+05
4.9288e+01	2.1589e+07	2.4100e+05
4.9934e+01	2.0714e+07	2.4060e+05
5.0589e+01	1.9852e+07	2.4016e+05
5.1253e+01	1.9032e+07	2.3969e+05
5.1925e+01	1.8243e+07	2.3921e+05
5.2606e+01	1.7483e+07	2.3864e+05
5.3296e+01	1.6751e+07	2.3801e+05
5.3995e+01	1.6050e+07	2.3733e+05
5.4703e+01	1.5365e+07	2.3663e+05
5.5421e+01	1.4706e+07	2.3590e+05
5.6148e+01	1.4070e+07	2.3515e+05
5.6884e+01	1.3453e+07	2.3432e+05
5.7630e+01	1.2863e+07	2.3346e+05
5.8386e+01	1.2297e+07	2.3254e+05
5.9152e+01	1.1750e+07	2.3156e+05
5.9928e+01	1.1229e+07	2.3054e+05
6.0714e+01	1.0721e+07	2.2954e+05
6.1510e+01	1.0243e+07	2.2842e+05
6.2317e+01	9.7790e+06	2.2728e+05
6.3134e+01	9.3280e+06	2.2608e+05
6.3962e+01	8.9003e+06	2.2484e+05
6.4801e+01	8.4933e+06	2.2360e+05
6.5651e+01	8.1180e+06	2.2227e+05
6.6512e+01	7.7466e+06	2.2094e+05
6.7384e+01	7.3913e+06	2.1949e+05
6.8268e+01	7.0520e+06	2.1806e+05
6.9164e+01	6.7283e+06	2.1656e+05
7.0071e+01	6.4228e+06	2.1501e+05
7.0990e+01	6.1284e+06	2.1346e+05
7.1921e+01	5.8467e+06	2.1187e+05
7.2864e+01	5.5705e+06	2.1022e+05
7.3820e+01	5.3078e+06	2.0851e+05
7.4788e+01	5.0646e+06	2.0677e+05
7.5769e+01	4.8309e+06	2.0503e+05
7.6763e+01	4.6079e+06	2.0325e+05
7.7770e+01	4.3990e+06	2.0141e+05
7.8790e+01	4.1935e+06	1.9956e+05
7.9823e+01	4.0058e+06	1.9764e+05
8.0870e+01	3.8251e+06	1.9571e+05
8.1931e+01	3.6509e+06	1.9378e+05
8.3005e+01	3.4820e+06	1.9180e+05
8.4094e+01	3.3246e+06	1.8977e+05
8.5197e+01	3.1752e+06	1.8771e+05
8.6314e+01	3.0332e+06	1.8564e+05
8.7446e+01	2.8945e+06	1.8354e+05
8.8593e+01	2.7612e+06	1.8139e+05
8.9755e+01	2.6343e+06	1.7920e+05
9.0932e+01	2.5138e+06	1.7701e+05
9.2125e+01	2.4007e+06	1.7481e+05
9.3333e+01	2.2915e+06	1.7257e+05
9.4558e+01	2.1864e+06	1.7034e+05
9.5798e+01	2.0866e+06	1.6806e+05
9.7054e+01	1.9907e+06	1.6580e+05
9.8327e+01	1.8992e+06	1.6345e+05
9.9617e+01	1.8117e+06	1.6109e+05
1.0092e+02	1.7291e+06	1.5870e+05
1.0225e+02	1.6503e+06	1.5633e+05
1.0359e+02	1.5752e+06	1.5394e+05
1.0495e+02	1.5042e+06	1.5155e+05
1.0632e+02	1.4364e+06	1.4916e+05
1.0772e+02	1.3712e+06	1.4677e+05
1.0913e+02	1.3097e+06	1.4438e+05
1.1056e+02	1.2501e+06	1.4199e+05
1.1201e+02	1.1942e+06	1.3960e+05
1.1348e+02	1.1408e+06	1.3722e+05
1.1497e+02	1.0894e+06	1.3484e+05
1.1648e+02	1.0401e+06	1.3245e+05
1.1801e+02	9.9297e+05	1.3009e+05
1.1955e+02	9.4847e+05	1.2772e+05
1.2112e+02	9.0579e+05	1.2537e+05
1.2271e+02	8.6478e+05	1.2302e+05
1.2432e+02	8.2531e+05	1.2069e+05
1.2595e+02	7.8744e+05	1.1837e+05
1.2760e+02	7.5131e+05	1.1605e+05
1.2928e+02	7.1690e+05	1.1375e+05
1.3097e+02	6.8420e+05	1.1146e+05
1.3269e+02	6.5272e+05	1.0919e+05
1.3443e+02	6.2295e+05	1.0692e+05
1.3619e+02	5.9528e+05	1.0467e+05
1.3798e+02	5.6879e+05	1.0244e+05
1.3979e+02	5.4307e+05	1.0024e+05
1.4162e+02	5.1824e+05	9.8060e+04
1.4348e+02	4.9506e+05	9.5903e+04
1.4536e+02	4.7291e+05	9.3771e+04
1.4727e+02	4.5149e+05	9.1654e+04
1.4920e+02	4.3072e+05	8.9534e+04
1.5116e+02	4.1096e+05	8.7413e+04
1.5314e+02	3.9184e+05	8.5324e+04
1.5515e+02	3.7382e+05	8.3268e+04
1.5718e+02	3.5674e+05	8.1244e+04
1.5924e+02	3.4047e+05	7.9252e+04
1.6133e+02	3.2487e+05	7.7292e+04
1.6345e+02	3.0997e+05	7.5364e+04
1.6559e+02	2.9577e+05	7.3465e+04
1.6776e+02	2.8236e+05	7.1596e+04
1.6996e+02	2.6957e+05	6.9759e+04
1.7219e+02	2.5735e+05	6.7953e+04
1.7445e+02	2.4566e+05	6.6179e+04
1.7674e+02	2.3438e+05	6.4435e+04
1.7906e+02	2.2349e+05	6.2721e+04
1.8141e+02	2.1307e+05	6.1037e+04
1.8379e+02	2.0325e+05	5.9385e+04
1.8620e+02	1.9398e+05	5.7764e+04
1.8864e+02	1.8511e+05	5.6172e+04
1.9111e+02	1.7652e+05	5.4613e+04
1.9362e+02	1.6832e+05	5.3085e+04
1.9616e+02	1.6057e+05	5.1589e+04
1.9873e+02	1.5320e+05	5.0116e+04
2.0134e+02	1.4617e+05	4.8654e+04
2.0398e+02	1.3939e+05	4.7225e+04
2.0665e+02	1.3294e+05	4.5828e+04
2.0936e+02	1.2684e+05	4.4461e+04
2.1211e+02	1.2101e+05	4.3126e+04
2.1489e+02	1.1545e+05	4.1823e+04
2.1771e+02	1.1015e+05	4.0552e+04
2.2057e+02	1.0509e+05	3.9314e+04
2.2346e+02	1.0025e+05	3.8107e+04
2.2639e+02	9.5640e+04	3.6931e+04
2.2936e+02	9.1238e+04	3.5784e+04
2.3237e+02	8.7037e+04	3.4663e+04
2.3542e+02	8.3054e+04	3.3568e+04
2.3850e+02	7.9264e+04	3.2498e+04
2.4163e+02	7.5645e+04	3.1452e+04
2.4480e+02	7.2177e+04	3.0432e+04
2.4801e+02	6.8832e+04	2.9436e+04
2.5126e+02	6.5641e+04	2.8453e+04
2.5456e+02	6.2594e+04	2.7497e+04
2.5790e+02	5.9717e+04	2.6569e+04
2.6128e+02	5.7009e+04	2.5668e+04
2.6471e+02	5.4416e+04	2.4792e+04
2.6818e+02	5.1933e+04	2.3942e+04
2.7170e+02	4.9563e+04	2.3118e+04
2.7526e+02	4.7285e+04	2.2319e+04
2.7887e+02	4.5084e+04	2.1543e+04
2.8253e+02	4.2973e+04	2.0789e+04
2.8624e+02	4.0958e+04	2.0056e+04
2.8999e+02	3.9078e+04	1.9344e+04
2.9379e+02	3.7257e+04	1.8653e+04
2.9765e+02	3.5514e+04	1.7988e+04
3.0155e+02	3.3853e+04	1.7338e+04
3.0551e+02	3.2268e+04	1.6707e+04
3.0951e+02	3.0771e+04	1.6097e+04
3.1357e+02	2.9345e+04	1.5509e+04
3.1768e+02	2.7958e+04	1.4940e+04
3.2185e+02	2.6606e+04	1.4392e+04
3.2607e+02	2.5352e+04	1.3861e+04
3.3035e+02	2.4163e+04	1.3348e+04
3.3468e+02	2.3023e+04	1.2852e+04
3.3907e+02	2.1938e+04	1.2375e+04
3.4352e+02	2.0909e+04	1.1914e+04
3.4802e+02	1.9935e+04	1.1467e+04
3.5259e+02	1.9005e+04	1.1031e+04
3.5721e+02	1.8109e+04	1.0610e+04
3.6190e+02	1.7244e+04	1.0203e+04
3.6665e+02	1.6443e+04	9.8097e+03
3.7145e+02	1.5679e+04	9.4298e+03
3.7633e+02	1.4949e+04	9.0635e+03
3.8126e+02	1.4251e+04	8.7102e+03
3.8626e+02	1.3586e+04	8.3695e+03
3.9133e+02	1.2958e+04	8.0417e+03
3.9646e+02	1.2348e+04	7.7268e+03
4.0166e+02	1.1766e+04	7.4212e+03
4.0693e+02	1.1211e+04	7.1251e+03
4.1227e+02	1.0677e+04	6.8402e+03
4.1767e+02	1.0166e+04	6.5664e+03
4.2315e+02	9.6901e+03	6.3031e+03
4.2870e+02	9.2376e+03	6.0496e+03
4.3433e+02	8.7975e+03	5.8054e+03
4.4002e+02	8.3833e+03	5.5699e+03
4.4579e+02	7.9902e+03	5.3426e+03
4.5164e+02	7.6152e+03	5.1219e+03
4.5756e+02	7.2577e+03	4.9086e+03
4.6357e+02	6.9169e+03	4.7044e+03
4.6965e+02	6.5920e+03	4.5084e+03
4.7581e+02	6.2782e+03	4.3199e+03
4.8205e+02	5.9749e+03	4.1381e+03
4.8837e+02	5.6902e+03	3.9616e+03
4.9477e+02	5.4203e+03	3.7912e+03
5.0126e+02	5.1665e+03	3.6283e+03
5.0784e+02	4.9227e+03	3.4734e+03
5.1450e+02	4.6815e+03	3.3260e+03
5.2125e+02	4.4428e+03	3.1851e+03
5.2808e+02	4.2228e+03	3.0500e+03
5.3501e+02	4.0179e+03	2.9198e+03
5.4203e+02	3.8267e+03	2.7945e+03
5.4914e+02	3.6453e+03	2.6748e+03
5.5634e+02	3.4724e+03	2.5594e+03
5.6364e+02	3.3023e+03	2.4483e+03
5.7103e+02	3.1428e+03	2.3415e+03
5.7852e+02	2.9942e+03	2.2400e+03
5.8611e+02	2.8521e+03	2.1425e+03
5.9379e+02	2.7113e+03	2.0484e+03
6.0158e+02	2.5830e+03	1.9574e+03
6.0947e+02	2.4607e+03	1.8688e+03
6.1746e+02	2.3425e+03	1.7836e+03
6.2556e+02	2.2312e+03	1.7028e+03
6.3377e+02	2.1207e+03	1.6265e+03
6.4208e+02	2.0118e+03	1.5540e+03
6.5050e+02	1.9104e+03	1.4844e+03
6.5903e+02	1.8166e+03	1.4169e+03
6.6768e+02	1.7294e+03	1.3516e+03
6.7643e+02	1.6469e+03	1.2895e+03
6.8531e+02	1.5667e+03	1.2307e+03
6.9430e+02	1.4859e+03	1.1745e+03
7.0340e+02	1.4120e+03	1.1203e+03
7.1263e+02	1.3426e+03	1.0685e+03
7.2197e+02	1.2764e+03	1.0193e+03
7.3144e+02	1.2114e+03	9.7282e+02
7.4104e+02	1.1509e+03	9.2879e+02
7.5076e+02	1.0929e+03	8.8669e+02
7.6060e+02	1.0398e+03	8.4632e+02
7.7058e+02	9.8933e+02	8.0775e+02
7.8069e+02	9.4122e+02	7.7094e+02
7.9093e+02	8.9541e+02	7.3579e+02
8.0130e+02	8.5178e+02	7.0216e+02
8.1181e+02	8.1024e+02	6.6988e+02
8.2246e+02	7.7069e+02	6.3907e+02
8.3324e+02	7.3303e+02	6.0970e+02
8.4417e+02	6.9717e+02	5.8170e+02
8.5524e+02	6.6303e+02	5.5479e+02
8.6646e+02	6.3076e+02	5.2890e+02
8.7783e+02	6.0017e+02	5.0403e+02
8.8934e+02	5.7104e+02	4.8026e+02
9.0100e+02	5.4262e+02	4.5748e+02
9.1282e+02	5.1566e+02	4.3545e+02
9.2479e+02	4.9047e+02	4.1446e+02
9.3692e+02	4.6539e+02	3.9469e+02
9.4921e+02	4.4123e+02	3.7583e+02
9.6166e+02	4.1952e+02	3.5772e+02
9.7428e+02	3.9835e+02	3.4061e+02
9.8705e+02	3.7785e+02	3.2440e+02
1.0000e+03	3.5903e+02	3.0896e+02