# Energy(MeV) Phi16_Planare Phi84_Planare
1.500000e+00 2.413498e+09 2.991643e+09
1.519674e+00 2.375815e+09 2.939276e+09
1.539606e+00 2.338615e+09 2.887998e+09
1.559799e+00 2.301971e+09 2.838246e+09
1.580257e+00 2.265979e+09 2.789469e+09
1.600984e+00 2.230525e+09 2.741381e+09
1.621982e+00 2.195314e+09 2.693340e+09
1.643256e+00 2.160595e+09 2.647360e+09
1.664809e+00 2.126398e+09 2.600606e+09
1.686644e+00 2.092752e+09 2.555335e+09
1.708766e+00 2.059769e+09 2.510766e+09
1.731178e+00 2.027045e+09 2.467433e+09
1.753884e+00 1.994799e+09 2.424754e+09
1.776888e+00 1.963050e+09 2.382456e+09
1.800193e+00 1.931736e+09 2.340547e+09
1.823805e+00 1.900999e+09 2.299391e+09
1.847725e+00 1.870675e+09 2.259411e+09
1.871960e+00 1.840625e+09 2.219588e+09
1.896512e+00 1.811105e+09 2.179893e+09
1.921387e+00 1.782187e+09 2.141290e+09
1.946588e+00 1.753818e+09 2.103248e+09
1.972119e+00 1.725757e+09 2.066462e+09
1.997985e+00 1.698269e+09 2.029652e+09
2.024190e+00 1.670994e+09 1.993046e+09
2.050740e+00 1.644807e+09 1.958128e+09
2.077637e+00 1.619079e+09 1.923414e+09
2.104887e+00 1.593290e+09 1.888762e+09
2.132495e+00 1.567873e+09 1.855981e+09
2.160464e+00 1.542845e+09 1.823041e+09
2.188801e+00 1.518326e+09 1.790588e+09
2.217509e+00 1.494127e+09 1.759117e+09
2.246593e+00 1.470285e+09 1.727848e+09
2.276059e+00 1.446761e+09 1.697676e+09
2.305912e+00 1.423587e+09 1.668134e+09
2.336156e+00 1.400759e+09 1.638960e+09
2.366797e+00 1.378496e+09 1.610022e+09
2.397840e+00 1.357002e+09 1.581666e+09
2.429290e+00 1.335520e+09 1.553675e+09
2.461152e+00 1.313602e+09 1.525805e+09
2.493432e+00 1.292575e+09 1.498647e+09
2.526136e+00 1.271932e+09 1.472126e+09
2.559268e+00 1.252093e+09 1.446009e+09
2.592835e+00 1.232308e+09 1.420169e+09
2.626843e+00 1.212811e+09 1.394530e+09
2.661296e+00 1.192654e+09 1.369217e+09
2.696202e+00 1.173156e+09 1.344629e+09
2.731565e+00 1.153532e+09 1.320407e+09
2.767392e+00 1.133958e+09 1.296210e+09
2.803689e+00 1.114997e+09 1.272924e+09
2.840462e+00 1.097204e+09 1.250378e+09
2.877717e+00 1.079246e+09 1.227821e+09
2.915461e+00 1.061203e+09 1.205316e+09
2.953700e+00 1.043728e+09 1.183470e+09
2.992440e+00 1.026518e+09 1.162417e+09
3.031689e+00 1.009633e+09 1.141577e+09
3.071452e+00 9.924983e+08 1.121154e+09
3.111737e+00 9.758022e+08 1.100953e+09
3.152550e+00 9.596907e+08 1.081261e+09
3.193899e+00 9.430391e+08 1.061613e+09
3.235790e+00 9.272091e+08 1.042531e+09
3.278230e+00 9.121431e+08 1.023781e+09
3.321227e+00 8.971971e+08 1.005243e+09
3.364788e+00 8.823769e+08 9.868732e+08
3.408920e+00 8.677270e+08 9.688877e+08
3.453631e+00 8.529745e+08 9.514971e+08
3.498929e+00 8.385646e+08 9.341124e+08
3.544820e+00 8.243543e+08 9.170040e+08
3.591314e+00 8.106880e+08 9.003353e+08
3.638417e+00 7.970301e+08 8.840996e+08
3.686138e+00 7.834000e+08 8.678887e+08
3.734485e+00 7.700412e+08 8.518054e+08
3.783467e+00 7.571527e+08 8.360942e+08
3.833090e+00 7.445613e+08 8.206536e+08
3.883365e+00 7.318942e+08 8.054089e+08
3.934298e+00 7.191977e+08 7.908841e+08
3.985900e+00 7.069193e+08 7.762569e+08
4.038179e+00 6.947730e+08 7.621641e+08
4.091143e+00 6.827451e+08 7.486366e+08
4.144803e+00 6.710517e+08 7.351746e+08
4.199165e+00 6.596366e+08 7.218153e+08
4.254241e+00 6.483741e+08 7.087290e+08
4.310040e+00 6.370587e+08 6.959281e+08
4.366570e+00 6.262837e+08 6.830418e+08
4.423841e+00 6.156068e+08 6.701994e+08
4.481864e+00 6.048575e+08 6.575316e+08
4.540648e+00 5.943483e+08 6.453509e+08
4.600202e+00 5.837864e+08 6.334843e+08
4.660538e+00 5.735654e+08 6.216945e+08
4.721665e+00 5.634576e+08 6.101268e+08
4.783594e+00 5.534306e+08 5.986089e+08
4.846336e+00 5.434835e+08 5.875036e+08
4.909900e+00 5.336770e+08 5.765485e+08
4.974297e+00 5.242267e+08 5.659533e+08
5.039540e+00 5.147167e+08 5.554444e+08
5.105638e+00 5.054265e+08 5.450005e+08
5.172603e+00 4.961715e+08 5.347529e+08
5.240446e+00 4.870201e+08 5.248461e+08
5.309180e+00 4.782998e+08 5.151531e+08
5.378814e+00 4.697026e+08 5.052542e+08
5.449362e+00 4.610865e+08 4.955597e+08
5.520836e+00 4.528486e+08 4.862204e+08
5.593247e+00 4.446750e+08 4.769755e+08
5.666607e+00 4.362998e+08 4.679102e+08
5.740930e+00 4.280680e+08 4.591083e+08
5.816227e+00 4.203021e+08 4.504860e+08
5.892513e+00 4.125235e+08 4.419889e+08
5.969798e+00 4.049547e+08 4.334080e+08
6.048098e+00 3.974243e+08 4.250730e+08
6.127424e+00 3.897874e+08 4.169860e+08
6.207791e+00 3.825938e+08 4.090944e+08
6.289211e+00 3.753680e+08 4.012853e+08
6.371700e+00 3.679721e+08 3.936084e+08
6.455271e+00 3.612054e+08 3.860017e+08
6.539938e+00 3.543039e+08 3.785118e+08
6.625715e+00 3.475883e+08 3.712557e+08
6.712617e+00 3.407826e+08 3.641134e+08
6.800659e+00 3.341542e+08 3.570805e+08
6.889856e+00 3.276770e+08 3.501960e+08
6.980223e+00 3.215008e+08 3.433959e+08
7.071775e+00 3.153610e+08 3.368274e+08
7.164527e+00 3.092621e+08 3.302518e+08
7.258497e+00 3.031633e+08 3.239104e+08
7.353699e+00 2.971645e+08 3.175498e+08
7.450149e+00 2.912664e+08 3.114375e+08
7.547864e+00 2.855081e+08 3.054313e+08
7.646862e+00 2.798919e+08 2.994060e+08
7.747157e+00 2.743299e+08 2.935310e+08
7.848768e+00 2.689535e+08 2.877641e+08
7.951712e+00 2.635038e+08 2.820935e+08
8.056006e+00 2.583292e+08 2.765252e+08
8.161668e+00 2.531028e+08 2.710078e+08
8.268715e+00 2.479459e+08 2.656688e+08
8.377167e+00 2.428953e+08 2.603293e+08
8.487041e+00 2.379661e+08 2.551421e+08
8.598357e+00 2.332091e+08 2.499893e+08
8.711132e+00 2.285214e+08 2.449272e+08
8.825386e+00 2.237920e+08 2.400310e+08
8.941139e+00 2.191782e+08 2.351921e+08
9.058410e+00 2.146479e+08 2.304723e+08
9.177220e+00 2.101611e+08 2.258451e+08
9.297587e+00 2.057359e+08 2.213519e+08
9.419534e+00 2.014679e+08 2.168168e+08
9.543079e+00 1.972808e+08 2.124094e+08
9.668246e+00 1.931301e+08 2.081149e+08
9.795053e+00 1.890825e+08 2.037600e+08
9.923524e+00 1.850489e+08 1.995095e+08
1.005368e+01 1.812059e+08 1.954009e+08
1.018554e+01 1.774039e+08 1.913450e+08
1.031914e+01 1.736172e+08 1.873016e+08
1.045448e+01 1.699197e+08 1.833475e+08
1.059160e+01 1.662997e+08 1.794604e+08
1.073052e+01 1.627463e+08 1.756574e+08
1.087126e+01 1.592252e+08 1.719310e+08
1.101385e+01 1.557510e+08 1.682962e+08
1.115830e+01 1.524197e+08 1.647642e+08
1.130465e+01 1.490696e+08 1.612559e+08
1.145293e+01 1.458144e+08 1.577575e+08
1.160314e+01 1.426419e+08 1.543543e+08
1.175533e+01 1.394786e+08 1.510548e+08
1.190951e+01 1.363690e+08 1.478241e+08
1.206571e+01 1.332532e+08 1.446317e+08
1.222397e+01 1.302639e+08 1.414748e+08
1.238429e+01 1.273609e+08 1.384087e+08
1.254673e+01 1.244968e+08 1.354054e+08
1.271129e+01 1.216849e+08 1.324136e+08
1.287801e+01 1.189551e+08 1.294681e+08
1.304691e+01 1.161883e+08 1.266147e+08
1.321804e+01 1.135166e+08 1.238126e+08
1.339140e+01 1.109360e+08 1.210382e+08
1.356704e+01 1.083473e+08 1.183479e+08
1.374499e+01 1.058120e+08 1.157009e+08
1.392527e+01 1.033475e+08 1.130590e+08
1.410791e+01 1.009103e+08 1.104930e+08
1.429295e+01 9.853122e+07 1.079655e+08
1.448041e+01 9.624089e+07 1.054821e+08
1.467033e+01 9.396060e+07 1.030275e+08
1.486275e+01 9.177907e+07 1.006643e+08
1.505769e+01 8.957799e+07 9.834192e+07
1.525518e+01 8.742363e+07 9.603106e+07
1.545527e+01 8.533808e+07 9.378141e+07
1.565798e+01 8.327519e+07 9.157878e+07
1.586335e+01 8.127610e+07 8.939390e+07
1.607141e+01 7.933229e+07 8.725000e+07
1.628220e+01 7.737648e+07 8.514481e+07
1.649576e+01 7.547526e+07 8.309502e+07
1.671211e+01 7.361638e+07 8.109460e+07
1.693131e+01 7.178666e+07 7.911860e+07
1.715338e+01 7.000695e+07 7.719582e+07
1.737836e+01 6.826957e+07 7.531765e+07
1.760629e+01 6.657887e+07 7.347693e+07
1.783722e+01 6.490188e+07 7.166468e+07
1.807117e+01 6.324361e+07 6.988584e+07
1.830819e+01 6.163757e+07 6.812949e+07
1.854831e+01 6.005322e+07 6.639423e+07
1.879159e+01 5.850851e+07 6.470506e+07
1.903806e+01 5.698404e+07 6.306463e+07
1.928776e+01 5.551904e+07 6.144636e+07
1.954074e+01 5.405607e+07 5.986457e+07
1.979703e+01 5.262456e+07 5.832403e+07
2.005669e+01 5.123427e+07 5.683848e+07
2.031975e+01 4.987395e+07 5.536765e+07
2.058626e+01 4.852830e+07 5.390365e+07
2.085627e+01 4.722632e+07 5.249790e+07
2.112982e+01 4.596716e+07 5.109995e+07
2.140696e+01 4.474164e+07 4.973142e+07
2.168773e+01 4.350810e+07 4.839345e+07
2.197218e+01 4.230768e+07 4.708898e+07
2.226037e+01 4.116217e+07 4.579748e+07
2.255233e+01 4.003845e+07 4.453345e+07
2.284813e+01 3.890348e+07 4.330144e+07
2.314780e+01 3.781596e+07 4.210255e+07
2.345141e+01 3.673720e+07 4.094586e+07
2.375899e+01 3.570201e+07 3.981359e+07
2.407061e+01 3.468424e+07 3.869518e+07
2.438632e+01 3.371039e+07 3.761524e+07
2.470617e+01 3.271611e+07 3.654126e+07
2.503022e+01 3.177129e+07 3.550664e+07
2.535851e+01 3.085758e+07 3.448922e+07
2.569111e+01 2.994902e+07 3.349211e+07
2.602807e+01 2.905400e+07 3.252811e+07
2.636945e+01 2.819299e+07 3.156651e+07
2.671531e+01 2.734146e+07 3.064250e+07
2.706571e+01 2.652425e+07 2.973162e+07
2.742070e+01 2.573384e+07 2.883629e+07
2.778035e+01 2.493991e+07 2.797953e+07
2.814471e+01 2.418021e+07 2.714298e+07
2.851386e+01 2.343696e+07 2.631350e+07
2.888784e+01 2.271001e+07 2.550211e+07
2.926673e+01 2.200701e+07 2.472005e+07
2.965059e+01 2.132078e+07 2.396081e+07
3.003948e+01 2.065382e+07 2.321492e+07
3.043348e+01 2.000520e+07 2.248730e+07
3.083264e+01 1.937227e+07 2.177786e+07
3.123704e+01 1.874415e+07 2.108614e+07
3.164674e+01 1.814473e+07 2.040849e+07
3.206182e+01 1.756131e+07 1.975011e+07
3.248234e+01 1.698272e+07 1.911125e+07
3.290837e+01 1.642383e+07 1.848986e+07
3.334000e+01 1.587248e+07 1.788595e+07
3.377728e+01 1.533957e+07 1.730121e+07
3.422030e+01 1.482102e+07 1.673184e+07
3.466913e+01 1.430998e+07 1.617987e+07
3.512385e+01 1.381751e+07 1.563199e+07
3.558453e+01 1.334022e+07 1.510316e+07
3.605125e+01 1.287706e+07 1.458774e+07
3.652410e+01 1.242653e+07 1.408873e+07
3.700315e+01 1.198753e+07 1.359959e+07
3.748848e+01 1.156925e+07 1.312826e+07
3.798017e+01 1.115652e+07 1.266988e+07
3.847832e+01 1.075933e+07 1.222329e+07
3.898299e+01 1.036540e+07 1.178345e+07
3.949429e+01 9.980631e+06 1.136444e+07
4.001230e+01 9.606688e+06 1.095447e+07
4.053709e+01 9.253427e+06 1.056157e+07
4.106877e+01 8.908845e+06 1.018251e+07
4.160743e+01 8.564040e+06 9.815463e+06
4.215315e+01 8.239673e+06 9.453305e+06
4.270602e+01 7.931024e+06 9.099960e+06
4.326615e+01 7.625762e+06 8.757069e+06
4.383363e+01 7.326665e+06 8.429114e+06
4.440855e+01 7.037355e+06 8.112315e+06
4.499100e+01 6.758117e+06 7.803991e+06
4.558110e+01 6.491747e+06 7.511161e+06
4.617894e+01 6.240582e+06 7.230220e+06
4.678462e+01 5.988667e+06 6.955258e+06
4.739824e+01 5.746816e+06 6.679237e+06
4.801991e+01 5.513712e+06 6.422190e+06
4.864974e+01 5.284460e+06 6.178066e+06
4.928782e+01 5.064577e+06 5.943931e+06
4.993428e+01 4.848972e+06 5.718020e+06
5.058921e+01 4.644212e+06 5.497205e+06
5.125274e+01 4.449194e+06 5.280682e+06
5.192496e+01 4.263558e+06 5.071195e+06
5.260600e+01 4.078088e+06 4.870700e+06
5.329598e+01 3.905871e+06 4.682615e+06
5.399501e+01 3.737321e+06 4.498830e+06
5.470320e+01 3.576799e+06 4.322577e+06
5.542068e+01 3.418505e+06 4.158783e+06
5.614757e+01 3.264834e+06 3.994279e+06
5.688400e+01 3.116156e+06 3.837303e+06
5.763009e+01 2.972885e+06 3.689318e+06
5.838596e+01 2.840102e+06 3.547548e+06
5.915174e+01 2.716596e+06 3.411378e+06
5.992757e+01 2.593991e+06 3.280096e+06
6.071358e+01 2.475504e+06 3.154297e+06
6.150989e+01 2.365251e+06 3.034463e+06
6.231665e+01 2.256220e+06 2.916668e+06
6.313399e+01 2.151799e+06 2.803616e+06
6.396205e+01 2.052770e+06 2.695973e+06
6.480097e+01 1.958347e+06 2.590863e+06
6.565089e+01 1.866979e+06 2.489131e+06
6.651196e+01 1.779024e+06 2.395075e+06
6.738433e+01 1.695643e+06 2.303270e+06
6.826813e+01 1.614179e+06 2.215893e+06
6.916353e+01 1.539142e+06 2.131843e+06
7.007068e+01 1.465897e+06 2.050167e+06
7.098972e+01 1.395914e+06 1.970806e+06
7.192081e+01 1.327194e+06 1.894857e+06
7.286412e+01 1.263516e+06 1.822589e+06
7.381980e+01 1.202762e+06 1.752410e+06
7.478801e+01 1.144248e+06 1.685561e+06
7.576892e+01 1.088279e+06 1.619957e+06
7.676270e+01 1.037384e+06 1.558711e+06
7.776952e+01 9.873010e+05 1.498422e+06
7.878953e+01 9.404355e+05 1.440198e+06
7.982293e+01 8.935330e+05 1.384785e+06
8.086988e+01 8.507700e+05 1.331548e+06
8.193056e+01 8.098462e+05 1.281319e+06
8.300516e+01 7.685891e+05 1.230872e+06
8.409384e+01 7.305082e+05 1.183910e+06
8.519681e+01 6.925042e+05 1.138745e+06
8.631425e+01 6.586182e+05 1.094976e+06
8.744634e+01 6.262857e+05 1.052165e+06
8.859327e+01 5.966703e+05 1.012217e+06
8.975526e+01 5.674530e+05 9.736043e+05
9.093248e+01 5.392292e+05 9.369744e+05
9.212514e+01 5.120462e+05 9.014151e+05
9.333344e+01 4.872123e+05 8.663427e+05
9.455760e+01 4.634201e+05 8.330136e+05
9.579781e+01 4.407977e+05 8.014505e+05
9.705428e+01 4.185261e+05 7.708347e+05
9.832724e+01 3.974105e+05 7.407881e+05
9.961689e+01 3.775846e+05 7.124382e+05
1.009235e+02 3.592288e+05 6.849452e+05
1.022472e+02 3.424110e+05 6.584262e+05
1.035882e+02 3.254394e+05 6.329528e+05
1.049469e+02 3.096791e+05 6.085638e+05
1.063233e+02 2.949721e+05 5.850222e+05
1.077179e+02 2.808288e+05 5.622976e+05
1.091307e+02 2.665386e+05 5.405829e+05
1.105620e+02 2.532543e+05 5.197097e+05
1.120122e+02 2.410667e+05 4.996455e+05
1.134813e+02 2.293644e+05 4.803259e+05
1.149697e+02 2.180016e+05 4.617557e+05
1.164777e+02 2.074376e+05 4.442618e+05
1.180054e+02 1.973810e+05 4.276417e+05
1.195531e+02 1.876655e+05 4.114004e+05
1.211212e+02 1.784704e+05 3.959998e+05
1.227098e+02 1.697555e+05 3.811882e+05
1.243192e+02 1.614585e+05 3.669428e+05
1.259498e+02 1.535097e+05 3.532121e+05
1.276017e+02 1.459494e+05 3.398609e+05
1.292753e+02 1.388207e+05 3.269246e+05
1.309709e+02 1.320399e+05 3.144679e+05
1.326887e+02 1.255891e+05 3.024596e+05
1.344290e+02 1.191448e+05 2.909061e+05
1.361922e+02 1.130136e+05 2.798870e+05
1.379785e+02 1.072478e+05 2.693386e+05
1.397882e+02 1.020808e+05 2.591911e+05
1.416216e+02 9.700303e+04 2.494372e+05
1.434791e+02 9.227470e+04 2.400754e+05
1.453610e+02 8.774943e+04 2.310680e+05
1.472675e+02 8.344659e+04 2.224941e+05
1.491991e+02 7.938534e+04 2.141645e+05
1.511560e+02 7.552140e+04 2.061256e+05
1.531385e+02 7.181032e+04 1.983185e+05
1.551471e+02 6.820917e+04 1.907781e+05
1.571820e+02 6.474742e+04 1.837379e+05
1.592436e+02 6.151654e+04 1.768687e+05
1.613322e+02 5.840526e+04 1.702499e+05
1.634482e+02 5.551441e+04 1.638477e+05
1.655920e+02 5.287409e+04 1.576281e+05
1.677639e+02 5.035115e+04 1.516798e+05
1.699642e+02 4.785729e+04 1.461330e+05
1.721935e+02 4.544582e+04 1.407317e+05
1.744519e+02 4.318342e+04 1.354790e+05
1.767400e+02 4.101414e+04 1.304245e+05
1.790581e+02 3.895365e+04 1.255606e+05
1.814067e+02 3.699882e+04 1.208801e+05
1.837860e+02 3.514595e+04 1.163893e+05
1.861965e+02 3.338985e+04 1.120635e+05
1.886386e+02 3.172135e+04 1.078864e+05
1.911128e+02 3.013608e+04 1.039158e+05
1.936194e+02 2.862989e+04 1.000520e+05
1.961589e+02 2.722032e+04 9.636354e+04
1.987317e+02 2.589365e+04 9.280695e+04
2.013383e+02 2.459392e+04 8.935264e+04
2.039790e+02 2.337275e+04 8.602855e+04
2.066544e+02 2.221748e+04 8.282972e+04
2.093648e+02 2.111919e+04 7.976741e+04
2.121108e+02 2.007367e+04 7.686246e+04
2.148929e+02 1.905773e+04 7.406603e+04
2.177114e+02 1.809323e+04 7.130257e+04
2.205669e+02 1.718142e+04 6.862736e+04
2.234598e+02 1.631546e+04 6.604263e+04
2.263907e+02 1.550885e+04 6.359729e+04
2.293600e+02 1.474777e+04 6.129023e+04
2.323683e+02 1.402517e+04 5.902621e+04
2.354160e+02 1.334052e+04 5.681241e+04
2.385037e+02 1.268920e+04 5.471272e+04
2.416319e+02 1.206924e+04 5.271534e+04
2.448011e+02 1.146659e+04 5.078797e+04
2.480119e+02 1.089395e+04 4.902192e+04
2.512648e+02 1.033740e+04 4.732160e+04
2.545603e+02 9.793968e+03 4.566605e+04
2.578991e+02 9.269905e+03 4.397467e+04
2.612817e+02 8.775248e+03 4.233997e+04
2.647087e+02 8.339097e+03 4.084523e+04
2.681806e+02 7.929794e+03 3.940317e+04
2.716980e+02 7.540524e+03 3.794274e+04
2.752616e+02 7.154952e+03 3.653569e+04
2.788719e+02 6.788885e+03 3.517881e+04
2.825295e+02 6.447368e+03 3.387160e+04
2.862352e+02 6.124295e+03 3.261339e+04
2.899894e+02 5.818131e+03 3.140233e+04
2.937929e+02 5.518083e+03 3.023664e+04
2.976462e+02 5.229959e+03 2.911462e+04
3.015501e+02 4.964247e+03 2.803462e+04
3.055052e+02 4.712285e+03 2.699506e+04
3.095122e+02 4.453180e+03 2.599441e+04
3.135717e+02 4.219715e+03 2.503513e+04
3.176845e+02 4.004726e+03 2.412543e+04
3.218512e+02 3.804843e+03 2.324950e+04
3.260726e+02 3.615304e+03 2.240217e+04
3.303494e+02 3.435179e+03 2.158033e+04
3.346822e+02 3.264004e+03 2.078914e+04
3.390718e+02 3.101333e+03 2.002745e+04
3.435191e+02 2.946745e+03 1.931060e+04
3.480246e+02 2.799839e+03 1.863148e+04
3.525893e+02 2.660235e+03 1.796481e+04
3.572138e+02 2.527570e+03 1.733280e+04
3.618990e+02 2.401501e+03 1.671522e+04
3.666457e+02 2.280614e+03 1.611343e+04
3.714546e+02 2.156614e+03 1.553385e+04
3.763265e+02 2.037048e+03 1.497562e+04
3.812624e+02 1.928158e+03 1.443260e+04
3.862630e+02 1.829810e+03 1.391495e+04
3.913292e+02 1.737312e+03 1.341173e+04
3.964618e+02 1.646856e+03 1.293565e+04
4.016618e+02 1.555343e+03 1.246413e+04
4.069299e+02 1.472779e+03 1.200940e+04
4.122672e+02 1.396021e+03 1.156928e+04
4.176744e+02 1.325670e+03 1.115656e+04
4.231526e+02 1.254073e+03 1.076839e+04
4.287027e+02 1.190398e+03 1.038007e+04
4.343255e+02 1.130142e+03 1.003940e+04
4.400221e+02 1.071929e+03 9.680395e+03
4.457933e+02 1.017698e+03 9.349137e+03
4.516403e+02 9.628114e+02 9.021994e+03
4.575640e+02 9.129134e+02 8.694931e+03
4.635654e+02 8.664038e+02 8.391340e+03
4.696455e+02 8.222556e+02 8.111556e+03
4.758053e+02 7.803491e+02 7.825638e+03
4.820459e+02 7.405709e+02 7.544001e+03
4.883684e+02 7.028131e+02 7.268258e+03
4.947738e+02 6.669734e+02 7.002483e+03
5.012632e+02 6.294279e+02 6.771950e+03
5.078377e+02 5.965965e+02 6.531171e+03
5.144985e+02 5.660878e+02 6.298769e+03
5.212466e+02 5.371331e+02 6.083032e+03
5.280832e+02 5.096534e+02 5.886661e+03
5.350095e+02 4.835739e+02 5.694149e+03
5.420266e+02 4.570227e+02 5.498983e+03
5.491358e+02 4.336963e+02 5.315879e+03
5.563382e+02 4.115553e+02 5.130462e+03
5.636351e+02 3.896189e+02 4.953159e+03
5.710277e+02 3.696993e+02 4.783316e+03
5.785172e+02 3.507926e+02 4.612350e+03
5.861050e+02 3.328475e+02 4.452987e+03
5.937923e+02 3.158155e+02 4.294004e+03
6.015804e+02 2.996501e+02 4.139825e+03
6.094707e+02 2.843075e+02 3.991303e+03
6.174645e+02 2.697460e+02 3.858632e+03
6.255631e+02 2.559260e+02 3.730637e+03
6.337679e+02 2.428100e+02 3.603642e+03
6.420804e+02 2.304002e+02 3.485739e+03
6.505018e+02 2.185486e+02 3.377534e+03
6.590337e+02 2.073373e+02 3.264699e+03
6.676776e+02 1.966975e+02 3.155710e+03
6.764348e+02 1.866004e+02 3.051509e+03
6.853068e+02 1.770183e+02 2.958358e+03
6.942953e+02 1.679251e+02 2.858309e+03
7.034016e+02 1.590107e+02 2.763461e+03
7.126273e+02 1.508471e+02 2.668833e+03
7.219741e+02 1.430874e+02 2.590961e+03
7.314434e+02 1.348513e+02 2.505223e+03
7.410370e+02 1.274609e+02 2.415713e+03
7.507563e+02 1.209059e+02 2.329468e+03
7.606032e+02 1.146856e+02 2.250252e+03
7.705792e+02 1.087832e+02 2.172881e+03
7.806861e+02 1.031823e+02 2.096334e+03
7.909255e+02 9.741725e+01 2.022029e+03
8.012992e+02 9.221892e+01 1.950417e+03
8.118089e+02 8.729428e+01 1.886064e+03
8.224566e+02 8.282559e+01 1.820581e+03
8.332438e+02 7.854616e+01 1.757268e+03
8.441726e+02 7.406053e+01 1.702082e+03
8.552447e+02 7.028344e+01 1.646019e+03
8.664620e+02 6.669795e+01 1.597596e+03
8.778264e+02 6.329438e+01 1.550861e+03
8.893399e+02 6.006354e+01 1.498931e+03
9.010044e+02 5.699670e+01 1.448382e+03
9.128219e+02 5.408557e+01 1.402470e+03
9.247944e+02 5.094762e+01 1.355079e+03
9.369239e+02 4.795146e+01 1.309065e+03
9.492125e+02 4.544013e+01 1.264947e+03
9.616623e+02 4.296089e+01 1.221360e+03
9.742754e+02 4.043088e+01 1.181349e+03
9.870539e+02 3.815563e+01 1.141670e+03
1.000000e+03 3.611709e+01 1.104469e+03
