5.011872e-02 9.877083e+11
5.061792e-02 9.737354e+11
5.112209e-02 9.599570e+11
5.163128e-02 9.463703e+11
5.214555e-02 9.329727e+11
5.266493e-02 9.197616e+11
5.318949e-02 9.067344e+11
5.371927e-02 8.938885e+11
5.425433e-02 8.812214e+11
5.479472e-02 8.687307e+11
5.534050e-02 8.564139e+11
5.589170e-02 8.442686e+11
5.644840e-02 8.322925e+11
5.701065e-02 8.204831e+11
5.757849e-02 8.088382e+11
5.815199e-02 7.973555e+11
5.873120e-02 7.860328e+11
5.931618e-02 7.748678e+11
5.990699e-02 7.638583e+11
6.050368e-02 7.530023e+11
6.110631e-02 7.422975e+11
6.171495e-02 7.317419e+11
6.232965e-02 7.213334e+11
6.295047e-02 7.110700e+11
6.357748e-02 7.009496e+11
6.421073e-02 6.909703e+11
6.485029e-02 6.811302e+11
6.549622e-02 6.716021e+11
6.614858e-02 6.622324e+11
6.680744e-02 6.529892e+11
6.747286e-02 6.438707e+11
6.814491e-02 6.348754e+11
6.882366e-02 6.260015e+11
6.950916e-02 6.172475e+11
7.020149e-02 6.086118e+11
7.090072e-02 6.000928e+11
7.160691e-02 5.916889e+11
7.232014e-02 5.833986e+11
7.304047e-02 5.752203e+11
7.376798e-02 5.671527e+11
7.450273e-02 5.591941e+11
7.524480e-02 5.513432e+11
7.599426e-02 5.435985e+11
7.675118e-02 5.359586e+11
7.751565e-02 5.284221e+11
7.828773e-02 5.209876e+11
7.906750e-02 5.139133e+11
7.985503e-02 5.070155e+11
8.065042e-02 5.002067e+11
8.145372e-02 4.934856e+11
8.226502e-02 4.868513e+11
8.308441e-02 4.803025e+11
8.391195e-02 4.738382e+11
8.474774e-02 4.674573e+11
8.559185e-02 4.611588e+11
8.644437e-02 4.549416e+11
8.730539e-02 4.488046e+11
8.817498e-02 4.427469e+11
8.905322e-02 4.367675e+11
8.994022e-02 4.308652e+11
9.083605e-02 4.250392e+11
9.174081e-02 4.192885e+11
9.265457e-02 4.136121e+11
9.357744e-02 4.077164e+11
9.450950e-02 4.018081e+11
9.545085e-02 3.959833e+11
9.640156e-02 3.902406e+11
9.736175e-02 3.845790e+11
9.833151e-02 3.789974e+11
9.931092e-02 3.734945e+11
1.003001e-01 3.684671e+11
1.012991e-01 3.635585e+11
1.023081e-01 3.587138e+11
1.033271e-01 3.539322e+11
1.043563e-01 3.492127e+11
1.053957e-01 3.445547e+11
1.064455e-01 3.399573e+11
1.075057e-01 3.353510e+11
1.085765e-01 3.304028e+11
1.096579e-01 3.255258e+11
1.107502e-01 3.207191e+11
1.118533e-01 3.159816e+11
1.129674e-01 3.113318e+11
1.140925e-01 3.067642e+11
1.152289e-01 3.022607e+11
1.163767e-01 2.978203e+11
1.175358e-01 2.934422e+11
1.187065e-01 2.891254e+11
1.198888e-01 2.848693e+11
1.210830e-01 2.806728e+11
1.222890e-01 2.765353e+11
1.235070e-01 2.724559e+11
1.247372e-01 2.684337e+11
1.259796e-01 2.644681e+11
1.272344e-01 2.605582e+11
1.285017e-01 2.567032e+11
1.297816e-01 2.529025e+11
1.310743e-01 2.491552e+11
1.323798e-01 2.454607e+11
1.336984e-01 2.418181e+11
1.350301e-01 2.382268e+11
1.363750e-01 2.346861e+11
1.377333e-01 2.311953e+11
1.391052e-01 2.277537e+11
1.404907e-01 2.243606e+11
1.418901e-01 2.210153e+11
1.433033e-01 2.177173e+11
1.447307e-01 2.144657e+11
1.461722e-01 2.112601e+11
1.476281e-01 2.080997e+11
1.490986e-01 2.049840e+11
1.505836e-01 2.019123e+11
1.520835e-01 1.988356e+11
1.535983e-01 1.957746e+11
1.551282e-01 1.927861e+11
1.566733e-01 1.899280e+11
1.582338e-01 1.871108e+11
1.598099e-01 1.843340e+11
1.614016e-01 1.815968e+11
1.630092e-01 1.790482e+11
1.646329e-01 1.765402e+11
1.662727e-01 1.740651e+11
1.679288e-01 1.716225e+11
1.696014e-01 1.692028e+11
1.712907e-01 1.667369e+11
1.729968e-01 1.643046e+11
1.747199e-01 1.619054e+11
1.764602e-01 1.595389e+11
1.782177e-01 1.572046e+11
1.799929e-01 1.547914e+11
1.817856e-01 1.523037e+11
1.835963e-01 1.498548e+11
1.854249e-01 1.474442e+11
1.872718e-01 1.450712e+11
1.891371e-01 1.427353e+11
1.910210e-01 1.404552e+11
1.929236e-01 1.382238e+11
1.948452e-01 1.360265e+11
1.967859e-01 1.339121e+11
1.987460e-01 1.319590e+11
2.007255e-01 1.300615e+11
2.027248e-01 1.282271e+11
2.047440e-01 1.264727e+11
2.067833e-01 1.247398e+11
2.088430e-01 1.230282e+11
2.109231e-01 1.213375e+11
2.130239e-01 1.196677e+11
2.151457e-01 1.180183e+11
2.172886e-01 1.163892e+11
2.194529e-01 1.147801e+11
2.216387e-01 1.131909e+11
2.238463e-01 1.116212e+11
2.260759e-01 1.100139e+11
2.283277e-01 1.083861e+11
2.306019e-01 1.067010e+11
2.328988e-01 1.050040e+11
2.352185e-01 1.033328e+11
2.375613e-01 1.016871e+11
2.399275e-01 1.000665e+11
2.423173e-01 9.847054e+10
2.447308e-01 9.689892e+10
2.471684e-01 9.536273e+10
2.496303e-01 9.391696e+10
2.521167e-01 9.249228e+10
2.546279e-01 9.108840e+10
2.571640e-01 8.971064e+10
2.597255e-01 8.839284e+10
2.623124e-01 8.704605e+10
2.649251e-01 8.571880e+10
2.675638e-01 8.441081e+10
2.702289e-01 8.312182e+10
2.729204e-01 8.185154e+10
2.756388e-01 8.059973e+10
2.783842e-01 7.936611e+10
2.811570e-01 7.815043e+10
2.839574e-01 7.695243e+10
2.867857e-01 7.577186e+10
2.896422e-01 7.460847e+10
2.925271e-01 7.346203e+10
2.954408e-01 7.235843e+10
2.983835e-01 7.127828e+10
3.013555e-01 7.021376e+10
3.043571e-01 6.913276e+10
3.073886e-01 6.801154e+10
3.104502e-01 6.690735e+10
3.135424e-01 6.581992e+10
3.166654e-01 6.474903e+10
3.198195e-01 6.369443e+10
3.230050e-01 6.265588e+10
3.262222e-01 6.163315e+10
3.294715e-01 6.062600e+10
3.327531e-01 5.963422e+10
3.360674e-01 5.865757e+10
3.394148e-01 5.771667e+10
3.427954e-01 5.680603e+10
3.462098e-01 5.590894e+10
3.496581e-01 5.498559e+10
3.531408e-01 5.405374e+10
3.566582e-01 5.313693e+10
3.602107e-01 5.223495e+10
3.637985e-01 5.134754e+10
3.674220e-01 5.047448e+10
3.710816e-01 4.961555e+10
3.747777e-01 4.877052e+10
3.785106e-01 4.793917e+10
3.822807e-01 4.712128e+10
3.860883e-01 4.631664e+10
3.899339e-01 4.552505e+10
3.938178e-01 4.474628e+10
3.977403e-01 4.399984e+10
4.017019e-01 4.332658e+10
4.057030e-01 4.266286e+10
4.097439e-01 4.200855e+10
4.138251e-01 4.136351e+10
4.179469e-01 4.072762e+10
4.221098e-01 4.010367e+10
4.263141e-01 3.948168e+10
4.305604e-01 3.890921e+10
4.348489e-01 3.834458e+10
4.391801e-01 3.778767e+10
4.435545e-01 3.711684e+10
4.479724e-01 3.644799e+10
4.524343e-01 3.579031e+10
4.569407e-01 3.514362e+10
4.614920e-01 3.450775e+10
4.660886e-01 3.388253e+10
4.707310e-01 3.328514e+10
4.754196e-01 3.272826e+10
4.801549e-01 3.218032e+10
4.849374e-01 3.164117e+10
4.897675e-01 3.111068e+10
4.946458e-01 3.058870e+10
4.995726e-01 3.007511e+10
5.045485e-01 2.951189e+10
5.095739e-01 2.896754e+10
5.146494e-01 2.844013e+10
5.197755e-01 2.792490e+10
5.249526e-01 2.747821e+10
5.301813e-01 2.703771e+10
5.354621e-01 2.660331e+10
5.407955e-01 2.617494e+10
5.461819e-01 2.575253e+10
5.516221e-01 2.533988e+10
5.571164e-01 2.497277e+10
5.626655e-01 2.453971e+10
5.682698e-01 2.414361e+10
5.739299e-01 2.375671e+10
5.796464e-01 2.337515e+10
5.854199e-01 2.297660e+10
5.912508e-01 2.259369e+10
5.971399e-01 2.222903e+10
6.030876e-01 2.186941e+10
6.090945e-01 2.151476e+10
6.151613e-01 2.116503e+10
6.212885e-01 2.082014e+10
6.274767e-01 2.048005e+10
6.337265e-01 2.012312e+10
6.400387e-01 1.975457e+10
6.464136e-01 1.941341e+10
6.528521e-01 1.908624e+10
6.593547e-01 1.876376e+10
6.659221e-01 1.844275e+10
6.725549e-01 1.808583e+10
6.792537e-01 1.772691e+10
6.860193e-01 1.743274e+10
6.928523e-01 1.716183e+10
6.997533e-01 1.688882e+10
7.067230e-01 1.661592e+10
7.137622e-01 1.634562e+10
7.208715e-01 1.606273e+10
7.280516e-01 1.581788e+10
7.353032e-01 1.551965e+10
7.426271e-01 1.524038e+10
7.500239e-01 1.494379e+10
7.574943e-01 1.468542e+10
7.650392e-01 1.437981e+10
7.726592e-01 1.411559e+10
7.803551e-01 1.386462e+10
7.881277e-01 1.358192e+10
7.959777e-01 1.333672e+10
8.039059e-01 1.308704e+10
8.119130e-01 1.283390e+10
8.199999e-01 1.258970e+10
8.281674e-01 1.236963e+10
8.364162e-01 1.215283e+10
8.447471e-01 1.193948e+10
8.531611e-01 1.168940e+10
8.616588e-01 1.146372e+10
8.702412e-01 1.124099e+10
8.789091e-01 1.101171e+10
8.876633e-01 1.078799e+10
8.965047e-01 1.059216e+10
9.054341e-01 1.039921e+10
9.144525e-01 1.020383e+10
9.235607e-01 1.000747e+10
9.327597e-01 9.836597e+09
9.420503e-01 9.637669e+09
9.514334e-01 9.483321e+09
9.609099e-01 9.329907e+09
9.704809e-01 9.171076e+09
9.801472e-01 9.011324e+09
9.899097e-01 8.884594e+09
9.997695e-01 8.734368e+09
1.009728e+00 8.580660e+09
1.019785e+00 8.456700e+09
1.029942e+00 8.295124e+09
1.040201e+00 8.134172e+09
1.050561e+00 7.988143e+09
1.061025e+00 7.850505e+09
1.071593e+00 7.732075e+09
1.082267e+00 7.596322e+09
1.093047e+00 7.456336e+09
1.103934e+00 7.315191e+09
1.114929e+00 7.191328e+09
1.126034e+00 7.083607e+09
1.137250e+00 6.942098e+09
1.148577e+00 6.796214e+09
1.160017e+00 6.672107e+09
1.171571e+00 6.557626e+09
1.183241e+00 6.451126e+09
1.195026e+00 6.324426e+09
1.206929e+00 6.226012e+09
1.218950e+00 6.143403e+09
1.231091e+00 6.043169e+09
1.243353e+00 5.951027e+09
1.255738e+00 5.846134e+09
1.268245e+00 5.744378e+09
1.280877e+00 5.659975e+09
1.293635e+00 5.557648e+09
1.306520e+00 5.436099e+09
1.319533e+00 5.346183e+09
1.332676e+00 5.262468e+09
1.345950e+00 5.166886e+09
1.359356e+00 5.070176e+09
1.372896e+00 4.960618e+09
1.386570e+00 4.862260e+09
1.400381e+00 4.779676e+09
1.414329e+00 4.706024e+09
1.428416e+00 4.613986e+09
1.442644e+00 4.527166e+09
1.457013e+00 4.450299e+09
1.471525e+00 4.359302e+09
1.486182e+00 4.267255e+09
1.500985e+00 4.193757e+09
1.515935e+00 4.106564e+09
1.531035e+00 4.016709e+09
1.546284e+00 3.932150e+09
1.561686e+00 3.850737e+09
1.577240e+00 3.765763e+09
1.592950e+00 3.689730e+09
1.608816e+00 3.615174e+09
1.624841e+00 3.539996e+09
1.641025e+00 3.474038e+09
1.657370e+00 3.403846e+09
1.673878e+00 3.337435e+09
1.690550e+00 3.265985e+09
1.707388e+00 3.185312e+09
1.724395e+00 3.119162e+09
1.741570e+00 3.058000e+09
1.758917e+00 2.995991e+09
1.776436e+00 2.927722e+09
1.794130e+00 2.863962e+09
1.812000e+00 2.805576e+09
1.830048e+00 2.749048e+09
1.848276e+00 2.688402e+09
1.866685e+00 2.625760e+09
1.885278e+00 2.561142e+09
1.904056e+00 2.505705e+09
1.923021e+00 2.444789e+09
1.942175e+00 2.396098e+09
1.961519e+00 2.335409e+09
1.981057e+00 2.280706e+09
2.000789e+00 2.236172e+09
2.020717e+00 2.192882e+09
2.040844e+00 2.142953e+09
2.061171e+00 2.099898e+09
2.081701e+00 2.049937e+09
2.102436e+00 1.999058e+09
2.123377e+00 1.947103e+09
2.144526e+00 1.901884e+09
2.165886e+00 1.861764e+09
2.187459e+00 1.817823e+09
2.209247e+00 1.775429e+09
2.231252e+00 1.737420e+09
2.253476e+00 1.694749e+09
2.275921e+00 1.655707e+09
2.298590e+00 1.614896e+09
2.321484e+00 1.578510e+09
2.344607e+00 1.541311e+09
2.367960e+00 1.505053e+09
2.391546e+00 1.472414e+09
2.415366e+00 1.438158e+09
2.439424e+00 1.403679e+09
2.463721e+00 1.369483e+09
2.488261e+00 1.335603e+09
2.513045e+00 1.306339e+09
2.538075e+00 1.277307e+09
2.563355e+00 1.243287e+09
2.588887e+00 1.212391e+09
2.614673e+00 1.181321e+09
2.640716e+00 1.150459e+09
2.667018e+00 1.120778e+09
2.693583e+00 1.091194e+09
2.720412e+00 1.062190e+09
2.747508e+00 1.034709e+09
2.774874e+00 1.008419e+09
2.802512e+00 9.835957e+08
2.830426e+00 9.599302e+08
2.858618e+00 9.356508e+08
2.887091e+00 9.117263e+08
2.915847e+00 8.888038e+08
2.944890e+00 8.662775e+08
2.974222e+00 8.432829e+08
3.003846e+00 8.203706e+08
3.033765e+00 7.988670e+08
3.063983e+00 7.776647e+08
3.094501e+00 7.573823e+08
3.125323e+00 7.377112e+08
3.156452e+00 7.186411e+08
3.187891e+00 6.995581e+08
3.219644e+00 6.812042e+08
3.251712e+00 6.626321e+08
3.284100e+00 6.448162e+08
3.316811e+00 6.275380e+08
3.349847e+00 6.107228e+08
3.383213e+00 5.944547e+08
3.416911e+00 5.787423e+08
3.450944e+00 5.634361e+08
3.485317e+00 5.485256e+08
3.520031e+00 5.340449e+08
3.555092e+00 5.199538e+08
3.590502e+00 5.061429e+08
3.626264e+00 4.926103e+08
3.662383e+00 4.792667e+08
3.698861e+00 4.662874e+08
3.735703e+00 4.538261e+08
3.772912e+00 4.418918e+08
3.810491e+00 4.302878e+08
3.848445e+00 4.193726e+08
3.886777e+00 4.085329e+08
3.925490e+00 3.977039e+08
3.964589e+00 3.869479e+08
4.004078e+00 3.764756e+08
4.043960e+00 3.662795e+08
4.084239e+00 3.563526e+08
4.124919e+00 3.466878e+08
4.166004e+00 3.372783e+08
4.207499e+00 3.282814e+08
4.249407e+00 3.196780e+08
4.291732e+00 3.109172e+08
4.334479e+00 3.023231e+08
4.377652e+00 2.940383e+08
4.421255e+00 2.859085e+08
4.465292e+00 2.780763e+08
4.509768e+00 2.702949e+08
4.554686e+00 2.628103e+08
4.600052e+00 2.555386e+08
4.645870e+00 2.487880e+08
4.692144e+00 2.422454e+08
4.738880e+00 2.357596e+08
4.786080e+00 2.293421e+08
4.833751e+00 2.230992e+08
4.881897e+00 2.170264e+08
4.930522e+00 2.111188e+08
4.979631e+00 2.053721e+08
5.029230e+00 1.997818e+08
5.079323e+00 1.943438e+08
5.129914e+00 1.890537e+08
5.181010e+00 1.839077e+08
5.232614e+00 1.788688e+08
5.284733e+00 1.739294e+08
5.337370e+00 1.691264e+08
5.390532e+00 1.644560e+08
5.444223e+00 1.599146e+08
5.498449e+00 1.554953e+08
5.553216e+00 1.511710e+08
5.608527e+00 1.469538e+08
5.664390e+00 1.428435e+08
5.720809e+00 1.388407e+08
5.777790e+00 1.349502e+08
5.835339e+00 1.311100e+08
5.893460e+00 1.273654e+08
5.952161e+00 1.237278e+08
6.011446e+00 1.201940e+08
6.071322e+00 1.168158e+08
6.131794e+00 1.135800e+08
6.192869e+00 1.104665e+08
6.254552e+00 1.074470e+08
6.316849e+00 1.045100e+08
6.379767e+00 1.016533e+08
6.443311e+00 9.887470e+07
6.507489e+00 9.617164e+07
6.572305e+00 9.357628e+07
6.637767e+00 9.104840e+07
6.703881e+00 8.858631e+07
6.770654e+00 8.615804e+07
6.838092e+00 8.386373e+07
6.906201e+00 8.161651e+07
6.974989e+00 7.937882e+07
7.044462e+00 7.719991e+07
7.114627e+00 7.506293e+07
7.185491e+00 7.299648e+07
7.257061e+00 7.100096e+07
7.329343e+00 6.906000e+07
7.402346e+00 6.717211e+07
7.476075e+00 6.533583e+07
7.550539e+00 6.354977e+07
7.625745e+00 6.181253e+07
7.701700e+00 6.011410e+07
7.778411e+00 5.845493e+07
7.855886e+00 5.684156e+07
7.934133e+00 5.527271e+07
8.013160e+00 5.374717e+07
8.092973e+00 5.226373e+07
8.173582e+00 5.083453e+07
8.254993e+00 4.945637e+07
8.337215e+00 4.811558e+07
8.420257e+00 4.678618e+07
8.504125e+00 4.548703e+07
8.588829e+00 4.422396e+07
8.674376e+00 4.299443e+07
8.760775e+00 4.179421e+07
8.848035e+00 4.062750e+07
8.936164e+00 3.949335e+07
9.025171e+00 3.839087e+07
9.115065e+00 3.732431e+07
9.205854e+00 3.628862e+07
9.297547e+00 3.528167e+07
9.390153e+00 3.430266e+07
9.483682e+00 3.335077e+07
9.578142e+00 3.243236e+07
9.673543e+00 3.154117e+07
9.769895e+00 3.067687e+07
9.867206e+00 2.983254e+07
9.965486e+00 2.899886e+07
1.006475e+01 2.818848e+07
1.016499e+01 2.741402e+07
1.026624e+01 2.666105e+07
1.036849e+01 2.592877e+07
1.047177e+01 2.522000e+07
1.057607e+01 2.453217e+07
1.068141e+01 2.384203e+07
1.078780e+01 2.317131e+07
1.089525e+01 2.251946e+07
1.100377e+01 2.188596e+07
1.111337e+01 2.127028e+07
1.122406e+01 2.067720e+07
1.133586e+01 2.010655e+07
1.144877e+01 1.955164e+07
1.156280e+01 1.901205e+07
1.167797e+01 1.848735e+07
1.179429e+01 1.797714e+07
1.191176e+01 1.748100e+07
1.203041e+01 1.699855e+07
1.215023e+01 1.652015e+07
1.227125e+01 1.605446e+07
1.239348e+01 1.560190e+07
1.251692e+01 1.517415e+07
1.264159e+01 1.476250e+07
1.276751e+01 1.436202e+07
1.289468e+01 1.397240e+07
1.302311e+01 1.358871e+07
1.315282e+01 1.321617e+07
1.328383e+01 1.285776e+07
1.341614e+01 1.250718e+07
1.354977e+01 1.216121e+07
1.368473e+01 1.182482e+07
1.382103e+01 1.149773e+07
1.395870e+01 1.117790e+07
1.409773e+01 1.086579e+07
1.423815e+01 1.056240e+07
1.437996e+01 1.026747e+07
1.452319e+01 9.982910e+06
1.466785e+01 9.709122e+06
1.481394e+01 9.439086e+06
1.496149e+01 9.176561e+06
1.511052e+01 8.922283e+06
1.526102e+01 8.677601e+06
1.541303e+01 8.439629e+06
1.556654e+01 8.208186e+06
1.572159e+01 7.985471e+06
1.587818e+01 7.774338e+06
1.603633e+01 7.567628e+06
1.619606e+01 7.357649e+06
1.635738e+01 7.153496e+06
1.652030e+01 6.955009e+06
1.668485e+01 6.762029e+06
1.685104e+01 6.574404e+06
1.701888e+01 6.391986e+06
1.718839e+01 6.214629e+06
1.735959e+01 6.040601e+06
1.753250e+01 5.871269e+06
1.770713e+01 5.706683e+06
1.788350e+01 5.546712e+06
1.806162e+01 5.392082e+06
1.824152e+01 5.242819e+06
1.842321e+01 5.097689e+06
1.860671e+01 4.957760e+06
1.879204e+01 4.821209e+06
1.897922e+01 4.687899e+06
1.916826e+01 4.558276e+06
1.935918e+01 4.432238e+06
1.955200e+01 4.311981e+06
1.974674e+01 4.196336e+06
1.994343e+01 4.083032e+06
2.014207e+01 3.969804e+06
2.034269e+01 3.857768e+06
2.054531e+01 3.752694e+06
2.074995e+01 3.651108e+06
2.095662e+01 3.552273e+06
2.116536e+01 3.455617e+06
2.137617e+01 3.360246e+06
2.158908e+01 3.265903e+06
2.180412e+01 3.174208e+06
2.202129e+01 3.085089e+06
2.224063e+01 2.998171e+06
2.246216e+01 2.913066e+06
2.268589e+01 2.829617e+06
2.291184e+01 2.748348e+06
2.314005e+01 2.670310e+06
2.337054e+01 2.596701e+06
2.360331e+01 2.525510e+06
2.383841e+01 2.456539e+06
2.407585e+01 2.388765e+06
2.431565e+01 2.323135e+06
2.455784e+01 2.259318e+06
2.480244e+01 2.197255e+06
2.504948e+01 2.136896e+06
2.529899e+01 2.078196e+06
2.555097e+01 2.021108e+06
2.580547e+01 1.965442e+06
2.606250e+01 1.911303e+06
2.632209e+01 1.859801e+06
2.658426e+01 1.808752e+06
2.684905e+01 1.758941e+06
2.711648e+01 1.710569e+06
2.738656e+01 1.663943e+06
2.765934e+01 1.618588e+06
2.793484e+01 1.574470e+06
2.821308e+01 1.531554e+06
2.849409e+01 1.489790e+06
2.877790e+01 1.448977e+06
2.906453e+01 1.409730e+06
2.935403e+01 1.372047e+06
2.964640e+01 1.335370e+06
2.994169e+01 1.299675e+06
3.023992e+01 1.264934e+06
3.054111e+01 1.231122e+06
3.084531e+01 1.197754e+06
3.115254e+01 1.164978e+06
3.146283e+01 1.132718e+06
3.177621e+01 1.101279e+06
3.209271e+01 1.071746e+06
3.241236e+01 1.042601e+06
3.273520e+01 1.014071e+06
3.306125e+01 9.863219e+05
3.339055e+01 9.593319e+05
3.372313e+01 9.330805e+05
3.405903e+01 9.075475e+05
3.439826e+01 8.827132e+05
3.474088e+01 8.585585e+05
3.508691e+01 8.350647e+05
3.543639e+01 8.122139e+05
3.578935e+01 7.899884e+05
3.614582e+01 7.683711e+05
3.650584e+01 7.474489e+05
3.686945e+01 7.273721e+05
3.723668e+01 7.078347e+05
3.760757e+01 6.888475e+05
3.798215e+01 6.704733e+05
3.836047e+01 6.525894e+05
3.874255e+01 6.350022e+05
3.912844e+01 6.174976e+05
3.951817e+01 6.005988e+05
3.991178e+01 5.841625e+05
4.030931e+01 5.681495e+05
4.071081e+01 5.525126e+05
4.111630e+01 5.372865e+05
4.152583e+01 5.225659e+05
4.193944e+01 5.084636e+05
4.235717e+01 4.946081e+05
4.277906e+01 4.808047e+05
4.320515e+01 4.673866e+05
4.363549e+01 4.543477e+05
4.407011e+01 4.418269e+05
4.450906e+01 4.296510e+05
4.495239e+01 4.180266e+05
4.540013e+01 4.067654e+05
4.585232e+01 3.958125e+05
4.630903e+01 3.851547e+05
4.677028e+01 3.747338e+05
4.723613e+01 3.644789e+05
4.770661e+01 3.545045e+05
4.818178e+01 3.447954e+05
4.866169e+01 3.355636e+05
4.914638e+01 3.265793e+05
4.963589e+01 3.178361e+05
5.013028e+01 3.093272e+05
5.062959e+01 3.008296e+05
5.113388e+01 2.925479e+05
5.164318e+01 2.844942e+05
5.215757e+01 2.767641e+05
5.267707e+01 2.692892e+05
5.320175e+01 2.620161e+05
5.373166e+01 2.549394e+05
5.426684e+01 2.479460e+05
5.480735e+01 2.410991e+05
5.535325e+01 2.344414e+05
5.590459e+01 2.279677e+05
5.646141e+01 2.215401e+05
5.702379e+01 2.152417e+05
5.759176e+01 2.091223e+05
5.816539e+01 2.031768e+05
5.874474e+01 1.974598e+05
5.932985e+01 1.920179e+05
5.992080e+01 1.867262e+05
6.051763e+01 1.815805e+05
6.112040e+01 1.765666e+05
6.172918e+01 1.715652e+05
6.234402e+01 1.667655e+05
6.296498e+01 1.621334e+05
6.359213e+01 1.576299e+05
6.422553e+01 1.532516e+05
6.486524e+01 1.489949e+05
6.551131e+01 1.448564e+05
6.616383e+01 1.408714e+05
6.682284e+01 1.371038e+05
6.748842e+01 1.334442e+05
6.816062e+01 1.299104e+05
6.883952e+01 1.264627e+05
6.952518e+01 1.230181e+05
7.021768e+01 1.196673e+05
7.091706e+01 1.164078e+05
7.162342e+01 1.132260e+05
7.233681e+01 1.100984e+05
7.305731e+01 1.070209e+05
7.378498e+01 1.040338e+05
7.451990e+01 1.011972e+05
7.526214e+01 9.843803e+04
7.601178e+01 9.575408e+04
7.676888e+01 9.314332e+04
7.753352e+01 9.054226e+04
7.830578e+01 8.799605e+04
7.908572e+01 8.553719e+04
7.987344e+01 8.318487e+04
8.066901e+01 8.089724e+04
8.147249e+01 7.867253e+04
8.228398e+01 7.650899e+04
8.310356e+01 7.439709e+04
8.393129e+01 7.233245e+04
8.476728e+01 7.032511e+04
8.561158e+01 6.837347e+04
8.646430e+01 6.647599e+04
8.732551e+01 6.463118e+04
8.819530e+01 6.283756e+04
8.907375e+01 6.109372e+04
8.996095e+01 5.939827e+04
9.085699e+01 5.774987e+04
9.176196e+01 5.615063e+04
9.267593e+01 5.462029e+04
9.359901e+01 5.313167e+04
9.453129e+01 5.168362e+04
9.547285e+01 5.027505e+04
9.642379e+01 4.890488e+04
9.738420e+01 4.757206e+04
9.835417e+01 4.624569e+04
9.933381e+01 4.495576e+04
1.003232e+02 4.370181e+04
1.013225e+02 4.248283e+04
1.023317e+02 4.129786e+04
1.033509e+02 4.014595e+04
1.043803e+02 3.902617e+04
1.054200e+02 3.793762e+04
1.064700e+02 3.687944e+04
1.075305e+02 3.585599e+04
1.086015e+02 3.487116e+04
1.096832e+02 3.391338e+04
1.107757e+02 3.296776e+04
1.118790e+02 3.203186e+04
1.129934e+02 3.114992e+04
1.141188e+02 3.030066e+04
1.152555e+02 2.946536e+04
1.164035e+02 2.865232e+04
1.175629e+02 2.786171e+04
1.187339e+02 2.709292e+04
1.199165e+02 2.634534e+04
1.211109e+02 2.561839e+04
1.223172e+02 2.491150e+04
1.235355e+02 2.422412e+04
1.247660e+02 2.355570e+04
1.260087e+02 2.290572e+04
1.272637e+02 2.227369e+04
1.285313e+02 2.165909e+04
1.298115e+02 2.106194e+04
1.311045e+02 2.048020e+04
1.324103e+02 1.991719e+04
1.337292e+02 1.937290e+04
1.350612e+02 1.884054e+04
1.364064e+02 1.832281e+04
1.377651e+02 1.781931e+04
1.391373e+02 1.733461e+04
1.405231e+02 1.686451e+04
1.419228e+02 1.640715e+04
1.433364e+02 1.596220e+04
1.447640e+02 1.552932e+04
1.462059e+02 1.510818e+04
1.476622e+02 1.469876e+04
1.491329e+02 1.430548e+04
1.506183e+02 1.392243e+04
1.521186e+02 1.354842e+04
1.536337e+02 1.318446e+04
1.551639e+02 1.283027e+04
1.567094e+02 1.247991e+04
1.582703e+02 1.213889e+04
1.598467e+02 1.181163e+04
1.614388e+02 1.148979e+04
1.630468e+02 1.117832e+04
1.646708e+02 1.087277e+04
1.663110e+02 1.057212e+04
1.679675e+02 1.027979e+04
1.696405e+02 9.995538e+03
1.713302e+02 9.719147e+03
1.730367e+02 9.450786e+03
1.747602e+02 9.192912e+03
1.765008e+02 8.942075e+03
1.782588e+02 8.698085e+03
1.800343e+02 8.465910e+03
1.818275e+02 8.241504e+03
1.836386e+02 8.015024e+03
1.854677e+02 7.793478e+03
1.873150e+02 7.581622e+03
1.891807e+02 7.372491e+03
1.910650e+02 7.169140e+03
1.929681e+02 6.971721e+03
1.948901e+02 6.781517e+03
1.968313e+02 6.593933e+03
1.987918e+02 6.411541e+03
2.007718e+02 6.234197e+03
2.027715e+02 6.061761e+03
2.047912e+02 5.894098e+03
2.068310e+02 5.731075e+03
2.088911e+02 5.572564e+03
2.109717e+02 5.418440e+03
2.130731e+02 5.268995e+03
2.151953e+02 5.125251e+03
2.173387e+02 4.985428e+03
2.195035e+02 4.849421e+03
2.216898e+02 4.717124e+03
2.238979e+02 4.587362e+03
2.261280e+02 4.460868e+03
2.283803e+02 4.337936e+03
2.306550e+02 4.218392e+03
2.329524e+02 4.102512e+03
2.352727e+02 3.990660e+03
2.376161e+02 3.881859e+03
2.399828e+02 3.776025e+03
2.423731e+02 3.673077e+03
2.447872e+02 3.572937e+03
2.472254e+02 3.475527e+03
2.496878e+02 3.380774e+03
2.521748e+02 3.288604e+03
2.546865e+02 3.198948e+03
2.572233e+02 3.111737e+03
2.597853e+02 3.026904e+03
2.623729e+02 2.942702e+03
2.649862e+02 2.860532e+03
2.676255e+02 2.781122e+03
2.702912e+02 2.705627e+03
2.729833e+02 2.632183e+03
2.757023e+02 2.559963e+03
2.784484e+02 2.489120e+03
2.812218e+02 2.420237e+03
2.840229e+02 2.353261e+03
2.868519e+02 2.288138e+03
2.897090e+02 2.224817e+03
2.925946e+02 2.163248e+03
2.955089e+02 2.103384e+03
2.984523e+02 2.044503e+03
3.014249e+02 1.986939e+03
3.044272e+02 1.930997e+03
3.074594e+02 1.876629e+03
3.105218e+02 1.824162e+03
3.136147e+02 1.773893e+03
3.167384e+02 1.725009e+03
3.198932e+02 1.677473e+03
3.230794e+02 1.631485e+03
3.262974e+02 1.587468e+03
3.295474e+02 1.543770e+03
3.328298e+02 1.500479e+03
3.361449e+02 1.458733e+03
3.394930e+02 1.418919e+03
3.428745e+02 1.380179e+03
3.462896e+02 1.341430e+03
3.497387e+02 1.304464e+03
3.532222e+02 1.268517e+03
3.567404e+02 1.233008e+03
3.602937e+02 1.198985e+03
3.638823e+02 1.166151e+03
3.675067e+02 1.134104e+03
3.711672e+02 1.103049e+03
3.748641e+02 1.073364e+03
3.785979e+02 1.044600e+03
3.823688e+02 1.015732e+03
3.861773e+02 9.875826e+02
3.900238e+02 9.602129e+02
3.939085e+02 9.336018e+02
3.978320e+02 9.077281e+02
4.017945e+02 8.829797e+02
4.057965e+02 8.589306e+02
4.098384e+02 8.350820e+02
4.139205e+02 8.115405e+02
4.180433e+02 7.887265e+02
4.222071e+02 7.672344e+02
4.264124e+02 7.463737e+02
4.306596e+02 7.256033e+02
4.349491e+02 7.052246e+02
4.392813e+02 6.858281e+02
4.436567e+02 6.674402e+02
4.480757e+02 6.493087e+02
4.525386e+02 6.313518e+02
4.570461e+02 6.140191e+02
4.615984e+02 5.969793e+02
4.661960e+02 5.802176e+02
4.708395e+02 5.639266e+02
4.755292e+02 5.480931e+02
4.802656e+02 5.327043e+02
4.850492e+02 5.173686e+02
4.898804e+02 5.025617e+02
4.947598e+02 4.884231e+02
4.996877e+02 4.748071e+02
5.046648e+02 4.614654e+02
5.096914e+02 4.486661e+02
5.147681e+02 4.362247e+02
5.198953e+02 4.241284e+02
5.250736e+02 4.123675e+02
5.303035e+02 4.009126e+02
5.355855e+02 3.896298e+02
5.409201e+02 3.789684e+02
5.463078e+02 3.684959e+02
5.517492e+02 3.582777e+02
5.572448e+02 3.483511e+02
5.627952e+02 3.388072e+02
5.684008e+02 3.295249e+02
5.740622e+02 3.206398e+02
5.797800e+02 3.118378e+02
5.855548e+02 3.030592e+02
5.913871e+02 2.946530e+02
5.972775e+02 2.865414e+02
6.032266e+02 2.785859e+02
6.092349e+02 2.707781e+02
6.153031e+02 2.631892e+02
6.214317e+02 2.558299e+02
6.276213e+02 2.487166e+02
6.338726e+02 2.417889e+02
6.401862e+02 2.350779e+02
6.465626e+02 2.285623e+02
6.530026e+02 2.222699e+02
6.595067e+02 2.161507e+02
6.660756e+02 2.102000e+02
6.727099e+02 2.043973e+02
6.794103e+02 1.987588e+02
6.861774e+02 1.932800e+02
6.930120e+02 1.879523e+02
6.999146e+02 1.827714e+02
7.068859e+02 1.776173e+02
7.139267e+02 1.726576e+02
7.210377e+02 1.678848e+02
7.282194e+02 1.632441e+02
7.354727e+02 1.587316e+02
7.427982e+02 1.543438e+02
7.501967e+02 1.500608e+02
7.576689e+02 1.458411e+02
7.652155e+02 1.417402e+02
7.728373e+02 1.377546e+02
7.805350e+02 1.339135e+02
7.883094e+02 1.301721e+02
7.961612e+02 1.266209e+02
8.040912e+02 1.231478e+02
8.121002e+02 1.196948e+02
8.201889e+02 1.163588e+02
8.283583e+02 1.131438e+02
8.366090e+02 1.100926e+02
8.449419e+02 1.070602e+02
8.533577e+02 1.041044e+02
8.618574e+02 1.012301e+02
8.704418e+02 9.843519e+01
8.791117e+02 9.571745e+01
8.878679e+02 9.307475e+01
8.967113e+02 9.050501e+01
9.056428e+02 8.800622e+01
9.146633e+02 8.557985e+01
9.237736e+02 8.324743e+01
9.329747e+02 8.097858e+01
9.422674e+02 7.877157e+01
9.516527e+02 7.662472e+01
9.611314e+02 7.452443e+01
9.707046e+02 7.247033e+01
9.803731e+02 7.046209e+01
9.901379e+02 6.850605e+01
1.000000e+03 6.660432e+01
