5.011872e-02 2.469271e+11
5.061792e-02 2.434339e+11
5.112209e-02 2.399892e+11
5.163128e-02 2.365926e+11
5.214555e-02 2.332432e+11
5.266493e-02 2.299404e+11
5.318949e-02 2.266836e+11
5.371927e-02 2.234721e+11
5.425433e-02 2.203054e+11
5.479472e-02 2.171827e+11
5.534050e-02 2.141035e+11
5.589170e-02 2.110672e+11
5.644840e-02 2.080731e+11
5.701065e-02 2.051208e+11
5.757849e-02 2.022096e+11
5.815199e-02 1.993389e+11
5.873120e-02 1.965082e+11
5.931618e-02 1.937169e+11
5.990699e-02 1.909646e+11
6.050368e-02 1.882506e+11
6.110631e-02 1.855744e+11
6.171495e-02 1.829355e+11
6.232965e-02 1.803333e+11
6.295047e-02 1.777675e+11
6.357748e-02 1.752374e+11
6.421073e-02 1.727426e+11
6.485029e-02 1.702825e+11
6.549622e-02 1.679005e+11
6.614858e-02 1.655581e+11
6.680744e-02 1.632473e+11
6.747286e-02 1.609677e+11
6.814491e-02 1.587188e+11
6.882366e-02 1.565004e+11
6.950916e-02 1.543119e+11
7.020149e-02 1.521530e+11
7.090072e-02 1.500232e+11
7.160691e-02 1.479222e+11
7.232014e-02 1.458496e+11
7.304047e-02 1.438051e+11
7.376798e-02 1.417882e+11
7.450273e-02 1.397985e+11
7.524480e-02 1.378358e+11
7.599426e-02 1.358996e+11
7.675118e-02 1.339897e+11
7.751565e-02 1.321055e+11
7.828773e-02 1.302469e+11
7.906750e-02 1.284783e+11
7.985503e-02 1.267539e+11
8.065042e-02 1.250517e+11
8.145372e-02 1.233714e+11
8.226502e-02 1.217128e+11
8.308441e-02 1.200756e+11
8.391195e-02 1.184595e+11
8.474774e-02 1.168643e+11
8.559185e-02 1.152897e+11
8.644437e-02 1.137354e+11
8.730539e-02 1.122012e+11
8.817498e-02 1.106867e+11
8.905322e-02 1.091919e+11
8.994022e-02 1.077163e+11
9.083605e-02 1.062598e+11
9.174081e-02 1.048221e+11
9.265457e-02 1.034030e+11
9.357744e-02 1.019291e+11
9.450950e-02 1.004520e+11
9.545085e-02 9.899582e+10
9.640156e-02 9.756016e+10
9.736175e-02 9.614476e+10
9.833151e-02 9.474935e+10
9.931092e-02 9.337363e+10
1.003001e-01 9.211677e+10
1.012991e-01 9.088962e+10
1.023081e-01 8.967845e+10
1.033271e-01 8.848304e+10
1.043563e-01 8.730318e+10
1.053957e-01 8.613868e+10
1.064455e-01 8.498933e+10
1.075057e-01 8.383776e+10
1.085765e-01 8.260070e+10
1.096579e-01 8.138145e+10
1.107502e-01 8.017977e+10
1.118533e-01 7.899539e+10
1.129674e-01 7.783294e+10
1.140925e-01 7.669106e+10
1.152289e-01 7.556517e+10
1.163767e-01 7.445508e+10
1.175358e-01 7.336054e+10
1.187065e-01 7.228136e+10
1.198888e-01 7.121732e+10
1.210830e-01 7.016821e+10
1.222890e-01 6.913382e+10
1.235070e-01 6.811397e+10
1.247372e-01 6.710843e+10
1.259796e-01 6.611702e+10
1.272344e-01 6.513954e+10
1.285017e-01 6.417581e+10
1.297816e-01 6.322563e+10
1.310743e-01 6.228881e+10
1.323798e-01 6.136517e+10
1.336984e-01 6.045453e+10
1.350301e-01 5.955671e+10
1.363750e-01 5.867154e+10
1.377333e-01 5.779883e+10
1.391052e-01 5.693842e+10
1.404907e-01 5.609015e+10
1.418901e-01 5.525383e+10
1.433033e-01 5.442931e+10
1.447307e-01 5.361643e+10
1.461722e-01 5.281502e+10
1.476281e-01 5.202493e+10
1.490986e-01 5.124599e+10
1.505836e-01 5.047807e+10
1.520835e-01 4.970889e+10
1.535983e-01 4.894364e+10
1.551282e-01 4.819654e+10
1.566733e-01 4.748201e+10
1.582338e-01 4.677771e+10
1.598099e-01 4.608349e+10
1.614016e-01 4.539920e+10
1.630092e-01 4.476205e+10
1.646329e-01 4.413505e+10
1.662727e-01 4.351628e+10
1.679288e-01 4.290562e+10
1.696014e-01 4.230071e+10
1.712907e-01 4.168424e+10
1.729968e-01 4.107616e+10
1.747199e-01 4.047636e+10
1.764602e-01 3.988473e+10
1.782177e-01 3.930116e+10
1.799929e-01 3.869786e+10
1.817856e-01 3.807592e+10
1.835963e-01 3.746370e+10
1.854249e-01 3.686104e+10
1.872718e-01 3.626780e+10
1.891371e-01 3.568383e+10
1.910210e-01 3.511381e+10
1.929236e-01 3.455595e+10
1.948452e-01 3.400662e+10
1.967859e-01 3.347803e+10
1.987460e-01 3.298974e+10
2.007255e-01 3.251537e+10
2.027248e-01 3.205677e+10
2.047440e-01 3.161817e+10
2.067833e-01 3.118495e+10
2.088430e-01 3.075704e+10
2.109231e-01 3.033438e+10
2.130239e-01 2.991691e+10
2.151457e-01 2.950457e+10
2.172886e-01 2.909729e+10
2.194529e-01 2.869503e+10
2.216387e-01 2.829772e+10
2.238463e-01 2.790530e+10
2.260759e-01 2.750348e+10
2.283277e-01 2.709653e+10
2.306019e-01 2.667525e+10
2.328988e-01 2.625100e+10
2.352185e-01 2.583321e+10
2.375613e-01 2.542178e+10
2.399275e-01 2.501662e+10
2.423173e-01 2.461764e+10
2.447308e-01 2.422473e+10
2.471684e-01 2.384068e+10
2.496303e-01 2.347924e+10
2.521167e-01 2.312307e+10
2.546279e-01 2.277210e+10
2.571640e-01 2.242766e+10
2.597255e-01 2.209821e+10
2.623124e-01 2.176151e+10
2.649251e-01 2.142970e+10
2.675638e-01 2.110270e+10
2.702289e-01 2.078045e+10
2.729204e-01 2.046289e+10
2.756388e-01 2.014993e+10
2.783842e-01 1.984153e+10
2.811570e-01 1.953761e+10
2.839574e-01 1.923811e+10
2.867857e-01 1.894296e+10
2.896422e-01 1.865212e+10
2.925271e-01 1.836551e+10
2.954408e-01 1.808961e+10
2.983835e-01 1.781957e+10
3.013555e-01 1.755344e+10
3.043571e-01 1.728319e+10
3.073886e-01 1.700289e+10
3.104502e-01 1.672684e+10
3.135424e-01 1.645498e+10
3.166654e-01 1.618726e+10
3.198195e-01 1.592361e+10
3.230050e-01 1.566397e+10
3.262222e-01 1.540829e+10
3.294715e-01 1.515650e+10
3.327531e-01 1.490855e+10
3.360674e-01 1.466439e+10
3.394148e-01 1.442917e+10
3.427954e-01 1.420151e+10
3.462098e-01 1.397724e+10
3.496581e-01 1.374640e+10
3.531408e-01 1.351343e+10
3.566582e-01 1.328423e+10
3.602107e-01 1.305874e+10
3.637985e-01 1.283688e+10
3.674220e-01 1.261862e+10
3.710816e-01 1.240389e+10
3.747777e-01 1.219263e+10
3.785106e-01 1.198479e+10
3.822807e-01 1.178032e+10
3.860883e-01 1.157916e+10
3.899339e-01 1.138126e+10
3.938178e-01 1.118657e+10
3.977403e-01 1.099996e+10
4.017019e-01 1.083164e+10
4.057030e-01 1.066571e+10
4.097439e-01 1.050214e+10
4.138251e-01 1.034088e+10
4.179469e-01 1.018190e+10
4.221098e-01 1.002592e+10
4.263141e-01 9.870421e+09
4.305604e-01 9.727303e+09
4.348489e-01 9.586145e+09
4.391801e-01 9.446918e+09
4.435545e-01 9.279211e+09
4.479724e-01 9.111998e+09
4.524343e-01 8.947577e+09
4.569407e-01 8.785906e+09
4.614920e-01 8.626939e+09
4.660886e-01 8.470634e+09
4.707310e-01 8.321284e+09
4.754196e-01 8.182065e+09
4.801549e-01 8.045080e+09
4.849374e-01 7.910294e+09
4.897675e-01 7.777670e+09
4.946458e-01 7.647176e+09
4.995726e-01 7.518777e+09
5.045485e-01 7.377971e+09
5.095739e-01 7.241886e+09
5.146494e-01 7.110031e+09
5.197755e-01 6.981225e+09
5.249526e-01 6.869553e+09
5.301813e-01 6.759427e+09
5.354621e-01 6.650828e+09
5.407955e-01 6.543736e+09
5.461819e-01 6.438132e+09
5.516221e-01 6.334971e+09
5.571164e-01 6.243191e+09
5.626655e-01 6.134929e+09
5.682698e-01 6.035904e+09
5.739299e-01 5.939176e+09
5.796464e-01 5.843787e+09
5.854199e-01 5.744150e+09
5.912508e-01 5.648422e+09
5.971399e-01 5.557258e+09
6.030876e-01 5.467352e+09
6.090945e-01 5.378690e+09
6.151613e-01 5.291256e+09
6.212885e-01 5.205036e+09
6.274767e-01 5.120013e+09
6.337265e-01 5.030779e+09
6.400387e-01 4.938643e+09
6.464136e-01 4.853352e+09
6.528521e-01 4.771560e+09
6.593547e-01 4.690940e+09
6.659221e-01 4.610688e+09
6.725549e-01 4.521458e+09
6.792537e-01 4.431728e+09
6.860193e-01 4.358186e+09
6.928523e-01 4.290456e+09
6.997533e-01 4.222206e+09
7.067230e-01 4.153981e+09
7.137622e-01 4.086404e+09
7.208715e-01 4.015682e+09
7.280516e-01 3.954470e+09
7.353032e-01 3.879912e+09
7.426271e-01 3.810095e+09
7.500239e-01 3.735948e+09
7.574943e-01 3.671356e+09
7.650392e-01 3.594953e+09
7.726592e-01 3.528898e+09
7.803551e-01 3.466155e+09
7.881277e-01 3.395479e+09
7.959777e-01 3.334180e+09
8.039059e-01 3.271761e+09
8.119130e-01 3.208474e+09
8.199999e-01 3.147424e+09
8.281674e-01 3.092407e+09
8.364162e-01 3.038207e+09
8.447471e-01 2.984870e+09
8.531611e-01 2.922351e+09
8.616588e-01 2.865929e+09
8.702412e-01 2.810247e+09
8.789091e-01 2.752928e+09
8.876633e-01 2.696996e+09
8.965047e-01 2.648039e+09
9.054341e-01 2.599802e+09
9.144525e-01 2.550958e+09
9.235607e-01 2.501868e+09
9.327597e-01 2.459149e+09
9.420503e-01 2.409417e+09
9.514334e-01 2.370830e+09
9.609099e-01 2.332477e+09
9.704809e-01 2.292769e+09
9.801472e-01 2.252831e+09
9.899097e-01 2.221149e+09
9.997695e-01 2.183592e+09
1.009728e+00 2.145165e+09
1.019785e+00 2.114175e+09
1.029942e+00 2.073781e+09
1.040201e+00 2.033543e+09
1.050561e+00 1.997036e+09
1.061025e+00 1.962626e+09
1.071593e+00 1.933019e+09
1.082267e+00 1.899081e+09
1.093047e+00 1.864084e+09
1.103934e+00 1.828798e+09
1.114929e+00 1.797832e+09
1.126034e+00 1.770902e+09
1.137250e+00 1.735524e+09
1.148577e+00 1.699053e+09
1.160017e+00 1.668027e+09
1.171571e+00 1.639406e+09
1.183241e+00 1.612781e+09
1.195026e+00 1.581106e+09
1.206929e+00 1.556503e+09
1.218950e+00 1.535851e+09
1.231091e+00 1.510792e+09
1.243353e+00 1.487757e+09
1.255738e+00 1.461534e+09
1.268245e+00 1.436094e+09
1.280877e+00 1.414994e+09
1.293635e+00 1.389412e+09
1.306520e+00 1.359025e+09
1.319533e+00 1.336546e+09
1.332676e+00 1.315617e+09
1.345950e+00 1.291722e+09
1.359356e+00 1.267544e+09
1.372896e+00 1.240154e+09
1.386570e+00 1.215565e+09
1.400381e+00 1.194919e+09
1.414329e+00 1.176506e+09
1.428416e+00 1.153497e+09
1.442644e+00 1.131792e+09
1.457013e+00 1.112575e+09
1.471525e+00 1.089826e+09
1.486182e+00 1.066814e+09
1.500985e+00 1.048439e+09
1.515935e+00 1.026641e+09
1.531035e+00 1.004177e+09
1.546284e+00 9.830375e+08
1.561686e+00 9.626843e+08
1.577240e+00 9.414406e+08
1.592950e+00 9.224325e+08
1.608816e+00 9.037934e+08
1.624841e+00 8.849989e+08
1.641025e+00 8.685096e+08
1.657370e+00 8.509616e+08
1.673878e+00 8.343587e+08
1.690550e+00 8.164963e+08
1.707388e+00 7.963279e+08
1.724395e+00 7.797906e+08
1.741570e+00 7.645001e+08
1.758917e+00 7.489977e+08
1.776436e+00 7.319304e+08
1.794130e+00 7.159906e+08
1.812000e+00 7.013939e+08
1.830048e+00 6.872620e+08
1.848276e+00 6.721006e+08
1.866685e+00 6.564401e+08
1.885278e+00 6.402854e+08
1.904056e+00 6.264264e+08
1.923021e+00 6.111973e+08
1.942175e+00 5.990245e+08
1.961519e+00 5.838522e+08
1.981057e+00 5.701765e+08
2.000789e+00 5.590430e+08
2.020717e+00 5.482205e+08
2.040844e+00 5.357384e+08
2.061171e+00 5.249746e+08
2.081701e+00 5.124842e+08
2.102436e+00 4.997646e+08
2.123377e+00 4.867758e+08
2.144526e+00 4.754709e+08
2.165886e+00 4.654411e+08
2.187459e+00 4.544558e+08
2.209247e+00 4.438573e+08
2.231252e+00 4.343550e+08
2.253476e+00 4.236873e+08
2.275921e+00 4.139267e+08
2.298590e+00 4.037241e+08
2.321484e+00 3.946274e+08
2.344607e+00 3.853279e+08
2.367960e+00 3.762633e+08
2.391546e+00 3.681034e+08
2.415366e+00 3.595396e+08
2.439424e+00 3.509198e+08
2.463721e+00 3.423708e+08
2.488261e+00 3.339006e+08
2.513045e+00 3.265846e+08
2.538075e+00 3.193266e+08
2.563355e+00 3.108219e+08
2.588887e+00 3.030977e+08
2.614673e+00 2.953303e+08
2.640716e+00 2.876147e+08
2.667018e+00 2.801944e+08
2.693583e+00 2.727985e+08
2.720412e+00 2.655475e+08
2.747508e+00 2.586773e+08
2.774874e+00 2.521047e+08
2.802512e+00 2.458989e+08
2.830426e+00 2.399826e+08
2.858618e+00 2.339127e+08
2.887091e+00 2.279316e+08
2.915847e+00 2.222010e+08
2.944890e+00 2.165694e+08
2.974222e+00 2.108207e+08
3.003846e+00 2.050926e+08
3.033765e+00 1.997168e+08
3.063983e+00 1.944162e+08
3.094501e+00 1.893456e+08
3.125323e+00 1.844278e+08
3.156452e+00 1.796603e+08
3.187891e+00 1.748895e+08
3.219644e+00 1.703011e+08
3.251712e+00 1.656580e+08
3.284100e+00 1.612041e+08
3.316811e+00 1.568845e+08
3.349847e+00 1.526807e+08
3.383213e+00 1.486137e+08
3.416911e+00 1.446856e+08
3.450944e+00 1.408590e+08
3.485317e+00 1.371314e+08
3.520031e+00 1.335112e+08
3.555092e+00 1.299884e+08
3.590502e+00 1.265357e+08
3.626264e+00 1.231526e+08
3.662383e+00 1.198167e+08
3.698861e+00 1.165718e+08
3.735703e+00 1.134565e+08
3.772912e+00 1.104730e+08
3.810491e+00 1.075719e+08
3.848445e+00 1.048432e+08
3.886777e+00 1.021332e+08
3.925490e+00 9.942597e+07
3.964589e+00 9.673699e+07
4.004078e+00 9.411890e+07
4.043960e+00 9.156988e+07
4.084239e+00 8.908814e+07
4.124919e+00 8.667194e+07
4.166004e+00 8.431957e+07
4.207499e+00 8.207035e+07
4.249407e+00 7.991950e+07
4.291732e+00 7.772930e+07
4.334479e+00 7.558077e+07
4.377652e+00 7.350958e+07
4.421255e+00 7.147713e+07
4.465292e+00 6.951909e+07
4.509768e+00 6.757373e+07
4.554686e+00 6.570258e+07
4.600052e+00 6.388466e+07
4.645870e+00 6.219700e+07
4.692144e+00 6.056135e+07
4.738880e+00 5.893990e+07
4.786080e+00 5.733552e+07
4.833751e+00 5.577481e+07
4.881897e+00 5.425659e+07
4.930522e+00 5.277971e+07
4.979631e+00 5.134303e+07
5.029230e+00 4.994546e+07
5.079323e+00 4.858594e+07
5.129914e+00 4.726343e+07
5.181010e+00 4.597693e+07
5.232614e+00 4.471720e+07
5.284733e+00 4.348235e+07
5.337370e+00 4.228160e+07
5.390532e+00 4.111401e+07
5.444223e+00 3.997866e+07
5.498449e+00 3.887382e+07
5.553216e+00 3.779275e+07
5.608527e+00 3.673844e+07
5.664390e+00 3.571087e+07
5.720809e+00 3.471018e+07
5.777790e+00 3.373754e+07
5.835339e+00 3.277750e+07
5.893460e+00 3.184135e+07
5.952161e+00 3.093194e+07
6.011446e+00 3.004851e+07
6.071322e+00 2.920395e+07
6.131794e+00 2.839501e+07
6.192869e+00 2.761663e+07
6.254552e+00 2.686175e+07
6.316849e+00 2.612750e+07
6.379767e+00 2.541333e+07
6.443311e+00 2.471867e+07
6.507489e+00 2.404291e+07
6.572305e+00 2.339407e+07
6.637767e+00 2.276210e+07
6.703881e+00 2.214658e+07
6.770654e+00 2.153951e+07
6.838092e+00 2.096593e+07
6.906201e+00 2.040413e+07
6.974989e+00 1.984470e+07
7.044462e+00 1.929998e+07
7.114627e+00 1.876573e+07
7.185491e+00 1.824912e+07
7.257061e+00 1.775024e+07
7.329343e+00 1.726500e+07
7.402346e+00 1.679303e+07
7.476075e+00 1.633396e+07
7.550539e+00 1.588744e+07
7.625745e+00 1.545313e+07
7.701700e+00 1.502853e+07
7.778411e+00 1.461373e+07
7.855886e+00 1.421039e+07
7.934133e+00 1.381818e+07
8.013160e+00 1.343679e+07
8.092973e+00 1.306593e+07
8.173582e+00 1.270863e+07
8.254993e+00 1.236409e+07
8.337215e+00 1.202890e+07
8.420257e+00 1.169655e+07
8.504125e+00 1.137176e+07
8.588829e+00 1.105599e+07
8.674376e+00 1.074861e+07
8.760775e+00 1.044855e+07
8.848035e+00 1.015687e+07
8.936164e+00 9.873338e+06
9.025171e+00 9.597717e+06
9.115065e+00 9.331078e+06
9.205854e+00 9.072156e+06
9.297547e+00 8.820418e+06
9.390153e+00 8.575665e+06
9.483682e+00 8.337691e+06
9.578142e+00 8.108089e+06
9.673543e+00 7.885291e+06
9.769895e+00 7.669217e+06
9.867206e+00 7.458135e+06
9.965486e+00 7.249716e+06
1.006475e+01 7.047121e+06
1.016499e+01 6.853505e+06
1.026624e+01 6.665262e+06
1.036849e+01 6.482192e+06
1.047177e+01 6.305001e+06
1.057607e+01 6.133043e+06
1.068141e+01 5.960508e+06
1.078780e+01 5.792828e+06
1.089525e+01 5.629866e+06
1.100377e+01 5.471490e+06
1.111337e+01 5.317570e+06
1.122406e+01 5.169300e+06
1.133586e+01 5.026637e+06
1.144877e+01 4.887910e+06
1.156280e+01 4.753013e+06
1.167797e+01 4.621838e+06
1.179429e+01 4.494284e+06
1.191176e+01 4.370250e+06
1.203041e+01 4.249639e+06
1.215023e+01 4.130038e+06
1.227125e+01 4.013615e+06
1.239348e+01 3.900474e+06
1.251692e+01 3.793538e+06
1.264159e+01 3.690625e+06
1.276751e+01 3.590504e+06
1.289468e+01 3.493101e+06
1.302311e+01 3.397177e+06
1.315282e+01 3.304043e+06
1.328383e+01 3.214440e+06
1.341614e+01 3.126794e+06
1.354977e+01 3.040303e+06
1.368473e+01 2.956205e+06
1.382103e+01 2.874433e+06
1.395870e+01 2.794475e+06
1.409773e+01 2.716448e+06
1.423815e+01 2.640599e+06
1.437996e+01 2.566869e+06
1.452319e+01 2.495727e+06
1.466785e+01 2.427281e+06
1.481394e+01 2.359772e+06
1.496149e+01 2.294140e+06
1.511052e+01 2.230571e+06
1.526102e+01 2.169400e+06
1.541303e+01 2.109907e+06
1.556654e+01 2.052046e+06
1.572159e+01 1.996368e+06
1.587818e+01 1.943584e+06
1.603633e+01 1.891907e+06
1.619606e+01 1.839412e+06
1.635738e+01 1.788374e+06
1.652030e+01 1.738752e+06
1.668485e+01 1.690507e+06
1.685104e+01 1.643601e+06
1.701888e+01 1.597996e+06
1.718839e+01 1.553657e+06
1.735959e+01 1.510150e+06
1.753250e+01 1.467817e+06
1.770713e+01 1.426671e+06
1.788350e+01 1.386678e+06
1.806162e+01 1.348020e+06
1.824152e+01 1.310705e+06
1.842321e+01 1.274422e+06
1.860671e+01 1.239440e+06
1.879204e+01 1.205302e+06
1.897922e+01 1.171975e+06
1.916826e+01 1.139569e+06
1.935918e+01 1.108059e+06
1.955200e+01 1.077995e+06
1.974674e+01 1.049084e+06
1.994343e+01 1.020758e+06
2.014207e+01 9.924509e+05
2.034269e+01 9.644420e+05
2.054531e+01 9.381735e+05
2.074995e+01 9.127769e+05
2.095662e+01 8.880682e+05
2.116536e+01 8.639044e+05
2.137617e+01 8.400615e+05
2.158908e+01 8.164757e+05
2.180412e+01 7.935521e+05
2.202129e+01 7.712723e+05
2.224063e+01 7.495428e+05
2.246216e+01 7.282664e+05
2.268589e+01 7.074044e+05
2.291184e+01 6.870870e+05
2.314005e+01 6.675776e+05
2.337054e+01 6.491752e+05
2.360331e+01 6.313774e+05
2.383841e+01 6.141346e+05
2.407585e+01 5.971912e+05
2.431565e+01 5.807837e+05
2.455784e+01 5.648295e+05
2.480244e+01 5.493137e+05
2.504948e+01 5.342241e+05
2.529899e+01 5.195490e+05
2.555097e+01 5.052771e+05
2.580547e+01 4.913606e+05
2.606250e+01 4.778257e+05
2.632209e+01 4.649502e+05
2.658426e+01 4.521881e+05
2.684905e+01 4.397353e+05
2.711648e+01 4.276422e+05
2.738656e+01 4.159857e+05
2.765934e+01 4.046469e+05
2.793484e+01 3.936174e+05
2.821308e+01 3.828886e+05
2.849409e+01 3.724475e+05
2.877790e+01 3.622443e+05
2.906453e+01 3.524326e+05
2.935403e+01 3.430116e+05
2.964640e+01 3.338426e+05
2.994169e+01 3.249187e+05
3.023992e+01 3.162335e+05
3.054111e+01 3.077804e+05
3.084531e+01 2.994384e+05
3.115254e+01 2.912445e+05
3.146283e+01 2.831795e+05
3.177621e+01 2.753198e+05
3.209271e+01 2.679365e+05
3.241236e+01 2.606503e+05
3.273520e+01 2.535178e+05
3.306125e+01 2.465805e+05
3.339055e+01 2.398330e+05
3.372313e+01 2.332701e+05
3.405903e+01 2.268869e+05
3.439826e+01 2.206783e+05
3.474088e+01 2.146396e+05
3.508691e+01 2.087662e+05
3.543639e+01 2.030535e+05
3.578935e+01 1.974971e+05
3.614582e+01 1.920928e+05
3.650584e+01 1.868622e+05
3.686945e+01 1.818430e+05
3.723668e+01 1.769587e+05
3.760757e+01 1.722119e+05
3.798215e+01 1.676183e+05
3.836047e+01 1.631474e+05
3.874255e+01 1.587505e+05
3.912844e+01 1.543744e+05
3.951817e+01 1.501497e+05
3.991178e+01 1.460406e+05
4.030931e+01 1.420374e+05
4.071081e+01 1.381281e+05
4.111630e+01 1.343216e+05
4.152583e+01 1.306415e+05
4.193944e+01 1.271159e+05
4.235717e+01 1.236520e+05
4.277906e+01 1.202012e+05
4.320515e+01 1.168467e+05
4.363549e+01 1.135869e+05
4.407011e+01 1.104567e+05
4.450906e+01 1.074128e+05
4.495239e+01 1.045066e+05
4.540013e+01 1.016913e+05
4.585232e+01 9.895313e+04
4.630903e+01 9.628867e+04
4.677028e+01 9.368346e+04
4.723613e+01 9.111971e+04
4.770661e+01 8.862613e+04
4.818178e+01 8.619885e+04
4.866169e+01 8.389089e+04
4.914638e+01 8.164484e+04
4.963589e+01 7.945901e+04
5.013028e+01 7.733181e+04
5.062959e+01 7.520740e+04
5.113388e+01 7.313697e+04
5.164318e+01 7.112356e+04
5.215757e+01 6.919103e+04
5.267707e+01 6.732229e+04
5.320175e+01 6.550402e+04
5.373166e+01 6.373486e+04
5.426684e+01 6.198651e+04
5.480735e+01 6.027477e+04
5.535325e+01 5.861034e+04
5.590459e+01 5.699191e+04
5.646141e+01 5.538503e+04
5.702379e+01 5.381041e+04
5.759176e+01 5.228057e+04
5.816539e+01 5.079421e+04
5.874474e+01 4.936494e+04
5.932985e+01 4.800448e+04
5.992080e+01 4.668155e+04
6.051763e+01 4.539512e+04
6.112040e+01 4.414166e+04
6.172918e+01 4.289131e+04
6.234402e+01 4.169139e+04
6.296498e+01 4.053335e+04
6.359213e+01 3.940748e+04
6.422553e+01 3.831289e+04
6.486524e+01 3.724872e+04
6.551131e+01 3.621410e+04
6.616383e+01 3.521785e+04
6.682284e+01 3.427596e+04
6.748842e+01 3.336106e+04
6.816062e+01 3.247761e+04
6.883952e+01 3.161568e+04
6.952518e+01 3.075452e+04
7.021768e+01 2.991682e+04
7.091706e+01 2.910195e+04
7.162342e+01 2.830651e+04
7.233681e+01 2.752460e+04
7.305731e+01 2.675521e+04
7.378498e+01 2.600845e+04
7.451990e+01 2.529931e+04
7.526214e+01 2.460951e+04
7.601178e+01 2.393852e+04
7.676888e+01 2.328583e+04
7.753352e+01 2.263557e+04
7.830578e+01 2.199901e+04
7.908572e+01 2.138430e+04
7.987344e+01 2.079622e+04
8.066901e+01 2.022431e+04
8.147249e+01 1.966813e+04
8.228398e+01 1.912725e+04
8.310356e+01 1.859927e+04
8.393129e+01 1.808311e+04
8.476728e+01 1.758128e+04
8.561158e+01 1.709337e+04
8.646430e+01 1.661900e+04
8.732551e+01 1.615779e+04
8.819530e+01 1.570939e+04
8.907375e+01 1.527343e+04
8.996095e+01 1.484957e+04
9.085699e+01 1.443747e+04
9.176196e+01 1.403766e+04
9.267593e+01 1.365507e+04
9.359901e+01 1.328292e+04
9.453129e+01 1.292091e+04
9.547285e+01 1.256876e+04
9.642379e+01 1.222622e+04
9.738420e+01 1.189301e+04
9.835417e+01 1.156142e+04
9.933381e+01 1.123894e+04
1.003232e+02 1.092545e+04
1.013225e+02 1.062071e+04
1.023317e+02 1.032447e+04
1.033509e+02 1.003649e+04
1.043803e+02 9.756542e+03
1.054200e+02 9.484406e+03
1.064700e+02 9.219861e+03
1.075305e+02 8.963998e+03
1.086015e+02 8.717790e+03
1.096832e+02 8.478344e+03
1.107757e+02 8.241940e+03
1.118790e+02 8.007964e+03
1.129934e+02 7.787480e+03
1.141188e+02 7.575166e+03
1.152555e+02 7.366340e+03
1.164035e+02 7.163080e+03
1.175629e+02 6.965428e+03
1.187339e+02 6.773230e+03
1.199165e+02 6.586336e+03
1.211109e+02 6.404598e+03
1.223172e+02 6.227876e+03
1.235355e+02 6.056029e+03
1.247660e+02 5.888925e+03
1.260087e+02 5.726431e+03
1.272637e+02 5.568421e+03
1.285313e+02 5.414771e+03
1.298115e+02 5.265484e+03
1.311045e+02 5.120051e+03
1.324103e+02 4.979297e+03
1.337292e+02 4.843225e+03
1.350612e+02 4.710135e+03
1.364064e+02 4.580703e+03
1.377651e+02 4.454828e+03
1.391373e+02 4.333652e+03
1.405231e+02 4.216126e+03
1.419228e+02 4.101788e+03
1.433364e+02 3.990551e+03
1.447640e+02 3.882331e+03
1.462059e+02 3.777046e+03
1.476622e+02 3.674691e+03
1.491329e+02 3.576369e+03
1.506183e+02 3.480609e+03
1.521186e+02 3.387106e+03
1.536337e+02 3.296115e+03
1.551639e+02 3.207568e+03
1.567094e+02 3.119977e+03
1.582703e+02 3.034722e+03
1.598467e+02 2.952908e+03
1.614388e+02 2.872446e+03
1.630468e+02 2.794581e+03
1.646708e+02 2.718192e+03
1.663110e+02 2.643030e+03
1.679675e+02 2.569947e+03
1.696405e+02 2.498884e+03
1.713302e+02 2.429787e+03
1.730367e+02 2.362697e+03
1.747602e+02 2.298228e+03
1.765008e+02 2.235519e+03
1.782588e+02 2.174521e+03
1.800343e+02 2.116478e+03
1.818275e+02 2.060376e+03
1.836386e+02 2.003756e+03
1.854677e+02 1.948370e+03
1.873150e+02 1.895405e+03
1.891807e+02 1.843123e+03
1.910650e+02 1.792285e+03
1.929681e+02 1.742930e+03
1.948901e+02 1.695379e+03
1.968313e+02 1.648483e+03
1.987918e+02 1.602885e+03
2.007718e+02 1.558549e+03
2.027715e+02 1.515440e+03
2.047912e+02 1.473524e+03
2.068310e+02 1.432769e+03
2.088911e+02 1.393141e+03
2.109717e+02 1.354610e+03
2.130731e+02 1.317249e+03
2.151953e+02 1.281313e+03
2.173387e+02 1.246357e+03
2.195035e+02 1.212355e+03
2.216898e+02 1.179281e+03
2.238979e+02 1.146841e+03
2.261280e+02 1.115217e+03
2.283803e+02 1.084484e+03
2.306550e+02 1.054598e+03
2.329524e+02 1.025628e+03
2.352727e+02 9.976651e+02
2.376161e+02 9.704648e+02
2.399828e+02 9.440063e+02
2.423731e+02 9.182693e+02
2.447872e+02 8.932342e+02
2.472254e+02 8.688818e+02
2.496878e+02 8.451935e+02
2.521748e+02 8.221511e+02
2.546865e+02 7.997371e+02
2.572233e+02 7.779343e+02
2.597853e+02 7.567261e+02
2.623729e+02 7.356755e+02
2.649862e+02 7.151331e+02
2.676255e+02 6.952806e+02
2.702912e+02 6.764069e+02
2.729833e+02 6.580457e+02
2.757023e+02 6.399908e+02
2.784484e+02 6.222800e+02
2.812218e+02 6.050593e+02
2.840229e+02 5.883152e+02
2.868519e+02 5.720344e+02
2.897090e+02 5.562042e+02
2.925946e+02 5.408121e+02
2.955089e+02 5.258459e+02
2.984523e+02 5.111258e+02
3.014249e+02 4.967348e+02
3.044272e+02 4.827492e+02
3.074594e+02 4.691573e+02
3.105218e+02 4.560406e+02
3.136147e+02 4.434733e+02
3.167384e+02 4.312524e+02
3.198932e+02 4.193682e+02
3.230794e+02 4.078712e+02
3.262974e+02 3.968669e+02
3.295474e+02 3.859424e+02
3.328298e+02 3.751197e+02
3.361449e+02 3.646832e+02
3.394930e+02 3.547297e+02
3.428745e+02 3.450448e+02
3.462896e+02 3.353575e+02
3.497387e+02 3.261160e+02
3.532222e+02 3.171292e+02
3.567404e+02 3.082519e+02
3.602937e+02 2.997462e+02
3.638823e+02 2.915377e+02
3.675067e+02 2.835260e+02
3.711672e+02 2.757621e+02
3.748641e+02 2.683409e+02
3.785979e+02 2.611500e+02
3.823688e+02 2.539331e+02
3.861773e+02 2.468956e+02
3.900238e+02 2.400532e+02
3.939085e+02 2.334004e+02
3.978320e+02 2.269320e+02
4.017945e+02 2.207449e+02
4.057965e+02 2.147327e+02
4.098384e+02 2.087705e+02
4.139205e+02 2.028851e+02
4.180433e+02 1.971816e+02
4.222071e+02 1.918086e+02
4.264124e+02 1.865934e+02
4.306596e+02 1.814008e+02
4.349491e+02 1.763061e+02
4.392813e+02 1.714570e+02
4.436567e+02 1.668601e+02
4.480757e+02 1.623272e+02
4.525386e+02 1.578379e+02
4.570461e+02 1.535048e+02
4.615984e+02 1.492448e+02
4.661960e+02 1.450544e+02
4.708395e+02 1.409816e+02
4.755292e+02 1.370233e+02
4.802656e+02 1.331761e+02
4.850492e+02 1.293421e+02
4.898804e+02 1.256404e+02
4.947598e+02 1.221058e+02
4.996877e+02 1.187018e+02
5.046648e+02 1.153663e+02
5.096914e+02 1.121665e+02
5.147681e+02 1.090562e+02
5.198953e+02 1.060321e+02
5.250736e+02 1.030919e+02
5.303035e+02 1.002281e+02
5.355855e+02 9.740745e+01
5.409201e+02 9.474209e+01
5.463078e+02 9.212398e+01
5.517492e+02 8.956942e+01
5.572448e+02 8.708777e+01
5.627952e+02 8.470180e+01
5.684008e+02 8.238122e+01
5.740622e+02 8.015995e+01
5.797800e+02 7.795946e+01
5.855548e+02 7.576481e+01
5.913871e+02 7.366326e+01
5.972775e+02 7.163534e+01
6.032266e+02 6.964647e+01
6.092349e+02 6.769453e+01
6.153031e+02 6.579730e+01
6.214317e+02 6.395747e+01
6.276213e+02 6.217915e+01
6.338726e+02 6.044723e+01
6.401862e+02 5.876946e+01
6.465626e+02 5.714059e+01
6.530026e+02 5.556748e+01
6.595067e+02 5.403768e+01
6.660756e+02 5.255000e+01
6.727099e+02 5.109932e+01
6.794103e+02 4.968970e+01
6.861774e+02 4.832001e+01
6.930120e+02 4.698807e+01
6.999146e+02 4.569285e+01
7.068859e+02 4.440433e+01
7.139267e+02 4.316439e+01
7.210377e+02 4.197121e+01
7.282194e+02 4.081101e+01
7.354727e+02 3.968289e+01
7.427982e+02 3.858595e+01
7.501967e+02 3.751519e+01
7.576689e+02 3.646028e+01
7.652155e+02 3.543504e+01
7.728373e+02 3.443864e+01
7.805350e+02 3.347838e+01
7.883094e+02 3.254302e+01
7.961612e+02 3.165522e+01
8.040912e+02 3.078694e+01
8.121002e+02 2.992370e+01
8.201889e+02 2.908970e+01
8.283583e+02 2.828594e+01
8.366090e+02 2.752316e+01
8.449419e+02 2.676506e+01
8.533577e+02 2.602609e+01
8.618574e+02 2.530752e+01
8.704418e+02 2.460880e+01
8.791117e+02 2.392936e+01
8.878679e+02 2.326869e+01
8.967113e+02 2.262625e+01
9.056428e+02 2.200155e+01
9.146633e+02 2.139496e+01
9.237736e+02 2.081186e+01
9.329747e+02 2.024464e+01
9.422674e+02 1.969289e+01
9.516527e+02 1.915618e+01
9.611314e+02 1.863111e+01
9.707046e+02 1.811758e+01
9.803731e+02 1.761552e+01
9.901379e+02 1.712651e+01
1.000000e+03 1.665108e+01
