# Energy(MeV) Phi16_Sferica Phi84_Sferica
1.000000e+00 4.951711e+08 7.151510e+08
1.006939e+00 4.907203e+08 7.080470e+08
1.013925e+00 4.863092e+08 7.010070e+08
1.020961e+00 4.819375e+08 6.940324e+08
1.028045e+00 4.776048e+08 6.871269e+08
1.035178e+00 4.733107e+08 6.802899e+08
1.042361e+00 4.690550e+08 6.735132e+08
1.049593e+00 4.648372e+08 6.667985e+08
1.056876e+00 4.606571e+08 6.601503e+08
1.064209e+00 4.565142e+08 6.535683e+08
1.071593e+00 4.524084e+08 6.470515e+08
1.079029e+00 4.483391e+08 6.405995e+08
1.086516e+00 4.443062e+08 6.342115e+08
1.094055e+00 4.403097e+08 6.279000e+08
1.101646e+00 4.363555e+08 6.216661e+08
1.109290e+00 4.324365e+08 6.154939e+08
1.116987e+00 4.285525e+08 6.093827e+08
1.124737e+00 4.247030e+08 6.033318e+08
1.132541e+00 4.208878e+08 5.973408e+08
1.140400e+00 4.171066e+08 5.914089e+08
1.148312e+00 4.133590e+08 5.855357e+08
1.156280e+00 4.096449e+08 5.797117e+08
1.164303e+00 4.059638e+08 5.739439e+08
1.172382e+00 4.023320e+08 5.682659e+08
1.180517e+00 3.987346e+08 5.626306e+08
1.188708e+00 3.951690e+08 5.570446e+08
1.196956e+00 3.916350e+08 5.515044e+08
1.205261e+00 3.881323e+08 5.459995e+08
1.213624e+00 3.846539e+08 5.405584e+08
1.222045e+00 3.811955e+08 5.351917e+08
1.230524e+00 3.777679e+08 5.298781e+08
1.239062e+00 3.743709e+08 5.246170e+08
1.247660e+00 3.710041e+08 5.194078e+08
1.256317e+00 3.676673e+08 5.142501e+08
1.265034e+00 3.643603e+08 5.091432e+08
1.273811e+00 3.610827e+08 5.040811e+08
1.282650e+00 3.578343e+08 4.990465e+08
1.291550e+00 3.546149e+08 4.941044e+08
1.300511e+00 3.514242e+08 4.892111e+08
1.309535e+00 3.482620e+08 4.843553e+08
1.318621e+00 3.451051e+08 4.795449e+08
1.327771e+00 3.419764e+08 4.747810e+08
1.336984e+00 3.388758e+08 4.700642e+08
1.346261e+00 3.358031e+08 4.653939e+08
1.355602e+00 3.327581e+08 4.607698e+08
1.365008e+00 3.297404e+08 4.561914e+08
1.374479e+00 3.267498e+08 4.516582e+08
1.384016e+00 3.237862e+08 4.471698e+08
1.393619e+00 3.208620e+08 4.427257e+08
1.403289e+00 3.179667e+08 4.383256e+08
1.413026e+00 3.151027e+08 4.339689e+08
1.422830e+00 3.122755e+08 4.296553e+08
1.432703e+00 3.094779e+08 4.253810e+08
1.442644e+00 3.067050e+08 4.211258e+08
1.452654e+00 3.039566e+08 4.169128e+08
1.462733e+00 3.012327e+08 4.127400e+08
1.472883e+00 2.985328e+08 4.086032e+08
1.483103e+00 2.958569e+08 4.045077e+08
1.493393e+00 2.932047e+08 4.004530e+08
1.503755e+00 2.905760e+08 3.964387e+08
1.514189e+00 2.879706e+08 3.924643e+08
1.524696e+00 2.853882e+08 3.885255e+08
1.535275e+00 2.828252e+08 3.846204e+08
1.545928e+00 2.802745e+08 3.807545e+08
1.556654e+00 2.777466e+08 3.769271e+08
1.567455e+00 2.752413e+08 3.731379e+08
1.578331e+00 2.727583e+08 3.693991e+08
1.589283e+00 2.702974e+08 3.657104e+08
1.600310e+00 2.678585e+08 3.620583e+08
1.611414e+00 2.654414e+08 3.584424e+08
1.622595e+00 2.630458e+08 3.548564e+08
1.633854e+00 2.606716e+08 3.513047e+08
1.645191e+00 2.583185e+08 3.478132e+08
1.656606e+00 2.559865e+08 3.443455e+08
1.668101e+00 2.536752e+08 3.408846e+08
1.679675e+00 2.513846e+08 3.374412e+08
1.691330e+00 2.491144e+08 3.340482e+08
1.703065e+00 2.468645e+08 3.307000e+08
1.714882e+00 2.446346e+08 3.273852e+08
1.726781e+00 2.424246e+08 3.241226e+08
1.738762e+00 2.402344e+08 3.208924e+08
1.750827e+00 2.380637e+08 3.177067e+08
1.762975e+00 2.359123e+08 3.145558e+08
1.775208e+00 2.337802e+08 3.114359e+08
1.787526e+00 2.316671e+08 3.083467e+08
1.799929e+00 2.295732e+08 3.052724e+08
1.812418e+00 2.274994e+08 3.022264e+08
1.824993e+00 2.254440e+08 2.992102e+08
1.837656e+00 2.234069e+08 2.962285e+08
1.850407e+00 2.213697e+08 2.932854e+08
1.863246e+00 2.193499e+08 2.903521e+08
1.876175e+00 2.173483e+08 2.874425e+08
1.889193e+00 2.153647e+08 2.845619e+08
1.902301e+00 2.133991e+08 2.817180e+08
1.915501e+00 2.114511e+08 2.789077e+08
1.928792e+00 2.095207e+08 2.761283e+08
1.942175e+00 2.076078e+08 2.733760e+08
1.955651e+00 2.057267e+08 2.706474e+08
1.969220e+00 2.038661e+08 2.679458e+08
1.982884e+00 2.020221e+08 2.652757e+08
1.996642e+00 2.001948e+08 2.626515e+08
2.010496e+00 1.983891e+08 2.600531e+08
2.024447e+00 1.965996e+08 2.574801e+08
2.038493e+00 1.948258e+08 2.549156e+08
2.052638e+00 1.930679e+08 2.523682e+08
2.066880e+00 1.913255e+08 2.498461e+08
2.081222e+00 1.895986e+08 2.473490e+08
2.095662e+00 1.878870e+08 2.448766e+08
2.110203e+00 1.861906e+08 2.424287e+08
2.124845e+00 1.845092e+08 2.400051e+08
2.139589e+00 1.828428e+08 2.376182e+08
2.154435e+00 1.811968e+08 2.352621e+08
2.169384e+00 1.795658e+08 2.329292e+08
2.184436e+00 1.779493e+08 2.306182e+08
2.199593e+00 1.763470e+08 2.283288e+08
2.214855e+00 1.747589e+08 2.260619e+08
2.230223e+00 1.731849e+08 2.238173e+08
2.245698e+00 1.716145e+08 2.215939e+08
2.261280e+00 1.700576e+08 2.193923e+08
2.276970e+00 1.685145e+08 2.172123e+08
2.292769e+00 1.669853e+08 2.150538e+08
2.308678e+00 1.654697e+08 2.129158e+08
2.324697e+00 1.639676e+08 2.107987e+08
2.340827e+00 1.624789e+08 2.087023e+08
2.357069e+00 1.610035e+08 2.066266e+08
2.373424e+00 1.595413e+08 2.045713e+08
2.389893e+00 1.580921e+08 2.025363e+08
2.406475e+00 1.566558e+08 2.005213e+08
2.423173e+00 1.552324e+08 1.985261e+08
2.439986e+00 1.538233e+08 1.965506e+08
2.456916e+00 1.524276e+08 1.945945e+08
2.473964e+00 1.510453e+08 1.926577e+08
2.491130e+00 1.496763e+08 1.907399e+08
2.508415e+00 1.483182e+08 1.888410e+08
2.525820e+00 1.469690e+08 1.869608e+08
2.543346e+00 1.456331e+08 1.850918e+08
2.560993e+00 1.443098e+08 1.832403e+08
2.578763e+00 1.429986e+08 1.814070e+08
2.596656e+00 1.416992e+08 1.795914e+08
2.614673e+00 1.404113e+08 1.777897e+08
2.632815e+00 1.391349e+08 1.760059e+08
2.651084e+00 1.378698e+08 1.742360e+08
2.669478e+00 1.366160e+08 1.724768e+08
2.688001e+00 1.353733e+08 1.707352e+08
2.706652e+00 1.341417e+08 1.690149e+08
2.725433e+00 1.329211e+08 1.673314e+08
2.744343e+00 1.317114e+08 1.656644e+08
2.763385e+00 1.305124e+08 1.640138e+08
2.782559e+00 1.293147e+08 1.623765e+08
2.801867e+00 1.281255e+08 1.607500e+08
2.821308e+00 1.269471e+08 1.591395e+08
2.840884e+00 1.257794e+08 1.575450e+08
2.860596e+00 1.246272e+08 1.559663e+08
2.880444e+00 1.234960e+08 1.544032e+08
2.900430e+00 1.223748e+08 1.528556e+08
2.920556e+00 1.212636e+08 1.513233e+08
2.940820e+00 1.201623e+08 1.498025e+08
2.961225e+00 1.190708e+08 1.482957e+08
2.981772e+00 1.179895e+08 1.468098e+08
3.002462e+00 1.169177e+08 1.453383e+08
3.023295e+00 1.158555e+08 1.438686e+08
3.044272e+00 1.148027e+08 1.424248e+08
3.065395e+00 1.137592e+08 1.409953e+08
3.086665e+00 1.127221e+08 1.395799e+08
3.108082e+00 1.116928e+08 1.381786e+08
3.129648e+00 1.106728e+08 1.367911e+08
3.151363e+00 1.096618e+08 1.354174e+08
3.173230e+00 1.086598e+08 1.340573e+08
3.195248e+00 1.076667e+08 1.327107e+08
3.217418e+00 1.066825e+08 1.313775e+08
3.239743e+00 1.057058e+08 1.300573e+08
3.262222e+00 1.047357e+08 1.287484e+08
3.284857e+00 1.037743e+08 1.274593e+08
3.307650e+00 1.028215e+08 1.261878e+08
3.330600e+00 1.018773e+08 1.249289e+08
3.353710e+00 1.009415e+08 1.236823e+08
3.376980e+00 1.000127e+08 1.224414e+08
3.400412e+00 9.909198e+07 1.212141e+08
3.424006e+00 9.817950e+07 1.200090e+08
3.447764e+00 9.727523e+07 1.188156e+08
3.471687e+00 9.637910e+07 1.176277e+08
3.495776e+00 9.549103e+07 1.164325e+08
3.520031e+00 9.461095e+07 1.152492e+08
3.544456e+00 9.373918e+07 1.140778e+08
3.569049e+00 9.287090e+07 1.129172e+08
3.593814e+00 9.201011e+07 1.117683e+08
3.618750e+00 9.115712e+07 1.106310e+08
3.643859e+00 9.031193e+07 1.095050e+08
3.669142e+00 8.948017e+07 1.083900e+08
3.694601e+00 8.865588e+07 1.072882e+08
3.720237e+00 8.783900e+07 1.061978e+08
3.746050e+00 8.702945e+07 1.051214e+08
3.772042e+00 8.622718e+07 1.040572e+08
3.798215e+00 8.543212e+07 1.030025e+08
3.824570e+00 8.464420e+07 1.019583e+08
3.851107e+00 8.386367e+07 1.009246e+08
3.877828e+00 8.309092e+07 9.990114e+07
3.904735e+00 8.231936e+07 9.888793e+07
3.931829e+00 8.155479e+07 9.788484e+07
3.959110e+00 8.079714e+07 9.689176e+07
3.986581e+00 8.004636e+07 9.590860e+07
4.014242e+00 7.930239e+07 9.493347e+07
4.042096e+00 7.856515e+07 9.396802e+07
4.070142e+00 7.783766e+07 9.301224e+07
4.098384e+00 7.711943e+07 9.206603e+07
4.126821e+00 7.640764e+07 9.112929e+07
4.155455e+00 7.570224e+07 9.020193e+07
4.184289e+00 7.500225e+07 8.928386e+07
4.213322e+00 7.430507e+07 8.837498e+07
4.242556e+00 7.361418e+07 8.747520e+07
4.271994e+00 7.292955e+07 8.659436e+07
4.301636e+00 7.225110e+07 8.572233e+07
4.331483e+00 7.157880e+07 8.485488e+07
4.361538e+00 7.091257e+07 8.399381e+07
4.391801e+00 7.025236e+07 8.314133e+07
4.422274e+00 6.959813e+07 8.229972e+07
4.452959e+00 6.894982e+07 8.147870e+07
4.483856e+00 6.830737e+07 8.065381e+07
4.514968e+00 6.767073e+07 7.983689e+07
4.546295e+00 6.703985e+07 7.901906e+07
4.577841e+00 6.641468e+07 7.821359e+07
4.609604e+00 6.579517e+07 7.741619e+07
4.641589e+00 6.518127e+07 7.662676e+07
4.673795e+00 6.457325e+07 7.584524e+07
4.706225e+00 6.397218e+07 7.507155e+07
4.738880e+00 6.337653e+07 7.430560e+07
4.771761e+00 6.278625e+07 7.354732e+07
4.804870e+00 6.220129e+07 7.279637e+07
4.838210e+00 6.162160e+07 7.205218e+07
4.871780e+00 6.104714e+07 7.131545e+07
4.905584e+00 6.047786e+07 7.058612e+07
4.939622e+00 5.991641e+07 6.986838e+07
4.973896e+00 5.936195e+07 6.915663e+07
5.008408e+00 5.880517e+07 6.845368e+07
5.043159e+00 5.825344e+07 6.775672e+07
5.078152e+00 5.770671e+07 6.706293e+07
5.113388e+00 5.716494e+07 6.637411e+07
5.148867e+00 5.662809e+07 6.570133e+07
5.184594e+00 5.609611e+07 6.504174e+07
5.220568e+00 5.556969e+07 6.438205e+07
5.256791e+00 5.504842e+07 6.372837e+07
5.293266e+00 5.453187e+07 6.307993e+07
5.329994e+00 5.402000e+07 6.243794e+07
5.366977e+00 5.351276e+07 6.180883e+07
5.404216e+00 5.301013e+07 6.118898e+07
5.441714e+00 5.251205e+07 6.057518e+07
5.479472e+00 5.201849e+07 5.996739e+07
5.517492e+00 5.152940e+07 5.936328e+07
5.555776e+00 5.103955e+07 5.876193e+07
5.594326e+00 5.055458e+07 5.816653e+07
5.633143e+00 5.007938e+07 5.757703e+07
5.672229e+00 4.961030e+07 5.699122e+07
5.711586e+00 4.914409e+07 5.640987e+07
5.751217e+00 4.868346e+07 5.582791e+07
5.791123e+00 4.822555e+07 5.524396e+07
5.831305e+00 4.777197e+07 5.466789e+07
5.871766e+00 4.732337e+07 5.410749e+07
5.912508e+00 4.687786e+07 5.355784e+07
5.953533e+00 4.643639e+07 5.301190e+07
5.994843e+00 4.599891e+07 5.247089e+07
6.036439e+00 4.556540e+07 5.193021e+07
6.078323e+00 4.513872e+07 5.139497e+07
6.120498e+00 4.471605e+07 5.086594e+07
6.162966e+00 4.429320e+07 5.035054e+07
6.205729e+00 4.387172e+07 4.983877e+07
6.248788e+00 4.345411e+07 4.932915e+07
6.292146e+00 4.304124e+07 4.881902e+07
6.335805e+00 4.263335e+07 4.832287e+07
6.379767e+00 4.222918e+07 4.783715e+07
6.424034e+00 4.182868e+07 4.733838e+07
6.468608e+00 4.143183e+07 4.684229e+07
6.513491e+00 4.103860e+07 4.635511e+07
6.558686e+00 4.064894e+07 4.587987e+07
6.604194e+00 4.026284e+07 4.540901e+07
6.650018e+00 3.988042e+07 4.494167e+07
6.696160e+00 3.950221e+07 4.447900e+07
6.742622e+00 3.912743e+07 4.402098e+07
6.789407e+00 3.875605e+07 4.356754e+07
6.836516e+00 3.838804e+07 4.311865e+07
6.883952e+00 3.802336e+07 4.267345e+07
6.931717e+00 3.766199e+07 4.223397e+07
6.979814e+00 3.730390e+07 4.179882e+07
7.028244e+00 3.694907e+07 4.136906e+07
7.077011e+00 3.659851e+07 4.094303e+07
7.126115e+00 3.625164e+07 4.052192e+07
7.175561e+00 3.590789e+07 4.010420e+07
7.225349e+00 3.556587e+07 3.968921e+07
7.275484e+00 3.522486e+07 3.927565e+07
7.325965e+00 3.488698e+07 3.886518e+07
7.376798e+00 3.455219e+07 3.846117e+07
7.427982e+00 3.422119e+07 3.805955e+07
7.479523e+00 3.389374e+07 3.766519e+07
7.531420e+00 3.356929e+07 3.727611e+07
7.583678e+00 3.324780e+07 3.689110e+07
7.636298e+00 3.292995e+07 3.650713e+07
7.689284e+00 3.261658e+07 3.612359e+07
7.742637e+00 3.230360e+07 3.574734e+07
7.796360e+00 3.199343e+07 3.537822e+07
7.850456e+00 3.168914e+07 3.501245e+07
7.904928e+00 3.138893e+07 3.465319e+07
7.959777e+00 3.108783e+07 3.429750e+07
8.015007e+00 3.078626e+07 3.394207e+07
8.070620e+00 3.049250e+07 3.359100e+07
8.126619e+00 3.020163e+07 3.324618e+07
8.183007e+00 2.991338e+07 3.290481e+07
8.239786e+00 2.962615e+07 3.256722e+07
8.296959e+00 2.934057e+07 3.222897e+07
8.354528e+00 2.905757e+07 3.189581e+07
8.412497e+00 2.877825e+07 3.156597e+07
8.470868e+00 2.850175e+07 3.124232e+07
8.529644e+00 2.822777e+07 3.091767e+07
8.588829e+00 2.795627e+07 3.059754e+07
8.648423e+00 2.768630e+07 3.028491e+07
8.708431e+00 2.741687e+07 2.996859e+07
8.768856e+00 2.714992e+07 2.966050e+07
8.829700e+00 2.688341e+07 2.935335e+07
8.890966e+00 2.661982e+07 2.904901e+07
8.952657e+00 2.636114e+07 2.874646e+07
9.014776e+00 2.610534e+07 2.844741e+07
9.077327e+00 2.585178e+07 2.815175e+07
9.140311e+00 2.559932e+07 2.785856e+07
9.203732e+00 2.534932e+07 2.756911e+07
9.267593e+00 2.510195e+07 2.727814e+07
9.331898e+00 2.485683e+07 2.699033e+07
9.396648e+00 2.461395e+07 2.670860e+07
9.461848e+00 2.437335e+07 2.642980e+07
9.527500e+00 2.413584e+07 2.615326e+07
9.593608e+00 2.390178e+07 2.588217e+07
9.660175e+00 2.366983e+07 2.561174e+07
9.727203e+00 2.344013e+07 2.534407e+07
9.794697e+00 2.321253e+07 2.507971e+07
9.862658e+00 2.298699e+07 2.481808e+07
9.931092e+00 2.276349e+07 2.455908e+07
1.000000e+01 2.254203e+07 2.430519e+07
1.006939e+01 2.232182e+07 2.404864e+07
1.013925e+01 2.210374e+07 2.379539e+07
1.020961e+01 2.188774e+07 2.354620e+07
1.028045e+01 2.167372e+07 2.329823e+07
1.035178e+01 2.146165e+07 2.305213e+07
1.042361e+01 2.125153e+07 2.280952e+07
1.049593e+01 2.104334e+07 2.257090e+07
1.056876e+01 2.083706e+07 2.233110e+07
1.064209e+01 2.063307e+07 2.209469e+07
1.071593e+01 2.043111e+07 2.186203e+07
1.079029e+01 2.022951e+07 2.163526e+07
1.086516e+01 2.002983e+07 2.140585e+07
1.094055e+01 1.983248e+07 2.117964e+07
1.101646e+01 1.963618e+07 2.095639e+07
1.109290e+01 1.943992e+07 2.073772e+07
1.116987e+01 1.924720e+07 2.052063e+07
1.124737e+01 1.905668e+07 2.030236e+07
1.132541e+01 1.886794e+07 2.008851e+07
1.140400e+01 1.868094e+07 1.987649e+07
1.148312e+01 1.849568e+07 1.966887e+07
1.156280e+01 1.831134e+07 1.946188e+07
1.164303e+01 1.812837e+07 1.925695e+07
1.172382e+01 1.794563e+07 1.905483e+07
1.180517e+01 1.776482e+07 1.885296e+07
1.188708e+01 1.758665e+07 1.865419e+07
1.196956e+01 1.741181e+07 1.845730e+07
1.205261e+01 1.723895e+07 1.826155e+07
1.213624e+01 1.706739e+07 1.806901e+07
1.222045e+01 1.689665e+07 1.787816e+07
1.230524e+01 1.672804e+07 1.768897e+07
1.239062e+01 1.656123e+07 1.750248e+07
1.247660e+01 1.639445e+07 1.731847e+07
1.256317e+01 1.623112e+07 1.713340e+07
1.265034e+01 1.606798e+07 1.695169e+07
1.273811e+01 1.590696e+07 1.677432e+07
1.282650e+01 1.574760e+07 1.659675e+07
1.291550e+01 1.558999e+07 1.641761e+07
1.300511e+01 1.543383e+07 1.624530e+07
1.309535e+01 1.527910e+07 1.607150e+07
1.318621e+01 1.512580e+07 1.589912e+07
1.327771e+01 1.497186e+07 1.572997e+07
1.336984e+01 1.481954e+07 1.556277e+07
1.346261e+01 1.467003e+07 1.539762e+07
1.355602e+01 1.452214e+07 1.523281e+07
1.365008e+01 1.437481e+07 1.506986e+07
1.374479e+01 1.422826e+07 1.490912e+07
1.384016e+01 1.408160e+07 1.474899e+07
1.393619e+01 1.393950e+07 1.459022e+07
1.403289e+01 1.379889e+07 1.443562e+07
1.413026e+01 1.365958e+07 1.428174e+07
1.422830e+01 1.352158e+07 1.412886e+07
1.432703e+01 1.338485e+07 1.397734e+07
1.442644e+01 1.324955e+07 1.382670e+07
1.452654e+01 1.311550e+07 1.367922e+07
1.462733e+01 1.298269e+07 1.353250e+07
1.472883e+01 1.284961e+07 1.338816e+07
1.483103e+01 1.271741e+07 1.324467e+07
1.493393e+01 1.258808e+07 1.310423e+07
1.503755e+01 1.246058e+07 1.296346e+07
1.514189e+01 1.233436e+07 1.282669e+07
1.524696e+01 1.220711e+07 1.268843e+07
1.535275e+01 1.208089e+07 1.255339e+07
1.545928e+01 1.195544e+07 1.241917e+07
1.556654e+01 1.183368e+07 1.228620e+07
1.567455e+01 1.171216e+07 1.215214e+07
1.578331e+01 1.158888e+07 1.202201e+07
1.589283e+01 1.146846e+07 1.189387e+07
1.600310e+01 1.135003e+07 1.176559e+07
1.611414e+01 1.123259e+07 1.163839e+07
1.622595e+01 1.111625e+07 1.151442e+07
1.633854e+01 1.100102e+07 1.139087e+07
1.645191e+01 1.088687e+07 1.126824e+07
1.656606e+01 1.077334e+07 1.114623e+07
1.668101e+01 1.065970e+07 1.102797e+07
1.679675e+01 1.054623e+07 1.091016e+07
1.691330e+01 1.043460e+07 1.079225e+07
1.703065e+01 1.032482e+07 1.067556e+07
1.714882e+01 1.021625e+07 1.056106e+07
1.726781e+01 1.010971e+07 1.044593e+07
1.738762e+01 1.000384e+07 1.033282e+07
1.750827e+01 9.900034e+06 1.021998e+07
1.762975e+01 9.797343e+06 1.010929e+07
1.775208e+01 9.693594e+06 1.000064e+07
1.787526e+01 9.592691e+06 9.892770e+06
1.799929e+01 9.491457e+06 9.785934e+06
1.812418e+01 9.390461e+06 9.681166e+06
1.824993e+01 9.290733e+06 9.576811e+06
1.837656e+01 9.190101e+06 9.473571e+06
1.850407e+01 9.092992e+06 9.371139e+06
1.863246e+01 8.995087e+06 9.269190e+06
1.876175e+01 8.900704e+06 9.169077e+06
1.889193e+01 8.805811e+06 9.070194e+06
1.902301e+01 8.712395e+06 8.970980e+06
1.915501e+01 8.617048e+06 8.873364e+06
1.928792e+01 8.522078e+06 8.776772e+06
1.942175e+01 8.430770e+06 8.681153e+06
1.955651e+01 8.339609e+06 8.586820e+06
1.969220e+01 8.250996e+06 8.493847e+06
1.982884e+01 8.162144e+06 8.401536e+06
1.996642e+01 8.074352e+06 8.311180e+06
2.010496e+01 7.987329e+06 8.222023e+06
2.024447e+01 7.899094e+06 8.131753e+06
2.038493e+01 7.813692e+06 8.042402e+06
2.052638e+01 7.729934e+06 7.954220e+06
2.066880e+01 7.645357e+06 7.868160e+06
2.081222e+01 7.561587e+06 7.782252e+06
2.095662e+01 7.479443e+06 7.697211e+06
2.110203e+01 7.396704e+06 7.613168e+06
2.124845e+01 7.316413e+06 7.529864e+06
2.139589e+01 7.235892e+06 7.447250e+06
2.154435e+01 7.155995e+06 7.364722e+06
2.169384e+01 7.076423e+06 7.283178e+06
2.184436e+01 6.998426e+06 7.203309e+06
2.199593e+01 6.920163e+06 7.124253e+06
2.214855e+01 6.844808e+06 7.045627e+06
2.230223e+01 6.768093e+06 6.968063e+06
2.245698e+01 6.692176e+06 6.891094e+06
2.261280e+01 6.617176e+06 6.815184e+06
2.276970e+01 6.544461e+06 6.740207e+06
2.292769e+01 6.470550e+06 6.665570e+06
2.308678e+01 6.399743e+06 6.591905e+06
2.324697e+01 6.327840e+06 6.519435e+06
2.340827e+01 6.256033e+06 6.447050e+06
2.357069e+01 6.185648e+06 6.375583e+06
2.373424e+01 6.116729e+06 6.305042e+06
2.389893e+01 6.048286e+06 6.234744e+06
2.406475e+01 5.980187e+06 6.165281e+06
2.423173e+01 5.913287e+06 6.096582e+06
2.439986e+01 5.846939e+06 6.028443e+06
2.456916e+01 5.782065e+06 5.961163e+06
2.473964e+01 5.717327e+06 5.894442e+06
2.491130e+01 5.652610e+06 5.827869e+06
2.508415e+01 5.588182e+06 5.763144e+06
2.525820e+01 5.526159e+06 5.698899e+06
2.543346e+01 5.464772e+06 5.634770e+06
2.560993e+01 5.402914e+06 5.571083e+06
2.578763e+01 5.341634e+06 5.508311e+06
2.596656e+01 5.280237e+06 5.446193e+06
2.614673e+01 5.220127e+06 5.384967e+06
2.632815e+01 5.160687e+06 5.324010e+06
2.651084e+01 5.102032e+06 5.263917e+06
2.669478e+01 5.043583e+06 5.204365e+06
2.688001e+01 4.985843e+06 5.145433e+06
2.706652e+01 4.928821e+06 5.087045e+06
2.725433e+01 4.872145e+06 5.029276e+06
2.744343e+01 4.815706e+06 4.971949e+06
2.763385e+01 4.759871e+06 4.915650e+06
2.782559e+01 4.704630e+06 4.860162e+06
2.801867e+01 4.650223e+06 4.804874e+06
2.821308e+01 4.596535e+06 4.749574e+06
2.840884e+01 4.543073e+06 4.695187e+06
2.860596e+01 4.490151e+06 4.641863e+06
2.880444e+01 4.438055e+06 4.588678e+06
2.900430e+01 4.387143e+06 4.536341e+06
2.920556e+01 4.336450e+06 4.484422e+06
2.940820e+01 4.286306e+06 4.432822e+06
2.961225e+01 4.236401e+06 4.381647e+06
2.981772e+01 4.186673e+06 4.331427e+06
3.002462e+01 4.137648e+06 4.281599e+06
3.023295e+01 4.089259e+06 4.232445e+06
3.044272e+01 4.041380e+06 4.183150e+06
3.065395e+01 3.993924e+06 4.134818e+06
3.086665e+01 3.947002e+06 4.086664e+06
3.108082e+01 3.900306e+06 4.039362e+06
3.129648e+01 3.854392e+06 3.992673e+06
3.151363e+01 3.809005e+06 3.946473e+06
3.173230e+01 3.763717e+06 3.900464e+06
3.195248e+01 3.718870e+06 3.855031e+06
3.217418e+01 3.674165e+06 3.809863e+06
3.239743e+01 3.630341e+06 3.765450e+06
3.262222e+01 3.586565e+06 3.721556e+06
3.284857e+01 3.543371e+06 3.678122e+06
3.307650e+01 3.501723e+06 3.635008e+06
3.330600e+01 3.459910e+06 3.592013e+06
3.353710e+01 3.418535e+06 3.549697e+06
3.376980e+01 3.377842e+06 3.507635e+06
3.400412e+01 3.337582e+06 3.466109e+06
3.424006e+01 3.297386e+06 3.424706e+06
3.447764e+01 3.257481e+06 3.384903e+06
3.471687e+01 3.218157e+06 3.344624e+06
3.495776e+01 3.179213e+06 3.304899e+06
3.520031e+01 3.140866e+06 3.265684e+06
3.544456e+01 3.102450e+06 3.226740e+06
3.569049e+01 3.065121e+06 3.188011e+06
3.593814e+01 3.027963e+06 3.150130e+06
3.618750e+01 2.991140e+06 3.112622e+06
3.643859e+01 2.955015e+06 3.075559e+06
3.669142e+01 2.919340e+06 3.038942e+06
3.694601e+01 2.884055e+06 3.002564e+06
3.720237e+01 2.849158e+06 2.966759e+06
3.746050e+01 2.814643e+06 2.931049e+06
3.772042e+01 2.780507e+06 2.895600e+06
3.798215e+01 2.746746e+06 2.860677e+06
3.824570e+01 2.712986e+06 2.826125e+06
3.851107e+01 2.679413e+06 2.791951e+06
3.877828e+01 2.646260e+06 2.758139e+06
3.904735e+01 2.613457e+06 2.724575e+06
3.931829e+01 2.581140e+06 2.691591e+06
3.959110e+01 2.549415e+06 2.658919e+06
3.986581e+01 2.518200e+06 2.626598e+06
4.014242e+01 2.486792e+06 2.594337e+06
4.042096e+01 2.455655e+06 2.562678e+06
4.070142e+01 2.425381e+06 2.531250e+06
4.098384e+01 2.395064e+06 2.500259e+06
4.126821e+01 2.365120e+06 2.469600e+06
4.155455e+01 2.334861e+06 2.439253e+06
4.184289e+01 2.305322e+06 2.409192e+06
4.213322e+01 2.276599e+06 2.379503e+06
4.242556e+01 2.248274e+06 2.350089e+06
4.271994e+01 2.219615e+06 2.321010e+06
4.301636e+01 2.190899e+06 2.292354e+06
4.331483e+01 2.163399e+06 2.263930e+06
4.361538e+01 2.136447e+06 2.235789e+06
4.391801e+01 2.109001e+06 2.207779e+06
4.422274e+01 2.081681e+06 2.180292e+06
4.452959e+01 2.055297e+06 2.152967e+06
4.483856e+01 2.029388e+06 2.125912e+06
4.514968e+01 2.003434e+06 2.099278e+06
4.546295e+01 1.977765e+06 2.072787e+06
4.577841e+01 1.952310e+06 2.046701e+06
4.609604e+01 1.927777e+06 2.021174e+06
4.641589e+01 1.902877e+06 1.995893e+06
4.673795e+01 1.878354e+06 1.970595e+06
4.706225e+01 1.853743e+06 1.945632e+06
4.738880e+01 1.829230e+06 1.920942e+06
4.771761e+01 1.805271e+06 1.896643e+06
4.804870e+01 1.781630e+06 1.872491e+06
4.838210e+01 1.758666e+06 1.848467e+06
4.871780e+01 1.735765e+06 1.824814e+06
4.905584e+01 1.713055e+06 1.801355e+06
4.939622e+01 1.690522e+06 1.778264e+06
4.973896e+01 1.667827e+06 1.755358e+06
5.008408e+01 1.645855e+06 1.732723e+06
5.043159e+01 1.624072e+06 1.710480e+06
5.078152e+01 1.602186e+06 1.688521e+06
5.113388e+01 1.581214e+06 1.666589e+06
5.148867e+01 1.560289e+06 1.645118e+06
5.184594e+01 1.539544e+06 1.623749e+06
5.220568e+01 1.519417e+06 1.602469e+06
5.256791e+01 1.499119e+06 1.581475e+06
5.293266e+01 1.478929e+06 1.560673e+06
5.329994e+01 1.459345e+06 1.540288e+06
5.366977e+01 1.439916e+06 1.520003e+06
5.404216e+01 1.420087e+06 1.500236e+06
5.441714e+01 1.400671e+06 1.480430e+06
5.479472e+01 1.382144e+06 1.460812e+06
5.517492e+01 1.363534e+06 1.441515e+06
5.555776e+01 1.344542e+06 1.422463e+06
5.594326e+01 1.325783e+06 1.403490e+06
5.633143e+01 1.307341e+06 1.384771e+06
5.672229e+01 1.289160e+06 1.366405e+06
5.711586e+01 1.271451e+06 1.348128e+06
5.751217e+01 1.253725e+06 1.330187e+06
5.791123e+01 1.236260e+06 1.312320e+06
5.831305e+01 1.219583e+06 1.294571e+06
5.871766e+01 1.202373e+06 1.277319e+06
5.912508e+01 1.185238e+06 1.260237e+06
5.953533e+01 1.168891e+06 1.243240e+06
5.994843e+01 1.153122e+06 1.226467e+06
6.036439e+01 1.136661e+06 1.210041e+06
6.078323e+01 1.120946e+06 1.193921e+06
6.120498e+01 1.105353e+06 1.177669e+06
6.162966e+01 1.089927e+06 1.161767e+06
6.205729e+01 1.074417e+06 1.145821e+06
6.248788e+01 1.058830e+06 1.130085e+06
6.292146e+01 1.043525e+06 1.114458e+06
6.335805e+01 1.028826e+06 1.098918e+06
6.379767e+01 1.014253e+06 1.083703e+06
6.424034e+01 9.995233e+05 1.068688e+06
6.468608e+01 9.856537e+05 1.054045e+06
6.513491e+01 9.712263e+05 1.039676e+06
6.558686e+01 9.570396e+05 1.025358e+06
6.604194e+01 9.428572e+05 1.010918e+06
6.650018e+01 9.288782e+05 9.968195e+05
6.696160e+01 9.150258e+05 9.830536e+05
6.742622e+01 9.019336e+05 9.693661e+05
6.789407e+01 8.892226e+05 9.559294e+05
6.836516e+01 8.765509e+05 9.425230e+05
6.883952e+01 8.636774e+05 9.293757e+05
6.931717e+01 8.509723e+05 9.162870e+05
6.979814e+01 8.382268e+05 9.032243e+05
7.028244e+01 8.255554e+05 8.905054e+05
7.077011e+01 8.133403e+05 8.777706e+05
7.126115e+01 8.014418e+05 8.652518e+05
7.175561e+01 7.894687e+05 8.529072e+05
7.225349e+01 7.772483e+05 8.405293e+05
7.275484e+01 7.651837e+05 8.282882e+05
7.325965e+01 7.540660e+05 8.162328e+05
7.376798e+01 7.425614e+05 8.044916e+05
7.427982e+01 7.311401e+05 7.928865e+05
7.479523e+01 7.197805e+05 7.813258e+05
7.531420e+01 7.090467e+05 7.699967e+05
7.583678e+01 6.979734e+05 7.589194e+05
7.636298e+01 6.872848e+05 7.477204e+05
7.689284e+01 6.768131e+05 7.366496e+05
7.742637e+01 6.662816e+05 7.258393e+05
7.796360e+01 6.558763e+05 7.151743e+05
7.850456e+01 6.456522e+05 7.045857e+05
7.904928e+01 6.356675e+05 6.940217e+05
7.959777e+01 6.256721e+05 6.837435e+05
8.015007e+01 6.158113e+05 6.735483e+05
8.070620e+01 6.060791e+05 6.636051e+05
8.126619e+01 5.964741e+05 6.537762e+05
8.183007e+01 5.869951e+05 6.438688e+05
8.239786e+01 5.776389e+05 6.343154e+05
8.296959e+01 5.684292e+05 6.250034e+05
8.354528e+01 5.593286e+05 6.154996e+05
8.412497e+01 5.506774e+05 6.062208e+05
8.470868e+01 5.420409e+05 5.969740e+05
8.529644e+01 5.331317e+05 5.879896e+05
8.588829e+01 5.243582e+05 5.792241e+05
8.648423e+01 5.161616e+05 5.704624e+05
8.708431e+01 5.077733e+05 5.617829e+05
8.768856e+01 4.994618e+05 5.531559e+05
8.829700e+01 4.911252e+05 5.447554e+05
8.890966e+01 4.829231e+05 5.363323e+05
8.952657e+01 4.754430e+05 5.280257e+05
9.014776e+01 4.675441e+05 5.198310e+05
9.077327e+01 4.596610e+05 5.117946e+05
9.140311e+01 4.518504e+05 5.037745e+05
9.203732e+01 4.441472e+05 4.959812e+05
9.267593e+01 4.367256e+05 4.881945e+05
9.331898e+01 4.292883e+05 4.806250e+05
9.396648e+01 4.219663e+05 4.731495e+05
9.461848e+01 4.146787e+05 4.657536e+05
9.527500e+01 4.075145e+05 4.584584e+05
9.593608e+01 4.004503e+05 4.513303e+05
9.660175e+01 3.934853e+05 4.442559e+05
9.727203e+01 3.865929e+05 4.372801e+05
9.794697e+01 3.797724e+05 4.303480e+05
9.862658e+01 3.730672e+05 4.235208e+05
9.931092e+01 3.664941e+05 4.166173e+05
1.000000e+02 3.600887e+05 4.099745e+05
1.006939e+02 3.537712e+05 4.034606e+05
1.013925e+02 3.474705e+05 3.970085e+05
1.020961e+02 3.412604e+05 3.905617e+05
1.028045e+02 3.351469e+05 3.844024e+05
1.035178e+02 3.291474e+05 3.781661e+05
1.042361e+02 3.234381e+05 3.720120e+05
1.049593e+02 3.177765e+05 3.658773e+05
1.056876e+02 3.119290e+05 3.599165e+05
1.064209e+02 3.062055e+05 3.540145e+05
1.071593e+02 3.006694e+05 3.481442e+05
1.079029e+02 2.951460e+05 3.424129e+05
1.086516e+02 2.896964e+05 3.367416e+05
1.094055e+02 2.843127e+05 3.312297e+05
1.101646e+02 2.790160e+05 3.257435e+05
1.109290e+02 2.738088e+05 3.202860e+05
1.116987e+02 2.686803e+05 3.149809e+05
1.124737e+02 2.636295e+05 3.097101e+05
1.132541e+02 2.586557e+05 3.044370e+05
1.140400e+02 2.537580e+05 2.992933e+05
1.148312e+02 2.489354e+05 2.942584e+05
1.156280e+02 2.441870e+05 2.893002e+05
1.164303e+02 2.395121e+05 2.843897e+05
1.172382e+02 2.349097e+05 2.795568e+05
1.180517e+02 2.303790e+05 2.748501e+05
1.188708e+02 2.259191e+05 2.700495e+05
1.196956e+02 2.215353e+05 2.653579e+05
1.205261e+02 2.172249e+05 2.608182e+05
1.213624e+02 2.129826e+05 2.563820e+05
1.222045e+02 2.088075e+05 2.519407e+05
1.230524e+02 2.046988e+05 2.476415e+05
1.239062e+02 2.006558e+05 2.434067e+05
1.247660e+02 1.966775e+05 2.391500e+05
1.256317e+02 1.927633e+05 2.350248e+05
1.265034e+02 1.889124e+05 2.309096e+05
1.273811e+02 1.851239e+05 2.268544e+05
1.282650e+02 1.813972e+05 2.228321e+05
1.291550e+02 1.777205e+05 2.188831e+05
1.300511e+02 1.740744e+05 2.150527e+05
1.309535e+02 1.704890e+05 2.112099e+05
1.318621e+02 1.669637e+05 2.074169e+05
1.327771e+02 1.635031e+05 2.037206e+05
1.336984e+02 1.601182e+05 2.000388e+05
1.346261e+02 1.567904e+05 1.964470e+05
1.355602e+02 1.535189e+05 1.928917e+05
1.365008e+02 1.503029e+05 1.893935e+05
1.374479e+02 1.471419e+05 1.859437e+05
1.384016e+02 1.440349e+05 1.826160e+05
1.393619e+02 1.409886e+05 1.793079e+05
1.403289e+02 1.379984e+05 1.761040e+05
1.413026e+02 1.350600e+05 1.729471e+05
1.422830e+02 1.321477e+05 1.697570e+05
1.432703e+02 1.293097e+05 1.665732e+05
1.442644e+02 1.265310e+05 1.635087e+05
1.452654e+02 1.237852e+05 1.604147e+05
1.462733e+02 1.210925e+05 1.573995e+05
1.472883e+02 1.184402e+05 1.544395e+05
1.483103e+02 1.158092e+05 1.515722e+05
1.493393e+02 1.132716e+05 1.487863e+05
1.503755e+02 1.107828e+05 1.459384e+05
1.514189e+02 1.083209e+05 1.432091e+05
1.524696e+02 1.059032e+05 1.404784e+05
1.535275e+02 1.035367e+05 1.378182e+05
1.545928e+02 1.012043e+05 1.352186e+05
1.556654e+02 9.890032e+04 1.326266e+05
1.567455e+02 9.663700e+04 1.300795e+05
1.578331e+02 9.441600e+04 1.275850e+05
1.589283e+02 9.223671e+04 1.251115e+05
1.600310e+02 9.009855e+04 1.226980e+05
1.611414e+02 8.800093e+04 1.203481e+05
1.622595e+02 8.594328e+04 1.180265e+05
1.633854e+02 8.392500e+04 1.157776e+05
1.645191e+02 8.194886e+04 1.135325e+05
1.656606e+02 8.001302e+04 1.113305e+05
1.668101e+02 7.811470e+04 1.091084e+05
1.679675e+02 7.625813e+04 1.068891e+05
1.691330e+02 7.445313e+04 1.047070e+05
1.703065e+02 7.268339e+04 1.026026e+05
1.714882e+02 7.095329e+04 1.005441e+05
1.726781e+02 6.925891e+04 9.851548e+04
1.738762e+02 6.759798e+04 9.653804e+04
1.750827e+02 6.597001e+04 9.459721e+04
1.762975e+02 6.437448e+04 9.269399e+04
1.775208e+02 6.281173e+04 9.081584e+04
1.787526e+02 6.128714e+04 8.897324e+04
1.799929e+02 5.979320e+04 8.716557e+04
1.812418e+02 5.832275e+04 8.536422e+04
1.824993e+02 5.687039e+04 8.362298e+04
1.837656e+02 5.544795e+04 8.190406e+04
1.850407e+02 5.406163e+04 8.021637e+04
1.863246e+02 5.270502e+04 7.858415e+04
1.876175e+02 5.137667e+04 7.691301e+04
1.889193e+02 5.007889e+04 7.530645e+04
1.902301e+02 4.880945e+04 7.372434e+04
1.915501e+02 4.756856e+04 7.213870e+04
1.928792e+02 4.636066e+04 7.061154e+04
1.942175e+02 4.517825e+04 6.911328e+04
1.955651e+02 4.399801e+04 6.767763e+04
1.969220e+02 4.284523e+04 6.623920e+04
1.982884e+02 4.172481e+04 6.482078e+04
1.996642e+02 4.062881e+04 6.342241e+04
2.010496e+02 3.955680e+04 6.205661e+04
2.024447e+02 3.850838e+04 6.070857e+04
2.038493e+02 3.748314e+04 5.937027e+04
2.052638e+02 3.648068e+04 5.805753e+04
2.066880e+02 3.550061e+04 5.680713e+04
2.081222e+02 3.454400e+04 5.556928e+04
2.095662e+02 3.360908e+04 5.434773e+04
2.110203e+02 3.269533e+04 5.314123e+04
2.124845e+02 3.180236e+04 5.195846e+04
2.139589e+02 3.092981e+04 5.079607e+04
2.154435e+02 3.007867e+04 4.966486e+04
2.169384e+02 2.924716e+04 4.855699e+04
2.184436e+02 2.843492e+04 4.747497e+04
2.199593e+02 2.764161e+04 4.638774e+04
2.214855e+02 2.686687e+04 4.530807e+04
2.230223e+02 2.611037e+04 4.426879e+04
2.245698e+02 2.537177e+04 4.325367e+04
2.261280e+02 2.465073e+04 4.224723e+04
2.276970e+02 2.394692e+04 4.125383e+04
2.292769e+02 2.326003e+04 4.027988e+04
2.308678e+02 2.258972e+04 3.936789e+04
2.324697e+02 2.193568e+04 3.842288e+04
2.340827e+02 2.129760e+04 3.752308e+04
2.357069e+02 2.067516e+04 3.663941e+04
2.373424e+02 2.006490e+04 3.577150e+04
2.389893e+02 1.946701e+04 3.491924e+04
2.406475e+02 1.888414e+04 3.409406e+04
2.423173e+02 1.831601e+04 3.328110e+04
2.439986e+02 1.776231e+04 3.247442e+04
2.456916e+02 1.722276e+04 3.167913e+04
2.473964e+02 1.669706e+04 3.089993e+04
2.491130e+02 1.618494e+04 3.014660e+04
2.508415e+02 1.568611e+04 2.942734e+04
2.525820e+02 1.520030e+04 2.869046e+04
2.543346e+02 1.472724e+04 2.797256e+04
2.560993e+02 1.426666e+04 2.727964e+04
2.578763e+02 1.381830e+04 2.659533e+04
2.596656e+02 1.338190e+04 2.592593e+04
2.614673e+02 1.295721e+04 2.526901e+04
2.632815e+02 1.254480e+04 2.463382e+04
2.651084e+02 1.214607e+04 2.400903e+04
2.669478e+02 1.175812e+04 2.339468e+04
2.688001e+02 1.138072e+04 2.281265e+04
2.706652e+02 1.101364e+04 2.222119e+04
2.725433e+02 1.065664e+04 2.165622e+04
2.744343e+02 1.030952e+04 2.109535e+04
2.763385e+02 9.970624e+03 2.054925e+04
2.782559e+02 9.640026e+03 2.000811e+04
2.801867e+02 9.318792e+03 1.947650e+04
2.821308e+02 9.006707e+03 1.895515e+04
2.840884e+02 8.703560e+03 1.846297e+04
2.860596e+02 8.409144e+03 1.796543e+04
2.880444e+02 8.123255e+03 1.747916e+04
2.900430e+02 7.845692e+03 1.700332e+04
2.920556e+02 7.576259e+03 1.653643e+04
2.940820e+02 7.314762e+03 1.608034e+04
2.961225e+02 7.061011e+03 1.563856e+04
2.981772e+02 6.814818e+03 1.521689e+04
3.002462e+02 6.576001e+03 1.480490e+04
3.023295e+02 6.344379e+03 1.440208e+04
3.044272e+02 6.119774e+03 1.400634e+04
3.065395e+02 5.902014e+03 1.362199e+04
3.086665e+02 5.690927e+03 1.324635e+04
3.108082e+02 5.486346e+03 1.287105e+04
3.129648e+02 5.288106e+03 1.250217e+04
3.151363e+02 5.096046e+03 1.214166e+04
3.173230e+02 4.910008e+03 1.179409e+04
3.195248e+02 4.729836e+03 1.145489e+04
3.217418e+02 4.555378e+03 1.112395e+04
3.239743e+02 4.386486e+03 1.080131e+04
3.262222e+02 4.223012e+03 1.049092e+04
3.284857e+02 4.064812e+03 1.018810e+04
3.307650e+02 3.911748e+03 9.892701e+03
3.330600e+02 3.763679e+03 9.604578e+03
3.353710e+02 3.620472e+03 9.323489e+03
3.376980e+02 3.481995e+03 9.045930e+03
3.400412e+02 3.348117e+03 8.774800e+03
3.424006e+02 3.218711e+03 8.510577e+03
3.447764e+02 3.093655e+03 8.253119e+03
3.471687e+02 2.972825e+03 8.002183e+03
3.495776e+02 2.856104e+03 7.758563e+03
3.520031e+02 2.743251e+03 7.527990e+03
3.544456e+02 2.634009e+03 7.304225e+03
3.569049e+02 2.527328e+03 7.085074e+03
3.593814e+02 2.424417e+03 6.870888e+03
3.618750e+02 2.325163e+03 6.654069e+03
3.643859e+02 2.229458e+03 6.441799e+03
3.669142e+02 2.137196e+03 6.235309e+03
3.694601e+02 2.048273e+03 6.034472e+03
3.720237e+02 1.962588e+03 5.839163e+03
3.746050e+02 1.880041e+03 5.655089e+03
3.772042e+02 1.800536e+03 5.475699e+03
3.798215e+02 1.723978e+03 5.297944e+03
3.824570e+02 1.650277e+03 5.124835e+03
3.851107e+02 1.579472e+03 4.956573e+03
3.877828e+02 1.511917e+03 4.795656e+03
3.904735e+02 1.446901e+03 4.639584e+03
3.931829e+02 1.384344e+03 4.485313e+03
3.959110e+02 1.324167e+03 4.335414e+03
3.986581e+02 1.266389e+03 4.189915e+03
4.014242e+02 1.210969e+03 4.048581e+03
4.042096e+02 1.157687e+03 3.912923e+03
4.070142e+02 1.106474e+03 3.781544e+03
4.098384e+02 1.057260e+03 3.653958e+03
4.126821e+02 1.009979e+03 3.530079e+03
4.155455e+02 9.645666e+02 3.409819e+03
4.184289e+02 9.210416e+02 3.292029e+03
4.213322e+02 8.794702e+02 3.177202e+03
4.242556e+02 8.395595e+02 3.065832e+03
4.271994e+02 8.012528e+02 2.957833e+03
4.301636e+02 7.644948e+02 2.853122e+03
4.331483e+02 7.292377e+02 2.752952e+03
4.361538e+02 6.954805e+02 2.655728e+03
4.391801e+02 6.631102e+02 2.560824e+03
4.422274e+02 6.320779e+02 2.468856e+03
4.452959e+02 6.023361e+02 2.379750e+03
4.483856e+02 5.738385e+02 2.293430e+03
4.514968e+02 5.465403e+02 2.209827e+03
4.546295e+02 5.203980e+02 2.129166e+03
4.577841e+02 4.953693e+02 2.051558e+03
4.609604e+02 4.714133e+02 1.976406e+03
4.641589e+02 4.484902e+02 1.903542e+03
4.673795e+02 4.265615e+02 1.832912e+03
4.706225e+02 4.055898e+02 1.764561e+03
4.738880e+02 3.854826e+02 1.698428e+03
4.771761e+02 3.661483e+02 1.634453e+03
4.804870e+02 3.476812e+02 1.572577e+03
4.838210e+02 3.300592e+02 1.512742e+03
4.871780e+02 3.133597e+02 1.454893e+03
4.905584e+02 2.973784e+02 1.398973e+03
4.939622e+02 2.820214e+02 1.344921e+03
4.973896e+02 2.673755e+02 1.292687e+03
5.008408e+02 2.534120e+02 1.242227e+03
5.043159e+02 2.401032e+02 1.193488e+03
5.078152e+02 2.274223e+02 1.146423e+03
5.113388e+02 2.153433e+02 1.100888e+03
5.148867e+02 2.038412e+02 1.056667e+03
5.184594e+02 1.928919e+02 1.013960e+03
5.220568e+02 1.824721e+02 9.728582e+02
5.256791e+02 1.725592e+02 9.335849e+02
5.293266e+02 1.631318e+02 8.954055e+02
5.329994e+02 1.541688e+02 8.585973e+02
5.366977e+02 1.456501e+02 8.231185e+02
5.404216e+02 1.375563e+02 7.889286e+02
5.441714e+02 1.298688e+02 7.559879e+02
5.479472e+02 1.225696e+02 7.243023e+02
5.517492e+02 1.156413e+02 6.940265e+02
5.555776e+02 1.090709e+02 6.648653e+02
5.594326e+02 1.028429e+02 6.367837e+02
5.633143e+02 9.693694e+01 6.097478e+02
5.672229e+02 9.132716e+01 5.837245e+02
5.711586e+02 8.602687e+01 5.586813e+02
5.751217e+02 8.099280e+01 5.345869e+02
5.791123e+02 7.622611e+01 5.114106e+02
5.831305e+02 7.171419e+01 4.891225e+02
5.871766e+02 6.744493e+01 4.676935e+02
5.912508e+02 6.340673e+01 4.470953e+02
5.953533e+02 5.959403e+01 4.273003e+02
5.994843e+02 5.599107e+01 4.082817e+02
6.036439e+02 5.258686e+01 3.900133e+02
6.078323e+02 4.938809e+01 3.724698e+02
6.120498e+02 4.636664e+01 3.556265e+02
6.162966e+02 4.351374e+01 3.394594e+02
6.205729e+02 4.082098e+01 3.239450e+02
6.248788e+02 3.828031e+01 3.090608e+02
6.292146e+02 3.588405e+01 2.947846e+02
6.335805e+02 3.362485e+01 2.810951e+02
6.379767e+02 3.149566e+01 2.679715e+02
6.424034e+02 2.948979e+01 2.553935e+02
6.468608e+02 2.760081e+01 2.433415e+02
6.513491e+02 2.582261e+01 2.317966e+02
6.558686e+02 2.414934e+01 2.207402e+02
6.604194e+02 2.257544e+01 2.101545e+02
6.650018e+02 2.109559e+01 2.000220e+02
6.696160e+02 1.970472e+01 1.903082e+02
6.742622e+02 1.839802e+01 1.809261e+02
6.789407e+02 1.717088e+01 1.719217e+02
6.836516e+02 1.601894e+01 1.633186e+02
6.883952e+02 1.493803e+01 1.551013e+02
6.931717e+02 1.392418e+01 1.473326e+02
6.979814e+02 1.297365e+01 1.400049e+02
7.028244e+02 1.208284e+01 1.330040e+02
7.077011e+02 1.124836e+01 1.263159e+02
7.126115e+02 1.046360e+01 1.199285e+02
7.175561e+02 9.725386e+00 1.138377e+02
7.225349e+02 9.035218e+00 1.080286e+02
7.275484e+02 8.390253e+00 1.024820e+02
7.325965e+02 7.787799e+00 9.716586e+01
7.376798e+02 7.225307e+00 9.208174e+01
7.427982e+02 6.700365e+00 8.723431e+01
7.479523e+02 6.210688e+00 8.261160e+01
7.531420e+02 5.754118e+00 7.820575e+01
7.583678e+02 5.328613e+00 7.401182e+01
7.636298e+02 4.932243e+00 7.001690e+01
7.689284e+02 4.563188e+00 6.620494e+01
7.742637e+02 4.219726e+00 6.258049e+01
7.796360e+02 3.900236e+00 5.913538e+01
7.850456e+02 3.603186e+00 5.586179e+01
7.904928e+02 3.327133e+00 5.275218e+01
7.959777e+02 3.070718e+00 4.979927e+01
8.015007e+02 2.832660e+00 4.699607e+01
8.070620e+02 2.611754e+00 4.433587e+01
8.126619e+02 2.406865e+00 4.181219e+01
8.183007e+02 2.216928e+00 3.941882e+01
8.239786e+02 2.040940e+00 3.714979e+01
8.296959e+02 1.877958e+00 3.501046e+01
8.354528e+02 1.727100e+00 3.298937e+01
8.412497e+02 1.587534e+00 3.107430e+01
8.470868e+02 1.458482e+00 2.926030e+01
8.529644e+02 1.339214e+00 2.754098e+01
8.588829e+02 1.229047e+00 2.590846e+01
8.648423e+02 1.127339e+00 2.434883e+01
8.708431e+02 1.033491e+00 2.287728e+01
8.768856e+02 9.469427e-01 2.150441e+01
8.829700e+02 8.671684e-01 2.020667e+01
8.890966e+02 7.936781e-01 1.898036e+01
8.952657e+02 7.260140e-01 1.782197e+01
9.014776e+02 6.637484e-01 1.672814e+01
9.077327e+02 6.064825e-01 1.569564e+01
9.140311e+02 5.538441e-01 1.472060e+01
9.203732e+02 5.054867e-01 1.380048e+01
9.267593e+02 4.610872e-01 1.293297e+01
9.331898e+02 4.203449e-01 1.211538e+01
9.396648e+02 3.829800e-01 1.134610e+01
9.461848e+02 3.487325e-01 1.062171e+01
9.527500e+02 3.173605e-01 9.935211e+00
9.593608e+02 2.886395e-01 9.288891e+00
9.660175e+02 2.623610e-01 8.681160e+00
9.727203e+02 2.383315e-01 8.109938e+00
9.794697e+02 2.163718e-01 7.573245e+00
9.862658e+02 1.963157e-01 7.069089e+00
9.931092e+02 1.780093e-01 6.595607e+00
1.000000e+03 1.613103e-01 6.151301e+00
