# The file is organized in blocks of mission lengths.
# First column is probability of exceeding.
# Number of channels
  11
# Mission lengths (yr)
  0.71,  0.71
# Number of probabilities
  53
# Table or response function
SEPEM H RDS v2.01
# Channel labels (tabulated value can be integrated over time) and units
5.00-  7.23 MeV Proton Flux
cm^-2 sr^-1 MeV^-1
7.23- 10.46 MeV Proton Flux
cm^-2 sr^-1 MeV^-1
10.46- 15.12 MeV Proton Flux
cm^-2 sr^-1 MeV^-1
15.12- 21.87 MeV Proton Flux
cm^-2 sr^-1 MeV^-1
21.87- 31.62 MeV Proton Flux
cm^-2 sr^-1 MeV^-1
31.62- 45.73 MeV Proton Flux
cm^-2 sr^-1 MeV^-1
45.73- 66.13 MeV Proton Flux
cm^-2 sr^-1 MeV^-1
66.13- 95.64 MeV Proton Flux
cm^-2 sr^-1 MeV^-1
95.64-138.3  MeV Proton Flux
cm^-2 sr^-1 MeV^-1
138.3 -200.0  MeV Proton Flux
cm^-2 sr^-1 MeV^-1
200.0 -289.2  MeV Proton Flux
cm^-2 sr^-1 MeV^-1
# Mission length:  0.71 year(s)
 0.500   3.00E+07   1.12E+07   4.04E+06   1.28E+06   3.78E+05   1.21E+05   3.53E+04   5.37E+03   0.00E+00   0.00E+00   0.00E+00
 0.480   3.37E+07   1.28E+07   4.69E+06   1.49E+06   4.45E+05   1.45E+05   4.41E+04   7.21E+03   0.00E+00   0.00E+00   0.00E+00
 0.460   3.80E+07   1.46E+07   5.44E+06   1.74E+06   5.22E+05   1.75E+05   5.50E+04   9.60E+03   0.00E+00   0.00E+00   0.00E+00
 0.440   4.30E+07   1.66E+07   6.27E+06   2.06E+06   6.14E+05   2.09E+05   6.75E+04   1.26E+04   0.00E+00   0.00E+00   0.00E+00
 0.420   4.82E+07   1.88E+07   7.22E+06   2.40E+06   7.26E+05   2.49E+05   8.34E+04   1.64E+04   0.00E+00   0.00E+00   0.00E+00
 0.400   5.44E+07   2.14E+07   8.32E+06   2.80E+06   8.53E+05   2.97E+05   1.03E+05   2.08E+04   0.00E+00   0.00E+00   0.00E+00
 0.380   6.10E+07   2.42E+07   9.62E+06   3.30E+06   1.01E+06   3.56E+05   1.25E+05   2.63E+04   0.00E+00   0.00E+00   0.00E+00
 0.360   6.84E+07   2.72E+07   1.11E+07   3.88E+06   1.19E+06   4.24E+05   1.53E+05   3.30E+04   0.00E+00   0.00E+00   0.00E+00
 0.340   7.65E+07   3.07E+07   1.28E+07   4.54E+06   1.41E+06   5.04E+05   1.86E+05   4.08E+04   0.00E+00   0.00E+00   0.00E+00
 0.320   8.56E+07   3.48E+07   1.48E+07   5.32E+06   1.66E+06   6.10E+05   2.27E+05   5.01E+04   0.00E+00   0.00E+00   0.00E+00
 0.300   9.55E+07   3.93E+07   1.70E+07   6.27E+06   1.97E+06   7.28E+05   2.74E+05   6.14E+04   0.00E+00   0.00E+00   0.00E+00
 0.290   1.01E+08   4.20E+07   1.82E+07   6.80E+06   2.15E+06   7.97E+05   3.03E+05   6.78E+04   0.00E+00   0.00E+00   0.00E+00
 0.280   1.07E+08   4.46E+07   1.95E+07   7.34E+06   2.33E+06   8.74E+05   3.34E+05   7.45E+04   0.00E+00   0.00E+00   0.00E+00
 0.270   1.13E+08   4.73E+07   2.08E+07   7.96E+06   2.53E+06   9.58E+05   3.65E+05   8.18E+04   0.00E+00   0.00E+00   0.00E+00
 0.260   1.19E+08   5.02E+07   2.23E+07   8.63E+06   2.76E+06   1.05E+06   4.02E+05   8.97E+04   0.00E+00   0.00E+00   0.00E+00
 0.250   1.26E+08   5.34E+07   2.39E+07   9.39E+06   3.01E+06   1.15E+06   4.37E+05   9.77E+04   0.00E+00   0.00E+00   0.00E+00
 0.240   1.32E+08   5.68E+07   2.57E+07   1.02E+07   3.31E+06   1.26E+06   4.78E+05   1.07E+05   0.00E+00   0.00E+00   0.00E+00
 0.230   1.40E+08   6.03E+07   2.76E+07   1.10E+07   3.63E+06   1.39E+06   5.22E+05   1.17E+05   0.00E+00   0.00E+00   0.00E+00
 0.220   1.48E+08   6.40E+07   2.96E+07   1.19E+07   4.01E+06   1.52E+06   5.73E+05   1.28E+05   0.00E+00   0.00E+00   0.00E+00
 0.210   1.56E+08   6.79E+07   3.19E+07   1.29E+07   4.38E+06   1.68E+06   6.26E+05   1.39E+05   0.00E+00   0.00E+00   0.00E+00
 0.200   1.66E+08   7.21E+07   3.42E+07   1.40E+07   4.81E+06   1.84E+06   6.86E+05   1.51E+05   0.00E+00   0.00E+00   0.00E+00
 0.190   1.75E+08   7.66E+07   3.68E+07   1.53E+07   5.30E+06   2.02E+06   7.52E+05   1.64E+05   0.00E+00   0.00E+00   0.00E+00
 0.180   1.85E+08   8.14E+07   3.95E+07   1.66E+07   5.82E+06   2.24E+06   8.23E+05   1.77E+05   0.00E+00   0.00E+00   0.00E+00
 0.170   1.95E+08   8.67E+07   4.25E+07   1.81E+07   6.41E+06   2.47E+06   8.97E+05   1.91E+05   0.00E+00   0.00E+00   0.00E+00
 0.160   2.05E+08   9.21E+07   4.57E+07   1.98E+07   7.11E+06   2.74E+06   9.83E+05   2.08E+05   0.00E+00   0.00E+00   0.00E+00
 0.150   2.17E+08   9.79E+07   4.92E+07   2.16E+07   7.85E+06   3.04E+06   1.07E+06   2.26E+05   0.00E+00   0.00E+00   0.00E+00
 0.140   2.29E+08   1.04E+08   5.29E+07   2.37E+07   8.67E+06   3.37E+06   1.18E+06   2.44E+05   0.00E+00   0.00E+00   0.00E+00
 0.130   2.42E+08   1.11E+08   5.71E+07   2.59E+07   9.62E+06   3.73E+06   1.28E+06   2.64E+05   0.00E+00   0.00E+00   0.00E+00
 0.120   2.56E+08   1.18E+08   6.14E+07   2.84E+07   1.07E+07   4.15E+06   1.39E+06   2.85E+05   0.00E+00   0.00E+00   0.00E+00
 0.110   2.70E+08   1.25E+08   6.62E+07   3.12E+07   1.18E+07   4.62E+06   1.52E+06   3.07E+05   0.00E+00   0.00E+00   0.00E+00
 0.100   2.86E+08   1.33E+08   7.14E+07   3.43E+07   1.31E+07   5.16E+06   1.65E+06   3.29E+05   0.00E+00   0.00E+00   0.00E+00
 0.090   3.02E+08   1.41E+08   7.71E+07   3.77E+07   1.47E+07   5.78E+06   1.81E+06   3.54E+05   0.00E+00   0.00E+00   0.00E+00
 0.080   3.19E+08   1.50E+08   8.28E+07   4.16E+07   1.65E+07   6.54E+06   1.97E+06   3.80E+05   0.00E+00   0.00E+00   0.00E+00
 0.070   3.36E+08   1.60E+08   8.96E+07   4.59E+07   1.87E+07   7.37E+06   2.16E+06   4.07E+05   0.00E+00   0.00E+00   0.00E+00
 0.060   3.56E+08   1.70E+08   9.69E+07   5.08E+07   2.11E+07   8.28E+06   2.36E+06   4.36E+05   0.00E+00   0.00E+00   0.00E+00
 0.050   3.78E+08   1.82E+08   1.05E+08   5.62E+07   2.41E+07   9.31E+06   2.58E+06   4.68E+05   0.00E+00   0.00E+00   0.00E+00
 0.045   3.91E+08   1.88E+08   1.09E+08   5.92E+07   2.56E+07   9.93E+06   2.71E+06   4.84E+05   0.00E+00   0.00E+00   0.00E+00
 0.040   4.06E+08   1.95E+08   1.14E+08   6.21E+07   2.74E+07   1.06E+07   2.83E+06   5.00E+05   0.00E+00   0.00E+00   0.00E+00
 0.035   4.22E+08   2.03E+08   1.18E+08   6.52E+07   2.92E+07   1.13E+07   2.95E+06   5.20E+05   0.00E+00   0.00E+00   0.00E+00
 0.030   4.41E+08   2.14E+08   1.24E+08   6.90E+07   3.12E+07   1.20E+07   3.09E+06   5.43E+05   0.00E+00   0.00E+00   0.00E+00
 0.025   4.63E+08   2.25E+08   1.30E+08   7.29E+07   3.34E+07   1.28E+07   3.23E+06   5.72E+05   0.00E+00   0.00E+00   0.00E+00
 0.020   4.89E+08   2.38E+08   1.38E+08   7.69E+07   3.58E+07   1.36E+07   3.42E+06   6.08E+05   0.00E+00   0.00E+00   0.00E+00
 0.015   5.26E+08   2.55E+08   1.47E+08   8.28E+07   3.82E+07   1.45E+07   3.65E+06   6.59E+05   0.00E+00   0.00E+00   0.00E+00
 0.010   5.80E+08   2.80E+08   1.61E+08   9.07E+07   4.17E+07   1.57E+07   4.02E+06   7.25E+05   0.00E+00   0.00E+00   0.00E+00
 0.009   5.90E+08   2.87E+08   1.65E+08   9.23E+07   4.26E+07   1.61E+07   4.13E+06   7.45E+05   0.00E+00   0.00E+00   0.00E+00
 0.008   6.04E+08   2.94E+08   1.70E+08   9.45E+07   4.38E+07   1.65E+07   4.23E+06   7.67E+05   0.00E+00   0.00E+00   0.00E+00
 0.007   6.17E+08   3.03E+08   1.75E+08   9.70E+07   4.48E+07   1.70E+07   4.35E+06   7.92E+05   0.00E+00   0.00E+00   0.00E+00
 0.006   6.41E+08   3.12E+08   1.81E+08   9.98E+07   4.61E+07   1.74E+07   4.51E+06   8.16E+05   0.00E+00   0.00E+00   0.00E+00
 0.005   6.66E+08   3.24E+08   1.88E+08   1.03E+08   4.77E+07   1.80E+07   4.72E+06   8.50E+05   0.00E+00   0.00E+00   0.00E+00
 0.004   6.93E+08   3.37E+08   1.97E+08   1.08E+08   4.95E+07   1.88E+07   4.95E+06   8.91E+05   0.00E+00   0.00E+00   0.00E+00
 0.003   7.23E+08   3.54E+08   2.07E+08   1.14E+08   5.27E+07   1.98E+07   5.26E+06   9.40E+05   0.00E+00   0.00E+00   0.00E+00
 0.002   7.75E+08   3.79E+08   2.24E+08   1.24E+08   5.73E+07   2.14E+07   5.65E+06   9.99E+05   0.00E+00   0.00E+00   0.00E+00
 0.001   8.43E+08   4.25E+08   2.47E+08   1.37E+08   6.64E+07   2.44E+07   6.32E+06   1.10E+06   0.00E+00   0.00E+00   0.00E+00
# Mission length:  0.71 year(s)
 0.500   3.00E+07   1.12E+07   4.04E+06   1.28E+06   3.78E+05   1.21E+05   3.53E+04   5.37E+03   0.00E+00   0.00E+00   0.00E+00
 0.480   3.37E+07   1.28E+07   4.69E+06   1.49E+06   4.45E+05   1.45E+05   4.41E+04   7.21E+03   0.00E+00   0.00E+00   0.00E+00
 0.460   3.80E+07   1.46E+07   5.44E+06   1.74E+06   5.22E+05   1.75E+05   5.50E+04   9.60E+03   0.00E+00   0.00E+00   0.00E+00
 0.440   4.30E+07   1.66E+07   6.27E+06   2.06E+06   6.14E+05   2.09E+05   6.75E+04   1.26E+04   0.00E+00   0.00E+00   0.00E+00
 0.420   4.82E+07   1.88E+07   7.22E+06   2.40E+06   7.26E+05   2.49E+05   8.34E+04   1.64E+04   0.00E+00   0.00E+00   0.00E+00
 0.400   5.44E+07   2.14E+07   8.32E+06   2.80E+06   8.53E+05   2.97E+05   1.03E+05   2.08E+04   0.00E+00   0.00E+00   0.00E+00
 0.380   6.10E+07   2.42E+07   9.62E+06   3.30E+06   1.01E+06   3.56E+05   1.25E+05   2.63E+04   0.00E+00   0.00E+00   0.00E+00
 0.360   6.84E+07   2.72E+07   1.11E+07   3.88E+06   1.19E+06   4.24E+05   1.53E+05   3.30E+04   0.00E+00   0.00E+00   0.00E+00
 0.340   7.65E+07   3.07E+07   1.28E+07   4.54E+06   1.41E+06   5.04E+05   1.86E+05   4.08E+04   0.00E+00   0.00E+00   0.00E+00
 0.320   8.56E+07   3.48E+07   1.48E+07   5.32E+06   1.66E+06   6.10E+05   2.27E+05   5.01E+04   0.00E+00   0.00E+00   0.00E+00
 0.300   9.55E+07   3.93E+07   1.70E+07   6.27E+06   1.97E+06   7.28E+05   2.74E+05   6.14E+04   0.00E+00   0.00E+00   0.00E+00
 0.290   1.01E+08   4.20E+07   1.82E+07   6.80E+06   2.15E+06   7.97E+05   3.03E+05   6.78E+04   0.00E+00   0.00E+00   0.00E+00
 0.280   1.07E+08   4.46E+07   1.95E+07   7.34E+06   2.33E+06   8.74E+05   3.34E+05   7.45E+04   0.00E+00   0.00E+00   0.00E+00
 0.270   1.13E+08   4.73E+07   2.08E+07   7.96E+06   2.53E+06   9.58E+05   3.65E+05   8.18E+04   0.00E+00   0.00E+00   0.00E+00
 0.260   1.19E+08   5.02E+07   2.23E+07   8.63E+06   2.76E+06   1.05E+06   4.02E+05   8.97E+04   0.00E+00   0.00E+00   0.00E+00
 0.250   1.26E+08   5.34E+07   2.39E+07   9.39E+06   3.01E+06   1.15E+06   4.37E+05   9.77E+04   0.00E+00   0.00E+00   0.00E+00
 0.240   1.32E+08   5.68E+07   2.57E+07   1.02E+07   3.31E+06   1.26E+06   4.78E+05   1.07E+05   0.00E+00   0.00E+00   0.00E+00
 0.230   1.40E+08   6.03E+07   2.76E+07   1.10E+07   3.63E+06   1.39E+06   5.22E+05   1.17E+05   0.00E+00   0.00E+00   0.00E+00
 0.220   1.48E+08   6.40E+07   2.96E+07   1.19E+07   4.01E+06   1.52E+06   5.73E+05   1.28E+05   0.00E+00   0.00E+00   0.00E+00
 0.210   1.56E+08   6.79E+07   3.19E+07   1.29E+07   4.38E+06   1.68E+06   6.26E+05   1.39E+05   0.00E+00   0.00E+00   0.00E+00
 0.200   1.66E+08   7.21E+07   3.42E+07   1.40E+07   4.81E+06   1.84E+06   6.86E+05   1.51E+05   0.00E+00   0.00E+00   0.00E+00
 0.190   1.75E+08   7.66E+07   3.68E+07   1.53E+07   5.30E+06   2.02E+06   7.52E+05   1.64E+05   0.00E+00   0.00E+00   0.00E+00
 0.180   1.85E+08   8.14E+07   3.95E+07   1.66E+07   5.82E+06   2.24E+06   8.23E+05   1.77E+05   0.00E+00   0.00E+00   0.00E+00
 0.170   1.95E+08   8.67E+07   4.25E+07   1.81E+07   6.41E+06   2.47E+06   8.97E+05   1.91E+05   0.00E+00   0.00E+00   0.00E+00
 0.160   2.05E+08   9.21E+07   4.57E+07   1.98E+07   7.11E+06   2.74E+06   9.83E+05   2.08E+05   0.00E+00   0.00E+00   0.00E+00
 0.150   2.17E+08   9.79E+07   4.92E+07   2.16E+07   7.85E+06   3.04E+06   1.07E+06   2.26E+05   0.00E+00   0.00E+00   0.00E+00
 0.140   2.29E+08   1.04E+08   5.29E+07   2.37E+07   8.67E+06   3.37E+06   1.18E+06   2.44E+05   0.00E+00   0.00E+00   0.00E+00
 0.130   2.42E+08   1.11E+08   5.71E+07   2.59E+07   9.62E+06   3.73E+06   1.28E+06   2.64E+05   0.00E+00   0.00E+00   0.00E+00
 0.120   2.56E+08   1.18E+08   6.14E+07   2.84E+07   1.07E+07   4.15E+06   1.39E+06   2.85E+05   0.00E+00   0.00E+00   0.00E+00
 0.110   2.70E+08   1.25E+08   6.62E+07   3.12E+07   1.18E+07   4.62E+06   1.52E+06   3.07E+05   0.00E+00   0.00E+00   0.00E+00
 0.100   2.86E+08   1.33E+08   7.14E+07   3.43E+07   1.31E+07   5.16E+06   1.65E+06   3.29E+05   0.00E+00   0.00E+00   0.00E+00
 0.090   3.02E+08   1.41E+08   7.71E+07   3.77E+07   1.47E+07   5.78E+06   1.81E+06   3.54E+05   0.00E+00   0.00E+00   0.00E+00
 0.080   3.19E+08   1.50E+08   8.28E+07   4.16E+07   1.65E+07   6.54E+06   1.97E+06   3.80E+05   0.00E+00   0.00E+00   0.00E+00
 0.070   3.36E+08   1.60E+08   8.96E+07   4.59E+07   1.87E+07   7.37E+06   2.16E+06   4.07E+05   0.00E+00   0.00E+00   0.00E+00
 0.060   3.56E+08   1.70E+08   9.69E+07   5.08E+07   2.11E+07   8.28E+06   2.36E+06   4.36E+05   0.00E+00   0.00E+00   0.00E+00
 0.050   3.78E+08   1.82E+08   1.05E+08   5.62E+07   2.41E+07   9.31E+06   2.58E+06   4.68E+05   0.00E+00   0.00E+00   0.00E+00
 0.045   3.91E+08   1.88E+08   1.09E+08   5.92E+07   2.56E+07   9.93E+06   2.71E+06   4.84E+05   0.00E+00   0.00E+00   0.00E+00
 0.040   4.06E+08   1.95E+08   1.14E+08   6.21E+07   2.74E+07   1.06E+07   2.83E+06   5.00E+05   0.00E+00   0.00E+00   0.00E+00
 0.035   4.22E+08   2.03E+08   1.18E+08   6.52E+07   2.92E+07   1.13E+07   2.95E+06   5.20E+05   0.00E+00   0.00E+00   0.00E+00
 0.030   4.41E+08   2.14E+08   1.24E+08   6.90E+07   3.12E+07   1.20E+07   3.09E+06   5.43E+05   0.00E+00   0.00E+00   0.00E+00
 0.025   4.63E+08   2.25E+08   1.30E+08   7.29E+07   3.34E+07   1.28E+07   3.23E+06   5.72E+05   0.00E+00   0.00E+00   0.00E+00
 0.020   4.89E+08   2.38E+08   1.38E+08   7.69E+07   3.58E+07   1.36E+07   3.42E+06   6.08E+05   0.00E+00   0.00E+00   0.00E+00
 0.015   5.26E+08   2.55E+08   1.47E+08   8.28E+07   3.82E+07   1.45E+07   3.65E+06   6.59E+05   0.00E+00   0.00E+00   0.00E+00
 0.010   5.80E+08   2.80E+08   1.61E+08   9.07E+07   4.17E+07   1.57E+07   4.02E+06   7.25E+05   0.00E+00   0.00E+00   0.00E+00
 0.009   5.90E+08   2.87E+08   1.65E+08   9.23E+07   4.26E+07   1.61E+07   4.13E+06   7.45E+05   0.00E+00   0.00E+00   0.00E+00
 0.008   6.04E+08   2.94E+08   1.70E+08   9.45E+07   4.38E+07   1.65E+07   4.23E+06   7.67E+05   0.00E+00   0.00E+00   0.00E+00
 0.007   6.17E+08   3.03E+08   1.75E+08   9.70E+07   4.48E+07   1.70E+07   4.35E+06   7.92E+05   0.00E+00   0.00E+00   0.00E+00
 0.006   6.41E+08   3.12E+08   1.81E+08   9.98E+07   4.61E+07   1.74E+07   4.51E+06   8.16E+05   0.00E+00   0.00E+00   0.00E+00
 0.005   6.66E+08   3.24E+08   1.88E+08   1.03E+08   4.77E+07   1.80E+07   4.72E+06   8.50E+05   0.00E+00   0.00E+00   0.00E+00
 0.004   6.93E+08   3.37E+08   1.97E+08   1.08E+08   4.95E+07   1.88E+07   4.95E+06   8.91E+05   0.00E+00   0.00E+00   0.00E+00
 0.003   7.23E+08   3.54E+08   2.07E+08   1.14E+08   5.27E+07   1.98E+07   5.26E+06   9.40E+05   0.00E+00   0.00E+00   0.00E+00
 0.002   7.75E+08   3.79E+08   2.24E+08   1.24E+08   5.73E+07   2.14E+07   5.65E+06   9.99E+05   0.00E+00   0.00E+00   0.00E+00
 0.001   8.43E+08   4.25E+08   2.47E+08   1.37E+08   6.64E+07   2.44E+07   6.32E+06   1.10E+06   0.00E+00   0.00E+00   0.00E+00
