# The file is organized in blocks of mission lengths.
# First column is probability of exceeding.
# Number of channels
  11
# Mission lengths (yr)
  0.71,  0.71
# Number of probabilities
  53
# Table or response function
SEPEM H RDS v2.01
# Channel labels (tabulated value can be integrated over time) and units
5.00-  7.23 MeV Proton Flux
cm^-2 sr^-1 MeV^-1
7.23- 10.46 MeV Proton Flux
cm^-2 sr^-1 MeV^-1
10.46- 15.12 MeV Proton Flux
cm^-2 sr^-1 MeV^-1
15.12- 21.87 MeV Proton Flux
cm^-2 sr^-1 MeV^-1
21.87- 31.62 MeV Proton Flux
cm^-2 sr^-1 MeV^-1
31.62- 45.73 MeV Proton Flux
cm^-2 sr^-1 MeV^-1
45.73- 66.13 MeV Proton Flux
cm^-2 sr^-1 MeV^-1
66.13- 95.64 MeV Proton Flux
cm^-2 sr^-1 MeV^-1
95.64-138.3  MeV Proton Flux
cm^-2 sr^-1 MeV^-1
138.3 -200.0  MeV Proton Flux
cm^-2 sr^-1 MeV^-1
200.0 -289.2  MeV Proton Flux
cm^-2 sr^-1 MeV^-1
# Mission length:  0.71 year(s)
 0.500   2.21E+07   8.81E+06   3.42E+06   1.13E+06   3.42E+05   1.13E+05   3.65E+04   6.26E+03   0.00E+00   0.00E+00   0.00E+00
 0.480   2.51E+07   1.01E+07   4.00E+06   1.34E+06   4.05E+05   1.38E+05   4.55E+04   8.06E+03   0.00E+00   0.00E+00   0.00E+00
 0.460   2.86E+07   1.16E+07   4.66E+06   1.58E+06   4.78E+05   1.67E+05   5.72E+04   1.04E+04   0.00E+00   0.00E+00   0.00E+00
 0.440   3.25E+07   1.33E+07   5.44E+06   1.87E+06   5.64E+05   2.01E+05   6.99E+04   1.33E+04   0.00E+00   0.00E+00   0.00E+00
 0.420   3.67E+07   1.51E+07   6.31E+06   2.20E+06   6.71E+05   2.45E+05   8.65E+04   1.70E+04   0.00E+00   0.00E+00   0.00E+00
 0.400   4.16E+07   1.73E+07   7.31E+06   2.61E+06   8.05E+05   2.96E+05   1.07E+05   2.13E+04   0.00E+00   0.00E+00   0.00E+00
 0.380   4.70E+07   1.97E+07   8.46E+06   3.09E+06   9.61E+05   3.58E+05   1.31E+05   2.68E+04   0.00E+00   0.00E+00   0.00E+00
 0.360   5.31E+07   2.24E+07   9.83E+06   3.68E+06   1.15E+06   4.33E+05   1.59E+05   3.33E+04   0.00E+00   0.00E+00   0.00E+00
 0.340   6.01E+07   2.56E+07   1.14E+07   4.34E+06   1.35E+06   5.21E+05   1.94E+05   4.11E+04   0.00E+00   0.00E+00   0.00E+00
 0.320   6.76E+07   2.91E+07   1.32E+07   5.14E+06   1.61E+06   6.32E+05   2.36E+05   5.05E+04   0.00E+00   0.00E+00   0.00E+00
 0.300   7.64E+07   3.32E+07   1.54E+07   6.12E+06   1.94E+06   7.61E+05   2.88E+05   6.18E+04   0.00E+00   0.00E+00   0.00E+00
 0.290   8.10E+07   3.55E+07   1.66E+07   6.63E+06   2.12E+06   8.38E+05   3.17E+05   6.81E+04   0.00E+00   0.00E+00   0.00E+00
 0.280   8.61E+07   3.79E+07   1.79E+07   7.22E+06   2.32E+06   9.20E+05   3.50E+05   7.50E+04   0.00E+00   0.00E+00   0.00E+00
 0.270   9.15E+07   4.05E+07   1.92E+07   7.87E+06   2.55E+06   1.01E+06   3.86E+05   8.20E+04   0.00E+00   0.00E+00   0.00E+00
 0.260   9.71E+07   4.33E+07   2.07E+07   8.58E+06   2.79E+06   1.11E+06   4.22E+05   9.00E+04   0.00E+00   0.00E+00   0.00E+00
 0.250   1.03E+08   4.64E+07   2.23E+07   9.31E+06   3.07E+06   1.23E+06   4.62E+05   9.89E+04   0.00E+00   0.00E+00   0.00E+00
 0.240   1.09E+08   4.94E+07   2.40E+07   1.02E+07   3.36E+06   1.36E+06   5.07E+05   1.08E+05   0.00E+00   0.00E+00   0.00E+00
 0.230   1.16E+08   5.27E+07   2.58E+07   1.11E+07   3.69E+06   1.50E+06   5.56E+05   1.18E+05   0.00E+00   0.00E+00   0.00E+00
 0.220   1.24E+08   5.62E+07   2.77E+07   1.20E+07   4.07E+06   1.66E+06   6.07E+05   1.29E+05   0.00E+00   0.00E+00   0.00E+00
 0.210   1.32E+08   5.98E+07   2.99E+07   1.31E+07   4.50E+06   1.83E+06   6.62E+05   1.41E+05   0.00E+00   0.00E+00   0.00E+00
 0.200   1.40E+08   6.39E+07   3.23E+07   1.43E+07   4.99E+06   2.01E+06   7.21E+05   1.53E+05   0.00E+00   0.00E+00   0.00E+00
 0.190   1.49E+08   6.84E+07   3.48E+07   1.56E+07   5.52E+06   2.23E+06   7.89E+05   1.66E+05   0.00E+00   0.00E+00   0.00E+00
 0.180   1.59E+08   7.31E+07   3.76E+07   1.70E+07   6.09E+06   2.46E+06   8.60E+05   1.81E+05   0.00E+00   0.00E+00   0.00E+00
 0.170   1.69E+08   7.82E+07   4.08E+07   1.86E+07   6.72E+06   2.72E+06   9.47E+05   1.96E+05   0.00E+00   0.00E+00   0.00E+00
 0.160   1.80E+08   8.35E+07   4.40E+07   2.03E+07   7.44E+06   3.02E+06   1.04E+06   2.13E+05   0.00E+00   0.00E+00   0.00E+00
 0.150   1.92E+08   8.94E+07   4.74E+07   2.23E+07   8.25E+06   3.34E+06   1.13E+06   2.32E+05   0.00E+00   0.00E+00   0.00E+00
 0.140   2.04E+08   9.61E+07   5.11E+07   2.45E+07   9.19E+06   3.71E+06   1.24E+06   2.51E+05   0.00E+00   0.00E+00   0.00E+00
 0.130   2.17E+08   1.03E+08   5.53E+07   2.70E+07   1.02E+07   4.12E+06   1.35E+06   2.72E+05   0.00E+00   0.00E+00   0.00E+00
 0.120   2.30E+08   1.10E+08   5.99E+07   2.97E+07   1.13E+07   4.57E+06   1.47E+06   2.96E+05   0.00E+00   0.00E+00   0.00E+00
 0.110   2.46E+08   1.18E+08   6.49E+07   3.27E+07   1.27E+07   5.10E+06   1.61E+06   3.22E+05   0.00E+00   0.00E+00   0.00E+00
 0.100   2.61E+08   1.27E+08   7.04E+07   3.58E+07   1.42E+07   5.70E+06   1.76E+06   3.47E+05   0.00E+00   0.00E+00   0.00E+00
 0.090   2.79E+08   1.36E+08   7.62E+07   3.95E+07   1.59E+07   6.39E+06   1.91E+06   3.75E+05   0.00E+00   0.00E+00   0.00E+00
 0.080   2.97E+08   1.46E+08   8.25E+07   4.37E+07   1.79E+07   7.15E+06   2.08E+06   4.04E+05   0.00E+00   0.00E+00   0.00E+00
 0.070   3.18E+08   1.56E+08   8.94E+07   4.85E+07   2.03E+07   8.03E+06   2.28E+06   4.36E+05   0.00E+00   0.00E+00   0.00E+00
 0.060   3.39E+08   1.68E+08   9.70E+07   5.38E+07   2.30E+07   9.03E+06   2.48E+06   4.69E+05   0.00E+00   0.00E+00   0.00E+00
 0.050   3.62E+08   1.81E+08   1.05E+08   5.97E+07   2.62E+07   1.02E+07   2.72E+06   5.05E+05   0.00E+00   0.00E+00   0.00E+00
 0.045   3.74E+08   1.88E+08   1.10E+08   6.29E+07   2.81E+07   1.08E+07   2.85E+06   5.25E+05   0.00E+00   0.00E+00   0.00E+00
 0.040   3.87E+08   1.95E+08   1.15E+08   6.66E+07   3.00E+07   1.15E+07   2.98E+06   5.44E+05   0.00E+00   0.00E+00   0.00E+00
 0.035   4.00E+08   2.02E+08   1.19E+08   7.03E+07   3.22E+07   1.22E+07   3.11E+06   5.65E+05   0.00E+00   0.00E+00   0.00E+00
 0.030   4.14E+08   2.09E+08   1.25E+08   7.39E+07   3.44E+07   1.29E+07   3.25E+06   5.86E+05   0.00E+00   0.00E+00   0.00E+00
 0.025   4.28E+08   2.17E+08   1.30E+08   7.79E+07   3.69E+07   1.37E+07   3.40E+06   6.08E+05   0.00E+00   0.00E+00   0.00E+00
 0.020   4.43E+08   2.25E+08   1.36E+08   8.20E+07   3.96E+07   1.46E+07   3.56E+06   6.29E+05   0.00E+00   0.00E+00   0.00E+00
 0.015   4.59E+08   2.33E+08   1.42E+08   8.65E+07   4.24E+07   1.55E+07   3.71E+06   6.53E+05   0.00E+00   0.00E+00   0.00E+00
 0.010   4.75E+08   2.42E+08   1.48E+08   9.14E+07   4.55E+07   1.65E+07   3.87E+06   6.76E+05   0.00E+00   0.00E+00   0.00E+00
 0.009   4.78E+08   2.44E+08   1.49E+08   9.24E+07   4.61E+07   1.67E+07   3.90E+06   6.81E+05   0.00E+00   0.00E+00   0.00E+00
 0.008   4.82E+08   2.45E+08   1.50E+08   9.34E+07   4.67E+07   1.69E+07   3.94E+06   6.86E+05   0.00E+00   0.00E+00   0.00E+00
 0.007   4.85E+08   2.47E+08   1.52E+08   9.45E+07   4.75E+07   1.71E+07   3.97E+06   6.91E+05   0.00E+00   0.00E+00   0.00E+00
 0.006   4.89E+08   2.49E+08   1.53E+08   9.58E+07   4.82E+07   1.73E+07   4.01E+06   6.97E+05   0.00E+00   0.00E+00   0.00E+00
 0.005   4.92E+08   2.51E+08   1.55E+08   9.70E+07   4.89E+07   1.75E+07   4.05E+06   7.02E+05   0.00E+00   0.00E+00   0.00E+00
 0.004   4.96E+08   2.53E+08   1.56E+08   9.80E+07   4.97E+07   1.78E+07   4.08E+06   7.06E+05   0.00E+00   0.00E+00   0.00E+00
 0.003   4.99E+08   2.55E+08   1.57E+08   9.90E+07   5.04E+07   1.80E+07   4.11E+06   7.11E+05   0.00E+00   0.00E+00   0.00E+00
 0.002   5.02E+08   2.57E+08   1.59E+08   1.00E+08   5.12E+07   1.82E+07   4.16E+06   7.16E+05   0.00E+00   0.00E+00   0.00E+00
 0.001   5.05E+08   2.58E+08   1.60E+08   1.01E+08   5.19E+07   1.84E+07   4.20E+06   7.20E+05   0.00E+00   0.00E+00   0.00E+00
# Mission length:  0.71 year(s)
 0.500   2.21E+07   8.81E+06   3.42E+06   1.13E+06   3.42E+05   1.13E+05   3.65E+04   6.26E+03   0.00E+00   0.00E+00   0.00E+00
 0.480   2.51E+07   1.01E+07   4.00E+06   1.34E+06   4.05E+05   1.38E+05   4.55E+04   8.06E+03   0.00E+00   0.00E+00   0.00E+00
 0.460   2.86E+07   1.16E+07   4.66E+06   1.58E+06   4.78E+05   1.67E+05   5.72E+04   1.04E+04   0.00E+00   0.00E+00   0.00E+00
 0.440   3.25E+07   1.33E+07   5.44E+06   1.87E+06   5.64E+05   2.01E+05   6.99E+04   1.33E+04   0.00E+00   0.00E+00   0.00E+00
 0.420   3.67E+07   1.51E+07   6.31E+06   2.20E+06   6.71E+05   2.45E+05   8.65E+04   1.70E+04   0.00E+00   0.00E+00   0.00E+00
 0.400   4.16E+07   1.73E+07   7.31E+06   2.61E+06   8.05E+05   2.96E+05   1.07E+05   2.13E+04   0.00E+00   0.00E+00   0.00E+00
 0.380   4.70E+07   1.97E+07   8.46E+06   3.09E+06   9.61E+05   3.58E+05   1.31E+05   2.68E+04   0.00E+00   0.00E+00   0.00E+00
 0.360   5.31E+07   2.24E+07   9.83E+06   3.68E+06   1.15E+06   4.33E+05   1.59E+05   3.33E+04   0.00E+00   0.00E+00   0.00E+00
 0.340   6.01E+07   2.56E+07   1.14E+07   4.34E+06   1.35E+06   5.21E+05   1.94E+05   4.11E+04   0.00E+00   0.00E+00   0.00E+00
 0.320   6.76E+07   2.91E+07   1.32E+07   5.14E+06   1.61E+06   6.32E+05   2.36E+05   5.05E+04   0.00E+00   0.00E+00   0.00E+00
 0.300   7.64E+07   3.32E+07   1.54E+07   6.12E+06   1.94E+06   7.61E+05   2.88E+05   6.18E+04   0.00E+00   0.00E+00   0.00E+00
 0.290   8.10E+07   3.55E+07   1.66E+07   6.63E+06   2.12E+06   8.38E+05   3.17E+05   6.81E+04   0.00E+00   0.00E+00   0.00E+00
 0.280   8.61E+07   3.79E+07   1.79E+07   7.22E+06   2.32E+06   9.20E+05   3.50E+05   7.50E+04   0.00E+00   0.00E+00   0.00E+00
 0.270   9.15E+07   4.05E+07   1.92E+07   7.87E+06   2.55E+06   1.01E+06   3.86E+05   8.20E+04   0.00E+00   0.00E+00   0.00E+00
 0.260   9.71E+07   4.33E+07   2.07E+07   8.58E+06   2.79E+06   1.11E+06   4.22E+05   9.00E+04   0.00E+00   0.00E+00   0.00E+00
 0.250   1.03E+08   4.64E+07   2.23E+07   9.31E+06   3.07E+06   1.23E+06   4.62E+05   9.89E+04   0.00E+00   0.00E+00   0.00E+00
 0.240   1.09E+08   4.94E+07   2.40E+07   1.02E+07   3.36E+06   1.36E+06   5.07E+05   1.08E+05   0.00E+00   0.00E+00   0.00E+00
 0.230   1.16E+08   5.27E+07   2.58E+07   1.11E+07   3.69E+06   1.50E+06   5.56E+05   1.18E+05   0.00E+00   0.00E+00   0.00E+00
 0.220   1.24E+08   5.62E+07   2.77E+07   1.20E+07   4.07E+06   1.66E+06   6.07E+05   1.29E+05   0.00E+00   0.00E+00   0.00E+00
 0.210   1.32E+08   5.98E+07   2.99E+07   1.31E+07   4.50E+06   1.83E+06   6.62E+05   1.41E+05   0.00E+00   0.00E+00   0.00E+00
 0.200   1.40E+08   6.39E+07   3.23E+07   1.43E+07   4.99E+06   2.01E+06   7.21E+05   1.53E+05   0.00E+00   0.00E+00   0.00E+00
 0.190   1.49E+08   6.84E+07   3.48E+07   1.56E+07   5.52E+06   2.23E+06   7.89E+05   1.66E+05   0.00E+00   0.00E+00   0.00E+00
 0.180   1.59E+08   7.31E+07   3.76E+07   1.70E+07   6.09E+06   2.46E+06   8.60E+05   1.81E+05   0.00E+00   0.00E+00   0.00E+00
 0.170   1.69E+08   7.82E+07   4.08E+07   1.86E+07   6.72E+06   2.72E+06   9.47E+05   1.96E+05   0.00E+00   0.00E+00   0.00E+00
 0.160   1.80E+08   8.35E+07   4.40E+07   2.03E+07   7.44E+06   3.02E+06   1.04E+06   2.13E+05   0.00E+00   0.00E+00   0.00E+00
 0.150   1.92E+08   8.94E+07   4.74E+07   2.23E+07   8.25E+06   3.34E+06   1.13E+06   2.32E+05   0.00E+00   0.00E+00   0.00E+00
 0.140   2.04E+08   9.61E+07   5.11E+07   2.45E+07   9.19E+06   3.71E+06   1.24E+06   2.51E+05   0.00E+00   0.00E+00   0.00E+00
 0.130   2.17E+08   1.03E+08   5.53E+07   2.70E+07   1.02E+07   4.12E+06   1.35E+06   2.72E+05   0.00E+00   0.00E+00   0.00E+00
 0.120   2.30E+08   1.10E+08   5.99E+07   2.97E+07   1.13E+07   4.57E+06   1.47E+06   2.96E+05   0.00E+00   0.00E+00   0.00E+00
 0.110   2.46E+08   1.18E+08   6.49E+07   3.27E+07   1.27E+07   5.10E+06   1.61E+06   3.22E+05   0.00E+00   0.00E+00   0.00E+00
 0.100   2.61E+08   1.27E+08   7.04E+07   3.58E+07   1.42E+07   5.70E+06   1.76E+06   3.47E+05   0.00E+00   0.00E+00   0.00E+00
 0.090   2.79E+08   1.36E+08   7.62E+07   3.95E+07   1.59E+07   6.39E+06   1.91E+06   3.75E+05   0.00E+00   0.00E+00   0.00E+00
 0.080   2.97E+08   1.46E+08   8.25E+07   4.37E+07   1.79E+07   7.15E+06   2.08E+06   4.04E+05   0.00E+00   0.00E+00   0.00E+00
 0.070   3.18E+08   1.56E+08   8.94E+07   4.85E+07   2.03E+07   8.03E+06   2.28E+06   4.36E+05   0.00E+00   0.00E+00   0.00E+00
 0.060   3.39E+08   1.68E+08   9.70E+07   5.38E+07   2.30E+07   9.03E+06   2.48E+06   4.69E+05   0.00E+00   0.00E+00   0.00E+00
 0.050   3.62E+08   1.81E+08   1.05E+08   5.97E+07   2.62E+07   1.02E+07   2.72E+06   5.05E+05   0.00E+00   0.00E+00   0.00E+00
 0.045   3.74E+08   1.88E+08   1.10E+08   6.29E+07   2.81E+07   1.08E+07   2.85E+06   5.25E+05   0.00E+00   0.00E+00   0.00E+00
 0.040   3.87E+08   1.95E+08   1.15E+08   6.66E+07   3.00E+07   1.15E+07   2.98E+06   5.44E+05   0.00E+00   0.00E+00   0.00E+00
 0.035   4.00E+08   2.02E+08   1.19E+08   7.03E+07   3.22E+07   1.22E+07   3.11E+06   5.65E+05   0.00E+00   0.00E+00   0.00E+00
 0.030   4.14E+08   2.09E+08   1.25E+08   7.39E+07   3.44E+07   1.29E+07   3.25E+06   5.86E+05   0.00E+00   0.00E+00   0.00E+00
 0.025   4.28E+08   2.17E+08   1.30E+08   7.79E+07   3.69E+07   1.37E+07   3.40E+06   6.08E+05   0.00E+00   0.00E+00   0.00E+00
 0.020   4.43E+08   2.25E+08   1.36E+08   8.20E+07   3.96E+07   1.46E+07   3.56E+06   6.29E+05   0.00E+00   0.00E+00   0.00E+00
 0.015   4.59E+08   2.33E+08   1.42E+08   8.65E+07   4.24E+07   1.55E+07   3.71E+06   6.53E+05   0.00E+00   0.00E+00   0.00E+00
 0.010   4.75E+08   2.42E+08   1.48E+08   9.14E+07   4.55E+07   1.65E+07   3.87E+06   6.76E+05   0.00E+00   0.00E+00   0.00E+00
 0.009   4.78E+08   2.44E+08   1.49E+08   9.24E+07   4.61E+07   1.67E+07   3.90E+06   6.81E+05   0.00E+00   0.00E+00   0.00E+00
 0.008   4.82E+08   2.45E+08   1.50E+08   9.34E+07   4.67E+07   1.69E+07   3.94E+06   6.86E+05   0.00E+00   0.00E+00   0.00E+00
 0.007   4.85E+08   2.47E+08   1.52E+08   9.45E+07   4.75E+07   1.71E+07   3.97E+06   6.91E+05   0.00E+00   0.00E+00   0.00E+00
 0.006   4.89E+08   2.49E+08   1.53E+08   9.58E+07   4.82E+07   1.73E+07   4.01E+06   6.97E+05   0.00E+00   0.00E+00   0.00E+00
 0.005   4.92E+08   2.51E+08   1.55E+08   9.70E+07   4.89E+07   1.75E+07   4.05E+06   7.02E+05   0.00E+00   0.00E+00   0.00E+00
 0.004   4.96E+08   2.53E+08   1.56E+08   9.80E+07   4.97E+07   1.78E+07   4.08E+06   7.06E+05   0.00E+00   0.00E+00   0.00E+00
 0.003   4.99E+08   2.55E+08   1.57E+08   9.90E+07   5.04E+07   1.80E+07   4.11E+06   7.11E+05   0.00E+00   0.00E+00   0.00E+00
 0.002   5.02E+08   2.57E+08   1.59E+08   1.00E+08   5.12E+07   1.82E+07   4.16E+06   7.16E+05   0.00E+00   0.00E+00   0.00E+00
 0.001   5.05E+08   2.58E+08   1.60E+08   1.01E+08   5.19E+07   1.84E+07   4.20E+06   7.20E+05   0.00E+00   0.00E+00   0.00E+00
