# The file is organized in blocks of mission lengths.
# First column is probability of exceeding.
# Number of channels
  11
# Mission lengths (yr)
  0.71,  0.71
# Number of probabilities
  53
# Table or response function
SEPEM H RDS v2.01
# Channel labels (tabulated value can be integrated over time) and units
5.00-  7.23 MeV Proton Flux
cm^-2 sr^-1 MeV^-1
7.23- 10.46 MeV Proton Flux
cm^-2 sr^-1 MeV^-1
10.46- 15.12 MeV Proton Flux
cm^-2 sr^-1 MeV^-1
15.12- 21.87 MeV Proton Flux
cm^-2 sr^-1 MeV^-1
21.87- 31.62 MeV Proton Flux
cm^-2 sr^-1 MeV^-1
31.62- 45.73 MeV Proton Flux
cm^-2 sr^-1 MeV^-1
45.73- 66.13 MeV Proton Flux
cm^-2 sr^-1 MeV^-1
66.13- 95.64 MeV Proton Flux
cm^-2 sr^-1 MeV^-1
95.64-138.3  MeV Proton Flux
cm^-2 sr^-1 MeV^-1
138.3 -200.0  MeV Proton Flux
cm^-2 sr^-1 MeV^-1
200.0 -289.2  MeV Proton Flux
cm^-2 sr^-1 MeV^-1
# Mission length:  0.71 year(s)
 0.500   2.03E+07   7.89E+06   2.90E+06   9.22E+05   2.75E+05   9.19E+04   2.90E+04   4.99E+03   0.00E+00   0.00E+00   0.00E+00
 0.480   2.31E+07   9.01E+06   3.39E+06   1.09E+06   3.25E+05   1.11E+05   3.64E+04   6.57E+03   0.00E+00   0.00E+00   0.00E+00
 0.460   2.63E+07   1.03E+07   3.94E+06   1.28E+06   3.83E+05   1.33E+05   4.52E+04   8.61E+03   0.00E+00   0.00E+00   0.00E+00
 0.440   2.98E+07   1.18E+07   4.58E+06   1.51E+06   4.54E+05   1.60E+05   5.56E+04   1.12E+04   0.00E+00   0.00E+00   0.00E+00
 0.420   3.36E+07   1.35E+07   5.33E+06   1.78E+06   5.37E+05   1.92E+05   6.85E+04   1.43E+04   0.00E+00   0.00E+00   0.00E+00
 0.400   3.81E+07   1.53E+07   6.19E+06   2.11E+06   6.43E+05   2.31E+05   8.48E+04   1.81E+04   0.00E+00   0.00E+00   0.00E+00
 0.380   4.31E+07   1.74E+07   7.14E+06   2.48E+06   7.66E+05   2.79E+05   1.04E+05   2.29E+04   0.00E+00   0.00E+00   0.00E+00
 0.360   4.84E+07   1.97E+07   8.32E+06   2.95E+06   9.10E+05   3.36E+05   1.27E+05   2.86E+04   0.00E+00   0.00E+00   0.00E+00
 0.340   5.43E+07   2.25E+07   9.68E+06   3.49E+06   1.08E+06   4.04E+05   1.55E+05   3.53E+04   0.00E+00   0.00E+00   0.00E+00
 0.320   6.10E+07   2.56E+07   1.12E+07   4.14E+06   1.29E+06   4.85E+05   1.88E+05   4.34E+04   0.00E+00   0.00E+00   0.00E+00
 0.300   6.87E+07   2.91E+07   1.30E+07   4.89E+06   1.54E+06   5.85E+05   2.30E+05   5.33E+04   0.00E+00   0.00E+00   0.00E+00
 0.290   7.27E+07   3.11E+07   1.39E+07   5.32E+06   1.69E+06   6.41E+05   2.53E+05   5.87E+04   0.00E+00   0.00E+00   0.00E+00
 0.280   7.72E+07   3.30E+07   1.50E+07   5.81E+06   1.85E+06   7.07E+05   2.80E+05   6.47E+04   0.00E+00   0.00E+00   0.00E+00
 0.270   8.16E+07   3.52E+07   1.62E+07   6.31E+06   2.03E+06   7.76E+05   3.08E+05   7.10E+04   0.00E+00   0.00E+00   0.00E+00
 0.260   8.66E+07   3.76E+07   1.74E+07   6.85E+06   2.22E+06   8.56E+05   3.37E+05   7.77E+04   0.00E+00   0.00E+00   0.00E+00
 0.250   9.15E+07   4.01E+07   1.87E+07   7.48E+06   2.43E+06   9.41E+05   3.71E+05   8.49E+04   0.00E+00   0.00E+00   0.00E+00
 0.240   9.71E+07   4.26E+07   2.01E+07   8.15E+06   2.66E+06   1.04E+06   4.08E+05   9.24E+04   0.00E+00   0.00E+00   0.00E+00
 0.230   1.03E+08   4.55E+07   2.16E+07   8.87E+06   2.93E+06   1.15E+06   4.44E+05   1.01E+05   0.00E+00   0.00E+00   0.00E+00
 0.220   1.09E+08   4.83E+07   2.33E+07   9.62E+06   3.24E+06   1.27E+06   4.87E+05   1.10E+05   0.00E+00   0.00E+00   0.00E+00
 0.210   1.16E+08   5.14E+07   2.51E+07   1.05E+07   3.58E+06   1.41E+06   5.31E+05   1.19E+05   0.00E+00   0.00E+00   0.00E+00
 0.200   1.22E+08   5.48E+07   2.71E+07   1.14E+07   3.96E+06   1.54E+06   5.81E+05   1.30E+05   0.00E+00   0.00E+00   0.00E+00
 0.190   1.30E+08   5.83E+07   2.93E+07   1.25E+07   4.36E+06   1.71E+06   6.36E+05   1.41E+05   0.00E+00   0.00E+00   0.00E+00
 0.180   1.38E+08   6.21E+07   3.15E+07   1.36E+07   4.82E+06   1.88E+06   7.00E+05   1.52E+05   0.00E+00   0.00E+00   0.00E+00
 0.170   1.47E+08   6.63E+07   3.41E+07   1.49E+07   5.35E+06   2.08E+06   7.67E+05   1.65E+05   0.00E+00   0.00E+00   0.00E+00
 0.160   1.55E+08   7.06E+07   3.69E+07   1.63E+07   5.92E+06   2.32E+06   8.39E+05   1.79E+05   0.00E+00   0.00E+00   0.00E+00
 0.150   1.64E+08   7.53E+07   3.98E+07   1.80E+07   6.57E+06   2.59E+06   9.14E+05   1.93E+05   0.00E+00   0.00E+00   0.00E+00
 0.140   1.74E+08   8.06E+07   4.29E+07   1.98E+07   7.32E+06   2.89E+06   1.00E+06   2.09E+05   0.00E+00   0.00E+00   0.00E+00
 0.130   1.85E+08   8.63E+07   4.63E+07   2.17E+07   8.12E+06   3.22E+06   1.10E+06   2.26E+05   0.00E+00   0.00E+00   0.00E+00
 0.120   1.95E+08   9.21E+07   4.99E+07   2.38E+07   9.05E+06   3.57E+06   1.20E+06   2.45E+05   0.00E+00   0.00E+00   0.00E+00
 0.110   2.07E+08   9.82E+07   5.43E+07   2.64E+07   1.01E+07   4.00E+06   1.31E+06   2.63E+05   0.00E+00   0.00E+00   0.00E+00
 0.100   2.20E+08   1.05E+08   5.87E+07   2.91E+07   1.13E+07   4.51E+06   1.43E+06   2.83E+05   0.00E+00   0.00E+00   0.00E+00
 0.090   2.33E+08   1.12E+08   6.37E+07   3.20E+07   1.27E+07   5.06E+06   1.57E+06   3.05E+05   0.00E+00   0.00E+00   0.00E+00
 0.080   2.47E+08   1.20E+08   6.89E+07   3.54E+07   1.44E+07   5.70E+06   1.71E+06   3.26E+05   0.00E+00   0.00E+00   0.00E+00
 0.070   2.62E+08   1.28E+08   7.48E+07   3.92E+07   1.63E+07   6.45E+06   1.88E+06   3.50E+05   0.00E+00   0.00E+00   0.00E+00
 0.060   2.78E+08   1.36E+08   8.11E+07   4.37E+07   1.85E+07   7.30E+06   2.05E+06   3.74E+05   0.00E+00   0.00E+00   0.00E+00
 0.050   2.97E+08   1.46E+08   8.80E+07   4.87E+07   2.12E+07   8.29E+06   2.25E+06   4.02E+05   0.00E+00   0.00E+00   0.00E+00
 0.045   3.06E+08   1.52E+08   9.17E+07   5.15E+07   2.27E+07   8.86E+06   2.36E+06   4.17E+05   0.00E+00   0.00E+00   0.00E+00
 0.040   3.15E+08   1.57E+08   9.54E+07   5.42E+07   2.44E+07   9.40E+06   2.46E+06   4.32E+05   0.00E+00   0.00E+00   0.00E+00
 0.035   3.24E+08   1.62E+08   9.94E+07   5.73E+07   2.61E+07   1.00E+07   2.57E+06   4.48E+05   0.00E+00   0.00E+00   0.00E+00
 0.030   3.34E+08   1.67E+08   1.04E+08   6.04E+07   2.79E+07   1.06E+07   2.70E+06   4.63E+05   0.00E+00   0.00E+00   0.00E+00
 0.025   3.45E+08   1.73E+08   1.08E+08   6.37E+07   3.00E+07   1.14E+07   2.81E+06   4.78E+05   0.00E+00   0.00E+00   0.00E+00
 0.020   3.56E+08   1.79E+08   1.13E+08   6.72E+07   3.20E+07   1.22E+07   2.95E+06   4.94E+05   0.00E+00   0.00E+00   0.00E+00
 0.015   3.66E+08   1.86E+08   1.18E+08   7.13E+07   3.45E+07   1.30E+07   3.09E+06   5.10E+05   0.00E+00   0.00E+00   0.00E+00
 0.010   3.85E+08   1.94E+08   1.23E+08   7.52E+07   3.72E+07   1.39E+07   3.24E+06   5.38E+05   0.00E+00   0.00E+00   0.00E+00
 0.009   3.91E+08   1.97E+08   1.24E+08   7.64E+07   3.76E+07   1.41E+07   3.27E+06   5.47E+05   0.00E+00   0.00E+00   0.00E+00
 0.008   3.98E+08   2.00E+08   1.26E+08   7.76E+07   3.82E+07   1.43E+07   3.33E+06   5.55E+05   0.00E+00   0.00E+00   0.00E+00
 0.007   4.03E+08   2.04E+08   1.28E+08   7.88E+07   3.87E+07   1.45E+07   3.38E+06   5.65E+05   0.00E+00   0.00E+00   0.00E+00
 0.006   4.11E+08   2.07E+08   1.31E+08   8.05E+07   3.94E+07   1.47E+07   3.43E+06   5.76E+05   0.00E+00   0.00E+00   0.00E+00
 0.005   4.18E+08   2.11E+08   1.33E+08   8.23E+07   4.03E+07   1.49E+07   3.50E+06   5.88E+05   0.00E+00   0.00E+00   0.00E+00
 0.004   4.28E+08   2.16E+08   1.36E+08   8.44E+07   4.16E+07   1.53E+07   3.57E+06   6.02E+05   0.00E+00   0.00E+00   0.00E+00
 0.003   4.39E+08   2.22E+08   1.39E+08   8.68E+07   4.28E+07   1.57E+07   3.65E+06   6.21E+05   0.00E+00   0.00E+00   0.00E+00
 0.002   4.50E+08   2.29E+08   1.43E+08   8.92E+07   4.44E+07   1.62E+07   3.74E+06   6.40E+05   0.00E+00   0.00E+00   0.00E+00
 0.001   4.69E+08   2.37E+08   1.48E+08   9.29E+07   4.64E+07   1.70E+07   3.88E+06   6.63E+05   0.00E+00   0.00E+00   0.00E+00
# Mission length:  0.71 year(s)
 0.500   2.03E+07   7.89E+06   2.90E+06   9.22E+05   2.75E+05   9.19E+04   2.90E+04   4.99E+03   0.00E+00   0.00E+00   0.00E+00
 0.480   2.31E+07   9.01E+06   3.39E+06   1.09E+06   3.25E+05   1.11E+05   3.64E+04   6.57E+03   0.00E+00   0.00E+00   0.00E+00
 0.460   2.63E+07   1.03E+07   3.94E+06   1.28E+06   3.83E+05   1.33E+05   4.52E+04   8.61E+03   0.00E+00   0.00E+00   0.00E+00
 0.440   2.98E+07   1.18E+07   4.58E+06   1.51E+06   4.54E+05   1.60E+05   5.56E+04   1.12E+04   0.00E+00   0.00E+00   0.00E+00
 0.420   3.36E+07   1.35E+07   5.33E+06   1.78E+06   5.37E+05   1.92E+05   6.85E+04   1.43E+04   0.00E+00   0.00E+00   0.00E+00
 0.400   3.81E+07   1.53E+07   6.19E+06   2.11E+06   6.43E+05   2.31E+05   8.48E+04   1.81E+04   0.00E+00   0.00E+00   0.00E+00
 0.380   4.31E+07   1.74E+07   7.14E+06   2.48E+06   7.66E+05   2.79E+05   1.04E+05   2.29E+04   0.00E+00   0.00E+00   0.00E+00
 0.360   4.84E+07   1.97E+07   8.32E+06   2.95E+06   9.10E+05   3.36E+05   1.27E+05   2.86E+04   0.00E+00   0.00E+00   0.00E+00
 0.340   5.43E+07   2.25E+07   9.68E+06   3.49E+06   1.08E+06   4.04E+05   1.55E+05   3.53E+04   0.00E+00   0.00E+00   0.00E+00
 0.320   6.10E+07   2.56E+07   1.12E+07   4.14E+06   1.29E+06   4.85E+05   1.88E+05   4.34E+04   0.00E+00   0.00E+00   0.00E+00
 0.300   6.87E+07   2.91E+07   1.30E+07   4.89E+06   1.54E+06   5.85E+05   2.30E+05   5.33E+04   0.00E+00   0.00E+00   0.00E+00
 0.290   7.27E+07   3.11E+07   1.39E+07   5.32E+06   1.69E+06   6.41E+05   2.53E+05   5.87E+04   0.00E+00   0.00E+00   0.00E+00
 0.280   7.72E+07   3.30E+07   1.50E+07   5.81E+06   1.85E+06   7.07E+05   2.80E+05   6.47E+04   0.00E+00   0.00E+00   0.00E+00
 0.270   8.16E+07   3.52E+07   1.62E+07   6.31E+06   2.03E+06   7.76E+05   3.08E+05   7.10E+04   0.00E+00   0.00E+00   0.00E+00
 0.260   8.66E+07   3.76E+07   1.74E+07   6.85E+06   2.22E+06   8.56E+05   3.37E+05   7.77E+04   0.00E+00   0.00E+00   0.00E+00
 0.250   9.15E+07   4.01E+07   1.87E+07   7.48E+06   2.43E+06   9.41E+05   3.71E+05   8.49E+04   0.00E+00   0.00E+00   0.00E+00
 0.240   9.71E+07   4.26E+07   2.01E+07   8.15E+06   2.66E+06   1.04E+06   4.08E+05   9.24E+04   0.00E+00   0.00E+00   0.00E+00
 0.230   1.03E+08   4.55E+07   2.16E+07   8.87E+06   2.93E+06   1.15E+06   4.44E+05   1.01E+05   0.00E+00   0.00E+00   0.00E+00
 0.220   1.09E+08   4.83E+07   2.33E+07   9.62E+06   3.24E+06   1.27E+06   4.87E+05   1.10E+05   0.00E+00   0.00E+00   0.00E+00
 0.210   1.16E+08   5.14E+07   2.51E+07   1.05E+07   3.58E+06   1.41E+06   5.31E+05   1.19E+05   0.00E+00   0.00E+00   0.00E+00
 0.200   1.22E+08   5.48E+07   2.71E+07   1.14E+07   3.96E+06   1.54E+06   5.81E+05   1.30E+05   0.00E+00   0.00E+00   0.00E+00
 0.190   1.30E+08   5.83E+07   2.93E+07   1.25E+07   4.36E+06   1.71E+06   6.36E+05   1.41E+05   0.00E+00   0.00E+00   0.00E+00
 0.180   1.38E+08   6.21E+07   3.15E+07   1.36E+07   4.82E+06   1.88E+06   7.00E+05   1.52E+05   0.00E+00   0.00E+00   0.00E+00
 0.170   1.47E+08   6.63E+07   3.41E+07   1.49E+07   5.35E+06   2.08E+06   7.67E+05   1.65E+05   0.00E+00   0.00E+00   0.00E+00
 0.160   1.55E+08   7.06E+07   3.69E+07   1.63E+07   5.92E+06   2.32E+06   8.39E+05   1.79E+05   0.00E+00   0.00E+00   0.00E+00
 0.150   1.64E+08   7.53E+07   3.98E+07   1.80E+07   6.57E+06   2.59E+06   9.14E+05   1.93E+05   0.00E+00   0.00E+00   0.00E+00
 0.140   1.74E+08   8.06E+07   4.29E+07   1.98E+07   7.32E+06   2.89E+06   1.00E+06   2.09E+05   0.00E+00   0.00E+00   0.00E+00
 0.130   1.85E+08   8.63E+07   4.63E+07   2.17E+07   8.12E+06   3.22E+06   1.10E+06   2.26E+05   0.00E+00   0.00E+00   0.00E+00
 0.120   1.95E+08   9.21E+07   4.99E+07   2.38E+07   9.05E+06   3.57E+06   1.20E+06   2.45E+05   0.00E+00   0.00E+00   0.00E+00
 0.110   2.07E+08   9.82E+07   5.43E+07   2.64E+07   1.01E+07   4.00E+06   1.31E+06   2.63E+05   0.00E+00   0.00E+00   0.00E+00
 0.100   2.20E+08   1.05E+08   5.87E+07   2.91E+07   1.13E+07   4.51E+06   1.43E+06   2.83E+05   0.00E+00   0.00E+00   0.00E+00
 0.090   2.33E+08   1.12E+08   6.37E+07   3.20E+07   1.27E+07   5.06E+06   1.57E+06   3.05E+05   0.00E+00   0.00E+00   0.00E+00
 0.080   2.47E+08   1.20E+08   6.89E+07   3.54E+07   1.44E+07   5.70E+06   1.71E+06   3.26E+05   0.00E+00   0.00E+00   0.00E+00
 0.070   2.62E+08   1.28E+08   7.48E+07   3.92E+07   1.63E+07   6.45E+06   1.88E+06   3.50E+05   0.00E+00   0.00E+00   0.00E+00
 0.060   2.78E+08   1.36E+08   8.11E+07   4.37E+07   1.85E+07   7.30E+06   2.05E+06   3.74E+05   0.00E+00   0.00E+00   0.00E+00
 0.050   2.97E+08   1.46E+08   8.80E+07   4.87E+07   2.12E+07   8.29E+06   2.25E+06   4.02E+05   0.00E+00   0.00E+00   0.00E+00
 0.045   3.06E+08   1.52E+08   9.17E+07   5.15E+07   2.27E+07   8.86E+06   2.36E+06   4.17E+05   0.00E+00   0.00E+00   0.00E+00
 0.040   3.15E+08   1.57E+08   9.54E+07   5.42E+07   2.44E+07   9.40E+06   2.46E+06   4.32E+05   0.00E+00   0.00E+00   0.00E+00
 0.035   3.24E+08   1.62E+08   9.94E+07   5.73E+07   2.61E+07   1.00E+07   2.57E+06   4.48E+05   0.00E+00   0.00E+00   0.00E+00
 0.030   3.34E+08   1.67E+08   1.04E+08   6.04E+07   2.79E+07   1.06E+07   2.70E+06   4.63E+05   0.00E+00   0.00E+00   0.00E+00
 0.025   3.45E+08   1.73E+08   1.08E+08   6.37E+07   3.00E+07   1.14E+07   2.81E+06   4.78E+05   0.00E+00   0.00E+00   0.00E+00
 0.020   3.56E+08   1.79E+08   1.13E+08   6.72E+07   3.20E+07   1.22E+07   2.95E+06   4.94E+05   0.00E+00   0.00E+00   0.00E+00
 0.015   3.66E+08   1.86E+08   1.18E+08   7.13E+07   3.45E+07   1.30E+07   3.09E+06   5.10E+05   0.00E+00   0.00E+00   0.00E+00
 0.010   3.85E+08   1.94E+08   1.23E+08   7.52E+07   3.72E+07   1.39E+07   3.24E+06   5.38E+05   0.00E+00   0.00E+00   0.00E+00
 0.009   3.91E+08   1.97E+08   1.24E+08   7.64E+07   3.76E+07   1.41E+07   3.27E+06   5.47E+05   0.00E+00   0.00E+00   0.00E+00
 0.008   3.98E+08   2.00E+08   1.26E+08   7.76E+07   3.82E+07   1.43E+07   3.33E+06   5.55E+05   0.00E+00   0.00E+00   0.00E+00
 0.007   4.03E+08   2.04E+08   1.28E+08   7.88E+07   3.87E+07   1.45E+07   3.38E+06   5.65E+05   0.00E+00   0.00E+00   0.00E+00
 0.006   4.11E+08   2.07E+08   1.31E+08   8.05E+07   3.94E+07   1.47E+07   3.43E+06   5.76E+05   0.00E+00   0.00E+00   0.00E+00
 0.005   4.18E+08   2.11E+08   1.33E+08   8.23E+07   4.03E+07   1.49E+07   3.50E+06   5.88E+05   0.00E+00   0.00E+00   0.00E+00
 0.004   4.28E+08   2.16E+08   1.36E+08   8.44E+07   4.16E+07   1.53E+07   3.57E+06   6.02E+05   0.00E+00   0.00E+00   0.00E+00
 0.003   4.39E+08   2.22E+08   1.39E+08   8.68E+07   4.28E+07   1.57E+07   3.65E+06   6.21E+05   0.00E+00   0.00E+00   0.00E+00
 0.002   4.50E+08   2.29E+08   1.43E+08   8.92E+07   4.44E+07   1.62E+07   3.74E+06   6.40E+05   0.00E+00   0.00E+00   0.00E+00
 0.001   4.69E+08   2.37E+08   1.48E+08   9.29E+07   4.64E+07   1.70E+07   3.88E+06   6.63E+05   0.00E+00   0.00E+00   0.00E+00
