# Energy(MeV) Fluence_Sferica(4Pi)
1.800000e+00 8.491911e+09
1.822942e+00 8.354349e+09
1.846177e+00 8.218917e+09
1.869708e+00 8.085583e+09
1.893539e+00 7.954315e+09
1.917674e+00 7.825082e+09
1.942116e+00 7.697852e+09
1.966870e+00 7.572594e+09
1.991940e+00 7.449279e+09
2.017328e+00 7.327878e+09
2.043041e+00 7.208359e+09
2.069081e+00 7.090696e+09
2.095453e+00 6.974859e+09
2.122162e+00 6.860821e+09
2.149210e+00 6.748553e+09
2.176604e+00 6.638030e+09
2.204346e+00 6.529224e+09
2.232442e+00 6.422109e+09
2.260897e+00 6.316660e+09
2.289714e+00 6.212850e+09
2.318898e+00 6.110655e+09
2.348454e+00 6.010050e+09
2.378387e+00 5.911011e+09
2.408702e+00 5.813514e+09
2.439402e+00 5.717535e+09
2.470495e+00 5.623051e+09
2.501983e+00 5.530040e+09
2.533873e+00 5.438478e+09
2.566169e+00 5.348344e+09
2.598877e+00 5.259615e+09
2.632002e+00 5.172271e+09
2.665549e+00 5.086290e+09
2.699523e+00 5.001651e+09
2.733931e+00 4.918334e+09
2.768777e+00 4.836319e+09
2.804067e+00 4.755585e+09
2.839808e+00 4.676114e+09
2.876003e+00 4.597885e+09
2.912660e+00 4.520881e+09
2.949784e+00 4.445081e+09
2.987382e+00 4.370469e+09
3.025458e+00 4.297025e+09
3.064020e+00 4.224732e+09
3.103074e+00 4.153572e+09
3.142625e+00 4.083528e+09
3.182680e+00 4.014583e+09
3.223246e+00 3.946719e+09
3.264329e+00 3.879922e+09
3.305936e+00 3.814174e+09
3.348072e+00 3.749459e+09
3.390746e+00 3.685762e+09
3.433964e+00 3.623066e+09
3.477733e+00 3.561358e+09
3.522059e+00 3.500620e+09
3.566951e+00 3.440840e+09
3.612415e+00 3.382002e+09
3.658458e+00 3.324092e+09
3.705088e+00 3.267095e+09
3.752312e+00 3.210998e+09
3.800138e+00 3.155787e+09
3.848574e+00 3.101448e+09
3.897627e+00 3.047968e+09
3.947306e+00 2.995335e+09
3.997617e+00 2.943534e+09
4.048570e+00 2.892554e+09
4.100173e+00 2.842382e+09
4.152433e+00 2.793005e+09
4.205359e+00 2.744412e+09
4.258959e+00 2.696590e+09
4.313243e+00 2.649528e+09
4.368219e+00 2.603214e+09
4.423896e+00 2.557637e+09
4.480282e+00 2.512785e+09
4.537387e+00 2.468647e+09
4.595219e+00 2.425213e+09
4.653789e+00 2.382472e+09
4.713105e+00 2.340413e+09
4.773178e+00 2.299026e+09
4.834016e+00 2.258300e+09
4.895629e+00 2.218226e+09
4.958028e+00 2.178793e+09
5.021222e+00 2.139992e+09
5.085222e+00 2.101813e+09
5.150037e+00 2.064247e+09
5.215678e+00 2.027284e+09
5.282156e+00 1.990916e+09
5.349482e+00 1.955132e+09
5.417665e+00 1.919924e+09
5.486718e+00 1.885284e+09
5.556650e+00 1.851203e+09
5.627475e+00 1.817672e+09
5.699201e+00 1.784682e+09
5.771842e+00 1.752227e+09
5.845409e+00 1.720296e+09
5.919913e+00 1.688883e+09
5.995368e+00 1.657980e+09
6.071783e+00 1.627579e+09
6.149173e+00 1.597671e+09
6.227549e+00 1.568251e+09
6.306925e+00 1.539309e+09
6.387311e+00 1.510840e+09
6.468723e+00 1.482835e+09
6.551172e+00 1.455288e+09
6.634672e+00 1.428191e+09
6.719236e+00 1.401539e+09
6.804878e+00 1.375323e+09
6.891612e+00 1.349538e+09
6.979451e+00 1.324177e+09
7.068410e+00 1.299234e+09
7.158503e+00 1.274701e+09
7.249744e+00 1.250573e+09
7.342148e+00 1.226844e+09
7.435729e+00 1.203508e+09
7.530504e+00 1.180558e+09
7.626486e+00 1.157989e+09
7.723692e+00 1.135795e+09
7.822136e+00 1.113970e+09
7.921836e+00 1.092508e+09
8.022806e+00 1.071405e+09
8.125063e+00 1.050655e+09
8.228624e+00 1.030251e+09
8.333504e+00 1.010190e+09
8.439722e+00 9.904655e+08
8.547293e+00 9.710726e+08
8.656235e+00 9.520064e+08
8.766566e+00 9.332618e+08
8.878303e+00 9.148340e+08
8.991464e+00 8.967181e+08
9.106067e+00 8.789093e+08
9.222132e+00 8.614031e+08
9.339675e+00 8.441948e+08
9.458717e+00 8.272798e+08
9.579276e+00 8.106537e+08
9.701372e+00 7.943122e+08
9.825023e+00 7.782508e+08
9.950251e+00 7.624653e+08
1.007708e+01 7.469514e+08
1.020552e+01 7.317052e+08
1.033559e+01 7.167224e+08
1.046733e+01 7.019991e+08
1.060074e+01 6.875312e+08
1.073586e+01 6.733150e+08
1.087270e+01 6.593466e+08
1.101128e+01 6.456221e+08
1.115162e+01 6.321379e+08
1.129376e+01 6.188903e+08
1.143771e+01 6.058757e+08
1.158349e+01 5.930905e+08
1.173113e+01 5.805312e+08
1.188066e+01 5.681944e+08
1.203208e+01 5.560767e+08
1.218544e+01 5.441747e+08
1.234076e+01 5.324851e+08
1.249805e+01 5.210046e+08
1.265735e+01 5.097302e+08
1.281868e+01 4.986585e+08
1.298206e+01 4.877865e+08
1.314753e+01 4.771111e+08
1.331510e+01 4.666293e+08
1.348482e+01 4.563382e+08
1.365669e+01 4.462348e+08
1.383076e+01 4.363162e+08
1.400704e+01 4.265795e+08
1.418557e+01 4.170221e+08
1.436638e+01 4.076410e+08
1.454949e+01 3.984336e+08
1.473493e+01 3.893972e+08
1.492274e+01 3.805292e+08
1.511294e+01 3.718270e+08
1.530557e+01 3.632879e+08
1.550065e+01 3.549095e+08
1.569822e+01 3.466893e+08
1.589831e+01 3.386247e+08
1.610095e+01 3.307135e+08
1.630616e+01 3.229532e+08
1.651400e+01 3.153414e+08
1.672448e+01 3.078758e+08
1.693765e+01 3.005542e+08
1.715354e+01 2.933743e+08
1.737217e+01 2.863339e+08
1.759359e+01 2.794308e+08
1.781784e+01 2.726627e+08
1.804494e+01 2.660277e+08
1.827494e+01 2.595236e+08
1.850787e+01 2.531483e+08
1.874377e+01 2.468999e+08
1.898267e+01 2.407762e+08
1.922462e+01 2.347753e+08
1.946965e+01 2.288952e+08
1.971781e+01 2.231341e+08
1.996913e+01 2.174900e+08
2.022365e+01 2.119611e+08
2.048142e+01 2.065455e+08
2.074247e+01 2.012413e+08
2.100685e+01 1.960468e+08
2.127460e+01 1.909603e+08
2.154576e+01 1.859799e+08
2.182038e+01 1.811039e+08
2.209850e+01 1.763306e+08
2.238016e+01 1.716585e+08
2.266542e+01 1.670857e+08
2.295430e+01 1.626106e+08
2.324688e+01 1.582318e+08
2.354318e+01 1.539475e+08
2.384325e+01 1.497562e+08
2.414715e+01 1.456563e+08
2.445493e+01 1.416464e+08
2.476663e+01 1.377249e+08
2.508230e+01 1.338904e+08
2.540199e+01 1.301413e+08
2.572576e+01 1.264762e+08
2.605366e+01 1.228937e+08
2.638573e+01 1.193924e+08
2.672204e+01 1.159708e+08
2.706263e+01 1.126277e+08
2.740757e+01 1.093617e+08
2.775690e+01 1.061714e+08
2.811069e+01 1.030554e+08
2.846898e+01 1.000126e+08
2.883184e+01 9.704163e+07
2.919932e+01 9.414118e+07
2.957149e+01 9.131002e+07
2.994841e+01 8.854693e+07
3.033012e+01 8.585067e+07
3.071671e+01 8.322005e+07
3.110821e+01 8.065386e+07
3.150471e+01 7.815095e+07
3.190627e+01 7.571015e+07
3.231294e+01 7.333031e+07
3.272479e+01 7.101031e+07
3.314190e+01 6.874902e+07
3.356432e+01 6.654536e+07
3.399212e+01 6.439823e+07
3.442538e+01 6.230656e+07
3.486416e+01 6.026929e+07
3.530853e+01 5.828538e+07
3.575857e+01 5.635379e+07
3.621434e+01 5.447350e+07
3.667592e+01 5.264351e+07
3.714338e+01 5.086283e+07
3.761681e+01 4.913047e+07
3.809626e+01 4.744547e+07
3.858183e+01 4.580687e+07
3.907359e+01 4.421373e+07
3.957161e+01 4.266513e+07
4.007598e+01 4.116014e+07
4.058679e+01 3.969785e+07
4.110410e+01 3.827738e+07
4.162800e+01 3.689784e+07
4.215858e+01 3.555836e+07
4.269593e+01 3.425809e+07
4.324012e+01 3.299617e+07
4.379126e+01 3.177177e+07
4.434941e+01 3.058406e+07
4.491468e+01 2.943224e+07
4.548715e+01 2.831550e+07
4.606692e+01 2.723305e+07
4.665408e+01 2.618410e+07
4.724873e+01 2.516790e+07
4.785095e+01 2.418368e+07
4.846085e+01 2.323070e+07
4.907852e+01 2.230821e+07
4.970407e+01 2.141550e+07
5.033759e+01 2.055185e+07
5.097918e+01 1.971655e+07
5.162895e+01 1.890892e+07
5.228701e+01 1.812825e+07
5.295345e+01 1.737389e+07
5.362838e+01 1.664517e+07
5.431192e+01 1.594144e+07
5.500417e+01 1.526205e+07
5.570524e+01 1.460637e+07
5.641525e+01 1.397378e+07
5.713431e+01 1.336367e+07
5.786253e+01 1.277543e+07
5.860004e+01 1.220848e+07
5.934694e+01 1.166230e+07
6.010337e+01 1.113912e+07
6.086943e+01 1.063941e+07
6.164526e+01 1.016212e+07
6.243098e+01 9.706236e+06
6.322671e+01 9.270806e+06
6.403259e+01 8.854910e+06
6.484874e+01 8.457671e+06
6.567529e+01 8.078253e+06
6.651237e+01 7.715856e+06
6.736013e+01 7.369716e+06
6.821869e+01 7.039104e+06
6.908819e+01 6.723324e+06
6.996877e+01 6.421710e+06
7.086058e+01 6.133626e+06
7.176376e+01 5.858467e+06
7.267845e+01 5.595651e+06
7.360479e+01 5.344625e+06
7.454294e+01 5.104861e+06
7.549305e+01 4.875852e+06
7.645527e+01 4.657117e+06
7.742976e+01 4.448195e+06
7.841666e+01 4.248645e+06
7.941615e+01 4.058047e+06
8.042837e+01 3.876000e+06
8.145350e+01 3.702119e+06
8.249169e+01 3.536039e+06
8.354311e+01 3.377409e+06
8.460794e+01 3.225896e+06
8.568633e+01 3.081179e+06
8.677847e+01 2.942955e+06
8.788454e+01 2.810932e+06
8.900470e+01 2.684831e+06
9.013913e+01 2.564387e+06
9.128803e+01 2.449346e+06
9.245157e+01 2.339467e+06
9.362994e+01 2.234516e+06
9.482333e+01 2.134274e+06
9.603193e+01 2.038529e+06
9.725594e+01 1.947078e+06
9.849554e+01 1.859731e+06
9.975095e+01 1.776302e+06
1.010224e+02 1.696615e+06
1.023100e+02 1.620504e+06
1.036140e+02 1.547807e+06
1.049346e+02 1.478371e+06
1.062721e+02 1.412050e+06
1.076266e+02 1.348704e+06
1.089984e+02 1.288200e+06
1.103877e+02 1.230410e+06
1.117947e+02 1.175213e+06
1.132196e+02 1.122492e+06
1.146627e+02 1.072136e+06
1.161241e+02 1.024039e+06
1.176042e+02 9.780997e+05
1.191032e+02 9.342213e+05
1.206213e+02 8.923113e+05
1.221587e+02 8.522815e+05
1.237157e+02 8.140474e+05
1.252925e+02 7.775286e+05
1.268895e+02 7.426480e+05
1.285068e+02 7.093321e+05
1.301447e+02 6.775109e+05
1.318035e+02 6.471172e+05
1.334835e+02 6.180870e+05
1.351848e+02 5.903590e+05
1.369079e+02 5.638750e+05
1.386529e+02 5.385791e+05
1.404201e+02 5.144180e+05
1.422099e+02 4.913408e+05
1.440225e+02 4.692988e+05
1.458582e+02 4.482457e+05
1.477172e+02 4.281370e+05
1.496000e+02 4.089304e+05
1.515068e+02 3.905854e+05
1.534379e+02 3.730634e+05
1.553935e+02 3.563275e+05
1.573742e+02 3.403423e+05
1.593800e+02 3.250743e+05
1.614115e+02 3.104912e+05
1.634688e+02 2.965623e+05
1.655523e+02 2.832582e+05
1.676624e+02 2.705510e+05
1.697994e+02 2.584139e+05
1.719636e+02 2.468212e+05
1.741555e+02 2.357486e+05
1.763752e+02 2.251727e+05
1.786233e+02 2.150713e+05
1.809000e+02 2.054230e+05
1.832057e+02 1.962075e+05
1.855408e+02 1.874055e+05
1.879056e+02 1.789983e+05
1.903007e+02 1.709683e+05
1.927262e+02 1.632985e+05
1.951826e+02 1.559728e+05
1.976704e+02 1.489757e+05
2.001899e+02 1.422926e+05
2.027415e+02 1.359092e+05
2.053256e+02 1.298122e+05
2.079426e+02 1.239887e+05
2.105930e+02 1.184265e+05
2.132772e+02 1.131138e+05
2.159956e+02 1.080394e+05
2.187486e+02 1.031926e+05
2.215367e+02 9.856333e+04
2.243604e+02 9.414170e+04
2.272201e+02 8.991842e+04
2.301162e+02 8.588460e+04
2.330492e+02 8.203175e+04
2.360196e+02 7.835173e+04
2.390278e+02 7.483681e+04
2.420744e+02 7.147957e+04
2.451599e+02 6.827293e+04
2.482846e+02 6.521015e+04
2.514492e+02 6.228477e+04
2.546542e+02 5.949062e+04
2.578999e+02 5.682182e+04
2.611871e+02 5.427274e+04
2.645161e+02 5.183802e+04
2.678876e+02 4.951252e+04
2.713020e+02 4.729135e+04
2.747600e+02 4.516982e+04
2.782620e+02 4.314346e+04
2.818087e+02 4.120801e+04
2.854006e+02 3.935938e+04
2.890383e+02 3.759369e+04
2.927223e+02 3.590720e+04
2.964533e+02 3.429638e+04
3.002318e+02 3.275781e+04
3.040585e+02 3.128827e+04
3.079340e+02 2.988465e+04
3.118588e+02 2.854400e+04
3.158337e+02 2.726349e+04
3.198593e+02 2.604043e+04
3.239362e+02 2.487223e+04
3.280650e+02 2.375644e+04
3.322464e+02 2.269071e+04
3.364812e+02 2.167278e+04
3.407699e+02 2.070052e+04
3.451133e+02 1.977188e+04
3.495121e+02 1.888490e+04
3.539669e+02 1.803770e+04
3.584785e+02 1.722852e+04
3.630476e+02 1.645563e+04
3.676749e+02 1.571742e+04
3.723612e+02 1.501232e+04
3.771073e+02 1.433886e+04
3.819138e+02 1.369560e+04
3.867816e+02 1.308121e+04
3.917114e+02 1.249437e+04
3.967041e+02 1.193386e+04
4.017604e+02 1.139850e+04
4.068812e+02 1.088715e+04
4.120672e+02 1.039875e+04
4.173194e+02 9.932250e+03
4.226384e+02 9.486681e+03
4.280253e+02 9.061100e+03
4.334808e+02 8.654612e+03
4.390059e+02 8.266358e+03
4.446014e+02 7.895522e+03
4.502682e+02 7.541323e+03
4.560072e+02 7.203012e+03
4.618194e+02 6.879879e+03
4.677057e+02 6.571242e+03
4.736670e+02 6.276450e+03
4.797042e+02 5.994883e+03
4.858185e+02 5.725948e+03
4.920106e+02 5.469077e+03
4.982817e+02 5.223729e+03
5.046327e+02 4.989389e+03
5.110646e+02 4.765560e+03
5.175786e+02 4.551773e+03
5.241755e+02 4.347577e+03
5.308566e+02 4.152541e+03
5.376228e+02 3.966254e+03
5.444752e+02 3.788325e+03
5.514150e+02 3.618377e+03
5.584432e+02 3.456054e+03
5.655610e+02 3.301012e+03
5.727696e+02 3.152926e+03
5.800700e+02 3.011483e+03
5.874635e+02 2.876385e+03
5.949511e+02 2.747348e+03
6.025343e+02 2.624100e+03
6.102141e+02 2.506381e+03
6.179917e+02 2.393942e+03
6.258686e+02 2.286548e+03
6.338458e+02 2.183971e+03
6.419246e+02 2.085997e+03
6.501065e+02 1.992417e+03
6.583926e+02 1.903035e+03
6.667844e+02 1.817664e+03
6.752831e+02 1.736122e+03
6.838901e+02 1.658238e+03
6.926068e+02 1.583848e+03
7.014347e+02 1.512795e+03
7.103750e+02 1.444930e+03
7.194293e+02 1.380109e+03
7.285991e+02 1.318196e+03
7.378856e+02 1.259061e+03
7.472906e+02 1.202578e+03
7.568154e+02 1.148630e+03
7.664616e+02 1.097101e+03
7.762308e+02 1.047884e+03
7.861245e+02 1.000875e+03
7.961443e+02 9.559750e+02
8.062918e+02 9.130892e+02
8.165687e+02 8.721272e+02
8.269765e+02 8.330029e+02
8.375170e+02 7.956336e+02
8.481918e+02 7.599408e+02
8.590027e+02 7.258492e+02
8.699514e+02 6.932870e+02
8.810396e+02 6.621856e+02
8.922692e+02 6.324794e+02
9.036419e+02 6.041058e+02
9.151595e+02 5.770051e+02
9.268240e+02 5.511202e+02
9.386371e+02 5.263964e+02
9.506008e+02 5.027818e+02
9.627170e+02 4.802266e+02
9.749876e+02 4.586832e+02
9.874146e+02 4.381063e+02
1.000000e+03 4.184525e+02
