1.000000e+00 4.227074e+10
1.013939e+00 4.137458e+10
1.028073e+00 4.048874e+10
1.042404e+00 3.962168e+10
1.056935e+00 3.877300e+10
1.071668e+00 3.794555e+10
1.086606e+00 3.712409e+10
1.101753e+00 3.631626e+10
1.117111e+00 3.552963e+10
1.132683e+00 3.476618e+10
1.148472e+00 3.402614e+10
1.164481e+00 3.330166e+10
1.180713e+00 3.259241e+10
1.197171e+00 3.189434e+10
1.213859e+00 3.120376e+10
1.230780e+00 3.052797e+10
1.247936e+00 2.986664e+10
1.265332e+00 2.922655e+10
1.282970e+00 2.860178e+10
1.300854e+00 2.798966e+10
1.318987e+00 2.738900e+10
1.337373e+00 2.680133e+10
1.356015e+00 2.623239e+10
1.374917e+00 2.566562e+10
1.394083e+00 2.511063e+10
1.413516e+00 2.455979e+10
1.433219e+00 2.403785e+10
1.453198e+00 2.353083e+10
1.473454e+00 2.301800e+10
1.493993e+00 2.251665e+10
1.514819e+00 2.202775e+10
1.535935e+00 2.154813e+10
1.557345e+00 2.107811e+10
1.579053e+00 2.062125e+10
1.601064e+00 2.018070e+10
1.623382e+00 1.974939e+10
1.646012e+00 1.933525e+10
1.668956e+00 1.891292e+10
1.692220e+00 1.849745e+10
1.715809e+00 1.809399e+10
1.739726e+00 1.770455e+10
1.763977e+00 1.731660e+10
1.788566e+00 1.694335e+10
1.813498e+00 1.657540e+10
1.838777e+00 1.622230e+10
1.864409e+00 1.586998e+10
1.890397e+00 1.552322e+10
1.916748e+00 1.518217e+10
1.943467e+00 1.484674e+10
1.970558e+00 1.452674e+10
1.998026e+00 1.421397e+10
2.025878e+00 1.391184e+10
2.054117e+00 1.361664e+10
2.082751e+00 1.332385e+10
2.111783e+00 1.303403e+10
2.141220e+00 1.274833e+10
2.171068e+00 1.247629e+10
2.201331e+00 1.220852e+10
2.232016e+00 1.194094e+10
2.263130e+00 1.168312e+10
2.294676e+00 1.142923e+10
2.326663e+00 1.117895e+10
2.359095e+00 1.093066e+10
2.391980e+00 1.068947e+10
2.425323e+00 1.045416e+10
2.459130e+00 1.022391e+10
2.493409e+00 9.999004e+09
2.528166e+00 9.782571e+09
2.563407e+00 9.569229e+09
2.599140e+00 9.364678e+09
2.635371e+00 9.159156e+09
2.672106e+00 8.959533e+09
2.709354e+00 8.763304e+09
2.747121e+00 8.572726e+09
2.785414e+00 8.385750e+09
2.824241e+00 8.202745e+09
2.863610e+00 8.023137e+09
2.903527e+00 7.844761e+09
2.944000e+00 7.672920e+09
2.985038e+00 7.500114e+09
3.026648e+00 7.333047e+09
3.068838e+00 7.170301e+09
3.111616e+00 7.013539e+09
3.154990e+00 6.861162e+09
3.198969e+00 6.705838e+09
3.243561e+00 6.554697e+09
3.288774e+00 6.408369e+09
3.334618e+00 6.268988e+09
3.381101e+00 6.131348e+09
3.428231e+00 5.996876e+09
3.476019e+00 5.863089e+09
3.524473e+00 5.732643e+09
3.573602e+00 5.604332e+09
3.623416e+00 5.479297e+09
3.673925e+00 5.357872e+09
3.725137e+00 5.239014e+09
3.777064e+00 5.120009e+09
3.829714e+00 5.004261e+09
3.883098e+00 4.891774e+09
3.937226e+00 4.784867e+09
3.992109e+00 4.677701e+09
4.047757e+00 4.574564e+09
4.104181e+00 4.471925e+09
4.161391e+00 4.371809e+09
4.219398e+00 4.273508e+09
4.278214e+00 4.178246e+09
4.337850e+00 4.084599e+09
4.398317e+00 3.993183e+09
4.459628e+00 3.902667e+09
4.521792e+00 3.814779e+09
4.584824e+00 3.729077e+09
4.648734e+00 3.644891e+09
4.713535e+00 3.560172e+09
4.779239e+00 3.479141e+09
4.845859e+00 3.400135e+09
4.913407e+00 3.322776e+09
4.981898e+00 3.247902e+09
5.051342e+00 3.173541e+09
5.121755e+00 3.101467e+09
5.193150e+00 3.032164e+09
5.265540e+00 2.963591e+09
5.338938e+00 2.895229e+09
5.413360e+00 2.829521e+09
5.488820e+00 2.764281e+09
5.565331e+00 2.699431e+09
5.642908e+00 2.636831e+09
5.721568e+00 2.576690e+09
5.801323e+00 2.519235e+09
5.882190e+00 2.461448e+09
5.964185e+00 2.405876e+09
6.047322e+00 2.349446e+09
6.131619e+00 2.294534e+09
6.217090e+00 2.241323e+09
6.303753e+00 2.189534e+09
6.391624e+00 2.138751e+09
6.480720e+00 2.089653e+09
6.571058e+00 2.040459e+09
6.662655e+00 1.992139e+09
6.755528e+00 1.945115e+09
6.849697e+00 1.899983e+09
6.945178e+00 1.855668e+09
7.041990e+00 1.811395e+09
7.140151e+00 1.768549e+09
7.239681e+00 1.727609e+09
7.340598e+00 1.686819e+09
7.442922e+00 1.646523e+09
7.546673e+00 1.606970e+09
7.651869e+00 1.568992e+09
7.758532e+00 1.532648e+09
7.866682e+00 1.496723e+09
7.976339e+00 1.461285e+09
8.087525e+00 1.426087e+09
8.200261e+00 1.391762e+09
8.314568e+00 1.358353e+09
8.430468e+00 1.325217e+09
8.547985e+00 1.293673e+09
8.667139e+00 1.262425e+09
8.787954e+00 1.232553e+09
8.910453e+00 1.203054e+09
9.034660e+00 1.173841e+09
9.160598e+00 1.145677e+09
9.288292e+00 1.117514e+09
9.417766e+00 1.090415e+09
9.549045e+00 1.064053e+09
9.682153e+00 1.038406e+09
9.817117e+00 1.013134e+09
9.953962e+00 9.883420e+08
1.009272e+01 9.640752e+08
1.023340e+01 9.403983e+08
1.037605e+01 9.173167e+08
1.052069e+01 8.946145e+08
1.066734e+01 8.725528e+08
1.081604e+01 8.509736e+08
1.096681e+01 8.297154e+08
1.111968e+01 8.091682e+08
1.127468e+01 7.892807e+08
1.143184e+01 7.696752e+08
1.159120e+01 7.505750e+08
1.175277e+01 7.316304e+08
1.191660e+01 7.132467e+08
1.208271e+01 6.954292e+08
1.225114e+01 6.780272e+08
1.242191e+01 6.610033e+08
1.259506e+01 6.443738e+08
1.277063e+01 6.282717e+08
1.294865e+01 6.123321e+08
1.312915e+01 5.964586e+08
1.331216e+01 5.811084e+08
1.349772e+01 5.662794e+08
1.368587e+01 5.517703e+08
1.387665e+01 5.373941e+08
1.407008e+01 5.234715e+08
1.426621e+01 5.099069e+08
1.446507e+01 4.965696e+08
1.466671e+01 4.838098e+08
1.487115e+01 4.711205e+08
1.507845e+01 4.589825e+08
1.528864e+01 4.468266e+08
1.550175e+01 4.348251e+08
1.571784e+01 4.233552e+08
1.593694e+01 4.122418e+08
1.615909e+01 4.014125e+08
1.638434e+01 3.905858e+08
1.661273e+01 3.801447e+08
1.684430e+01 3.699954e+08
1.707910e+01 3.599196e+08
1.731717e+01 3.501648e+08
1.755856e+01 3.407674e+08
1.780332e+01 3.314970e+08
1.805149e+01 3.223319e+08
1.830312e+01 3.135063e+08
1.855825e+01 3.049203e+08
1.881694e+01 2.966465e+08
1.907924e+01 2.884309e+08
1.934520e+01 2.804285e+08
1.961486e+01 2.726652e+08
1.988828e+01 2.650510e+08
2.016551e+01 2.576240e+08
2.044661e+01 2.504588e+08
2.073162e+01 2.434627e+08
2.102061e+01 2.365146e+08
2.131362e+01 2.298407e+08
2.161073e+01 2.232681e+08
2.191197e+01 2.168556e+08
2.221741e+01 2.106481e+08
2.252711e+01 2.045935e+08
2.284112e+01 1.987517e+08
2.315951e+01 1.930046e+08
2.348235e+01 1.874163e+08
2.380968e+01 1.819531e+08
2.414157e+01 1.766356e+08
2.447809e+01 1.715325e+08
2.481930e+01 1.664762e+08
2.516527e+01 1.614663e+08
2.551606e+01 1.567060e+08
2.587174e+01 1.520054e+08
2.623238e+01 1.474233e+08
2.659804e+01 1.429792e+08
2.696881e+01 1.386385e+08
2.734474e+01 1.344298e+08
2.772591e+01 1.303199e+08
2.811239e+01 1.263770e+08
2.850426e+01 1.225010e+08
2.890160e+01 1.186525e+08
2.930447e+01 1.149373e+08
2.971296e+01 1.113099e+08
3.012714e+01 1.078709e+08
3.054710e+01 1.044726e+08
3.097291e+01 1.011631e+08
3.140465e+01 9.793520e+07
3.184242e+01 9.481816e+07
3.228628e+01 9.176526e+07
3.273634e+01 8.879566e+07
3.319266e+01 8.588136e+07
3.365535e+01 8.311110e+07
3.412449e+01 8.038202e+07
3.460016e+01 7.773728e+07
3.508247e+01 7.518595e+07
3.557150e+01 7.270485e+07
3.606735e+01 7.029531e+07
3.657011e+01 6.793606e+07
3.707988e+01 6.563617e+07
3.759675e+01 6.340558e+07
3.812083e+01 6.126162e+07
3.865221e+01 5.918437e+07
3.919100e+01 5.717669e+07
3.973730e+01 5.516946e+07
4.029122e+01 5.325067e+07
4.085286e+01 5.139972e+07
4.142232e+01 4.958802e+07
4.199973e+01 4.785346e+07
4.258518e+01 4.614196e+07
4.317880e+01 4.448799e+07
4.378069e+01 4.288603e+07
4.439097e+01 4.132435e+07
4.500975e+01 3.981964e+07
4.563716e+01 3.837679e+07
4.627332e+01 3.695539e+07
4.691835e+01 3.560169e+07
4.757236e+01 3.428087e+07
4.823549e+01 3.302123e+07
4.890787e+01 3.178766e+07
4.958962e+01 3.059278e+07
5.028087e+01 2.943816e+07
5.098176e+01 2.830972e+07
5.169242e+01 2.722716e+07
5.241298e+01 2.617494e+07
5.314359e+01 2.514800e+07
5.388438e+01 2.415917e+07
5.463550e+01 2.320284e+07
5.539709e+01 2.229347e+07
5.616930e+01 2.139502e+07
5.695227e+01 2.054804e+07
5.774615e+01 1.972196e+07
5.855110e+01 1.892282e+07
5.936727e+01 1.815082e+07
6.019482e+01 1.740729e+07
6.103390e+01 1.668877e+07
6.188468e+01 1.600986e+07
6.274732e+01 1.535083e+07
6.362198e+01 1.470585e+07
6.450884e+01 1.407832e+07
6.540806e+01 1.348266e+07
6.631981e+01 1.290964e+07
6.724427e+01 1.236695e+07
6.818162e+01 1.183176e+07
6.913204e+01 1.132103e+07
7.009570e+01 1.082835e+07
7.107280e+01 1.034343e+07
7.206351e+01 9.878793e+06
7.306804e+01 9.441856e+06
7.408657e+01 9.015717e+06
7.511929e+01 8.607127e+06
7.616642e+01 8.214653e+06
7.722814e+01 7.832026e+06
7.830465e+01 7.470515e+06
7.939618e+01 7.123068e+06
8.050292e+01 6.789699e+06
8.162509e+01 6.471301e+06
8.276289e+01 6.167842e+06
8.391656e+01 5.879330e+06
8.508632e+01 5.602856e+06
8.627237e+01 5.340467e+06
8.747496e+01 5.089034e+06
8.869432e+01 4.848762e+06
8.993067e+01 4.619973e+06
9.118425e+01 4.401980e+06
9.245531e+01 4.193944e+06
9.374409e+01 3.995741e+06
9.505083e+01 3.806904e+06
9.637579e+01 3.626992e+06
9.771921e+01 3.455582e+06
9.908137e+01 3.292273e+06
1.004625e+02 3.136682e+06
1.018629e+02 2.988445e+06
1.032828e+02 2.847212e+06
1.047225e+02 2.712655e+06
1.061823e+02 2.584456e+06
1.076624e+02 2.462316e+06
1.091632e+02 2.345948e+06
1.106848e+02 2.235080e+06
1.122277e+02 2.129451e+06
1.137921e+02 2.028815e+06
1.153783e+02 1.932934e+06
1.169866e+02 1.841585e+06
1.186174e+02 1.754552e+06
1.202708e+02 1.671633e+06
1.219473e+02 1.592633e+06
1.236472e+02 1.517366e+06
1.253708e+02 1.445656e+06
1.271184e+02 1.377335e+06
1.288904e+02 1.312243e+06
1.306870e+02 1.250227e+06
1.325087e+02 1.191142e+06
1.343558e+02 1.134849e+06
1.362287e+02 1.081217e+06
1.381276e+02 1.030119e+06
1.400531e+02 9.814361e+05
1.420053e+02 9.350540e+05
1.439848e+02 8.908638e+05
1.459919e+02 8.487621e+05
1.480269e+02 8.086501e+05
1.500903e+02 7.704337e+05
1.521825e+02 7.340234e+05
1.543038e+02 6.993339e+05
1.564548e+02 6.662837e+05
1.586357e+02 6.347955e+05
1.608469e+02 6.047954e+05
1.630891e+02 5.762131e+05
1.653624e+02 5.489816e+05
1.676675e+02 5.230370e+05
1.700047e+02 4.983186e+05
1.723745e+02 4.747683e+05
1.747773e+02 4.523310e+05
1.772136e+02 4.309541e+05
1.796838e+02 4.105874e+05
1.821885e+02 3.911833e+05
1.847281e+02 3.726962e+05
1.873032e+02 3.550828e+05
1.899141e+02 3.383017e+05
1.925614e+02 3.223138e+05
1.952456e+02 3.070814e+05
1.979672e+02 2.925689e+05
2.007267e+02 2.787423e+05
2.035248e+02 2.655691e+05
2.063618e+02 2.530184e+05
2.092383e+02 2.410609e+05
2.121550e+02 2.296685e+05
2.151123e+02 2.188145e+05
2.181109e+02 2.084734e+05
2.211512e+02 1.986211e+05
2.242340e+02 1.892344e+05
2.273597e+02 1.802912e+05
2.305289e+02 1.717708e+05
2.337424e+02 1.636530e+05
2.370006e+02 1.559188e+05
2.403043e+02 1.485502e+05
2.436540e+02 1.415298e+05
2.470504e+02 1.348412e+05
2.504942e+02 1.284686e+05
2.539859e+02 1.223973e+05
2.575263e+02 1.166129e+05
2.611161e+02 1.111018e+05
2.647559e+02 1.058512e+05
2.684465e+02 1.008487e+05
2.721885e+02 9.608266e+04
2.759826e+02 9.154185e+04
2.798297e+02 8.721563e+04
2.837304e+02 8.309387e+04
2.876854e+02 7.916689e+04
2.916956e+02 7.542551e+04
2.957617e+02 7.186094e+04
2.998844e+02 6.846483e+04
3.040646e+02 6.522922e+04
3.083031e+02 6.214652e+04
3.126007e+02 5.920951e+04
3.169582e+02 5.641130e+04
3.213764e+02 5.374533e+04
3.258562e+02 5.120536e+04
3.303985e+02 4.878542e+04
3.350041e+02 4.647985e+04
3.396739e+02 4.428324e+04
3.444087e+02 4.219043e+04
3.492096e+02 4.019654e+04
3.540774e+02 3.829687e+04
3.590130e+02 3.648698e+04
3.640175e+02 3.476263e+04
3.690917e+02 3.311976e+04
3.742366e+02 3.155454e+04
3.794533e+02 3.006329e+04
3.847427e+02 2.864252e+04
3.901058e+02 2.728889e+04
3.955436e+02 2.599923e+04
4.010573e+02 2.477052e+04
4.066478e+02 2.359988e+04
4.123163e+02 2.248456e+04
4.180637e+02 2.142195e+04
4.238913e+02 2.040956e+04
4.298001e+02 1.944502e+04
4.357913e+02 1.852606e+04
4.418660e+02 1.765052e+04
4.480254e+02 1.681637e+04
4.542706e+02 1.602164e+04
4.606029e+02 1.526446e+04
4.670234e+02 1.454307e+04
4.735335e+02 1.385578e+04
4.801343e+02 1.320096e+04
4.868271e+02 1.257709e+04
4.936132e+02 1.198270e+04
5.004939e+02 1.141641e+04
5.074705e+02 1.087687e+04
5.145444e+02 1.036284e+04
5.217169e+02 9.873096e+03
5.289893e+02 9.406499e+03
5.363631e+02 8.961953e+03
5.438397e+02 8.538416e+03
5.514206e+02 8.134895e+03
5.591071e+02 7.750444e+03
5.669007e+02 7.384162e+03
5.748030e+02 7.035191e+03
5.828155e+02 6.702711e+03
5.909396e+02 6.385945e+03
5.991770e+02 6.084149e+03
6.075292e+02 5.796615e+03
6.159978e+02 5.522670e+03
6.245845e+02 5.261672e+03
6.332908e+02 5.013008e+03
6.421186e+02 4.776096e+03
6.510694e+02 4.550380e+03
6.601449e+02 4.335332e+03
6.693470e+02 4.130446e+03
6.786773e+02 3.935244e+03
6.881377e+02 3.749266e+03
6.977300e+02 3.572078e+03
7.074559e+02 3.403263e+03
7.173175e+02 3.242427e+03
7.273165e+02 3.089192e+03
7.374549e+02 2.943198e+03
7.477346e+02 2.804104e+03
7.581576e+02 2.671584e+03
7.687260e+02 2.545326e+03
7.794416e+02 2.425035e+03
7.903066e+02 2.310430e+03
8.013230e+02 2.201240e+03
8.124930e+02 2.097210e+03
8.238187e+02 1.998097e+03
8.353023e+02 1.903668e+03
8.469460e+02 1.813702e+03
8.587519e+02 1.727988e+03
8.707225e+02 1.646324e+03
8.828599e+02 1.568519e+03
8.951665e+02 1.494392e+03
9.076446e+02 1.423768e+03
9.202967e+02 1.356481e+03
9.331251e+02 1.292375e+03
9.461324e+02 1.231298e+03
9.593209e+02 1.173107e+03
9.726934e+02 1.117667e+03
9.862522e+02 1.064847e+03
1.000000e+03 1.014523e+03
