# Energy(MeV) Fluence(cm^-2*MeV^-1)
1.000000e+00 4.233410e+10
1.013939e+00 4.143941e+10
1.028073e+00 4.054974e+10
1.042404e+00 3.967899e+10
1.056935e+00 3.882676e+10
1.071668e+00 3.799308e+10
1.086606e+00 3.716857e+10
1.101753e+00 3.634953e+10
1.117111e+00 3.555926e+10
1.132683e+00 3.478993e+10
1.148472e+00 3.403707e+10
1.164481e+00 3.330287e+10
1.180713e+00 3.259496e+10
1.197171e+00 3.190188e+10
1.213859e+00 3.122334e+10
1.230780e+00 3.054171e+10
1.247936e+00 2.987467e+10
1.265332e+00 2.922420e+10
1.282970e+00 2.858883e+10
1.300854e+00 2.798125e+10
1.318987e+00 2.737155e+10
1.337373e+00 2.677896e+10
1.356015e+00 2.621855e+10
1.374917e+00 2.565781e+10
1.394083e+00 2.510225e+10
1.413516e+00 2.454216e+10
1.433219e+00 2.402030e+10
1.453198e+00 2.350905e+10
1.473454e+00 2.300791e+10
1.493993e+00 2.250493e+10
1.514819e+00 2.200841e+10
1.535935e+00 2.152773e+10
1.557345e+00 2.105505e+10
1.579053e+00 2.059515e+10
1.601064e+00 2.014500e+10
1.623382e+00 1.971469e+10
1.646012e+00 1.929537e+10
1.668956e+00 1.889403e+10
1.692220e+00 1.847712e+10
1.715809e+00 1.807463e+10
1.739726e+00 1.768432e+10
1.763977e+00 1.729274e+10
1.788566e+00 1.691717e+10
1.813498e+00 1.654614e+10
1.838777e+00 1.618360e+10
1.864409e+00 1.583645e+10
1.890397e+00 1.548050e+10
1.916748e+00 1.513717e+10
1.943467e+00 1.480989e+10
1.970558e+00 1.449235e+10
1.998026e+00 1.417800e+10
2.025878e+00 1.387805e+10
2.054117e+00 1.358610e+10
2.082751e+00 1.329332e+10
2.111783e+00 1.300232e+10
2.141220e+00 1.272579e+10
2.171068e+00 1.244929e+10
2.201331e+00 1.218270e+10
2.232016e+00 1.192365e+10
2.263130e+00 1.166772e+10
2.294676e+00 1.141086e+10
2.326663e+00 1.115884e+10
2.359095e+00 1.091225e+10
2.391980e+00 1.067099e+10
2.425323e+00 1.043494e+10
2.459130e+00 1.020092e+10
2.493409e+00 9.977723e+09
2.528166e+00 9.759695e+09
2.563407e+00 9.544889e+09
2.599140e+00 9.336660e+09
2.635371e+00 9.128696e+09
2.672106e+00 8.930242e+09
2.709354e+00 8.731542e+09
2.747121e+00 8.533079e+09
2.785414e+00 8.349337e+09
2.824241e+00 8.173681e+09
2.863610e+00 7.993203e+09
2.903527e+00 7.820663e+09
2.944000e+00 7.648450e+09
2.985038e+00 7.481030e+09
3.026648e+00 7.307429e+09
3.068838e+00 7.140934e+09
3.111616e+00 6.983053e+09
3.154990e+00 6.826146e+09
3.198969e+00 6.672990e+09
3.243561e+00 6.523314e+09
3.288774e+00 6.384169e+09
3.334618e+00 6.246516e+09
3.381101e+00 6.107188e+09
3.428231e+00 5.970662e+09
3.476019e+00 5.835829e+09
3.524473e+00 5.706930e+09
3.573602e+00 5.583076e+09
3.623416e+00 5.458790e+09
3.673925e+00 5.339378e+09
3.725137e+00 5.219504e+09
3.777064e+00 5.103797e+09
3.829714e+00 4.988351e+09
3.883098e+00 4.875818e+09
3.937226e+00 4.767259e+09
3.992109e+00 4.658066e+09
4.047757e+00 4.553182e+09
4.104181e+00 4.450608e+09
4.161391e+00 4.348324e+09
4.219398e+00 4.249285e+09
4.278214e+00 4.155645e+09
4.337850e+00 4.061587e+09
4.398317e+00 3.969717e+09
4.459628e+00 3.875460e+09
4.521792e+00 3.787787e+09
4.584824e+00 3.703616e+09
4.648734e+00 3.620189e+09
4.713535e+00 3.539228e+09
4.779239e+00 3.460750e+09
4.845859e+00 3.378919e+09
4.913407e+00 3.302178e+09
4.981898e+00 3.227110e+09
5.051342e+00 3.153018e+09
5.121755e+00 3.081274e+09
5.193150e+00 3.011588e+09
5.265540e+00 2.938021e+09
5.338938e+00 2.872463e+09
5.413360e+00 2.807690e+09
5.488820e+00 2.741029e+09
5.565331e+00 2.676266e+09
5.642908e+00 2.614428e+09
5.721568e+00 2.555028e+09
5.801323e+00 2.496326e+09
5.882190e+00 2.440773e+09
5.964185e+00 2.384155e+09
6.047322e+00 2.329488e+09
6.131619e+00 2.273092e+09
6.217090e+00 2.219493e+09
6.303753e+00 2.167667e+09
6.391624e+00 2.114543e+09
6.480720e+00 2.066327e+09
6.571058e+00 2.018496e+09
6.662655e+00 1.971755e+09
6.755528e+00 1.926735e+09
6.849697e+00 1.881862e+09
6.945178e+00 1.838265e+09
7.041990e+00 1.794227e+09
7.140151e+00 1.751209e+09
7.239681e+00 1.710006e+09
7.340598e+00 1.668945e+09
7.442922e+00 1.628909e+09
7.546673e+00 1.587936e+09
7.651869e+00 1.549009e+09
7.758532e+00 1.511603e+09
7.866682e+00 1.475279e+09
7.976339e+00 1.440630e+09
8.087525e+00 1.407153e+09
8.200261e+00 1.372732e+09
8.314568e+00 1.340305e+09
8.430468e+00 1.307847e+09
8.547985e+00 1.275711e+09
8.667139e+00 1.243871e+09
8.787954e+00 1.213628e+09
8.910453e+00 1.184442e+09
9.034660e+00 1.155305e+09
9.160598e+00 1.126917e+09
9.288292e+00 1.099602e+09
9.417766e+00 1.072547e+09
9.549045e+00 1.046646e+09
9.682153e+00 1.020587e+09
9.817117e+00 9.960261e+08
9.953962e+00 9.719649e+08
1.009272e+01 9.481484e+08
1.023340e+01 9.244843e+08
1.037605e+01 9.018839e+08
1.052069e+01 8.798129e+08
1.066734e+01 8.568811e+08
1.081604e+01 8.355219e+08
1.096681e+01 8.151048e+08
1.111968e+01 7.952087e+08
1.127468e+01 7.759325e+08
1.143184e+01 7.563065e+08
1.159120e+01 7.374284e+08
1.175277e+01 7.185923e+08
1.191660e+01 6.998526e+08
1.208271e+01 6.823988e+08
1.225114e+01 6.650332e+08
1.242191e+01 6.479585e+08
1.259506e+01 6.312620e+08
1.277063e+01 6.150424e+08
1.294865e+01 5.993318e+08
1.312915e+01 5.840928e+08
1.331216e+01 5.689835e+08
1.349772e+01 5.540427e+08
1.368587e+01 5.395122e+08
1.387665e+01 5.257361e+08
1.407008e+01 5.119568e+08
1.426621e+01 4.987726e+08
1.446507e+01 4.854507e+08
1.466671e+01 4.725216e+08
1.487115e+01 4.600916e+08
1.507845e+01 4.481701e+08
1.528864e+01 4.363617e+08
1.550175e+01 4.249935e+08
1.571784e+01 4.136093e+08
1.593694e+01 4.024503e+08
1.615909e+01 3.917175e+08
1.638434e+01 3.813755e+08
1.661273e+01 3.710780e+08
1.684430e+01 3.610519e+08
1.707910e+01 3.513835e+08
1.731717e+01 3.420074e+08
1.755856e+01 3.324769e+08
1.780332e+01 3.235000e+08
1.805149e+01 3.146290e+08
1.830312e+01 3.060939e+08
1.855825e+01 2.977207e+08
1.881694e+01 2.894717e+08
1.907924e+01 2.813863e+08
1.934520e+01 2.734783e+08
1.961486e+01 2.658700e+08
1.988828e+01 2.582439e+08
2.016551e+01 2.509535e+08
2.044661e+01 2.440199e+08
2.073162e+01 2.371109e+08
2.102061e+01 2.304444e+08
2.131362e+01 2.239888e+08
2.161073e+01 2.175798e+08
2.191197e+01 2.112890e+08
2.221741e+01 2.050893e+08
2.252711e+01 1.991987e+08
2.284112e+01 1.934972e+08
2.315951e+01 1.876081e+08
2.348235e+01 1.820015e+08
2.380968e+01 1.768659e+08
2.414157e+01 1.716648e+08
2.447809e+01 1.664951e+08
2.481930e+01 1.614872e+08
2.516527e+01 1.566998e+08
2.551606e+01 1.519397e+08
2.587174e+01 1.474098e+08
2.623238e+01 1.429478e+08
2.659804e+01 1.385256e+08
2.696881e+01 1.343222e+08
2.734474e+01 1.301170e+08
2.772591e+01 1.260415e+08
2.811239e+01 1.221069e+08
2.850426e+01 1.182980e+08
2.890160e+01 1.145391e+08
2.930447e+01 1.110138e+08
2.971296e+01 1.074275e+08
3.012714e+01 1.040313e+08
3.054710e+01 1.007322e+08
3.097291e+01 9.746719e+07
3.140465e+01 9.441922e+07
3.184242e+01 9.136715e+07
3.228628e+01 8.842681e+07
3.273634e+01 8.558928e+07
3.319266e+01 8.280199e+07
3.365535e+01 8.006657e+07
3.412449e+01 7.741613e+07
3.460016e+01 7.489203e+07
3.508247e+01 7.246350e+07
3.557150e+01 7.003235e+07
3.606735e+01 6.761732e+07
3.657011e+01 6.527531e+07
3.707988e+01 6.304343e+07
3.759675e+01 6.085962e+07
3.812083e+01 5.883390e+07
3.865221e+01 5.682842e+07
3.919100e+01 5.485136e+07
3.973730e+01 5.284072e+07
4.029122e+01 5.101452e+07
4.085286e+01 4.925578e+07
4.142232e+01 4.747918e+07
4.199973e+01 4.580166e+07
4.258518e+01 4.414941e+07
4.317880e+01 4.252945e+07
4.378069e+01 4.095538e+07
4.439097e+01 3.946719e+07
4.500975e+01 3.800915e+07
4.563716e+01 3.663709e+07
4.627332e+01 3.526346e+07
4.691835e+01 3.393089e+07
4.757236e+01 3.267572e+07
4.823549e+01 3.148781e+07
4.890787e+01 3.027947e+07
4.958962e+01 2.914729e+07
5.028087e+01 2.805370e+07
5.098176e+01 2.697238e+07
5.169242e+01 2.594685e+07
5.241298e+01 2.495376e+07
5.314359e+01 2.396715e+07
5.388438e+01 2.302661e+07
5.463550e+01 2.211558e+07
5.539709e+01 2.125287e+07
5.616930e+01 2.040384e+07
5.695227e+01 1.958530e+07
5.774615e+01 1.882431e+07
5.855110e+01 1.805388e+07
5.936727e+01 1.731811e+07
6.019482e+01 1.662748e+07
6.103390e+01 1.593352e+07
6.188468e+01 1.525683e+07
6.274732e+01 1.462375e+07
6.362198e+01 1.400507e+07
6.450884e+01 1.340609e+07
6.540806e+01 1.283590e+07
6.631981e+01 1.229221e+07
6.724427e+01 1.176323e+07
6.818162e+01 1.125621e+07
6.913204e+01 1.077514e+07
7.009570e+01 1.030644e+07
7.107280e+01 9.847878e+06
7.206351e+01 9.413609e+06
7.306804e+01 8.997746e+06
7.408657e+01 8.573965e+06
7.511929e+01 8.177297e+06
7.616642e+01 7.819877e+06
7.722814e+01 7.471931e+06
7.830465e+01 7.128604e+06
7.939618e+01 6.803136e+06
8.050292e+01 6.487124e+06
8.162509e+01 6.192092e+06
8.276289e+01 5.897250e+06
8.391656e+01 5.620167e+06
8.508632e+01 5.359783e+06
8.627237e+01 5.107898e+06
8.747496e+01 4.866999e+06
8.869432e+01 4.634952e+06
8.993067e+01 4.413263e+06
9.118425e+01 4.204161e+06
9.245531e+01 4.007910e+06
9.374409e+01 3.822140e+06
9.505083e+01 3.643075e+06
9.637579e+01 3.470786e+06
9.771921e+01 3.308024e+06
9.908137e+01 3.150628e+06
1.004625e+02 3.000257e+06
1.018629e+02 2.856630e+06
1.032828e+02 2.719761e+06
1.047225e+02 2.589449e+06
1.061823e+02 2.465381e+06
1.076624e+02 2.347258e+06
1.091632e+02 2.234794e+06
1.106848e+02 2.127718e+06
1.122277e+02 2.025773e+06
1.137921e+02 1.928713e+06
1.153783e+02 1.836302e+06
1.169866e+02 1.748320e+06
1.186174e+02 1.664553e+06
1.202708e+02 1.584799e+06
1.219473e+02 1.508867e+06
1.236472e+02 1.436573e+06
1.253708e+02 1.367742e+06
1.271184e+02 1.302210e+06
1.288904e+02 1.239817e+06
1.306870e+02 1.180414e+06
1.325087e+02 1.123857e+06
1.343558e+02 1.070010e+06
1.362287e+02 1.018743e+06
1.381276e+02 9.699316e+05
1.400531e+02 9.234594e+05
1.420053e+02 8.792138e+05
1.439848e+02 8.370881e+05
1.459919e+02 7.969808e+05
1.480269e+02 7.587951e+05
1.500903e+02 7.224391e+05
1.521825e+02 6.878249e+05
1.543038e+02 6.548692e+05
1.564548e+02 6.234926e+05
1.586357e+02 5.936192e+05
1.608469e+02 5.651772e+05
1.630891e+02 5.380979e+05
1.653624e+02 5.123161e+05
1.676675e+02 4.877696e+05
1.700047e+02 4.643991e+05
1.723745e+02 4.421484e+05
1.747773e+02 4.209638e+05
1.772136e+02 4.007942e+05
1.796838e+02 3.815910e+05
1.821885e+02 3.633079e+05
1.847281e+02 3.459007e+05
1.873032e+02 3.293276e+05
1.899141e+02 3.135486e+05
1.925614e+02 2.985256e+05
1.952456e+02 2.842223e+05
1.979672e+02 2.706044e+05
2.007267e+02 2.576390e+05
2.035248e+02 2.452948e+05
2.063618e+02 2.335420e+05
2.092383e+02 2.223523e+05
2.121550e+02 2.116988e+05
2.151123e+02 2.015557e+05
2.181109e+02 1.918986e+05
2.211512e+02 1.827041e+05
2.242340e+02 1.739503e+05
2.273597e+02 1.656158e+05
2.305289e+02 1.576807e+05
2.337424e+02 1.501257e+05
2.370006e+02 1.429328e+05
2.403043e+02 1.360844e+05
2.436540e+02 1.295642e+05
2.470504e+02 1.233564e+05
2.504942e+02 1.174461e+05
2.539859e+02 1.118189e+05
2.575263e+02 1.064613e+05
2.611161e+02 1.013605e+05
2.647559e+02 9.650399e+04
2.684465e+02 9.188021e+04
2.721885e+02 8.747796e+04
2.759826e+02 8.328664e+04
2.798297e+02 7.929614e+04
2.837304e+02 7.549683e+04
2.876854e+02 7.187956e+04
2.916956e+02 6.843560e+04
2.957617e+02 6.515665e+04
2.998844e+02 6.203481e+04
3.040646e+02 5.906254e+04
3.083031e+02 5.623268e+04
3.126007e+02 5.353841e+04
3.169582e+02 5.097323e+04
3.213764e+02 4.853096e+04
3.258562e+02 4.620570e+04
3.303985e+02 4.399185e+04
3.350041e+02 4.188407e+04
3.396739e+02 3.987729e+04
3.444087e+02 3.796665e+04
3.492096e+02 3.614756e+04
3.540774e+02 3.441562e+04
3.590130e+02 3.276667e+04
3.640175e+02 3.119673e+04
3.690917e+02 2.970200e+04
3.742366e+02 2.827889e+04
3.794533e+02 2.692397e+04
3.847427e+02 2.563396e+04
3.901058e+02 2.440577e+04
3.955436e+02 2.323642e+04
4.010573e+02 2.212309e+04
4.066478e+02 2.106311e+04
4.123163e+02 2.005392e+04
4.180637e+02 1.909307e+04
4.238913e+02 1.817827e+04
4.298001e+02 1.730730e+04
4.357913e+02 1.647805e+04
4.418660e+02 1.568854e+04
4.480254e+02 1.493686e+04
4.542706e+02 1.422119e+04
4.606029e+02 1.353981e+04
4.670234e+02 1.289108e+04
4.735335e+02 1.227343e+04
4.801343e+02 1.168538e+04
4.868271e+02 1.112550e+04
4.936132e+02 1.059244e+04
5.004939e+02 1.008493e+04
5.074705e+02 9.601729e+03
5.145444e+02 9.141683e+03
5.217169e+02 8.703678e+03
5.289893e+02 8.286660e+03
5.363631e+02 7.889622e+03
5.438397e+02 7.511607e+03
5.514206e+02 7.151704e+03
5.591071e+02 6.809046e+03
5.669007e+02 6.482805e+03
5.748030e+02 6.172195e+03
5.828155e+02 5.876467e+03
5.909396e+02 5.594908e+03
5.991770e+02 5.326840e+03
6.075292e+02 5.071616e+03
6.159978e+02 4.828620e+03
6.245845e+02 4.597267e+03
6.332908e+02 4.376999e+03
6.421186e+02 4.167284e+03
6.510694e+02 3.967617e+03
6.601449e+02 3.777517e+03
6.693470e+02 3.596525e+03
6.786773e+02 3.424206e+03
6.881377e+02 3.260142e+03
6.977300e+02 3.103939e+03
7.074559e+02 2.955220e+03
7.173175e+02 2.813627e+03
7.273165e+02 2.678818e+03
7.374549e+02 2.550468e+03
7.477346e+02 2.428268e+03
7.581576e+02 2.311923e+03
7.687260e+02 2.201152e+03
7.794416e+02 2.095688e+03
7.903066e+02 1.995278e+03
8.013230e+02 1.899678e+03
8.124930e+02 1.808659e+03
8.238187e+02 1.722001e+03
8.353023e+02 1.639495e+03
8.469460e+02 1.560942e+03
8.587519e+02 1.486153e+03
8.707225e+02 1.414947e+03
8.828599e+02 1.347153e+03
8.951665e+02 1.282607e+03
9.076446e+02 1.221153e+03
9.202967e+02 1.162644e+03
9.331251e+02 1.106939e+03
9.461324e+02 1.053902e+03
9.593209e+02 1.003407e+03
9.726934e+02 9.553305e+02
9.862522e+02 9.095578e+02
1.000000e+03 8.659783e+02
