# Energy(MeV) Planare_Fluence(cm^-2*MeV^-1)
5.000000e-02 1.984174e+11
5.100225e-02 1.943231e+11
5.202458e-02 1.903651e+11
5.306741e-02 1.864360e+11
5.413114e-02 1.825410e+11
5.521620e-02 1.787982e+11
5.632300e-02 1.751876e+11
5.745199e-02 1.715936e+11
5.860361e-02 1.681391e+11
5.977832e-02 1.647356e+11
6.097657e-02 1.613609e+11
6.219884e-02 1.580831e+11
6.344561e-02 1.548360e+11
6.471737e-02 1.516118e+11
6.601463e-02 1.485390e+11
6.733789e-02 1.455710e+11
6.868767e-02 1.426977e+11
7.006451e-02 1.398264e+11
7.146895e-02 1.370104e+11
7.290154e-02 1.342193e+11
7.436284e-02 1.314809e+11
7.585344e-02 1.287978e+11
7.737392e-02 1.261134e+11
7.892487e-02 1.235356e+11
8.050691e-02 1.209966e+11
8.212067e-02 1.185167e+11
8.376677e-02 1.161071e+11
8.544587e-02 1.137208e+11
8.715862e-02 1.113691e+11
8.890571e-02 1.090953e+11
9.068782e-02 1.068629e+11
9.250565e-02 1.046827e+11
9.435992e-02 1.025184e+11
9.625136e-02 1.004553e+11
9.818071e-02 9.839329e+10
1.001487e-01 9.637756e+10
1.021562e-01 9.441052e+10
1.042039e-01 9.249708e+10
1.062927e-01 9.062397e+10
1.084233e-01 8.873506e+10
1.105966e-01 8.688092e+10
1.128135e-01 8.506281e+10
1.150749e-01 8.328121e+10
1.173816e-01 8.155668e+10
1.197345e-01 7.986787e+10
1.221345e-01 7.822532e+10
1.245827e-01 7.660748e+10
1.270800e-01 7.504266e+10
1.296273e-01 7.351830e+10
1.322256e-01 7.199295e+10
1.348761e-01 7.052643e+10
1.375797e-01 6.908410e+10
1.403374e-01 6.766354e+10
1.431505e-01 6.627200e+10
1.460199e-01 6.491515e+10
1.489469e-01 6.358655e+10
1.519325e-01 6.228495e+10
1.549780e-01 6.099408e+10
1.580845e-01 5.974239e+10
1.612533e-01 5.852019e+10
1.644856e-01 5.733270e+10
1.677827e-01 5.616416e+10
1.711459e-01 5.503219e+10
1.745765e-01 5.390857e+10
1.780759e-01 5.281632e+10
1.816454e-01 5.173541e+10
1.852865e-01 5.068754e+10
1.890005e-01 4.964759e+10
1.927890e-01 4.862067e+10
1.966535e-01 4.764768e+10
2.005954e-01 4.666096e+10
2.046163e-01 4.569664e+10
2.087178e-01 4.474725e+10
2.129015e-01 4.381799e+10
2.171691e-01 4.289343e+10
2.215223e-01 4.201390e+10
2.259627e-01 4.114220e+10
2.304921e-01 4.028172e+10
2.351123e-01 3.945990e+10
2.398251e-01 3.866785e+10
2.446324e-01 3.784022e+10
2.495360e-01 3.707635e+10
2.545379e-01 3.631334e+10
2.596401e-01 3.556291e+10
2.648446e-01 3.483375e+10
2.701534e-01 3.410497e+10
2.755686e-01 3.340221e+10
2.810923e-01 3.270444e+10
2.867268e-01 3.203568e+10
2.924742e-01 3.138512e+10
2.983368e-01 3.074382e+10
3.043170e-01 3.011964e+10
3.104170e-01 2.950910e+10
3.166393e-01 2.890457e+10
3.229863e-01 2.829772e+10
3.294605e-01 2.771433e+10
3.360645e-01 2.714748e+10
3.428009e-01 2.659443e+10
3.496723e-01 2.606042e+10
3.566815e-01 2.552807e+10
3.638311e-01 2.501303e+10
3.711241e-01 2.449259e+10
3.785633e-01 2.397483e+10
3.861515e-01 2.346803e+10
3.938919e-01 2.297860e+10
4.017874e-01 2.250203e+10
4.098412e-01 2.202139e+10
4.180565e-01 2.155919e+10
4.264364e-01 2.110159e+10
4.349843e-01 2.065596e+10
4.437035e-01 2.021634e+10
4.525975e-01 1.978932e+10
4.616698e-01 1.937265e+10
4.709239e-01 1.896961e+10
4.803635e-01 1.857509e+10
4.899924e-01 1.819455e+10
4.998143e-01 1.781411e+10
5.098330e-01 1.743456e+10
5.200526e-01 1.706055e+10
5.304770e-01 1.669598e+10
5.411103e-01 1.634507e+10
5.519569e-01 1.601070e+10
5.630208e-01 1.568408e+10
5.743065e-01 1.535732e+10
5.858184e-01 1.503848e+10
5.975611e-01 1.473292e+10
6.095392e-01 1.442210e+10
6.217573e-01 1.411728e+10
6.342204e-01 1.381422e+10
6.469333e-01 1.351749e+10
6.599011e-01 1.323027e+10
6.731287e-01 1.295464e+10
6.866215e-01 1.268210e+10
7.003848e-01 1.242074e+10
7.144240e-01 1.215480e+10
7.287445e-01 1.190325e+10
7.433522e-01 1.164564e+10
7.582526e-01 1.139974e+10
7.734517e-01 1.115372e+10
7.889555e-01 1.091509e+10
8.047701e-01 1.068450e+10
8.209016e-01 1.045819e+10
8.373565e-01 1.023910e+10
8.541413e-01 1.002099e+10
8.712625e-01 9.810712e+09
8.887268e-01 9.599508e+09
9.065413e-01 9.391307e+09
9.247129e-01 9.194080e+09
9.432487e-01 8.996812e+09
9.621560e-01 8.801315e+09
9.814423e-01 8.613010e+09
1.001115e+00 8.423093e+09
1.021183e+00 8.245338e+09
1.041652e+00 8.067151e+09
1.062532e+00 7.893819e+09
1.083830e+00 7.722410e+09
1.105556e+00 7.553252e+09
1.127716e+00 7.392168e+09
1.150321e+00 7.234820e+09
1.173379e+00 7.080311e+09
1.196900e+00 6.926534e+09
1.220892e+00 6.774761e+09
1.245364e+00 6.628213e+09
1.270327e+00 6.482006e+09
1.295791e+00 6.342540e+09
1.321765e+00 6.205274e+09
1.348260e+00 6.075373e+09
1.375286e+00 5.938769e+09
1.402853e+00 5.807288e+09
1.430973e+00 5.680566e+09
1.459657e+00 5.557054e+09
1.488916e+00 5.436516e+09
1.518761e+00 5.315997e+09
1.549204e+00 5.197912e+09
1.580258e+00 5.086515e+09
1.611934e+00 4.974476e+09
1.644245e+00 4.865627e+09
1.677204e+00 4.762046e+09
1.710823e+00 4.656551e+09
1.745117e+00 4.554689e+09
1.780097e+00 4.452800e+09
1.815779e+00 4.352220e+09
1.852176e+00 4.256092e+09
1.889303e+00 4.158821e+09
1.927174e+00 4.066248e+09
1.965804e+00 3.974176e+09
2.005209e+00 3.884210e+09
2.045403e+00 3.798778e+09
2.086403e+00 3.713449e+09
2.128224e+00 3.629588e+09
2.170885e+00 3.547416e+09
2.214400e+00 3.465632e+09
2.258787e+00 3.387596e+09
2.304064e+00 3.311119e+09
2.350249e+00 3.234914e+09
2.397360e+00 3.161054e+09
2.445415e+00 3.089135e+09
2.494433e+00 3.020363e+09
2.544434e+00 2.950686e+09
2.595437e+00 2.884818e+09
2.647462e+00 2.819449e+09
2.700530e+00 2.756581e+09
2.754662e+00 2.691824e+09
2.809879e+00 2.629637e+09
2.866203e+00 2.567477e+09
2.923656e+00 2.505693e+09
2.982260e+00 2.446274e+09
3.042039e+00 2.388807e+09
3.103017e+00 2.331933e+09
3.165216e+00 2.275955e+09
3.228663e+00 2.221822e+09
3.293381e+00 2.169183e+09
3.359397e+00 2.117718e+09
3.426736e+00 2.067383e+09
3.495424e+00 2.018043e+09
3.565490e+00 1.969714e+09
3.636960e+00 1.922510e+09
3.709862e+00 1.876209e+09
3.784226e+00 1.830865e+09
3.860081e+00 1.786108e+09
3.937456e+00 1.742065e+09
4.016382e+00 1.699357e+09
4.096890e+00 1.658103e+09
4.179012e+00 1.617606e+09
4.262780e+00 1.576870e+09
4.348227e+00 1.537615e+09
4.435387e+00 1.498712e+09
4.524294e+00 1.461031e+09
4.614983e+00 1.423777e+09
4.707490e+00 1.388035e+09
4.801851e+00 1.353527e+09
4.898104e+00 1.318870e+09
4.996286e+00 1.284855e+09
5.096436e+00 1.252370e+09
5.198594e+00 1.221074e+09
5.302799e+00 1.189733e+09
5.409093e+00 1.159284e+09
5.517518e+00 1.129089e+09
5.628116e+00 1.099847e+09
5.740932e+00 1.070737e+09
5.856008e+00 1.042188e+09
5.973391e+00 1.014337e+09
6.093127e+00 9.871682e+08
6.215264e+00 9.601654e+08
6.339848e+00 9.348905e+08
6.466930e+00 9.093731e+08
6.596559e+00 8.840398e+08
6.728787e+00 8.598787e+08
6.863665e+00 8.367389e+08
7.001246e+00 8.134754e+08
7.141586e+00 7.905942e+08
7.284738e+00 7.687209e+08
7.430760e+00 7.471226e+08
7.579709e+00 7.266194e+08
7.731644e+00 7.058291e+08
7.886624e+00 6.854565e+08
8.044711e+00 6.664091e+08
8.205967e+00 6.470262e+08
8.370455e+00 6.281573e+08
8.538240e+00 6.098146e+08
8.709388e+00 5.919360e+08
8.883967e+00 5.746904e+08
9.062045e+00 5.575841e+08
9.243693e+00 5.410694e+08
9.428983e+00 5.248745e+08
9.617986e+00 5.087682e+08
9.810778e+00 4.932726e+08
1.000743e+01 4.781353e+08
1.020803e+01 4.631350e+08
1.041265e+01 4.487178e+08
1.062137e+01 4.343560e+08
1.083428e+01 4.207401e+08
1.105145e+01 4.073497e+08
1.127297e+01 3.945247e+08
1.149894e+01 3.816130e+08
1.172944e+01 3.693726e+08
1.196455e+01 3.573066e+08
1.220438e+01 3.455071e+08
1.244902e+01 3.339976e+08
1.269856e+01 3.227680e+08
1.295310e+01 3.118567e+08
1.321274e+01 3.010721e+08
1.347759e+01 2.905262e+08
1.374775e+01 2.804657e+08
1.402332e+01 2.706971e+08
1.430442e+01 2.609987e+08
1.459115e+01 2.515098e+08
1.488362e+01 2.421219e+08
1.518197e+01 2.335104e+08
1.548629e+01 2.251221e+08
1.579671e+01 2.168248e+08
1.611335e+01 2.087563e+08
1.643634e+01 2.006897e+08
1.676581e+01 1.929197e+08
1.710188e+01 1.854193e+08
1.744468e+01 1.780328e+08
1.779436e+01 1.711112e+08
1.815105e+01 1.642715e+08
1.851488e+01 1.575744e+08
1.888601e+01 1.512223e+08
1.926458e+01 1.451262e+08
1.965074e+01 1.392591e+08
2.004464e+01 1.335465e+08
2.044643e+01 1.279045e+08
2.085628e+01 1.226462e+08
2.127434e+01 1.173715e+08
2.170078e+01 1.123855e+08
2.213577e+01 1.074622e+08
2.257948e+01 1.028110e+08
2.303209e+01 9.835600e+07
2.349376e+01 9.403458e+07
2.396469e+01 8.977928e+07
2.444506e+01 8.570982e+07
2.493506e+01 8.186165e+07
2.543488e+01 7.812194e+07
2.594472e+01 7.453852e+07
2.646478e+01 7.104765e+07
2.699527e+01 6.765788e+07
2.753639e+01 6.437633e+07
2.808835e+01 6.111058e+07
2.865138e+01 5.812601e+07
2.922570e+01 5.522035e+07
2.981152e+01 5.247937e+07
3.040909e+01 4.978103e+07
3.101864e+01 4.721354e+07
3.164041e+01 4.465989e+07
3.227464e+01 4.223116e+07
3.292158e+01 3.995542e+07
3.358149e+01 3.777857e+07
3.425463e+01 3.568320e+07
3.494126e+01 3.371587e+07
3.564165e+01 3.187980e+07
3.635609e+01 3.010352e+07
3.708484e+01 2.840331e+07
3.782820e+01 2.676070e+07
3.858647e+01 2.520124e+07
3.935993e+01 2.370489e+07
4.014890e+01 2.223670e+07
4.095368e+01 2.087982e+07
4.177459e+01 1.959804e+07
4.261196e+01 1.832349e+07
4.346611e+01 1.715067e+07
4.433739e+01 1.604824e+07
4.522613e+01 1.500140e+07
4.613268e+01 1.400374e+07
4.705741e+01 1.306408e+07
4.800067e+01 1.217858e+07
4.896284e+01 1.134381e+07
4.994430e+01 1.054360e+07
5.094543e+01 9.789555e+06
5.196662e+01 9.079060e+06
5.300829e+01 8.420739e+06
5.407084e+01 7.798285e+06
5.515468e+01 7.206153e+06
5.626026e+01 6.659988e+06
5.738799e+01 6.157600e+06
5.853833e+01 5.679195e+06
5.971172e+01 5.227473e+06
6.090864e+01 4.810507e+06
6.212955e+01 4.424201e+06
6.337493e+01 4.057259e+06
6.464528e+01 3.722663e+06
6.594109e+01 3.419530e+06
6.726287e+01 3.127357e+06
6.861115e+01 2.864079e+06
6.998645e+01 2.628526e+06
7.138933e+01 2.405372e+06
7.282032e+01 2.199790e+06
7.428000e+01 2.017736e+06
7.576894e+01 1.843792e+06
7.728772e+01 1.685800e+06
7.883694e+01 1.540176e+06
8.041722e+01 1.409764e+06
8.202918e+01 1.287740e+06
8.367345e+01 1.177241e+06
8.535068e+01 1.075790e+06
8.706153e+01 9.858009e+05
8.880667e+01 9.031696e+05
9.058679e+01 8.264484e+05
9.240260e+01 7.564473e+05
9.425480e+01 6.904731e+05
9.614413e+01 6.320023e+05
9.807133e+01 5.791414e+05
1.000372e+02 5.281104e+05
1.020424e+02 4.836822e+05
1.040878e+02 4.427259e+05
1.061743e+02 4.039831e+05
1.083025e+02 3.684888e+05
1.104734e+02 3.365852e+05
1.126879e+02 3.074873e+05
1.149467e+02 2.808235e+05
1.172508e+02 2.556099e+05
1.196011e+02 2.330601e+05
1.219985e+02 2.131205e+05
1.244439e+02 1.932510e+05
1.269384e+02 1.770157e+05
1.294828e+02 1.611975e+05
1.320783e+02 1.471018e+05
1.347258e+02 1.337805e+05
1.374264e+02 1.223782e+05
1.401811e+02 1.115003e+05
1.429910e+02 1.014898e+05
1.458573e+02 9.215709e+04
1.487810e+02 8.394180e+04
1.517633e+02 7.630705e+04
1.548053e+02 6.945400e+04
1.579084e+02 6.319095e+04
1.610737e+02 5.764451e+04
1.643024e+02 5.228129e+04
1.675958e+02 4.762433e+04
1.709552e+02 4.346593e+04
1.743820e+02 3.973831e+04
1.778775e+02 3.622829e+04
1.814430e+02 3.298027e+04
1.850801e+02 3.004089e+04
1.887900e+02 2.740651e+04
1.925743e+02 2.496575e+04
1.964344e+02 2.274525e+04
2.003719e+02 2.072488e+04
2.043883e+02 1.887108e+04
2.084853e+02 1.718393e+04
2.126644e+02 1.563187e+04
2.169272e+02 1.426169e+04
2.212755e+02 1.301586e+04
2.257109e+02 1.192046e+04
2.302353e+02 1.088399e+04
2.348503e+02 9.919151e+03
2.395579e+02 9.067226e+03
2.443598e+02 8.274087e+03
2.492580e+02 7.537831e+03
2.542544e+02 6.870952e+03
2.593509e+02 6.278233e+03
2.645495e+02 5.734555e+03
2.698524e+02 5.238577e+03
2.752616e+02 4.780238e+03
2.807792e+02 4.371576e+03
2.864074e+02 3.994974e+03
2.921484e+02 3.650141e+03
2.980045e+02 3.325325e+03
3.039780e+02 3.031023e+03
3.100712e+02 2.772793e+03
3.162865e+02 2.528205e+03
3.226265e+02 2.304186e+03
3.290935e+02 2.106591e+03
3.356901e+02 1.928342e+03
3.424190e+02 1.766353e+03
3.492828e+02 1.613310e+03
3.562841e+02 1.473527e+03
3.634258e+02 1.342151e+03
3.707107e+02 1.222058e+03
3.781415e+02 1.115014e+03
3.857213e+02 1.017321e+03
3.934531e+02 9.286642e+02
4.013398e+02 8.478329e+02
4.093847e+02 7.736123e+02
4.175907e+02 7.055548e+02
4.259613e+02 6.429589e+02
4.344997e+02 5.865430e+02
4.432092e+02 5.349857e+02
4.520933e+02 4.879732e+02
4.611555e+02 4.453382e+02
4.703993e+02 4.056567e+02
4.798284e+02 3.699112e+02
4.894465e+02 3.373155e+02
4.992574e+02 3.078014e+02
5.092650e+02 2.810290e+02
5.194732e+02 2.562559e+02
5.298860e+02 2.333170e+02
5.405075e+02 2.126819e+02
5.513420e+02 1.941089e+02
5.623936e+02 1.768530e+02
5.736667e+02 1.613570e+02
5.851658e+02 1.474466e+02
5.968954e+02 1.345993e+02
6.088601e+02 1.228660e+02
6.210647e+02 1.122179e+02
6.335139e+02 1.023555e+02
6.462126e+02 9.330393e+01
6.591659e+02 8.497329e+01
6.723788e+02 7.738807e+01
6.858566e+02 7.054520e+01
6.996046e+02 6.445181e+01
7.136281e+02 5.884838e+01
7.279327e+02 5.361669e+01
7.425240e+02 4.883793e+01
7.574079e+02 4.452073e+01
7.725901e+02 4.057725e+01
7.880766e+02 3.705613e+01
8.038735e+02 3.381715e+01
8.199871e+02 3.086585e+01
8.364237e+02 2.817215e+01
8.531897e+02 2.571355e+01
8.702918e+02 2.345449e+01
8.877368e+02 2.135777e+01
9.055314e+02 1.947610e+01
9.236827e+02 1.778295e+01
9.421978e+02 1.623703e+01
9.610841e+02 1.482553e+01
9.803490e+02 1.353675e+01
1.000000e+03 1.235975e+01
