5.000000e-02 1.679781e+11 2.565523e+11
5.100225e-02 1.637021e+11 2.495260e+11
5.202458e-02 1.597768e+11 2.429021e+11
5.306741e-02 1.558856e+11 2.364143e+11
5.413114e-02 1.522542e+11 2.301371e+11
5.521620e-02 1.484587e+11 2.239656e+11
5.632300e-02 1.446471e+11 2.178402e+11
5.745199e-02 1.410516e+11 2.119770e+11
5.860361e-02 1.376594e+11 2.063394e+11
5.977832e-02 1.343494e+11 2.009208e+11
6.097657e-02 1.310299e+11 1.956946e+11
6.219884e-02 1.278056e+11 1.903791e+11
6.344561e-02 1.248866e+11 1.853368e+11
6.471737e-02 1.217317e+11 1.803620e+11
6.601463e-02 1.189430e+11 1.753870e+11
6.733789e-02 1.159485e+11 1.706599e+11
6.868767e-02 1.131927e+11 1.660166e+11
7.006451e-02 1.104511e+11 1.613580e+11
7.146895e-02 1.078359e+11 1.569533e+11
7.290154e-02 1.052773e+11 1.527753e+11
7.436284e-02 1.026226e+11 1.487071e+11
7.585344e-02 1.000308e+11 1.447342e+11
7.737392e-02 9.754021e+10 1.408837e+11
7.892487e-02 9.528556e+10 1.371436e+11
8.050691e-02 9.305279e+10 1.334672e+11
8.212067e-02 9.089777e+10 1.299348e+11
8.376677e-02 8.870478e+10 1.264429e+11
8.544587e-02 8.646161e+10 1.228899e+11
8.715862e-02 8.428342e+10 1.197290e+11
8.890571e-02 8.215997e+10 1.162805e+11
9.068782e-02 8.015433e+10 1.131473e+11
9.250565e-02 7.827456e+10 1.100273e+11
9.435992e-02 7.645455e+10 1.070678e+11
9.625136e-02 7.453387e+10 1.043306e+11
9.818071e-02 7.272637e+10 1.015344e+11
1.001487e-01 7.084907e+10 9.874417e+10
1.021562e-01 6.909034e+10 9.607120e+10
1.042039e-01 6.738549e+10 9.350836e+10
1.062927e-01 6.572602e+10 9.091323e+10
1.084233e-01 6.413138e+10 8.846546e+10
1.105966e-01 6.259923e+10 8.616983e+10
1.128135e-01 6.101085e+10 8.400630e+10
1.150749e-01 5.945696e+10 8.174297e+10
1.173816e-01 5.797107e+10 7.964223e+10
1.197345e-01 5.652706e+10 7.758960e+10
1.221345e-01 5.509395e+10 7.551417e+10
1.245827e-01 5.364957e+10 7.351803e+10
1.270800e-01 5.233972e+10 7.163121e+10
1.296273e-01 5.112154e+10 6.965193e+10
1.322256e-01 4.991758e+10 6.787008e+10
1.348761e-01 4.862754e+10 6.621363e+10
1.375797e-01 4.742157e+10 6.456102e+10
1.403374e-01 4.628226e+10 6.283779e+10
1.431505e-01 4.518966e+10 6.109292e+10
1.460199e-01 4.413199e+10 5.938392e+10
1.489469e-01 4.304794e+10 5.774339e+10
1.519325e-01 4.195493e+10 5.614905e+10
1.549780e-01 4.085835e+10 5.457192e+10
1.580845e-01 3.980224e+10 5.307462e+10
1.612533e-01 3.884040e+10 5.159443e+10
1.644856e-01 3.786758e+10 5.020296e+10
1.677827e-01 3.692332e+10 4.887239e+10
1.711459e-01 3.597809e+10 4.759131e+10
1.745765e-01 3.504575e+10 4.636948e+10
1.780759e-01 3.416598e+10 4.511547e+10
1.816454e-01 3.328909e+10 4.388294e+10
1.852865e-01 3.243777e+10 4.277678e+10
1.890005e-01 3.161422e+10 4.170408e+10
1.927890e-01 3.082833e+10 4.061897e+10
1.966535e-01 3.006777e+10 3.952125e+10
2.005954e-01 2.931295e+10 3.837529e+10
2.046163e-01 2.862562e+10 3.739476e+10
2.087178e-01 2.794243e+10 3.639500e+10
2.129015e-01 2.723788e+10 3.548114e+10
2.171691e-01 2.656299e+10 3.457003e+10
2.215223e-01 2.588743e+10 3.364333e+10
2.259627e-01 2.521851e+10 3.274136e+10
2.304921e-01 2.458281e+10 3.186763e+10
2.351123e-01 2.396407e+10 3.103957e+10
2.398251e-01 2.335580e+10 3.024093e+10
2.446324e-01 2.275169e+10 2.943421e+10
2.495360e-01 2.216854e+10 2.861379e+10
2.545379e-01 2.158295e+10 2.785219e+10
2.596401e-01 2.104899e+10 2.707063e+10
2.648446e-01 2.051173e+10 2.633643e+10
2.701534e-01 1.998669e+10 2.562880e+10
2.755686e-01 1.945698e+10 2.496243e+10
2.810923e-01 1.894701e+10 2.429410e+10
2.867268e-01 1.845628e+10 2.363296e+10
2.924742e-01 1.798199e+10 2.299538e+10
2.983368e-01 1.752587e+10 2.239650e+10
3.043170e-01 1.707527e+10 2.181165e+10
3.104170e-01 1.664825e+10 2.122227e+10
3.166393e-01 1.620386e+10 2.066221e+10
3.229863e-01 1.577627e+10 2.011653e+10
3.294605e-01 1.537041e+10 1.956854e+10
3.360645e-01 1.496502e+10 1.904752e+10
3.428009e-01 1.457517e+10 1.853984e+10
3.496723e-01 1.419547e+10 1.806006e+10
3.566815e-01 1.382846e+10 1.758288e+10
3.638311e-01 1.347920e+10 1.712591e+10
3.711241e-01 1.312464e+10 1.669193e+10
3.785633e-01 1.277612e+10 1.626008e+10
3.861515e-01 1.242841e+10 1.583346e+10
3.938919e-01 1.209992e+10 1.543062e+10
4.017874e-01 1.178934e+10 1.503272e+10
4.098412e-01 1.147903e+10 1.463597e+10
4.180565e-01 1.118400e+10 1.424676e+10
4.264364e-01 1.088396e+10 1.388953e+10
4.349843e-01 1.058726e+10 1.352522e+10
4.437035e-01 1.030108e+10 1.316012e+10
4.525975e-01 1.001982e+10 1.279560e+10
4.616698e-01 9.759276e+09 1.247166e+10
4.709239e-01 9.502953e+09 1.215477e+10
4.803635e-01 9.249629e+09 1.183146e+10
4.899924e-01 8.997357e+09 1.151936e+10
4.998143e-01 8.750518e+09 1.122436e+10
5.098330e-01 8.508758e+09 1.093094e+10
5.200526e-01 8.273465e+09 1.063709e+10
5.304770e-01 8.060462e+09 1.035030e+10
5.411103e-01 7.853205e+09 1.008617e+10
5.519569e-01 7.647000e+09 9.835383e+09
5.630208e-01 7.435589e+09 9.575711e+09
5.743065e-01 7.232188e+09 9.328096e+09
5.858184e-01 7.038369e+09 9.074971e+09
5.975611e-01 6.840558e+09 8.836423e+09
6.095392e-01 6.648071e+09 8.584331e+09
6.217573e-01 6.470288e+09 8.358339e+09
6.342204e-01 6.291493e+09 8.139322e+09
6.469333e-01 6.116329e+09 7.931928e+09
6.599011e-01 5.948640e+09 7.727757e+09
6.731287e-01 5.785487e+09 7.532965e+09
6.866215e-01 5.621050e+09 7.341340e+09
7.003848e-01 5.461087e+09 7.151033e+09
7.144240e-01 5.307243e+09 6.957911e+09
7.287445e-01 5.158436e+09 6.774888e+09
7.433522e-01 5.015230e+09 6.599935e+09
7.582526e-01 4.874922e+09 6.413817e+09
7.734517e-01 4.736554e+09 6.240179e+09
7.889555e-01 4.608022e+09 6.069324e+09
8.047701e-01 4.476637e+09 5.904875e+09
8.209016e-01 4.348732e+09 5.744390e+09
8.373565e-01 4.224042e+09 5.590083e+09
8.541413e-01 4.104317e+09 5.442635e+09
8.712625e-01 3.988934e+09 5.300334e+09
8.887268e-01 3.875661e+09 5.160025e+09
9.065413e-01 3.767191e+09 5.017956e+09
9.247129e-01 3.657224e+09 4.881314e+09
9.432487e-01 3.552183e+09 4.749477e+09
9.621560e-01 3.456113e+09 4.622994e+09
9.814423e-01 3.358953e+09 4.500953e+09
1.001115e+00 3.259952e+09 4.374647e+09
1.021183e+00 3.167824e+09 4.249088e+09
1.041652e+00 3.081628e+09 4.135199e+09
1.062532e+00 2.992254e+09 4.020412e+09
1.083830e+00 2.907931e+09 3.914233e+09
1.105556e+00 2.821665e+09 3.810281e+09
1.127716e+00 2.740490e+09 3.707541e+09
1.150321e+00 2.659389e+09 3.606421e+09
1.173379e+00 2.583110e+09 3.504706e+09
1.196900e+00 2.506065e+09 3.413171e+09
1.220892e+00 2.432364e+09 3.321539e+09
1.245364e+00 2.360495e+09 3.236325e+09
1.270327e+00 2.292198e+09 3.153470e+09
1.295791e+00 2.224073e+09 3.065327e+09
1.321765e+00 2.157231e+09 2.978457e+09
1.348260e+00 2.094383e+09 2.896129e+09
1.375286e+00 2.034054e+09 2.819809e+09
1.402853e+00 1.971938e+09 2.739922e+09
1.430973e+00 1.911044e+09 2.665063e+09
1.459657e+00 1.855428e+09 2.593247e+09
1.488916e+00 1.798662e+09 2.524533e+09
1.518761e+00 1.742119e+09 2.454741e+09
1.549204e+00 1.688175e+09 2.386530e+09
1.580258e+00 1.639098e+09 2.320910e+09
1.611934e+00 1.587176e+09 2.256897e+09
1.644245e+00 1.540521e+09 2.195833e+09
1.677204e+00 1.491261e+09 2.135206e+09
1.710823e+00 1.446502e+09 2.077437e+09
1.745117e+00 1.400655e+09 2.018913e+09
1.780097e+00 1.357996e+09 1.961770e+09
1.815779e+00 1.314921e+09 1.907503e+09
1.852176e+00 1.272419e+09 1.853954e+09
1.889303e+00 1.231083e+09 1.803285e+09
1.927174e+00 1.192638e+09 1.752183e+09
1.965804e+00 1.155704e+09 1.704607e+09
2.005209e+00 1.119028e+09 1.657809e+09
2.045403e+00 1.085100e+09 1.612069e+09
2.086403e+00 1.050524e+09 1.566660e+09
2.128224e+00 1.017659e+09 1.524073e+09
2.170885e+00 9.827086e+08 1.481889e+09
2.214400e+00 9.507184e+08 1.439695e+09
2.258787e+00 9.208513e+08 1.399986e+09
2.304064e+00 8.902965e+08 1.359536e+09
2.350249e+00 8.611571e+08 1.320440e+09
2.397360e+00 8.343529e+08 1.284488e+09
2.445415e+00 8.068801e+08 1.246891e+09
2.494433e+00 7.819945e+08 1.212021e+09
2.544434e+00 7.549593e+08 1.177672e+09
2.595437e+00 7.303390e+08 1.143639e+09
2.647462e+00 7.067064e+08 1.111004e+09
2.700530e+00 6.826981e+08 1.079656e+09
2.754662e+00 6.590645e+08 1.047921e+09
2.809879e+00 6.355573e+08 1.015859e+09
2.866203e+00 6.122291e+08 9.856885e+08
2.923656e+00 5.908874e+08 9.566264e+08
2.982260e+00 5.699617e+08 9.285551e+08
3.042039e+00 5.498630e+08 9.009804e+08
3.103017e+00 5.298329e+08 8.738734e+08
3.165216e+00 5.114264e+08 8.482533e+08
3.228663e+00 4.934617e+08 8.241743e+08
3.293381e+00 4.755333e+08 7.991910e+08
3.359397e+00 4.576450e+08 7.756656e+08
3.426736e+00 4.401552e+08 7.528916e+08
3.495424e+00 4.240060e+08 7.306106e+08
3.565490e+00 4.077660e+08 7.084974e+08
3.636960e+00 3.921878e+08 6.873892e+08
3.709862e+00 3.774301e+08 6.666404e+08
3.784226e+00 3.633077e+08 6.472164e+08
3.860081e+00 3.492257e+08 6.283898e+08
3.937456e+00 3.361664e+08 6.098570e+08
4.016382e+00 3.233243e+08 5.921940e+08
4.096890e+00 3.105496e+08 5.749331e+08
4.179012e+00 2.990235e+08 5.572791e+08
4.262780e+00 2.874523e+08 5.395355e+08
4.348227e+00 2.762885e+08 5.234703e+08
4.435387e+00 2.649410e+08 5.077985e+08
4.524294e+00 2.544700e+08 4.921228e+08
4.614983e+00 2.437315e+08 4.764803e+08
4.707490e+00 2.334047e+08 4.611631e+08
4.801851e+00 2.235835e+08 4.461945e+08
4.898104e+00 2.144367e+08 4.318397e+08
4.996286e+00 2.052350e+08 4.182108e+08
5.096436e+00 1.966862e+08 4.050864e+08
5.198594e+00 1.886117e+08 3.922729e+08
5.302799e+00 1.802607e+08 3.796914e+08
5.409093e+00 1.720298e+08 3.677006e+08
5.517518e+00 1.641001e+08 3.559926e+08
5.628116e+00 1.563595e+08 3.445377e+08
5.740932e+00 1.489862e+08 3.333945e+08
5.856008e+00 1.421342e+08 3.225233e+08
5.973391e+00 1.357598e+08 3.120076e+08
6.093127e+00 1.292009e+08 3.020661e+08
6.215264e+00 1.229733e+08 2.924999e+08
6.339848e+00 1.170464e+08 2.827513e+08
6.466930e+00 1.114612e+08 2.734417e+08
6.596559e+00 1.057525e+08 2.644647e+08
6.728787e+00 1.005934e+08 2.553769e+08
6.863665e+00 9.571049e+07 2.465870e+08
7.001246e+00 9.114156e+07 2.379518e+08
7.141586e+00 8.655278e+07 2.295078e+08
7.284738e+00 8.192754e+07 2.218853e+08
7.430760e+00 7.777887e+07 2.145968e+08
7.579709e+00 7.383606e+07 2.070687e+08
7.731644e+00 7.007254e+07 1.996285e+08
7.886624e+00 6.624878e+07 1.928446e+08
8.044711e+00 6.268960e+07 1.862886e+08
8.205967e+00 5.948211e+07 1.796717e+08
8.370455e+00 5.616041e+07 1.733620e+08
8.538240e+00 5.301722e+07 1.670868e+08
8.709388e+00 5.009326e+07 1.609848e+08
8.883967e+00 4.727259e+07 1.550405e+08
9.062045e+00 4.478382e+07 1.492068e+08
9.243693e+00 4.239905e+07 1.438692e+08
9.428983e+00 4.003159e+07 1.388773e+08
9.617986e+00 3.778121e+07 1.337419e+08
9.810778e+00 3.556610e+07 1.290083e+08
1.000743e+01 3.356966e+07 1.243492e+08
1.020803e+01 3.169953e+07 1.197026e+08
1.041265e+01 2.992817e+07 1.153644e+08
1.062137e+01 2.828787e+07 1.110489e+08
1.083428e+01 2.655744e+07 1.066888e+08
1.105145e+01 2.490742e+07 1.025274e+08
1.127297e+01 2.330915e+07 9.868310e+07
1.149894e+01 2.176825e+07 9.480093e+07
1.172944e+01 2.035963e+07 9.113469e+07
1.196455e+01 1.912117e+07 8.784029e+07
1.220438e+01 1.785819e+07 8.437255e+07
1.244902e+01 1.664731e+07 8.119695e+07
1.269856e+01 1.560146e+07 7.803589e+07
1.295310e+01 1.449430e+07 7.498239e+07
1.321274e+01 1.355397e+07 7.217777e+07
1.347759e+01 1.264934e+07 6.932289e+07
1.374775e+01 1.179862e+07 6.662073e+07
1.402332e+01 1.098096e+07 6.397844e+07
1.430442e+01 1.020617e+07 6.128269e+07
1.459115e+01 9.498729e+06 5.868458e+07
1.488362e+01 8.829326e+06 5.623185e+07
1.518197e+01 8.209277e+06 5.394234e+07
1.548629e+01 7.618583e+06 5.173416e+07
1.579671e+01 7.063556e+06 4.957682e+07
1.611335e+01 6.542507e+06 4.753802e+07
1.643634e+01 6.067865e+06 4.546699e+07
1.676581e+01 5.632128e+06 4.339549e+07
1.710188e+01 5.231264e+06 4.149221e+07
1.744468e+01 4.814319e+06 3.967091e+07
1.779436e+01 4.439525e+06 3.791063e+07
1.815105e+01 4.099904e+06 3.627140e+07
1.851488e+01 3.785659e+06 3.461923e+07
1.888601e+01 3.480278e+06 3.306243e+07
1.926458e+01 3.201871e+06 3.155254e+07
1.965074e+01 2.944028e+06 3.009921e+07
2.004464e+01 2.704461e+06 2.874279e+07
2.044643e+01 2.482427e+06 2.740160e+07
2.085628e+01 2.272730e+06 2.606864e+07
2.127434e+01 2.076450e+06 2.481336e+07
2.170078e+01 1.898551e+06 2.363657e+07
2.213577e+01 1.734711e+06 2.249950e+07
2.257948e+01 1.578833e+06 2.149944e+07
2.303209e+01 1.444487e+06 2.052837e+07
2.349376e+01 1.317556e+06 1.956652e+07
2.396469e+01 1.200336e+06 1.861317e+07
2.444506e+01 1.089271e+06 1.759157e+07
2.493506e+01 9.888345e+05 1.672610e+07
2.543488e+01 8.987914e+05 1.588089e+07
2.594472e+01 8.137125e+05 1.505332e+07
2.646478e+01 7.346893e+05 1.425167e+07
2.699527e+01 6.639366e+05 1.351932e+07
2.753639e+01 6.030194e+05 1.283379e+07
2.808835e+01 5.453432e+05 1.218239e+07
2.865138e+01 4.905769e+05 1.153524e+07
2.922570e+01 4.406831e+05 1.095066e+07
2.981152e+01 3.947252e+05 1.036769e+07
3.040909e+01 3.549920e+05 9.808271e+06
3.101864e+01 3.178369e+05 9.279471e+06
3.164041e+01 2.843114e+05 8.769648e+06
3.227464e+01 2.539645e+05 8.299008e+06
3.292158e+01 2.266832e+05 7.840313e+06
3.358149e+01 2.019224e+05 7.419509e+06
3.425463e+01 1.794253e+05 7.009434e+06
3.494126e+01 1.590735e+05 6.624124e+06
3.564165e+01 1.413428e+05 6.271878e+06
3.635609e+01 1.252984e+05 5.931063e+06
3.708484e+01 1.109265e+05 5.597562e+06
3.782820e+01 9.814633e+04 5.278658e+06
3.858647e+01 8.659994e+04 4.974514e+06
3.935993e+01 7.637178e+04 4.693258e+06
4.014890e+01 6.710024e+04 4.433586e+06
4.095368e+01 5.898833e+04 4.181560e+06
4.177459e+01 5.172129e+04 3.945859e+06
4.261196e+01 4.527825e+04 3.725097e+06
4.346611e+01 3.959907e+04 3.515149e+06
4.433739e+01 3.457542e+04 3.315526e+06
4.522613e+01 3.011995e+04 3.125915e+06
4.613268e+01 2.620417e+04 2.949303e+06
4.705741e+01 2.276887e+04 2.792239e+06
4.800067e+01 1.974434e+04 2.634035e+06
4.896284e+01 1.704409e+04 2.478057e+06
4.994430e+01 1.471966e+04 2.339222e+06
5.094543e+01 1.263879e+04 2.206179e+06
5.196662e+01 1.084677e+04 2.078935e+06
5.300829e+01 9.293136e+03 1.961479e+06
5.407084e+01 7.940198e+03 1.850475e+06
5.515468e+01 6.782614e+03 1.745705e+06
5.626026e+01 5.781407e+03 1.647891e+06
5.738799e+01 4.922235e+03 1.556482e+06
5.853833e+01 4.174335e+03 1.465064e+06
5.971172e+01 3.540823e+03 1.380041e+06
6.090864e+01 2.987133e+03 1.302542e+06
6.212955e+01 2.521957e+03 1.223274e+06
6.337493e+01 2.120957e+03 1.151741e+06
6.464528e+01 1.775508e+03 1.087643e+06
6.594109e+01 1.488607e+03 1.026350e+06
6.726287e+01 1.242291e+03 9.701284e+05
6.861115e+01 1.033989e+03 9.168493e+05
6.998645e+01 8.582909e+02 8.664566e+05
7.138933e+01 7.088681e+02 8.177948e+05
7.282032e+01 5.851307e+02 7.731648e+05
7.428000e+01 4.804751e+02 7.295995e+05
7.576894e+01 3.941166e+02 6.868240e+05
7.728772e+01 3.223288e+02 6.482733e+05
7.883694e+01 2.625480e+02 6.132979e+05
8.041722e+01 2.131466e+02 5.771670e+05
8.202918e+01 1.725698e+02 5.456448e+05
8.367345e+01 1.392797e+02 5.148620e+05
8.535068e+01 1.118890e+02 4.856000e+05
8.706153e+01 8.964421e+01 4.582661e+05
8.880667e+01 7.154741e+01 4.334146e+05
9.058679e+01 5.696696e+01 4.087548e+05
9.240260e+01 4.519276e+01 3.850554e+05
9.425480e+01 3.578756e+01 3.636240e+05
9.614413e+01 2.824135e+01 3.431940e+05
9.807133e+01 2.216286e+01 3.242465e+05
1.000372e+02 1.729551e+01 3.058954e+05
1.020424e+02 1.343090e+01 2.898757e+05
1.040878e+02 1.041337e+01 2.737237e+05
1.061743e+02 8.015638e+00 2.584154e+05
1.083025e+02 6.157906e+00 2.443881e+05
1.104734e+02 4.704318e+00 2.315154e+05
1.126879e+02 3.582275e+00 2.179409e+05
1.149467e+02 2.719680e+00 2.058564e+05
1.172508e+02 2.053493e+00 1.946560e+05
1.196011e+02 1.546478e+00 1.840890e+05
1.219985e+02 1.157628e+00 1.735772e+05
1.244439e+02 8.628255e-01 1.639737e+05
1.269384e+02 6.399531e-01 1.548435e+05
1.294828e+02 4.716466e-01 1.456099e+05
1.320783e+02 3.455048e-01 1.373004e+05
1.347258e+02 2.521614e-01 1.300963e+05
1.374264e+02 1.833163e-01 1.231237e+05
1.401811e+02 1.323262e-01 1.165379e+05
1.429910e+02 9.503036e-02 1.098372e+05
1.458573e+02 6.774814e-02 1.036305e+05
1.487810e+02 4.800224e-02 9.785223e+04
1.517633e+02 3.387960e-02 9.256333e+04
1.548053e+02 2.374321e-02 8.768733e+04
1.579084e+02 1.653164e-02 8.275266e+04
1.610737e+02 1.144626e-02 7.821023e+04
1.643024e+02 7.869177e-03 7.397013e+04
1.675958e+02 5.377482e-03 6.977693e+04
1.709552e+02 3.661314e-03 6.579566e+04
1.743820e+02 2.469105e-03 6.217081e+04
1.778775e+02 1.653709e-03 5.860375e+04
1.814430e+02 1.099856e-03 5.537150e+04
1.850801e+02 7.290132e-04 5.233123e+04
1.887900e+02 4.768206e-04 4.951717e+04
1.925743e+02 3.110159e-04 4.672564e+04
1.964344e+02 2.012908e-04 4.407529e+04
2.003719e+02 1.289438e-04 4.156002e+04
2.043883e+02 8.215217e-05 3.923571e+04
2.084853e+02 5.199183e-05 3.700115e+04
2.126644e+02 3.259288e-05 3.496077e+04
2.169272e+02 2.025811e-05 3.299433e+04
2.212755e+02 1.245631e-05 3.106309e+04
2.257109e+02 7.596894e-06 2.934437e+04
2.302353e+02 4.595321e-06 2.773137e+04
2.348503e+02 2.754717e-06 2.618836e+04
2.395579e+02 1.635580e-06 2.463134e+04
2.443598e+02 9.611285e-07 2.327372e+04
2.492580e+02 5.592250e-07 2.203132e+04
2.542544e+02 3.225925e-07 2.083338e+04
2.593509e+02 1.844091e-07 1.968188e+04
2.645495e+02 1.044091e-07 1.858398e+04
2.698524e+02 5.846515e-08 1.753376e+04
2.752616e+02 3.235528e-08 1.654298e+04
2.807792e+02 1.769614e-08 1.559885e+04
2.864074e+02 9.578688e-09 1.471968e+04
2.921484e+02 5.138807e-09 1.392551e+04
2.980045e+02 2.720057e-09 1.318229e+04
3.039780e+02 1.423555e-09 1.246798e+04
3.100712e+02 7.361574e-10 1.174909e+04
3.162865e+02 3.756555e-10 1.110127e+04
3.226265e+02 1.897088e-10 1.049122e+04
3.290935e+02 9.460364e-11 9.902766e+03
3.356901e+02 4.656604e-11 9.343599e+03
3.424190e+02 2.262453e-11 8.815426e+03
3.492828e+02 1.084666e-11 8.326426e+03
3.562841e+02 5.129055e-12 7.862258e+03
3.634258e+02 2.391573e-12 7.423905e+03
3.707107e+02 1.098766e-12 7.004595e+03
3.781415e+02 4.979387e-13 6.617343e+03
3.857213e+02 2.227314e-13 6.254816e+03
3.934531e+02 9.839502e-14 5.908620e+03
4.013398e+02 4.256943e-14 5.575089e+03
4.093847e+02 1.812830e-14 5.265200e+03
4.175907e+02 7.596488e-15 4.973119e+03
4.259613e+02 3.131303e-15 4.698966e+03
4.344997e+02 1.269425e-15 4.435399e+03
4.432092e+02 5.062508e-16 4.188539e+03
4.520933e+02 1.980691e-16 3.955279e+03
4.611555e+02 7.612545e-17 3.734877e+03
4.703993e+02 2.876079e-17 3.526425e+03
4.798284e+02 1.065841e-17 3.322637e+03
4.894465e+02 3.874840e-18 3.132464e+03
4.992574e+02 1.382333e-18 2.950340e+03
5.092650e+02 4.835381e-19 2.783004e+03
5.194732e+02 1.657818e-19 2.628279e+03
5.298860e+02 5.568048e-20 2.482056e+03
5.405075e+02 1.828617e-20 2.343870e+03
5.513420e+02 5.888716e-21 2.213013e+03
5.623936e+02 1.853131e-21 2.083754e+03
5.736667e+02 5.703886e-22 1.963496e+03
5.851658e+02 1.717363e-22 1.853717e+03
5.968954e+02 5.058051e-23 1.749438e+03
6.088601e+02 1.455101e-23 1.647483e+03
6.210647e+02 4.089322e-24 1.551835e+03
6.335139e+02 1.121909e-24 1.463989e+03
6.462126e+02 2.997392e-25 1.381399e+03
6.591659e+02 7.797372e-26 1.302996e+03
6.723788e+02 1.976618e-26 1.228979e+03
6.858566e+02 4.887794e-27 1.158295e+03
6.996046e+02 1.176391e-27 1.093235e+03
7.136281e+02 2.751439e-28 1.030707e+03
7.279327e+02 6.250183e-29 9.720784e+02
7.425240e+02 1.379662e-29 9.166365e+02
7.574079e+02 2.958743e-30 8.642663e+02
7.725901e+02 6.158852e-31 8.145826e+02
7.880766e+02 1.245344e-31 7.682603e+02
8.038735e+02 2.442813e-32 7.245934e+02
8.199871e+02 4.642638e-33 6.828921e+02
8.364237e+02 8.518521e-34 6.426214e+02
8.531897e+02 1.514484e-34 6.052059e+02
8.702918e+02 2.603810e-35 5.715351e+02
8.877368e+02 4.329844e-36 5.385799e+02
9.055314e+02 6.945048e-37 5.064390e+02
9.236827e+02 1.073298e-37 4.765971e+02
9.421978e+02 1.600320e-38 4.488210e+02
9.610841e+02 2.301618e-39 4.226324e+02
9.803490e+02 3.193601e-40 3.983936e+02
1.000000e+03 4.260950e-41 3.751382e+02
