5.000000e-02 6.719125e+11 1.026209e+12
5.100225e-02 6.548085e+11 9.981039e+11
5.202458e-02 6.391074e+11 9.716083e+11
5.306741e-02 6.235424e+11 9.456573e+11
5.413114e-02 6.090168e+11 9.205483e+11
5.521620e-02 5.938350e+11 8.958624e+11
5.632300e-02 5.785882e+11 8.713608e+11
5.745199e-02 5.642064e+11 8.479079e+11
5.860361e-02 5.506377e+11 8.253578e+11
5.977832e-02 5.373975e+11 8.036832e+11
6.097657e-02 5.241194e+11 7.827785e+11
6.219884e-02 5.112226e+11 7.615163e+11
6.344561e-02 4.995464e+11 7.413472e+11
6.471737e-02 4.869269e+11 7.214478e+11
6.601463e-02 4.757721e+11 7.015478e+11
6.733789e-02 4.637942e+11 6.826397e+11
6.868767e-02 4.527707e+11 6.640663e+11
7.006451e-02 4.418044e+11 6.454320e+11
7.146895e-02 4.313437e+11 6.278134e+11
7.290154e-02 4.211093e+11 6.111011e+11
7.436284e-02 4.104902e+11 5.948286e+11
7.585344e-02 4.001231e+11 5.789367e+11
7.737392e-02 3.901608e+11 5.635349e+11
7.892487e-02 3.811422e+11 5.485744e+11
8.050691e-02 3.722111e+11 5.338688e+11
8.212067e-02 3.635911e+11 5.197392e+11
8.376677e-02 3.548191e+11 5.057717e+11
8.544587e-02 3.458464e+11 4.915597e+11
8.715862e-02 3.371337e+11 4.789159e+11
8.890571e-02 3.286399e+11 4.651220e+11
9.068782e-02 3.206173e+11 4.525893e+11
9.250565e-02 3.130982e+11 4.401092e+11
9.435992e-02 3.058182e+11 4.282712e+11
9.625136e-02 2.981355e+11 4.173225e+11
9.818071e-02 2.909055e+11 4.061377e+11
1.001487e-01 2.833963e+11 3.949767e+11
1.021562e-01 2.763614e+11 3.842848e+11
1.042039e-01 2.695419e+11 3.740335e+11
1.062927e-01 2.629041e+11 3.636529e+11
1.084233e-01 2.565255e+11 3.538618e+11
1.105966e-01 2.503969e+11 3.446793e+11
1.128135e-01 2.440434e+11 3.360252e+11
1.150749e-01 2.378278e+11 3.269719e+11
1.173816e-01 2.318843e+11 3.185689e+11
1.197345e-01 2.261083e+11 3.103584e+11
1.221345e-01 2.203758e+11 3.020567e+11
1.245827e-01 2.145983e+11 2.940721e+11
1.270800e-01 2.093589e+11 2.865248e+11
1.296273e-01 2.044862e+11 2.786077e+11
1.322256e-01 1.996703e+11 2.714803e+11
1.348761e-01 1.945102e+11 2.648545e+11
1.375797e-01 1.896863e+11 2.582441e+11
1.403374e-01 1.851290e+11 2.513512e+11
1.431505e-01 1.807586e+11 2.443717e+11
1.460199e-01 1.765280e+11 2.375357e+11
1.489469e-01 1.721917e+11 2.309735e+11
1.519325e-01 1.678197e+11 2.245962e+11
1.549780e-01 1.634334e+11 2.182877e+11
1.580845e-01 1.592089e+11 2.122985e+11
1.612533e-01 1.553616e+11 2.063777e+11
1.644856e-01 1.514703e+11 2.008118e+11
1.677827e-01 1.476933e+11 1.954896e+11
1.711459e-01 1.439123e+11 1.903652e+11
1.745765e-01 1.401830e+11 1.854779e+11
1.780759e-01 1.366639e+11 1.804619e+11
1.816454e-01 1.331564e+11 1.755317e+11
1.852865e-01 1.297511e+11 1.711071e+11
1.890005e-01 1.264569e+11 1.668163e+11
1.927890e-01 1.233133e+11 1.624759e+11
1.966535e-01 1.202711e+11 1.580850e+11
2.005954e-01 1.172518e+11 1.535012e+11
2.046163e-01 1.145025e+11 1.495790e+11
2.087178e-01 1.117697e+11 1.455800e+11
2.129015e-01 1.089515e+11 1.419246e+11
2.171691e-01 1.062520e+11 1.382801e+11
2.215223e-01 1.035497e+11 1.345733e+11
2.259627e-01 1.008740e+11 1.309655e+11
2.304921e-01 9.833123e+10 1.274705e+11
2.351123e-01 9.585627e+10 1.241583e+11
2.398251e-01 9.342319e+10 1.209637e+11
2.446324e-01 9.100676e+10 1.177368e+11
2.495360e-01 8.867417e+10 1.144552e+11
2.545379e-01 8.633181e+10 1.114087e+11
2.596401e-01 8.419596e+10 1.082825e+11
2.648446e-01 8.204692e+10 1.053457e+11
2.701534e-01 7.994675e+10 1.025152e+11
2.755686e-01 7.782790e+10 9.984972e+10
2.810923e-01 7.578803e+10 9.717641e+10
2.867268e-01 7.382511e+10 9.453184e+10
2.924742e-01 7.192795e+10 9.198150e+10
2.983368e-01 7.010346e+10 8.958600e+10
3.043170e-01 6.830106e+10 8.724660e+10
3.104170e-01 6.659300e+10 8.488910e+10
3.166393e-01 6.481543e+10 8.264883e+10
3.229863e-01 6.310507e+10 8.046613e+10
3.294605e-01 6.148165e+10 7.827415e+10
3.360645e-01 5.986007e+10 7.619007e+10
3.428009e-01 5.830066e+10 7.415936e+10
3.496723e-01 5.678189e+10 7.224025e+10
3.566815e-01 5.531386e+10 7.033151e+10
3.638311e-01 5.391680e+10 6.850363e+10
3.711241e-01 5.249856e+10 6.676771e+10
3.785633e-01 5.110446e+10 6.504032e+10
3.861515e-01 4.971365e+10 6.333382e+10
3.938919e-01 4.839966e+10 6.172246e+10
4.017874e-01 4.715735e+10 6.013089e+10
4.098412e-01 4.591610e+10 5.854387e+10
4.180565e-01 4.473600e+10 5.698706e+10
4.264364e-01 4.353583e+10 5.555812e+10
4.349843e-01 4.234903e+10 5.410087e+10
4.437035e-01 4.120434e+10 5.264048e+10
4.525975e-01 4.007929e+10 5.118241e+10
4.616698e-01 3.903710e+10 4.988663e+10
4.709239e-01 3.801181e+10 4.861907e+10
4.803635e-01 3.699851e+10 4.732584e+10
4.899924e-01 3.598943e+10 4.607745e+10
4.998143e-01 3.500207e+10 4.489745e+10
5.098330e-01 3.403503e+10 4.372374e+10
5.200526e-01 3.309386e+10 4.254838e+10
5.304770e-01 3.224185e+10 4.140122e+10
5.411103e-01 3.141282e+10 4.034466e+10
5.519569e-01 3.058800e+10 3.934153e+10
5.630208e-01 2.974235e+10 3.830284e+10
5.743065e-01 2.892875e+10 3.731238e+10
5.858184e-01 2.815348e+10 3.629988e+10
5.975611e-01 2.736223e+10 3.534569e+10
6.095392e-01 2.659228e+10 3.433733e+10
6.217573e-01 2.588115e+10 3.343336e+10
6.342204e-01 2.516597e+10 3.255729e+10
6.469333e-01 2.446532e+10 3.172771e+10
6.599011e-01 2.379456e+10 3.091103e+10
6.731287e-01 2.314195e+10 3.013186e+10
6.866215e-01 2.248420e+10 2.936536e+10
7.003848e-01 2.184435e+10 2.860413e+10
7.144240e-01 2.122897e+10 2.783164e+10
7.287445e-01 2.063374e+10 2.709955e+10
7.433522e-01 2.006092e+10 2.639974e+10
7.582526e-01 1.949969e+10 2.565527e+10
7.734517e-01 1.894621e+10 2.496072e+10
7.889555e-01 1.843209e+10 2.427730e+10
8.047701e-01 1.790655e+10 2.361950e+10
8.209016e-01 1.739493e+10 2.297756e+10
8.373565e-01 1.689617e+10 2.236033e+10
8.541413e-01 1.641727e+10 2.177054e+10
8.712625e-01 1.595573e+10 2.120134e+10
8.887268e-01 1.550264e+10 2.064010e+10
9.065413e-01 1.506876e+10 2.007183e+10
9.247129e-01 1.462890e+10 1.952526e+10
9.432487e-01 1.420873e+10 1.899791e+10
9.621560e-01 1.382445e+10 1.849198e+10
9.814423e-01 1.343581e+10 1.800381e+10
1.001115e+00 1.303981e+10 1.749859e+10
1.021183e+00 1.267130e+10 1.699635e+10
1.041652e+00 1.232651e+10 1.654080e+10
1.062532e+00 1.196901e+10 1.608165e+10
1.083830e+00 1.163172e+10 1.565693e+10
1.105556e+00 1.128666e+10 1.524112e+10
1.127716e+00 1.096196e+10 1.483016e+10
1.150321e+00 1.063756e+10 1.442568e+10
1.173379e+00 1.033244e+10 1.401883e+10
1.196900e+00 1.002426e+10 1.365268e+10
1.220892e+00 9.729457e+09 1.328616e+10
1.245364e+00 9.441978e+09 1.294530e+10
1.270327e+00 9.168794e+09 1.261388e+10
1.295791e+00 8.896292e+09 1.226131e+10
1.321765e+00 8.628923e+09 1.191383e+10
1.348260e+00 8.377531e+09 1.158452e+10
1.375286e+00 8.136214e+09 1.127924e+10
1.402853e+00 7.887752e+09 1.095969e+10
1.430973e+00 7.644174e+09 1.066025e+10
1.459657e+00 7.421713e+09 1.037299e+10
1.488916e+00 7.194650e+09 1.009813e+10
1.518761e+00 6.968475e+09 9.818965e+09
1.549204e+00 6.752701e+09 9.546120e+09
1.580258e+00 6.556391e+09 9.283642e+09
1.611934e+00 6.348702e+09 9.027587e+09
1.644245e+00 6.162083e+09 8.783331e+09
1.677204e+00 5.965044e+09 8.540824e+09
1.710823e+00 5.786009e+09 8.309749e+09
1.745117e+00 5.602620e+09 8.075653e+09
1.780097e+00 5.431986e+09 7.847081e+09
1.815779e+00 5.259684e+09 7.630014e+09
1.852176e+00 5.089676e+09 7.415815e+09
1.889303e+00 4.924333e+09 7.213140e+09
1.927174e+00 4.770553e+09 7.008734e+09
1.965804e+00 4.622816e+09 6.818429e+09
2.005209e+00 4.476112e+09 6.631238e+09
2.045403e+00 4.340399e+09 6.448278e+09
2.086403e+00 4.202094e+09 6.266638e+09
2.128224e+00 4.070635e+09 6.096292e+09
2.170885e+00 3.930835e+09 5.927557e+09
2.214400e+00 3.802874e+09 5.758779e+09
2.258787e+00 3.683405e+09 5.599943e+09
2.304064e+00 3.561186e+09 5.438145e+09
2.350249e+00 3.444628e+09 5.281758e+09
2.397360e+00 3.337412e+09 5.137953e+09
2.445415e+00 3.227520e+09 4.987563e+09
2.494433e+00 3.127978e+09 4.848083e+09
2.544434e+00 3.019837e+09 4.710687e+09
2.595437e+00 2.921356e+09 4.574558e+09
2.647462e+00 2.826826e+09 4.444016e+09
2.700530e+00 2.730792e+09 4.318622e+09
2.754662e+00 2.636258e+09 4.191682e+09
2.809879e+00 2.542229e+09 4.063437e+09
2.866203e+00 2.448916e+09 3.942754e+09
2.923656e+00 2.363549e+09 3.826506e+09
2.982260e+00 2.279847e+09 3.714220e+09
3.042039e+00 2.199452e+09 3.603922e+09
3.103017e+00 2.119332e+09 3.495494e+09
3.165216e+00 2.045705e+09 3.393013e+09
3.228663e+00 1.973847e+09 3.296697e+09
3.293381e+00 1.902133e+09 3.196764e+09
3.359397e+00 1.830580e+09 3.102662e+09
3.426736e+00 1.760621e+09 3.011566e+09
3.495424e+00 1.696024e+09 2.922443e+09
3.565490e+00 1.631064e+09 2.833990e+09
3.636960e+00 1.568751e+09 2.749557e+09
3.709862e+00 1.509720e+09 2.666562e+09
3.784226e+00 1.453231e+09 2.588865e+09
3.860081e+00 1.396903e+09 2.513559e+09
3.937456e+00 1.344666e+09 2.439428e+09
4.016382e+00 1.293297e+09 2.368776e+09
4.096890e+00 1.242199e+09 2.299732e+09
4.179012e+00 1.196094e+09 2.229117e+09
4.262780e+00 1.149809e+09 2.158142e+09
4.348227e+00 1.105154e+09 2.093881e+09
4.435387e+00 1.059764e+09 2.031194e+09
4.524294e+00 1.017880e+09 1.968491e+09
4.614983e+00 9.749261e+08 1.905921e+09
4.707490e+00 9.336188e+08 1.844653e+09
4.801851e+00 8.943340e+08 1.784778e+09
4.898104e+00 8.577467e+08 1.727359e+09
4.996286e+00 8.209402e+08 1.672843e+09
5.096436e+00 7.867450e+08 1.620345e+09
5.198594e+00 7.544468e+08 1.569091e+09
5.302799e+00 7.210429e+08 1.518765e+09
5.409093e+00 6.881194e+08 1.470802e+09
5.517518e+00 6.564002e+08 1.423970e+09
5.628116e+00 6.254381e+08 1.378151e+09
5.740932e+00 5.959446e+08 1.333578e+09
5.856008e+00 5.685370e+08 1.290093e+09
5.973391e+00 5.430392e+08 1.248030e+09
6.093127e+00 5.168038e+08 1.208264e+09
6.215264e+00 4.918931e+08 1.170000e+09
6.339848e+00 4.681854e+08 1.131005e+09
6.466930e+00 4.458448e+08 1.093767e+09
6.596559e+00 4.230099e+08 1.057859e+09
6.728787e+00 4.023735e+08 1.021508e+09
6.863665e+00 3.828419e+08 9.863480e+08
7.001246e+00 3.645662e+08 9.518071e+08
7.141586e+00 3.462111e+08 9.180314e+08
7.284738e+00 3.277101e+08 8.875411e+08
7.430760e+00 3.111155e+08 8.583873e+08
7.579709e+00 2.953442e+08 8.282748e+08
7.731644e+00 2.802901e+08 7.985139e+08
7.886624e+00 2.649951e+08 7.713784e+08
8.044711e+00 2.507584e+08 7.451543e+08
8.205967e+00 2.379284e+08 7.186870e+08
8.370455e+00 2.246416e+08 6.934482e+08
8.538240e+00 2.120689e+08 6.683472e+08
8.709388e+00 2.003730e+08 6.439393e+08
8.883967e+00 1.890904e+08 6.201618e+08
9.062045e+00 1.791353e+08 5.968272e+08
9.243693e+00 1.695962e+08 5.754768e+08
9.428983e+00 1.601264e+08 5.555093e+08
9.617986e+00 1.511248e+08 5.349677e+08
9.810778e+00 1.422644e+08 5.160330e+08
1.000743e+01 1.342786e+08 4.973969e+08
1.020803e+01 1.267981e+08 4.788106e+08
1.041265e+01 1.197127e+08 4.614575e+08
1.062137e+01 1.131515e+08 4.441957e+08
1.083428e+01 1.062297e+08 4.267550e+08
1.105145e+01 9.962968e+07 4.101095e+08
1.127297e+01 9.323659e+07 3.947324e+08
1.149894e+01 8.707301e+07 3.792037e+08
1.172944e+01 8.143854e+07 3.645388e+08
1.196455e+01 7.648470e+07 3.513611e+08
1.220438e+01 7.143275e+07 3.374902e+08
1.244902e+01 6.658923e+07 3.247878e+08
1.269856e+01 6.240583e+07 3.121435e+08
1.295310e+01 5.797721e+07 2.999296e+08
1.321274e+01 5.421589e+07 2.887111e+08
1.347759e+01 5.059737e+07 2.772915e+08
1.374775e+01 4.719449e+07 2.664829e+08
1.402332e+01 4.392383e+07 2.559138e+08
1.430442e+01 4.082467e+07 2.451308e+08
1.459115e+01 3.799492e+07 2.347383e+08
1.488362e+01 3.531730e+07 2.249274e+08
1.518197e+01 3.283711e+07 2.157694e+08
1.548629e+01 3.047433e+07 2.069366e+08
1.579671e+01 2.825422e+07 1.983073e+08
1.611335e+01 2.617003e+07 1.901521e+08
1.643634e+01 2.427146e+07 1.818680e+08
1.676581e+01 2.252851e+07 1.735819e+08
1.710188e+01 2.092505e+07 1.659688e+08
1.744468e+01 1.925728e+07 1.586836e+08
1.779436e+01 1.775810e+07 1.516425e+08
1.815105e+01 1.639961e+07 1.450856e+08
1.851488e+01 1.514264e+07 1.384769e+08
1.888601e+01 1.392111e+07 1.322497e+08
1.926458e+01 1.280748e+07 1.262102e+08
1.965074e+01 1.177611e+07 1.203968e+08
2.004464e+01 1.081784e+07 1.149711e+08
2.044643e+01 9.929709e+06 1.096064e+08
2.085628e+01 9.090921e+06 1.042746e+08
2.127434e+01 8.305798e+06 9.925343e+07
2.170078e+01 7.594204e+06 9.454630e+07
2.213577e+01 6.938845e+06 8.999799e+07
2.257948e+01 6.315330e+06 8.599778e+07
2.303209e+01 5.777948e+06 8.211349e+07
2.349376e+01 5.270226e+06 7.826608e+07
2.396469e+01 4.801346e+06 7.445268e+07
2.444506e+01 4.357083e+06 7.036629e+07
2.493506e+01 3.955338e+06 6.690439e+07
2.543488e+01 3.595165e+06 6.352355e+07
2.594472e+01 3.254850e+06 6.021329e+07
2.646478e+01 2.938757e+06 5.700668e+07
2.699527e+01 2.655747e+06 5.407729e+07
2.753639e+01 2.412078e+06 5.133518e+07
2.808835e+01 2.181373e+06 4.872957e+07
2.865138e+01 1.962308e+06 4.614094e+07
2.922570e+01 1.762732e+06 4.380265e+07
2.981152e+01 1.578901e+06 4.147077e+07
3.040909e+01 1.419968e+06 3.923309e+07
3.101864e+01 1.271348e+06 3.711789e+07
3.164041e+01 1.137246e+06 3.507859e+07
3.227464e+01 1.015858e+06 3.319603e+07
3.292158e+01 9.067329e+05 3.136125e+07
3.358149e+01 8.076897e+05 2.967803e+07
3.425463e+01 7.177013e+05 2.803774e+07
3.494126e+01 6.362939e+05 2.649650e+07
3.564165e+01 5.653714e+05 2.508751e+07
3.635609e+01 5.011938e+05 2.372425e+07
3.708484e+01 4.437061e+05 2.239025e+07
3.782820e+01 3.925853e+05 2.111463e+07
3.858647e+01 3.463998e+05 1.989805e+07
3.935993e+01 3.054871e+05 1.877303e+07
4.014890e+01 2.684010e+05 1.773434e+07
4.095368e+01 2.359533e+05 1.672624e+07
4.177459e+01 2.068852e+05 1.578344e+07
4.261196e+01 1.811130e+05 1.490039e+07
4.346611e+01 1.583963e+05 1.406060e+07
4.433739e+01 1.383017e+05 1.326210e+07
4.522613e+01 1.204798e+05 1.250366e+07
4.613268e+01 1.048167e+05 1.179721e+07
4.705741e+01 9.107549e+04 1.116895e+07
4.800067e+01 7.897735e+04 1.053614e+07
4.896284e+01 6.817635e+04 9.912226e+06
4.994430e+01 5.887865e+04 9.356890e+06
5.094543e+01 5.055517e+04 8.824717e+06
5.196662e+01 4.338709e+04 8.315739e+06
5.300829e+01 3.717255e+04 7.845916e+06
5.407084e+01 3.176079e+04 7.401901e+06
5.515468e+01 2.713045e+04 6.982819e+06
5.626026e+01 2.312563e+04 6.591565e+06
5.738799e+01 1.968894e+04 6.225926e+06
5.853833e+01 1.669734e+04 5.860256e+06
5.971172e+01 1.416329e+04 5.520166e+06
6.090864e+01 1.194853e+04 5.210168e+06
6.212955e+01 1.008783e+04 4.893096e+06
6.337493e+01 8.483827e+03 4.606964e+06
6.464528e+01 7.102033e+03 4.350571e+06
6.594109e+01 5.954428e+03 4.105398e+06
6.726287e+01 4.969163e+03 3.880514e+06
6.861115e+01 4.135954e+03 3.667397e+06
6.998645e+01 3.433164e+03 3.465826e+06
7.138933e+01 2.835472e+03 3.271179e+06
7.282032e+01 2.340523e+03 3.092659e+06
7.428000e+01 1.921900e+03 2.918398e+06
7.576894e+01 1.576466e+03 2.747296e+06
7.728772e+01 1.289315e+03 2.593093e+06
7.883694e+01 1.050192e+03 2.453192e+06
8.041722e+01 8.525865e+02 2.308668e+06
8.202918e+01 6.902792e+02 2.182579e+06
8.367345e+01 5.571188e+02 2.059448e+06
8.535068e+01 4.475560e+02 1.942400e+06
8.706153e+01 3.585769e+02 1.833064e+06
8.880667e+01 2.861896e+02 1.733659e+06
9.058679e+01 2.278679e+02 1.635019e+06
9.240260e+01 1.807710e+02 1.540222e+06
9.425480e+01 1.431503e+02 1.454496e+06
9.614413e+01 1.129654e+02 1.372776e+06
9.807133e+01 8.865144e+01 1.296986e+06
1.000372e+02 6.918205e+01 1.223582e+06
1.020424e+02 5.372359e+01 1.159503e+06
1.040878e+02 4.165347e+01 1.094895e+06
1.061743e+02 3.206255e+01 1.033662e+06
1.083025e+02 2.463162e+01 9.775523e+05
1.104734e+02 1.881727e+01 9.260617e+05
1.126879e+02 1.432910e+01 8.717634e+05
1.149467e+02 1.087872e+01 8.234256e+05
1.172508e+02 8.213971e+00 7.786240e+05
1.196011e+02 6.185911e+00 7.363561e+05
1.219985e+02 4.630512e+00 6.943087e+05
1.244439e+02 3.451302e+00 6.558948e+05
1.269384e+02 2.559812e+00 6.193740e+05
1.294828e+02 1.886586e+00 5.824397e+05
1.320783e+02 1.382019e+00 5.492017e+05
1.347258e+02 1.008646e+00 5.203853e+05
1.374264e+02 7.332651e-01 4.924946e+05
1.401811e+02 5.293046e-01 4.661517e+05
1.429910e+02 3.801215e-01 4.393486e+05
1.458573e+02 2.709926e-01 4.145222e+05
1.487810e+02 1.920090e-01 3.914089e+05
1.517633e+02 1.355184e-01 3.702533e+05
1.548053e+02 9.497285e-02 3.507493e+05
1.579084e+02 6.612656e-02 3.310106e+05
1.610737e+02 4.578505e-02 3.128409e+05
1.643024e+02 3.147671e-02 2.958805e+05
1.675958e+02 2.150993e-02 2.791077e+05
1.709552e+02 1.464525e-02 2.631827e+05
1.743820e+02 9.876421e-03 2.486832e+05
1.778775e+02 6.614836e-03 2.344150e+05
1.814430e+02 4.399422e-03 2.214860e+05
1.850801e+02 2.916053e-03 2.093249e+05
1.887900e+02 1.907282e-03 1.980687e+05
1.925743e+02 1.244064e-03 1.869026e+05
1.964344e+02 8.051631e-04 1.763012e+05
2.003719e+02 5.157751e-04 1.662401e+05
2.043883e+02 3.286087e-04 1.569429e+05
2.084853e+02 2.079673e-04 1.480046e+05
2.126644e+02 1.303715e-04 1.398431e+05
2.169272e+02 8.103243e-05 1.319773e+05
2.212755e+02 4.982526e-05 1.242524e+05
2.257109e+02 3.038758e-05 1.173775e+05
2.302353e+02 1.838128e-05 1.109255e+05
2.348503e+02 1.101887e-05 1.047534e+05
2.395579e+02 6.542318e-06 9.852538e+04
2.443598e+02 3.844514e-06 9.309487e+04
2.492580e+02 2.236900e-06 8.812528e+04
2.542544e+02 1.290370e-06 8.333352e+04
2.593509e+02 7.376364e-07 7.872753e+04
2.645495e+02 4.176366e-07 7.433592e+04
2.698524e+02 2.338606e-07 7.013503e+04
2.752616e+02 1.294211e-07 6.617194e+04
2.807792e+02 7.078455e-08 6.239541e+04
2.864074e+02 3.831475e-08 5.887871e+04
2.921484e+02 2.055523e-08 5.570203e+04
2.980045e+02 1.088023e-08 5.272916e+04
3.039780e+02 5.694221e-09 4.987193e+04
3.100712e+02 2.944630e-09 4.699638e+04
3.162865e+02 1.502622e-09 4.440509e+04
3.226265e+02 7.588351e-10 4.196487e+04
3.290935e+02 3.784146e-10 3.961106e+04
3.356901e+02 1.862642e-10 3.737440e+04
3.424190e+02 9.049812e-11 3.526170e+04
3.492828e+02 4.338664e-11 3.330570e+04
3.562841e+02 2.051622e-11 3.144903e+04
3.634258e+02 9.566294e-12 2.969562e+04
3.707107e+02 4.395064e-12 2.801838e+04
3.781415e+02 1.991755e-12 2.646937e+04
3.857213e+02 8.909256e-13 2.501926e+04
3.934531e+02 3.935801e-13 2.363448e+04
4.013398e+02 1.702777e-13 2.230036e+04
4.093847e+02 7.251319e-14 2.106080e+04
4.175907e+02 3.038595e-14 1.989248e+04
4.259613e+02 1.252521e-14 1.879586e+04
4.344997e+02 5.077701e-15 1.774160e+04
4.432092e+02 2.025003e-15 1.675415e+04
4.520933e+02 7.922764e-16 1.582112e+04
4.611555e+02 3.045018e-16 1.493951e+04
4.703993e+02 1.150432e-16 1.410570e+04
4.798284e+02 4.263362e-17 1.329055e+04
4.894465e+02 1.549936e-17 1.252986e+04
4.992574e+02 5.529331e-18 1.180136e+04
5.092650e+02 1.934152e-18 1.113202e+04
5.194732e+02 6.631272e-19 1.051312e+04
5.298860e+02 2.227219e-19 9.928223e+03
5.405075e+02 7.314468e-20 9.375480e+03
5.513420e+02 2.355486e-20 8.852053e+03
5.623936e+02 7.412525e-21 8.335018e+03
5.736667e+02 2.281554e-21 7.853985e+03
5.851658e+02 6.869454e-22 7.414868e+03
5.968954e+02 2.023220e-22 6.997753e+03
6.088601e+02 5.820405e-23 6.589930e+03
6.210647e+02 1.635729e-23 6.207341e+03
6.335139e+02 4.487636e-24 5.855956e+03
6.462126e+02 1.198957e-24 5.525594e+03
6.591659e+02 3.118949e-25 5.211982e+03
6.723788e+02 7.906470e-26 4.915915e+03
6.858566e+02 1.955117e-26 4.633178e+03
6.996046e+02 4.705564e-27 4.372941e+03
7.136281e+02 1.100576e-27 4.122826e+03
7.279327e+02 2.500073e-28 3.888314e+03
7.425240e+02 5.518649e-29 3.666546e+03
7.574079e+02 1.183497e-29 3.457065e+03
7.725901e+02 2.463541e-30 3.258330e+03
7.880766e+02 4.981376e-31 3.073041e+03
8.038735e+02 9.771253e-32 2.898374e+03
8.199871e+02 1.857055e-32 2.731569e+03
8.364237e+02 3.407408e-33 2.570486e+03
8.531897e+02 6.057938e-34 2.420824e+03
8.702918e+02 1.041524e-34 2.286141e+03
8.877368e+02 1.731938e-35 2.154320e+03
9.055314e+02 2.778019e-36 2.025756e+03
9.236827e+02 4.293190e-37 1.906388e+03
9.421978e+02 6.401280e-38 1.795284e+03
9.610841e+02 9.206472e-39 1.690530e+03
9.803490e+02 1.277440e-39 1.593574e+03
1.000000e+03 1.704380e-40 1.500553e+03
