Energy(MeV)	Incoming Spectral Fluence(MeV-1 cm-2)	Residual Spectral Fluence(MeV-1 cm-2)
1.0000e-03	0.0000e+00	2.4391e+04
1.5000e-03	0.0000e+00	2.4396e+04
2.0000e-03	0.0000e+00	2.4400e+04
2.5000e-03	0.0000e+00	2.4403e+04
3.0000e-03	0.0000e+00	2.4405e+04
3.5000e-03	0.0000e+00	2.4407e+04
4.0000e-03	0.0000e+00	2.4409e+04
4.5000e-03	0.0000e+00	2.4410e+04
5.0000e-03	0.0000e+00	2.4412e+04
5.5000e-03	0.0000e+00	2.4413e+04
6.0000e-03	0.0000e+00	2.4414e+04
6.5000e-03	0.0000e+00	2.4415e+04
7.0000e-03	0.0000e+00	2.4416e+04
7.5000e-03	0.0000e+00	2.4417e+04
8.0000e-03	0.0000e+00	2.4418e+04
8.5000e-03	0.0000e+00	2.4419e+04
9.0000e-03	0.0000e+00	2.4419e+04
9.5000e-03	0.0000e+00	2.4420e+04
1.0000e-02	0.0000e+00	2.4421e+04
1.5000e-02	0.0000e+00	2.4426e+04
2.0000e-02	0.0000e+00	2.4430e+04
2.5000e-02	0.0000e+00	2.4433e+04
3.0000e-02	0.0000e+00	2.4435e+04
3.5000e-02	0.0000e+00	2.4438e+04
4.0000e-02	0.0000e+00	2.4447e+04
4.5000e-02	0.0000e+00	2.4454e+04
5.0000e-02	1.4453e+11	2.4461e+04
5.0834e-02	1.4140e+11	2.4462e+04
5.1681e-02	1.3837e+11	2.4463e+04
5.2543e-02	1.3542e+11	2.4464e+04
5.3418e-02	1.3251e+11	2.4465e+04
5.4309e-02	1.2966e+11	2.4466e+04
5.5214e-02	1.2686e+11	2.4467e+04
5.6135e-02	1.2416e+11	2.4468e+04
5.7071e-02	1.2149e+11	2.4469e+04
5.8022e-02	1.1889e+11	2.4470e+04
5.8989e-02	1.1635e+11	2.4471e+04
5.9973e-02	1.1389e+11	2.4472e+04
6.0973e-02	1.1147e+11	2.4474e+04
6.1989e-02	1.0911e+11	2.4475e+04
6.3022e-02	1.0678e+11	2.4476e+04
6.4073e-02	1.0451e+11	2.4477e+04
6.5141e-02	1.0227e+11	2.4478e+04
6.6227e-02	1.0008e+11	2.4479e+04
6.7331e-02	9.7925e+10	2.4480e+04
6.8454e-02	9.5818e+10	2.4481e+04
6.9595e-02	9.3756e+10	2.4482e+04
7.0755e-02	9.1765e+10	2.4483e+04
7.1935e-02	8.9794e+10	2.4484e+04
7.3134e-02	8.7864e+10	2.4485e+04
7.4353e-02	8.5975e+10	2.4486e+04
7.5593e-02	8.4099e+10	2.4487e+04
7.6853e-02	8.2310e+10	2.4488e+04
7.8134e-02	8.0546e+10	2.4489e+04
7.9436e-02	7.8799e+10	2.4490e+04
8.0761e-02	7.7086e+10	2.4492e+04
8.2107e-02	7.5464e+10	2.4493e+04
8.3476e-02	7.3842e+10	2.4494e+04
8.4867e-02	7.2254e+10	2.4495e+04
8.6282e-02	7.0695e+10	2.4496e+04
8.7721e-02	6.9184e+10	2.4497e+04
8.9183e-02	6.7708e+10	2.4498e+04
9.0670e-02	6.6264e+10	2.4500e+04
9.2181e-02	6.4847e+10	2.4502e+04
9.3718e-02	6.3451e+10	2.4504e+04
9.5280e-02	6.2071e+10	2.4506e+04
9.6869e-02	6.0736e+10	2.4508e+04
9.8484e-02	5.9475e+10	2.4510e+04
1.0013e-01	5.8213e+10	2.4513e+04
1.0179e-01	5.6946e+10	2.4515e+04
1.0349e-01	5.5698e+10	2.4517e+04
1.0522e-01	5.4522e+10	2.4519e+04
1.0697e-01	5.3357e+10	2.4521e+04
1.0875e-01	5.2206e+10	2.4523e+04
1.1057e-01	5.1076e+10	2.4525e+04
1.1241e-01	4.9975e+10	2.4527e+04
1.1428e-01	4.8897e+10	2.4529e+04
1.1619e-01	4.7854e+10	2.4532e+04
1.1813e-01	4.6821e+10	2.4534e+04
1.2010e-01	4.5818e+10	2.4536e+04
1.2210e-01	4.4837e+10	2.4538e+04
1.2413e-01	4.3888e+10	2.4540e+04
1.2620e-01	4.2944e+10	2.4542e+04
1.2831e-01	4.2036e+10	2.4544e+04
1.3045e-01	4.1145e+10	2.4546e+04
1.3262e-01	4.0243e+10	2.4548e+04
1.3483e-01	3.9362e+10	2.4551e+04
1.3708e-01	3.8525e+10	2.4553e+04
1.3936e-01	3.7689e+10	2.4555e+04
1.4169e-01	3.6903e+10	2.4557e+04
1.4405e-01	3.6105e+10	2.4559e+04
1.4645e-01	3.5315e+10	2.4562e+04
1.4889e-01	3.4553e+10	2.4565e+04
1.5137e-01	3.3803e+10	2.4568e+04
1.5390e-01	3.3088e+10	2.4571e+04
1.5646e-01	3.2384e+10	2.4575e+04
1.5907e-01	3.1681e+10	2.4578e+04
1.6172e-01	3.0980e+10	2.4581e+04
1.6442e-01	3.0315e+10	2.4584e+04
1.6716e-01	2.9647e+10	2.4587e+04
1.6995e-01	2.9016e+10	2.4590e+04
1.7278e-01	2.8399e+10	2.4593e+04
1.7566e-01	2.7810e+10	2.4597e+04
1.7859e-01	2.7227e+10	2.4600e+04
1.8157e-01	2.6649e+10	2.4603e+04
1.8459e-01	2.6082e+10	2.4606e+04
1.8767e-01	2.5524e+10	2.4609e+04
1.9080e-01	2.4961e+10	2.4612e+04
1.9398e-01	2.4430e+10	2.4615e+04
1.9721e-01	2.3930e+10	2.4619e+04
2.0050e-01	2.3410e+10	2.4622e+04
2.0384e-01	2.2901e+10	2.4626e+04
2.0724e-01	2.2417e+10	2.4630e+04
2.1070e-01	2.1926e+10	2.4634e+04
2.1421e-01	2.1458e+10	2.4639e+04
2.1778e-01	2.0994e+10	2.4643e+04
2.2141e-01	2.0535e+10	2.4647e+04
2.2510e-01	2.0091e+10	2.4651e+04
2.2886e-01	1.9665e+10	2.4655e+04
2.3267e-01	1.9250e+10	2.4660e+04
2.3655e-01	1.8832e+10	2.4664e+04
2.4049e-01	1.8439e+10	2.4668e+04
2.4450e-01	1.8039e+10	2.4672e+04
2.4858e-01	1.7656e+10	2.4676e+04
2.5272e-01	1.7278e+10	2.4680e+04
2.5694e-01	1.6901e+10	2.4685e+04
2.6122e-01	1.6533e+10	2.4690e+04
2.6557e-01	1.6173e+10	2.4695e+04
2.7000e-01	1.5821e+10	2.4701e+04
2.7450e-01	1.5479e+10	2.4706e+04
2.7908e-01	1.5146e+10	2.4711e+04
2.8373e-01	1.4825e+10	2.4716e+04
2.8846e-01	1.4511e+10	2.4721e+04
2.9327e-01	1.4197e+10	2.4727e+04
2.9816e-01	1.3887e+10	2.4732e+04
3.0313e-01	1.3592e+10	2.4737e+04
3.0818e-01	1.3294e+10	2.4742e+04
3.1332e-01	1.2997e+10	2.4748e+04
3.1854e-01	1.2714e+10	2.4754e+04
3.2385e-01	1.2441e+10	2.4760e+04
3.2925e-01	1.2167e+10	2.4767e+04
3.3474e-01	1.1901e+10	2.4773e+04
3.4032e-01	1.1645e+10	2.4779e+04
3.4600e-01	1.1397e+10	2.4785e+04
3.5176e-01	1.1146e+10	2.4792e+04
3.5763e-01	1.0903e+10	2.4798e+04
3.6359e-01	1.0671e+10	2.4804e+04
3.6965e-01	1.0436e+10	2.4811e+04
3.7581e-01	1.0204e+10	2.4818e+04
3.8208e-01	9.9852e+09	2.4825e+04
3.8845e-01	9.7665e+09	2.4833e+04
3.9492e-01	9.5553e+09	2.4840e+04
4.0151e-01	9.3504e+09	2.4847e+04
4.0820e-01	9.1489e+09	2.4854e+04
4.1501e-01	8.9460e+09	2.4862e+04
4.2192e-01	8.7480e+09	2.4869e+04
4.2896e-01	8.5525e+09	2.4877e+04
4.3611e-01	8.3664e+09	2.4885e+04
4.4338e-01	8.1863e+09	2.4894e+04
4.5077e-01	8.0109e+09	2.4902e+04
4.5829e-01	7.8389e+09	2.4910e+04
4.6593e-01	7.6696e+09	2.4919e+04
4.7369e-01	7.5043e+09	2.4927e+04
4.8159e-01	7.3427e+09	2.4936e+04
4.8962e-01	7.1812e+09	2.4945e+04
4.9778e-01	7.0249e+09	2.4954e+04
5.0608e-01	6.8747e+09	2.4963e+04
5.1452e-01	6.7274e+09	2.4972e+04
5.2309e-01	6.5826e+09	2.4981e+04
5.3181e-01	6.4356e+09	2.4990e+04
5.4068e-01	6.2929e+09	2.5000e+04
5.4969e-01	6.1550e+09	2.5010e+04
5.5886e-01	6.0226e+09	2.5020e+04
5.6817e-01	5.8903e+09	2.5030e+04
5.7765e-01	5.7585e+09	2.5040e+04
5.8728e-01	5.6316e+09	2.5050e+04
5.9707e-01	5.5087e+09	2.5061e+04
6.0702e-01	5.3884e+09	2.5072e+04
6.1714e-01	5.2713e+09	2.5082e+04
6.2743e-01	5.1570e+09	2.5093e+04
6.3789e-01	5.0450e+09	2.5104e+04
6.4852e-01	4.9365e+09	2.5115e+04
6.5933e-01	4.8282e+09	2.5127e+04
6.7032e-01	4.7235e+09	2.5138e+04
6.8150e-01	4.6203e+09	2.5150e+04
6.9286e-01	4.5182e+09	2.5161e+04
7.0441e-01	4.4176e+09	2.5173e+04
7.1615e-01	4.3200e+09	2.5186e+04
7.2809e-01	4.2253e+09	2.5198e+04
7.4023e-01	4.1322e+09	2.5211e+04
7.5257e-01	4.0398e+09	2.5223e+04
7.6512e-01	3.9499e+09	2.5237e+04
7.7787e-01	3.8627e+09	2.5251e+04
7.9084e-01	3.7775e+09	2.5266e+04
8.0402e-01	3.6943e+09	2.5280e+04
8.1743e-01	3.6122e+09	2.5294e+04
8.3105e-01	3.5324e+09	2.5310e+04
8.4491e-01	3.4536e+09	2.5325e+04
8.5899e-01	3.3783e+09	2.5340e+04
8.7331e-01	3.3045e+09	2.5356e+04
8.8787e-01	3.2308e+09	2.5372e+04
9.0267e-01	3.1606e+09	2.5388e+04
9.1772e-01	3.0931e+09	2.5405e+04
9.3302e-01	3.0238e+09	2.5422e+04
9.4858e-01	2.9556e+09	2.5439e+04
9.6439e-01	2.8895e+09	2.5456e+04
9.8047e-01	2.8241e+09	2.5474e+04
9.9681e-01	2.7628e+09	2.5493e+04
1.0134e+00	2.7012e+09	2.5511e+04
1.0303e+00	2.6409e+09	2.5529e+04
1.0475e+00	2.5820e+09	2.5549e+04
1.0650e+00	2.5230e+09	2.5568e+04
1.0827e+00	2.4673e+09	2.5588e+04
1.1008e+00	2.4126e+09	2.5608e+04
1.1191e+00	2.3586e+09	2.5629e+04
1.1378e+00	2.3063e+09	2.5649e+04
1.1567e+00	2.2544e+09	2.5670e+04
1.1760e+00	2.2033e+09	2.5692e+04
1.1956e+00	2.1537e+09	2.5713e+04
1.2156e+00	2.1068e+09	2.5736e+04
1.2358e+00	2.0601e+09	2.5758e+04
1.2564e+00	2.0132e+09	2.5781e+04
1.2774e+00	1.9681e+09	2.5805e+04
1.2987e+00	1.9240e+09	2.5828e+04
1.3203e+00	1.8809e+09	2.5852e+04
1.3423e+00	1.8387e+09	2.5877e+04
1.3647e+00	1.7972e+09	2.5902e+04
1.3875e+00	1.7571e+09	2.5927e+04
1.4106e+00	1.7169e+09	2.5953e+04
1.4341e+00	1.6787e+09	2.5979e+04
1.4580e+00	1.6416e+09	2.6006e+04
1.4823e+00	1.6052e+09	2.6032e+04
1.5070e+00	1.5691e+09	2.6060e+04
1.5322e+00	1.5336e+09	2.6088e+04
1.5577e+00	1.4991e+09	2.6116e+04
1.5837e+00	1.4658e+09	2.6145e+04
1.6101e+00	1.4334e+09	2.6175e+04
1.6369e+00	1.4006e+09	2.6204e+04
1.6642e+00	1.3686e+09	2.6235e+04
1.6919e+00	1.3374e+09	2.6266e+04
1.7201e+00	1.3073e+09	2.6297e+04
1.7488e+00	1.2776e+09	2.6329e+04
1.7780e+00	1.2485e+09	2.6361e+04
1.8076e+00	1.2196e+09	2.6394e+04
1.8377e+00	1.1917e+09	2.6428e+04
1.8684e+00	1.1639e+09	2.6462e+04
1.8995e+00	1.1376e+09	2.6497e+04
1.9312e+00	1.1112e+09	2.6532e+04
1.9634e+00	1.0861e+09	2.6568e+04
1.9961e+00	1.0612e+09	2.6604e+04
2.0294e+00	1.0365e+09	2.6641e+04
2.0632e+00	1.0129e+09	2.6679e+04
2.0976e+00	9.8991e+08	2.6717e+04
2.1326e+00	9.6743e+08	2.6756e+04
2.1682e+00	9.4542e+08	2.6795e+04
2.2043e+00	9.2348e+08	2.6835e+04
2.2410e+00	9.0164e+08	2.6876e+04
2.2784e+00	8.8055e+08	2.6918e+04
2.3164e+00	8.5999e+08	2.6960e+04
2.3550e+00	8.4034e+08	2.7003e+04
2.3943e+00	8.2104e+08	2.7047e+04
2.4342e+00	8.0217e+08	2.7091e+04
2.4748e+00	7.8349e+08	2.7136e+04
2.5160e+00	7.6515e+08	2.7182e+04
2.5580e+00	7.4741e+08	2.7208e+04
2.6006e+00	7.3001e+08	2.7165e+04
2.6440e+00	7.1269e+08	2.7196e+04
2.6880e+00	6.9577e+08	2.7242e+04
2.7328e+00	6.7921e+08	2.7291e+04
2.7784e+00	6.6315e+08	2.7342e+04
2.8247e+00	6.4753e+08	2.7393e+04
2.8718e+00	6.3219e+08	2.7446e+04
2.9197e+00	6.1727e+08	2.7499e+04
2.9684e+00	6.0266e+08	2.7553e+04
3.0178e+00	5.8840e+08	2.7608e+04
3.0682e+00	5.7441e+08	2.7663e+04
3.1193e+00	5.6072e+08	2.7720e+04
3.1713e+00	5.4733e+08	2.7778e+04
3.2242e+00	5.3416e+08	2.7836e+04
3.2779e+00	5.2141e+08	2.7896e+04
3.3326e+00	5.0882e+08	2.7957e+04
3.3881e+00	4.9647e+08	2.8018e+04
3.4446e+00	4.8448e+08	2.8081e+04
3.5020e+00	4.7277e+08	2.8145e+04
3.5604e+00	4.6133e+08	2.8209e+04
3.6198e+00	4.5021e+08	2.8275e+04
3.6801e+00	4.3920e+08	2.8342e+04
3.7415e+00	4.2845e+08	2.8410e+04
3.8038e+00	4.1791e+08	2.8479e+04
3.8672e+00	4.0765e+08	2.8549e+04
3.9317e+00	3.9771e+08	2.8621e+04
3.9973e+00	3.8798e+08	2.8693e+04
4.0639e+00	3.7839e+08	2.8767e+04
4.1317e+00	3.6894e+08	2.8842e+04
4.2005e+00	3.5982e+08	2.8918e+04
4.2706e+00	3.5078e+08	2.8996e+04
4.3417e+00	3.4208e+08	2.9075e+04
4.4141e+00	3.3359e+08	2.9155e+04
4.4877e+00	3.2528e+08	2.9236e+04
4.5625e+00	3.1710e+08	2.9319e+04
4.6386e+00	3.0912e+08	2.9403e+04
4.7159e+00	3.0132e+08	2.9488e+04
4.7945e+00	2.9364e+08	2.9575e+04
4.8745e+00	2.8622e+08	2.9663e+04
4.9557e+00	2.7891e+08	2.9752e+04
5.0383e+00	2.7173e+08	2.9843e+04
5.1223e+00	2.6473e+08	2.9935e+04
5.2077e+00	2.5799e+08	3.0028e+04
5.2945e+00	2.5130e+08	3.0113e+04
5.3828e+00	2.4477e+08	3.0204e+04
5.4725e+00	2.3842e+08	3.0302e+04
5.5638e+00	2.3227e+08	3.0401e+04
5.6565e+00	2.2622e+08	3.0502e+04
5.7508e+00	2.2029e+08	3.0605e+04
5.8467e+00	2.1448e+08	3.0709e+04
5.9442e+00	2.0885e+08	3.0815e+04
6.0433e+00	2.0333e+08	3.0922e+04
6.1440e+00	1.9794e+08	3.1031e+04
6.2464e+00	1.9264e+08	3.1142e+04
6.3506e+00	1.8746e+08	3.1254e+04
6.4564e+00	1.8243e+08	3.1369e+04
6.5641e+00	1.7763e+08	3.1484e+04
6.6735e+00	1.7288e+08	3.1602e+04
6.7848e+00	1.6824e+08	3.1722e+04
6.8979e+00	1.6368e+08	3.1843e+04
7.0129e+00	1.5922e+08	3.1966e+04
7.1298e+00	1.5487e+08	3.2091e+04
7.2486e+00	1.5064e+08	3.2218e+04
7.3695e+00	1.4648e+08	3.2347e+04
7.4923e+00	1.4245e+08	3.2477e+04
7.6172e+00	1.3850e+08	3.2610e+04
7.7442e+00	1.3467e+08	3.2744e+04
7.8733e+00	1.3090e+08	3.2880e+04
8.0046e+00	1.2719e+08	3.3019e+04
8.1380e+00	1.2361e+08	3.3159e+04
8.2737e+00	1.2017e+08	3.3301e+04
8.4116e+00	1.1682e+08	3.3446e+04
8.5518e+00	1.1347e+08	3.3592e+04
8.6944e+00	1.1029e+08	3.3741e+04
8.8393e+00	1.0714e+08	3.3892e+04
8.9867e+00	1.0401e+08	3.4046e+04
9.1365e+00	1.0107e+08	3.4201e+04
9.2888e+00	9.8150e+07	3.4359e+04
9.4437e+00	9.5291e+07	3.4518e+04
9.6011e+00	9.2516e+07	3.4681e+04
9.7612e+00	8.9823e+07	3.4853e+04
9.9239e+00	8.7177e+07	3.5025e+04
1.0089e+01	8.4574e+07	3.5200e+04
1.0258e+01	8.2055e+07	3.5372e+04
1.0429e+01	7.9575e+07	3.5539e+04
1.0602e+01	7.7193e+07	3.5711e+04
1.0779e+01	7.4859e+07	3.5884e+04
1.0959e+01	7.2560e+07	3.6060e+04
1.1142e+01	7.0307e+07	3.6238e+04
1.1327e+01	6.8168e+07	3.6419e+04
1.1516e+01	6.6060e+07	3.6604e+04
1.1708e+01	6.4027e+07	3.6828e+04
1.1903e+01	6.2048e+07	3.7034e+04
1.2102e+01	6.0098e+07	3.7222e+04
1.2303e+01	5.8198e+07	3.7411e+04
1.2509e+01	5.6308e+07	3.7603e+04
1.2717e+01	5.4503e+07	3.7796e+04
1.2929e+01	5.2692e+07	3.7992e+04
1.3145e+01	5.0976e+07	3.8191e+04
1.3364e+01	4.9305e+07	3.8395e+04
1.3587e+01	4.7678e+07	3.8604e+04
1.3813e+01	4.6106e+07	3.8809e+04
1.4043e+01	4.4539e+07	3.8998e+04
1.4277e+01	4.3077e+07	3.9207e+04
1.4515e+01	4.1617e+07	3.9416e+04
1.4757e+01	4.0196e+07	3.9627e+04
1.5003e+01	3.8852e+07	3.9837e+04
1.5254e+01	3.7531e+07	4.0048e+04
1.5508e+01	3.6219e+07	4.0261e+04
1.5766e+01	3.4959e+07	4.0474e+04
1.6029e+01	3.3762e+07	4.0689e+04
1.6296e+01	3.2601e+07	4.0906e+04
1.6568e+01	3.1444e+07	4.1122e+04
1.6844e+01	3.0329e+07	4.1315e+04
1.7125e+01	2.9245e+07	4.1532e+04
1.7411e+01	2.8186e+07	4.1749e+04
1.7701e+01	2.7171e+07	4.1967e+04
1.7996e+01	2.6197e+07	4.2186e+04
1.8296e+01	2.5217e+07	4.2405e+04
1.8601e+01	2.4290e+07	4.2625e+04
1.8911e+01	2.3389e+07	4.2847e+04
1.9226e+01	2.2511e+07	4.3071e+04
1.9547e+01	2.1650e+07	4.3295e+04
1.9873e+01	2.0837e+07	4.3540e+04
2.0204e+01	2.0037e+07	4.3760e+04
2.0541e+01	1.9278e+07	4.3975e+04
2.0883e+01	1.8538e+07	4.4192e+04
2.1231e+01	1.7809e+07	4.4480e+04
2.1585e+01	1.7128e+07	4.4696e+04
2.1945e+01	1.6452e+07	4.4907e+04
2.2311e+01	1.5816e+07	4.5122e+04
2.2683e+01	1.5195e+07	4.5350e+04
2.3061e+01	1.4602e+07	4.5539e+04
2.3446e+01	1.4012e+07	4.5748e+04
2.3836e+01	1.3432e+07	4.5951e+04
2.4234e+01	1.2874e+07	4.6149e+04
2.4638e+01	1.2352e+07	4.6346e+04
2.5049e+01	1.1846e+07	4.6538e+04
2.5466e+01	1.1353e+07	4.6724e+04
2.5891e+01	1.0874e+07	4.6907e+04
2.6322e+01	1.0412e+07	4.7088e+04
2.6761e+01	9.9572e+06	4.7269e+04
2.7207e+01	9.5203e+06	4.7452e+04
2.7661e+01	9.1078e+06	4.7658e+04
2.8122e+01	8.7034e+06	4.7816e+04
2.8591e+01	8.3256e+06	4.8016e+04
2.9067e+01	7.9616e+06	4.8210e+04
2.9552e+01	7.6016e+06	4.8362e+04
3.0045e+01	7.2590e+06	4.8533e+04
3.0545e+01	6.9215e+06	4.8678e+04
3.1055e+01	6.5962e+06	4.8805e+04
3.1572e+01	6.2855e+06	4.8925e+04
3.2099e+01	5.9890e+06	4.9032e+04
3.2634e+01	5.7004e+06	4.9130e+04
3.3178e+01	5.4314e+06	4.9223e+04
3.3731e+01	5.1720e+06	4.9319e+04
3.4293e+01	4.9212e+06	4.9428e+04
3.4865e+01	4.6849e+06	4.9498e+04
3.5446e+01	4.4507e+06	4.9560e+04
3.6037e+01	4.2321e+06	4.9635e+04
3.6638e+01	4.0205e+06	4.9701e+04
3.7249e+01	3.8173e+06	4.9732e+04
3.7870e+01	3.6214e+06	4.9754e+04
3.8501e+01	3.4404e+06	4.9756e+04
3.9143e+01	3.2646e+06	4.9754e+04
3.9795e+01	3.0936e+06	4.9781e+04
4.0459e+01	2.9280e+06	4.9768e+04
4.1133e+01	2.7705e+06	4.9733e+04
4.1819e+01	2.6252e+06	4.9721e+04
4.2516e+01	2.4845e+06	4.9664e+04
4.3225e+01	2.3526e+06	4.9583e+04
4.3945e+01	2.2276e+06	4.9478e+04
4.4678e+01	2.1092e+06	4.9375e+04
4.5423e+01	1.9949e+06	4.9262e+04
4.6180e+01	1.8870e+06	4.9129e+04
4.6950e+01	1.7864e+06	4.9019e+04
4.7733e+01	1.6906e+06	4.8859e+04
4.8528e+01	1.6002e+06	4.8674e+04
4.9337e+01	1.5138e+06	4.8478e+04
5.0160e+01	1.4329e+06	4.8277e+04
5.0996e+01	1.3557e+06	4.8058e+04
5.1846e+01	1.2840e+06	4.7867e+04
5.2711e+01	1.2147e+06	4.7618e+04
5.3589e+01	1.1496e+06	4.7340e+04
5.4483e+01	1.0867e+06	4.7067e+04
5.5391e+01	1.0280e+06	4.6757e+04
5.6314e+01	9.7243e+05	4.6487e+04
5.7253e+01	9.1972e+05	4.6150e+04
5.8208e+01	8.6945e+05	4.5795e+04
5.9178e+01	8.2293e+05	4.5431e+04
6.0165e+01	7.7839e+05	4.5076e+04
6.1167e+01	7.3627e+05	4.4702e+04
6.2187e+01	6.9648e+05	4.4294e+04
6.3224e+01	6.5872e+05	4.3882e+04
6.4278e+01	6.2275e+05	4.3471e+04
6.5349e+01	5.8923e+05	4.3016e+04
6.6439e+01	5.5696e+05	4.2559e+04
6.7546e+01	5.2682e+05	4.2068e+04
6.8673e+01	4.9833e+05	4.1601e+04
6.9817e+01	4.7161e+05	4.1086e+04
7.0981e+01	4.4625e+05	4.0562e+04
7.2165e+01	4.2200e+05	4.0067e+04
7.3368e+01	3.9922e+05	3.9531e+04
7.4591e+01	3.7760e+05	3.8991e+04
7.5834e+01	3.5702e+05	3.8467e+04
7.7098e+01	3.3767e+05	3.7902e+04
7.8384e+01	3.1905e+05	3.7336e+04
7.9690e+01	3.0172e+05	3.6761e+04
8.1019e+01	2.8535e+05	3.6164e+04
8.2370e+01	2.6987e+05	3.5582e+04
8.3743e+01	2.5514e+05	3.4963e+04
8.5139e+01	2.4122e+05	3.4354e+04
8.6558e+01	2.2823e+05	3.3729e+04
8.8001e+01	2.1588e+05	3.3109e+04
8.9468e+01	2.0423e+05	3.2486e+04
9.0960e+01	1.9338e+05	3.1846e+04
9.2476e+01	1.8297e+05	3.1222e+04
9.4018e+01	1.7308e+05	3.0581e+04
9.5585e+01	1.6364e+05	2.9951e+04
9.7179e+01	1.5468e+05	2.9321e+04
9.8799e+01	1.4635e+05	2.8670e+04
1.0045e+02	1.3840e+05	2.8013e+04
1.0212e+02	1.3090e+05	2.7379e+04
1.0382e+02	1.2378e+05	2.6749e+04
1.0555e+02	1.1712e+05	2.6128e+04
1.0731e+02	1.1079e+05	2.5506e+04
1.0910e+02	1.0484e+05	2.4879e+04
1.1092e+02	9.9218e+04	2.4259e+04
1.1277e+02	9.3836e+04	2.3643e+04
1.1465e+02	8.8750e+04	2.3028e+04
1.1656e+02	8.3963e+04	2.2418e+04
1.1850e+02	7.9430e+04	2.1813e+04
1.2048e+02	7.5093e+04	2.1212e+04
1.2249e+02	7.1057e+04	2.0616e+04
1.2453e+02	6.7202e+04	2.0031e+04
1.2661e+02	6.3522e+04	1.9466e+04
1.2872e+02	6.0060e+04	1.8909e+04
1.3086e+02	5.6851e+04	1.8360e+04
1.3304e+02	5.3788e+04	1.7814e+04
1.3526e+02	5.0873e+04	1.7276e+04
1.3752e+02	4.8095e+04	1.6746e+04
1.3981e+02	4.5487e+04	1.6225e+04
1.4214e+02	4.3020e+04	1.5713e+04
1.4451e+02	4.0689e+04	1.5210e+04
1.4692e+02	3.8485e+04	1.4722e+04
1.4937e+02	3.6374e+04	1.4240e+04
1.5186e+02	3.4420e+04	1.3749e+04
1.5439e+02	3.2572e+04	1.3271e+04
1.5696e+02	3.0802e+04	1.2806e+04
1.5958e+02	2.9134e+04	1.2354e+04
1.6224e+02	2.7545e+04	1.1914e+04
1.6495e+02	2.6035e+04	1.1490e+04
1.6770e+02	2.4612e+04	1.1079e+04
1.7049e+02	2.3294e+04	1.0678e+04
1.7333e+02	2.2046e+04	1.0288e+04
1.7622e+02	2.0853e+04	9.9093e+03
1.7916e+02	1.9727e+04	9.5366e+03
1.8215e+02	1.8661e+04	9.1744e+03
1.8518e+02	1.7652e+04	8.8243e+03
1.8827e+02	1.6711e+04	8.4854e+03
1.9141e+02	1.5792e+04	8.1560e+03
1.9460e+02	1.4930e+04	7.8375e+03
1.9785e+02	1.4119e+04	7.5271e+03
2.0114e+02	1.3348e+04	7.2271e+03
2.0450e+02	1.2624e+04	6.9393e+03
2.0791e+02	1.1938e+04	6.6586e+03
2.1137e+02	1.1294e+04	6.3839e+03
2.1490e+02	1.0677e+04	6.1169e+03
2.1848e+02	1.0092e+04	5.8604e+03
2.2212e+02	9.5448e+03	5.6158e+03
2.2582e+02	9.0237e+03	5.3822e+03
2.2959e+02	8.5339e+03	5.1568e+03
2.3342e+02	8.0685e+03	4.9405e+03
2.3731e+02	7.6401e+03	4.7318e+03
2.4126e+02	7.2302e+03	4.5294e+03
2.4528e+02	6.8363e+03	4.3343e+03
2.4937e+02	6.4615e+03	4.1477e+03
2.5353e+02	6.1084e+03	3.9660e+03
2.5776e+02	5.7786e+03	3.7908e+03
2.6205e+02	5.4663e+03	3.6218e+03
2.6642e+02	5.1731e+03	3.4583e+03
2.7086e+02	4.8934e+03	3.3006e+03
2.7538e+02	4.6279e+03	3.1537e+03
2.7997e+02	4.3795e+03	3.0108e+03
2.8464e+02	4.1447e+03	2.8734e+03
2.8938e+02	3.9211e+03	2.7419e+03
2.9421e+02	3.7084e+03	2.6161e+03
2.9911e+02	3.5041e+03	2.4956e+03
3.0410e+02	3.3160e+03	2.3785e+03
3.0917e+02	3.1347e+03	2.2668e+03
3.1432e+02	2.9634e+03	2.1597e+03
3.1956e+02	2.8019e+03	2.0580e+03
3.2489e+02	2.6496e+03	1.9602e+03
3.3031e+02	2.5052e+03	1.8676e+03
3.3581e+02	2.3692e+03	1.7795e+03
3.4141e+02	2.2400e+03	1.6953e+03
3.4710e+02	2.1190e+03	1.6149e+03
3.5289e+02	2.0027e+03	1.5372e+03
3.5877e+02	1.8941e+03	1.4626e+03
3.6475e+02	1.7915e+03	1.3909e+03
3.7083e+02	1.6945e+03	1.3227e+03
3.7702e+02	1.6026e+03	1.2582e+03
3.8330e+02	1.5156e+03	1.1973e+03
3.8969e+02	1.4325e+03	1.1392e+03
3.9619e+02	1.3542e+03	1.0838e+03
4.0279e+02	1.2806e+03	1.0307e+03
4.0951e+02	1.2113e+03	9.8004e+02
4.1633e+02	1.1458e+03	9.3125e+02
4.2327e+02	1.0836e+03	8.8457e+02
4.3033e+02	1.0255e+03	8.4079e+02
4.3750e+02	9.6987e+02	7.9929e+02
4.4480e+02	9.1669e+02	7.5948e+02
4.5221e+02	8.6701e+02	7.2154e+02
4.5975e+02	8.2017e+02	6.8572e+02
4.6742e+02	7.7549e+02	6.5142e+02
4.7521e+02	7.3341e+02	6.1883e+02
4.8313e+02	6.9423e+02	5.8779e+02
4.9118e+02	6.5680e+02	5.5800e+02
4.9937e+02	6.2152e+02	5.2950e+02
5.0770e+02	5.8776e+02	5.0226e+02
5.1616e+02	5.5551e+02	4.7662e+02
5.2477e+02	5.2494e+02	4.5246e+02
5.3352e+02	4.9626e+02	4.2968e+02
5.4241e+02	4.6947e+02	4.0800e+02
5.5145e+02	4.4425e+02	3.8721e+02
5.6064e+02	4.2037e+02	3.6739e+02
5.6999e+02	3.9756e+02	3.4865e+02
5.7949e+02	3.7603e+02	3.3083e+02
5.8915e+02	3.5584e+02	3.1402e+02
5.9898e+02	3.3664e+02	2.9793e+02
6.0896e+02	3.1856e+02	2.8237e+02
6.1911e+02	3.0132e+02	2.6762e+02
6.2943e+02	2.8478e+02	2.5358e+02
6.3993e+02	2.6922e+02	2.4053e+02
6.5060e+02	2.5440e+02	2.2818e+02
6.6144e+02	2.4071e+02	2.1640e+02
6.7247e+02	2.2776e+02	2.0527e+02
6.8368e+02	2.1550e+02	1.9470e+02
6.9508e+02	2.0397e+02	1.8466e+02
7.0666e+02	1.9299e+02	1.7498e+02
7.1844e+02	1.8254e+02	1.6577e+02
7.3042e+02	1.7254e+02	1.5706e+02
7.4260e+02	1.6314e+02	1.4884e+02
7.5498e+02	1.5425e+02	1.4112e+02
7.6756e+02	1.4589e+02	1.3375e+02
7.8036e+02	1.3811e+02	1.2669e+02
7.9337e+02	1.3056e+02	1.2004e+02
8.0659e+02	1.2344e+02	1.1371e+02
8.2004e+02	1.1673e+02	1.0768e+02
8.3371e+02	1.1035e+02	1.0204e+02
8.4761e+02	1.0434e+02	9.6760e+01
8.6174e+02	9.8795e+01	9.1677e+01
8.7611e+02	9.3451e+01	8.6879e+01
8.9071e+02	8.8411e+01	8.2364e+01
9.0556e+02	8.3699e+01	7.8044e+01
9.2066e+02	7.9191e+01	7.3920e+01
9.3601e+02	7.4898e+01	7.0032e+01
9.5161e+02	7.0847e+01	6.6378e+01
9.6747e+02	6.7055e+01	6.2874e+01
9.8360e+02	6.3435e+01	5.9538e+01
1.0000e+03	5.9992e+01	5.6377e+01