Energy(MeV)	Incoming Spectral Fluence(MeV-1 cm-2)	Residual Spectral Fluence(MeV-1 cm-2)
1.0000e-03	0.0000e+00	2.1693e+04
1.5000e-03	0.0000e+00	2.1698e+04
2.0000e-03	0.0000e+00	2.1701e+04
2.5000e-03	0.0000e+00	2.1704e+04
3.0000e-03	0.0000e+00	2.1706e+04
3.5000e-03	0.0000e+00	2.1708e+04
4.0000e-03	0.0000e+00	2.1709e+04
4.5000e-03	0.0000e+00	2.1711e+04
5.0000e-03	0.0000e+00	2.1712e+04
5.5000e-03	0.0000e+00	2.1713e+04
6.0000e-03	0.0000e+00	2.1714e+04
6.5000e-03	0.0000e+00	2.1715e+04
7.0000e-03	0.0000e+00	2.1716e+04
7.5000e-03	0.0000e+00	2.1716e+04
8.0000e-03	0.0000e+00	2.1717e+04
8.5000e-03	0.0000e+00	2.1718e+04
9.0000e-03	0.0000e+00	2.1719e+04
9.5000e-03	0.0000e+00	2.1719e+04
1.0000e-02	0.0000e+00	2.1720e+04
1.5000e-02	0.0000e+00	2.1724e+04
2.0000e-02	0.0000e+00	2.1728e+04
2.5000e-02	0.0000e+00	2.1730e+04
3.0000e-02	0.0000e+00	2.1732e+04
3.5000e-02	0.0000e+00	2.1735e+04
4.0000e-02	0.0000e+00	2.1743e+04
4.5000e-02	0.0000e+00	2.1749e+04
5.0000e-02	1.2500e+11	2.1755e+04
5.0834e-02	1.2243e+11	2.1756e+04
5.1681e-02	1.1981e+11	2.1757e+04
5.2543e-02	1.1732e+11	2.1758e+04
5.3418e-02	1.1485e+11	2.1759e+04
5.4309e-02	1.1241e+11	2.1760e+04
5.5214e-02	1.1003e+11	2.1761e+04
5.6135e-02	1.0774e+11	2.1762e+04
5.7071e-02	1.0550e+11	2.1763e+04
5.8022e-02	1.0332e+11	2.1764e+04
5.8989e-02	1.0119e+11	2.1765e+04
5.9973e-02	9.9095e+10	2.1766e+04
6.0973e-02	9.7042e+10	2.1767e+04
6.1989e-02	9.5008e+10	2.1768e+04
6.3022e-02	9.2999e+10	2.1769e+04
6.4073e-02	9.1043e+10	2.1770e+04
6.5141e-02	8.9158e+10	2.1771e+04
6.6227e-02	8.7274e+10	2.1772e+04
6.7331e-02	8.5434e+10	2.1772e+04
6.8454e-02	8.3677e+10	2.1773e+04
6.9595e-02	8.1935e+10	2.1774e+04
7.0755e-02	8.0272e+10	2.1775e+04
7.1935e-02	7.8631e+10	2.1776e+04
7.3134e-02	7.7033e+10	2.1777e+04
7.4353e-02	7.5473e+10	2.1778e+04
7.5593e-02	7.3934e+10	2.1779e+04
7.6853e-02	7.2442e+10	2.1780e+04
7.8134e-02	7.0967e+10	2.1781e+04
7.9436e-02	6.9522e+10	2.1782e+04
8.0761e-02	6.8107e+10	2.1783e+04
8.2107e-02	6.6703e+10	2.1784e+04
8.3476e-02	6.5283e+10	2.1785e+04
8.4867e-02	6.3889e+10	2.1786e+04
8.6282e-02	6.2542e+10	2.1787e+04
8.7721e-02	6.1217e+10	2.1788e+04
8.9183e-02	5.9901e+10	2.1789e+04
9.0670e-02	5.8608e+10	2.1790e+04
9.2181e-02	5.7349e+10	2.1792e+04
9.3718e-02	5.6142e+10	2.1794e+04
9.5280e-02	5.4965e+10	2.1796e+04
9.6869e-02	5.3810e+10	2.1798e+04
9.8484e-02	5.2679e+10	2.1800e+04
1.0013e-01	5.1565e+10	2.1802e+04
1.0179e-01	5.0506e+10	2.1803e+04
1.0349e-01	4.9426e+10	2.1805e+04
1.0522e-01	4.8385e+10	2.1807e+04
1.0697e-01	4.7373e+10	2.1809e+04
1.0875e-01	4.6350e+10	2.1811e+04
1.1057e-01	4.5368e+10	2.1813e+04
1.1241e-01	4.4430e+10	2.1815e+04
1.1428e-01	4.3514e+10	2.1817e+04
1.1619e-01	4.2611e+10	2.1818e+04
1.1813e-01	4.1711e+10	2.1820e+04
1.2010e-01	4.0808e+10	2.1822e+04
1.2210e-01	3.9936e+10	2.1824e+04
1.2413e-01	3.9100e+10	2.1826e+04
1.2620e-01	3.8275e+10	2.1828e+04
1.2831e-01	3.7469e+10	2.1830e+04
1.3045e-01	3.6691e+10	2.1832e+04
1.3262e-01	3.5929e+10	2.1834e+04
1.3483e-01	3.5183e+10	2.1835e+04
1.3708e-01	3.4439e+10	2.1837e+04
1.3936e-01	3.3699e+10	2.1839e+04
1.4169e-01	3.2979e+10	2.1841e+04
1.4405e-01	3.2253e+10	2.1843e+04
1.4645e-01	3.1591e+10	2.1846e+04
1.4889e-01	3.0964e+10	2.1848e+04
1.5137e-01	3.0334e+10	2.1851e+04
1.5390e-01	2.9716e+10	2.1854e+04
1.5646e-01	2.9086e+10	2.1857e+04
1.5907e-01	2.8483e+10	2.1860e+04
1.6172e-01	2.7886e+10	2.1862e+04
1.6442e-01	2.7296e+10	2.1865e+04
1.6716e-01	2.6720e+10	2.1868e+04
1.6995e-01	2.6135e+10	2.1871e+04
1.7278e-01	2.5586e+10	2.1874e+04
1.7566e-01	2.5053e+10	2.1876e+04
1.7859e-01	2.4523e+10	2.1879e+04
1.8157e-01	2.4014e+10	2.1882e+04
1.8459e-01	2.3498e+10	2.1885e+04
1.8767e-01	2.2986e+10	2.1888e+04
1.9080e-01	2.2497e+10	2.1890e+04
1.9398e-01	2.2022e+10	2.1893e+04
1.9721e-01	2.1556e+10	2.1896e+04
2.0050e-01	2.1109e+10	2.1899e+04
2.0384e-01	2.0668e+10	2.1903e+04
2.0724e-01	2.0229e+10	2.1906e+04
2.1070e-01	1.9802e+10	2.1910e+04
2.1421e-01	1.9396e+10	2.1914e+04
2.1778e-01	1.8992e+10	2.1918e+04
2.2141e-01	1.8595e+10	2.1921e+04
2.2510e-01	1.8206e+10	2.1925e+04
2.2886e-01	1.7824e+10	2.1929e+04
2.3267e-01	1.7443e+10	2.1932e+04
2.3655e-01	1.7068e+10	2.1936e+04
2.4049e-01	1.6716e+10	2.1940e+04
2.4450e-01	1.6364e+10	2.1944e+04
2.4858e-01	1.6021e+10	2.1947e+04
2.5272e-01	1.5693e+10	2.1951e+04
2.5694e-01	1.5367e+10	2.1955e+04
2.6122e-01	1.5042e+10	2.1960e+04
2.6557e-01	1.4727e+10	2.1964e+04
2.7000e-01	1.4417e+10	2.1969e+04
2.7450e-01	1.4113e+10	2.1974e+04
2.7908e-01	1.3812e+10	2.1978e+04
2.8373e-01	1.3518e+10	2.1983e+04
2.8846e-01	1.3233e+10	2.1988e+04
2.9327e-01	1.2949e+10	2.1992e+04
2.9816e-01	1.2671e+10	2.1997e+04
3.0313e-01	1.2395e+10	2.2001e+04
3.0818e-01	1.2134e+10	2.2006e+04
3.1332e-01	1.1870e+10	2.2011e+04
3.1854e-01	1.1620e+10	2.2017e+04
3.2385e-01	1.1374e+10	2.2022e+04
3.2925e-01	1.1128e+10	2.2028e+04
3.3474e-01	1.0893e+10	2.2033e+04
3.4032e-01	1.0659e+10	2.2039e+04
3.4600e-01	1.0435e+10	2.2045e+04
3.5176e-01	1.0202e+10	2.2050e+04
3.5763e-01	9.9814e+09	2.2056e+04
3.6359e-01	9.7656e+09	2.2061e+04
3.6965e-01	9.5531e+09	2.2067e+04
3.7581e-01	9.3471e+09	2.2074e+04
3.8208e-01	9.1431e+09	2.2080e+04
3.8845e-01	8.9481e+09	2.2087e+04
3.9492e-01	8.7634e+09	2.2093e+04
4.0151e-01	8.5761e+09	2.2100e+04
4.0820e-01	8.3925e+09	2.2106e+04
4.1501e-01	8.2099e+09	2.2112e+04
4.2192e-01	8.0310e+09	2.2119e+04
4.2896e-01	7.8595e+09	2.2126e+04
4.3611e-01	7.6916e+09	2.2134e+04
4.4338e-01	7.5272e+09	2.2141e+04
4.5077e-01	7.3655e+09	2.2148e+04
4.5829e-01	7.2085e+09	2.2156e+04
4.6593e-01	7.0563e+09	2.2163e+04
4.7369e-01	6.9067e+09	2.2170e+04
4.8159e-01	6.7584e+09	2.2178e+04
4.8962e-01	6.6148e+09	2.2186e+04
4.9778e-01	6.4744e+09	2.2195e+04
5.0608e-01	6.3366e+09	2.2203e+04
5.1452e-01	6.2000e+09	2.2211e+04
5.2309e-01	6.0675e+09	2.2219e+04
5.3181e-01	5.9372e+09	2.2227e+04
5.4068e-01	5.8081e+09	2.2236e+04
5.4969e-01	5.6798e+09	2.2245e+04
5.5886e-01	5.5525e+09	2.2254e+04
5.6817e-01	5.4309e+09	2.2263e+04
5.7765e-01	5.3101e+09	2.2271e+04
5.8728e-01	5.1917e+09	2.2280e+04
5.9707e-01	5.0829e+09	2.2290e+04
6.0702e-01	4.9773e+09	2.2300e+04
6.1714e-01	4.8675e+09	2.2309e+04
6.2743e-01	4.7676e+09	2.2319e+04
6.3789e-01	4.6661e+09	2.2328e+04
6.4852e-01	4.5646e+09	2.2338e+04
6.5933e-01	4.4650e+09	2.2349e+04
6.7032e-01	4.3669e+09	2.2359e+04
6.8150e-01	4.2705e+09	2.2369e+04
6.9286e-01	4.1794e+09	2.2379e+04
7.0441e-01	4.0879e+09	2.2390e+04
7.1615e-01	3.9997e+09	2.2401e+04
7.2809e-01	3.9109e+09	2.2412e+04
7.4023e-01	3.8226e+09	2.2423e+04
7.5257e-01	3.7392e+09	2.2435e+04
7.6512e-01	3.6582e+09	2.2447e+04
7.7787e-01	3.5786e+09	2.2460e+04
7.9084e-01	3.4980e+09	2.2472e+04
8.0402e-01	3.4207e+09	2.2485e+04
8.1743e-01	3.3449e+09	2.2498e+04
8.3105e-01	3.2709e+09	2.2511e+04
8.4491e-01	3.1988e+09	2.2525e+04
8.5899e-01	3.1266e+09	2.2538e+04
8.7331e-01	3.0564e+09	2.2552e+04
8.8787e-01	2.9887e+09	2.2567e+04
9.0267e-01	2.9189e+09	2.2582e+04
9.1772e-01	2.8541e+09	2.2596e+04
9.3302e-01	2.7897e+09	2.2611e+04
9.4858e-01	2.7281e+09	2.2627e+04
9.6439e-01	2.6685e+09	2.2642e+04
9.8047e-01	2.6097e+09	2.2658e+04
9.9681e-01	2.5533e+09	2.2674e+04
1.0134e+00	2.4980e+09	2.2691e+04
1.0303e+00	2.4429e+09	2.2707e+04
1.0475e+00	2.3876e+09	2.2724e+04
1.0650e+00	2.3342e+09	2.2742e+04
1.0827e+00	2.2825e+09	2.2759e+04
1.1008e+00	2.2303e+09	2.2777e+04
1.1191e+00	2.1797e+09	2.2795e+04
1.1378e+00	2.1303e+09	2.2814e+04
1.1567e+00	2.0816e+09	2.2833e+04
1.1760e+00	2.0338e+09	2.2852e+04
1.1956e+00	1.9880e+09	2.2871e+04
1.2156e+00	1.9421e+09	2.2891e+04
1.2358e+00	1.8978e+09	2.2911e+04
1.2564e+00	1.8542e+09	2.2931e+04
1.2774e+00	1.8123e+09	2.2952e+04
1.2987e+00	1.7711e+09	2.2973e+04
1.3203e+00	1.7315e+09	2.2995e+04
1.3423e+00	1.6922e+09	2.3017e+04
1.3647e+00	1.6533e+09	2.3038e+04
1.3875e+00	1.6158e+09	2.3061e+04
1.4106e+00	1.5788e+09	2.3084e+04
1.4341e+00	1.5430e+09	2.3107e+04
1.4580e+00	1.5081e+09	2.3131e+04
1.4823e+00	1.4731e+09	2.3155e+04
1.5070e+00	1.4396e+09	2.3180e+04
1.5322e+00	1.4073e+09	2.3204e+04
1.5577e+00	1.3755e+09	2.3230e+04
1.5837e+00	1.3437e+09	2.3255e+04
1.6101e+00	1.3127e+09	2.3282e+04
1.6369e+00	1.2825e+09	2.3308e+04
1.6642e+00	1.2530e+09	2.3335e+04
1.6919e+00	1.2242e+09	2.3363e+04
1.7201e+00	1.1968e+09	2.3391e+04
1.7488e+00	1.1692e+09	2.3419e+04
1.7780e+00	1.1424e+09	2.3448e+04
1.8076e+00	1.1163e+09	2.3477e+04
1.8377e+00	1.0901e+09	2.3507e+04
1.8684e+00	1.0644e+09	2.3537e+04
1.8995e+00	1.0400e+09	2.3568e+04
1.9312e+00	1.0156e+09	2.3599e+04
1.9634e+00	9.9169e+08	2.3631e+04
1.9961e+00	9.6865e+08	2.3664e+04
2.0294e+00	9.4620e+08	2.3697e+04
2.0632e+00	9.2386e+08	2.3730e+04
2.0976e+00	9.0304e+08	2.3764e+04
2.1326e+00	8.8194e+08	2.3799e+04
2.1682e+00	8.6127e+08	2.3834e+04
2.2043e+00	8.4124e+08	2.3870e+04
2.2410e+00	8.2125e+08	2.3906e+04
2.2784e+00	8.0171e+08	2.3943e+04
2.3164e+00	7.8258e+08	2.3981e+04
2.3550e+00	7.6394e+08	2.4019e+04
2.3943e+00	7.4562e+08	2.4058e+04
2.4342e+00	7.2782e+08	2.4097e+04
2.4748e+00	7.1061e+08	2.4137e+04
2.5160e+00	6.9417e+08	2.4178e+04
2.5580e+00	6.7785e+08	2.4201e+04
2.6006e+00	6.6145e+08	2.4163e+04
2.6440e+00	6.4536e+08	2.4191e+04
2.6880e+00	6.2994e+08	2.4231e+04
2.7328e+00	6.1488e+08	2.4276e+04
2.7784e+00	6.0017e+08	2.4320e+04
2.8247e+00	5.8586e+08	2.4366e+04
2.8718e+00	5.7188e+08	2.4413e+04
2.9197e+00	5.5819e+08	2.4460e+04
2.9684e+00	5.4481e+08	2.4508e+04
3.0178e+00	5.3172e+08	2.4557e+04
3.0682e+00	5.1893e+08	2.4607e+04
3.1193e+00	5.0642e+08	2.4657e+04
3.1713e+00	4.9394e+08	2.4708e+04
3.2242e+00	4.8160e+08	2.4761e+04
3.2779e+00	4.6987e+08	2.4814e+04
3.3326e+00	4.5833e+08	2.4868e+04
3.3881e+00	4.4695e+08	2.4922e+04
3.4446e+00	4.3595e+08	2.4978e+04
3.5020e+00	4.2522e+08	2.5035e+04
3.5604e+00	4.1470e+08	2.5092e+04
3.6198e+00	4.0466e+08	2.5151e+04
3.6801e+00	3.9481e+08	2.5210e+04
3.7415e+00	3.8517e+08	2.5271e+04
3.8038e+00	3.7573e+08	2.5332e+04
3.8672e+00	3.6639e+08	2.5395e+04
3.9317e+00	3.5713e+08	2.5458e+04
3.9973e+00	3.4820e+08	2.5523e+04
4.0639e+00	3.3945e+08	2.5588e+04
4.1317e+00	3.3094e+08	2.5655e+04
4.2005e+00	3.2263e+08	2.5723e+04
4.2706e+00	3.1462e+08	2.5792e+04
4.3417e+00	3.0684e+08	2.5862e+04
4.4141e+00	2.9924e+08	2.5933e+04
4.4877e+00	2.9183e+08	2.6006e+04
4.5625e+00	2.8436e+08	2.6079e+04
4.6386e+00	2.7721e+08	2.6154e+04
4.7159e+00	2.7012e+08	2.6230e+04
4.7945e+00	2.6324e+08	2.6307e+04
4.8745e+00	2.5652e+08	2.6385e+04
4.9557e+00	2.5003e+08	2.6465e+04
5.0383e+00	2.4373e+08	2.6545e+04
5.1223e+00	2.3754e+08	2.6627e+04
5.2077e+00	2.3148e+08	2.6710e+04
5.2945e+00	2.2545e+08	2.6785e+04
5.3828e+00	2.1957e+08	2.6866e+04
5.4725e+00	2.1374e+08	2.6953e+04
5.5638e+00	2.0817e+08	2.7042e+04
5.6565e+00	2.0276e+08	2.7131e+04
5.7508e+00	1.9742e+08	2.7223e+04
5.8467e+00	1.9223e+08	2.7315e+04
5.9442e+00	1.8721e+08	2.7409e+04
6.0433e+00	1.8228e+08	2.7505e+04
6.1440e+00	1.7743e+08	2.7602e+04
6.2464e+00	1.7271e+08	2.7700e+04
6.3506e+00	1.6811e+08	2.7800e+04
6.4564e+00	1.6357e+08	2.7902e+04
6.5641e+00	1.5917e+08	2.8005e+04
6.6735e+00	1.5490e+08	2.8110e+04
6.7848e+00	1.5080e+08	2.8216e+04
6.8979e+00	1.4676e+08	2.8324e+04
7.0129e+00	1.4284e+08	2.8433e+04
7.1298e+00	1.3901e+08	2.8544e+04
7.2486e+00	1.3523e+08	2.8657e+04
7.3695e+00	1.3157e+08	2.8771e+04
7.4923e+00	1.2802e+08	2.8888e+04
7.6172e+00	1.2451e+08	2.9005e+04
7.7442e+00	1.2100e+08	2.9125e+04
7.8733e+00	1.1766e+08	2.9246e+04
8.0046e+00	1.1440e+08	2.9369e+04
8.1380e+00	1.1115e+08	2.9494e+04
8.2737e+00	1.0810e+08	2.9620e+04
8.4116e+00	1.0512e+08	2.9749e+04
8.5518e+00	1.0217e+08	2.9879e+04
8.6944e+00	9.9281e+07	3.0012e+04
8.8393e+00	9.6387e+07	3.0146e+04
8.9867e+00	9.3671e+07	3.0283e+04
9.1365e+00	9.0979e+07	3.0421e+04
9.2888e+00	8.8370e+07	3.0561e+04
9.4437e+00	8.5787e+07	3.0703e+04
9.6011e+00	8.3233e+07	3.0848e+04
9.7612e+00	8.0769e+07	3.1001e+04
9.9239e+00	7.8358e+07	3.1154e+04
1.0089e+01	7.6039e+07	3.1310e+04
1.0258e+01	7.3777e+07	3.1463e+04
1.0429e+01	7.1577e+07	3.1612e+04
1.0602e+01	6.9349e+07	3.1765e+04
1.0779e+01	6.7237e+07	3.1920e+04
1.0959e+01	6.5177e+07	3.2076e+04
1.1142e+01	6.3173e+07	3.2235e+04
1.1327e+01	6.1184e+07	3.2397e+04
1.1516e+01	5.9310e+07	3.2562e+04
1.1708e+01	5.7491e+07	3.2761e+04
1.1903e+01	5.5715e+07	3.2945e+04
1.2102e+01	5.4023e+07	3.3113e+04
1.2303e+01	5.2373e+07	3.3282e+04
1.2509e+01	5.0741e+07	3.3453e+04
1.2717e+01	4.9165e+07	3.3626e+04
1.2929e+01	4.7623e+07	3.3800e+04
1.3145e+01	4.6075e+07	3.3978e+04
1.3364e+01	4.4529e+07	3.4161e+04
1.3587e+01	4.3010e+07	3.4348e+04
1.3813e+01	4.1649e+07	3.4530e+04
1.4043e+01	4.0295e+07	3.4699e+04
1.4277e+01	3.8944e+07	3.4886e+04
1.4515e+01	3.7693e+07	3.5073e+04
1.4757e+01	3.6480e+07	3.5261e+04
1.5003e+01	3.5222e+07	3.5450e+04
1.5254e+01	3.3991e+07	3.5639e+04
1.5508e+01	3.2852e+07	3.5830e+04
1.5766e+01	3.1696e+07	3.6022e+04
1.6029e+01	3.0595e+07	3.6216e+04
1.6296e+01	2.9529e+07	3.6412e+04
1.6568e+01	2.8468e+07	3.6608e+04
1.6844e+01	2.7472e+07	3.6784e+04
1.7125e+01	2.6494e+07	3.6981e+04
1.7411e+01	2.5560e+07	3.7179e+04
1.7701e+01	2.4641e+07	3.7379e+04
1.7996e+01	2.3711e+07	3.7579e+04
1.8296e+01	2.2838e+07	3.7780e+04
1.8601e+01	2.1969e+07	3.7982e+04
1.8911e+01	2.1104e+07	3.8185e+04
1.9226e+01	2.0320e+07	3.8391e+04
1.9547e+01	1.9539e+07	3.8598e+04
1.9873e+01	1.8801e+07	3.8823e+04
2.0204e+01	1.8097e+07	3.9025e+04
2.0541e+01	1.7413e+07	3.9224e+04
2.0883e+01	1.6694e+07	3.9424e+04
2.1231e+01	1.6019e+07	3.9686e+04
2.1585e+01	1.5387e+07	3.9883e+04
2.1945e+01	1.4767e+07	4.0075e+04
2.2311e+01	1.4147e+07	4.0271e+04
2.2683e+01	1.3572e+07	4.0477e+04
2.3061e+01	1.3029e+07	4.0648e+04
2.3446e+01	1.2511e+07	4.0838e+04
2.3836e+01	1.1991e+07	4.1022e+04
2.4234e+01	1.1487e+07	4.1201e+04
2.4638e+01	1.1024e+07	4.1380e+04
2.5049e+01	1.0568e+07	4.1555e+04
2.5466e+01	1.0123e+07	4.1723e+04
2.5891e+01	9.6697e+06	4.1889e+04
2.6322e+01	9.2513e+06	4.2052e+04
2.6761e+01	8.8568e+06	4.2214e+04
2.7207e+01	8.4758e+06	4.2378e+04
2.7661e+01	8.1061e+06	4.2562e+04
2.8122e+01	7.7236e+06	4.2703e+04
2.8591e+01	7.3521e+06	4.2880e+04
2.9067e+01	7.0176e+06	4.3054e+04
2.9552e+01	6.6761e+06	4.3189e+04
3.0045e+01	6.3631e+06	4.3342e+04
3.0545e+01	6.0538e+06	4.3471e+04
3.1055e+01	5.7562e+06	4.3585e+04
3.1572e+01	5.4770e+06	4.3693e+04
3.2099e+01	5.2046e+06	4.3789e+04
3.2634e+01	4.9500e+06	4.3877e+04
3.3178e+01	4.6971e+06	4.3962e+04
3.3731e+01	4.4642e+06	4.4048e+04
3.4293e+01	4.2412e+06	4.4147e+04
3.4865e+01	4.0204e+06	4.4211e+04
3.5446e+01	3.8105e+06	4.4267e+04
3.6037e+01	3.6092e+06	4.4336e+04
3.6638e+01	3.4210e+06	4.4396e+04
3.7249e+01	3.2410e+06	4.4426e+04
3.7870e+01	3.0677e+06	4.4447e+04
3.8501e+01	2.9039e+06	4.4451e+04
3.9143e+01	2.7532e+06	4.4452e+04
3.9795e+01	2.6092e+06	4.4480e+04
4.0459e+01	2.4722e+06	4.4472e+04
4.1133e+01	2.3443e+06	4.4444e+04
4.1819e+01	2.2189e+06	4.4438e+04
4.2516e+01	2.1029e+06	4.4394e+04
4.3225e+01	1.9939e+06	4.4330e+04
4.3945e+01	1.8891e+06	4.4246e+04
4.4678e+01	1.7893e+06	4.4163e+04
4.5423e+01	1.6946e+06	4.4070e+04
4.6180e+01	1.6057e+06	4.3956e+04
4.6950e+01	1.5222e+06	4.3860e+04
4.7733e+01	1.4416e+06	4.3718e+04
4.8528e+01	1.3648e+06	4.3553e+04
4.9337e+01	1.2921e+06	4.3378e+04
5.0160e+01	1.2231e+06	4.3197e+04
5.0996e+01	1.1590e+06	4.3000e+04
5.1846e+01	1.0980e+06	4.2827e+04
5.2711e+01	1.0403e+06	4.2602e+04
5.3589e+01	9.8484e+05	4.2351e+04
5.4483e+01	9.3224e+05	4.2105e+04
5.5391e+01	8.8247e+05	4.1825e+04
5.6314e+01	8.3589e+05	4.1585e+04
5.7253e+01	7.9096e+05	4.1289e+04
5.8208e+01	7.4851e+05	4.0979e+04
5.9178e+01	7.0932e+05	4.0660e+04
6.0165e+01	6.7238e+05	4.0349e+04
6.1167e+01	6.3746e+05	4.0021e+04
6.2187e+01	6.0381e+05	3.9661e+04
6.3224e+01	5.7117e+05	3.9289e+04
6.4278e+01	5.4132e+05	3.8913e+04
6.5349e+01	5.1320e+05	3.8496e+04
6.6439e+01	4.8601e+05	3.8088e+04
6.7546e+01	4.6019e+05	3.7660e+04
6.8673e+01	4.3587e+05	3.7256e+04
6.9817e+01	4.1289e+05	3.6809e+04
7.0981e+01	3.9098e+05	3.6356e+04
7.2165e+01	3.7006e+05	3.5927e+04
7.3368e+01	3.5035e+05	3.5452e+04
7.4591e+01	3.3140e+05	3.4971e+04
7.5834e+01	3.1368e+05	3.4509e+04
7.7098e+01	2.9696e+05	3.4021e+04
7.8384e+01	2.8122e+05	3.3532e+04
7.9690e+01	2.6630e+05	3.3032e+04
8.1019e+01	2.5221e+05	3.2511e+04
8.2370e+01	2.3906e+05	3.2000e+04
8.3743e+01	2.2629e+05	3.1452e+04
8.5139e+01	2.1408e+05	3.0910e+04
8.6558e+01	2.0258e+05	3.0343e+04
8.8001e+01	1.9184e+05	2.9780e+04
8.9468e+01	1.8153e+05	2.9216e+04
9.0960e+01	1.7176e+05	2.8637e+04
9.2476e+01	1.6246e+05	2.8087e+04
9.4018e+01	1.5372e+05	2.7527e+04
9.5585e+01	1.4545e+05	2.6960e+04
9.7179e+01	1.3760e+05	2.6380e+04
9.8799e+01	1.3017e+05	2.5792e+04
1.0045e+02	1.2317e+05	2.5209e+04
1.0212e+02	1.1681e+05	2.4643e+04
1.0382e+02	1.1054e+05	2.4079e+04
1.0555e+02	1.0459e+05	2.3522e+04
1.0731e+02	9.8951e+04	2.2964e+04
1.0910e+02	9.3659e+04	2.2396e+04
1.1092e+02	8.8677e+04	2.1833e+04
1.1277e+02	8.3957e+04	2.1271e+04
1.1465e+02	7.9415e+04	2.0712e+04
1.1656e+02	7.5119e+04	2.0169e+04
1.1850e+02	7.1048e+04	1.9624e+04
1.2048e+02	6.7211e+04	1.9072e+04
1.2249e+02	6.3631e+04	1.8527e+04
1.2453e+02	6.0129e+04	1.7994e+04
1.2661e+02	5.6896e+04	1.7483e+04
1.2872e+02	5.3860e+04	1.6979e+04
1.3086e+02	5.0992e+04	1.6482e+04
1.3304e+02	4.8317e+04	1.5991e+04
1.3526e+02	4.5749e+04	1.5506e+04
1.3752e+02	4.3276e+04	1.5025e+04
1.3981e+02	4.0912e+04	1.4557e+04
1.4214e+02	3.8682e+04	1.4100e+04
1.4451e+02	3.6637e+04	1.3649e+04
1.4692e+02	3.4616e+04	1.3206e+04
1.4937e+02	3.2738e+04	1.2772e+04
1.5186e+02	3.0984e+04	1.2342e+04
1.5439e+02	2.9326e+04	1.1914e+04
1.5696e+02	2.7722e+04	1.1492e+04
1.5958e+02	2.6202e+04	1.1077e+04
1.6224e+02	2.4787e+04	1.0680e+04
1.6495e+02	2.3407e+04	1.0298e+04
1.6770e+02	2.2109e+04	9.9293e+03
1.7049e+02	2.0919e+04	9.5722e+03
1.7333e+02	1.9790e+04	9.2239e+03
1.7622e+02	1.8720e+04	8.8838e+03
1.7916e+02	1.7698e+04	8.5500e+03
1.8215e+02	1.6745e+04	8.2252e+03
1.8518e+02	1.5841e+04	7.9091e+03
1.8827e+02	1.4983e+04	7.6041e+03
1.9141e+02	1.4182e+04	7.3121e+03
1.9460e+02	1.3402e+04	7.0275e+03
1.9785e+02	1.2658e+04	6.7487e+03
2.0114e+02	1.1963e+04	6.4755e+03
2.0450e+02	1.1314e+04	6.2096e+03
2.0791e+02	1.0704e+04	5.9548e+03
2.1137e+02	1.0125e+04	5.7054e+03
2.1490e+02	9.5725e+03	5.4650e+03
2.1848e+02	9.0479e+03	5.2357e+03
2.2212e+02	8.5521e+03	5.0167e+03
2.2582e+02	8.0904e+03	4.8068e+03
2.2959e+02	7.6521e+03	4.6057e+03
2.3342e+02	7.2335e+03	4.4101e+03
2.3731e+02	6.8367e+03	4.2205e+03
2.4126e+02	6.4655e+03	4.0382e+03
2.4528e+02	6.1079e+03	3.8640e+03
2.4937e+02	5.7728e+03	3.6977e+03
2.5353e+02	5.4570e+03	3.5312e+03
2.5776e+02	5.1604e+03	3.3683e+03
2.6205e+02	4.8824e+03	3.2131e+03
2.6642e+02	4.6152e+03	3.0669e+03
2.7086e+02	4.3626e+03	2.9279e+03
2.7538e+02	4.1256e+03	2.7972e+03
2.7997e+02	3.9049e+03	2.6711e+03
2.8464e+02	3.6876e+03	2.5498e+03
2.8938e+02	3.4795e+03	2.4324e+03
2.9421e+02	3.2882e+03	2.3189e+03
2.9911e+02	3.1086e+03	2.2111e+03
3.0410e+02	2.9410e+03	2.1087e+03
3.0917e+02	2.7812e+03	2.0087e+03
3.1432e+02	2.6299e+03	1.9137e+03
3.1956e+02	2.4848e+03	1.8223e+03
3.2489e+02	2.3468e+03	1.7349e+03
3.3031e+02	2.2214e+03	1.6524e+03
3.3581e+02	2.0993e+03	1.5738e+03
3.4141e+02	1.9850e+03	1.4982e+03
3.4710e+02	1.8760e+03	1.4254e+03
3.5289e+02	1.7722e+03	1.3551e+03
3.5877e+02	1.6756e+03	1.2879e+03
3.6475e+02	1.5838e+03	1.2241e+03
3.7083e+02	1.4962e+03	1.1634e+03
3.7702e+02	1.4131e+03	1.1065e+03
3.8330e+02	1.3345e+03	1.0520e+03
3.8969e+02	1.2607e+03	9.9981e+02
3.9619e+02	1.1909e+03	9.5034e+02
4.0279e+02	1.1264e+03	9.0286e+02
4.0951e+02	1.0639e+03	8.5726e+02
4.1633e+02	1.0050e+03	8.1407e+02
4.2327e+02	9.4994e+02	7.7307e+02
4.3033e+02	8.9730e+02	7.3431e+02
4.3750e+02	8.4785e+02	6.9752e+02
4.4480e+02	8.0127e+02	6.6236e+02
4.5221e+02	7.5731e+02	6.2865e+02
4.5975e+02	7.1576e+02	5.9631e+02
4.6742e+02	6.7633e+02	5.6604e+02
4.7521e+02	6.3897e+02	5.3664e+02
4.8313e+02	6.0352e+02	5.0894e+02
4.9118e+02	5.7065e+02	4.8310e+02
4.9937e+02	5.3860e+02	4.5842e+02
5.0770e+02	5.0872e+02	4.3483e+02
5.1616e+02	4.8103e+02	4.1244e+02
5.2477e+02	4.5440e+02	3.9097e+02
5.3352e+02	4.2970e+02	3.7065e+02
5.4241e+02	4.0595e+02	3.5143e+02
5.5145e+02	3.8346e+02	3.3340e+02
5.6064e+02	3.6215e+02	3.1638e+02
5.6999e+02	3.4223e+02	2.9975e+02
5.7949e+02	3.2397e+02	2.8393e+02
5.8915e+02	3.0601e+02	2.6917e+02
5.9898e+02	2.8894e+02	2.5520e+02
6.0896e+02	2.7306e+02	2.4187e+02
6.1911e+02	2.5808e+02	2.2922e+02
6.2943e+02	2.4394e+02	2.1709e+02
6.3993e+02	2.3060e+02	2.0558e+02
6.5060e+02	2.1780e+02	1.9473e+02
6.6144e+02	2.0566e+02	1.8442e+02
6.7247e+02	1.9430e+02	1.7467e+02
6.8368e+02	1.8358e+02	1.6538e+02
6.9508e+02	1.7349e+02	1.5662e+02
7.0666e+02	1.6381e+02	1.4832e+02
7.1844e+02	1.5476e+02	1.4051e+02
7.3042e+02	1.4623e+02	1.3310e+02
7.4260e+02	1.3830e+02	1.2606e+02
7.5498e+02	1.3069e+02	1.1939e+02
7.6756e+02	1.2351e+02	1.1300e+02
7.8036e+02	1.1675e+02	1.0691e+02
7.9337e+02	1.1023e+02	1.0117e+02
8.0659e+02	1.0410e+02	9.5704e+01
8.2004e+02	9.8292e+01	9.0518e+01
8.3371e+02	9.2805e+01	8.5616e+01
8.4761e+02	8.7630e+01	8.0995e+01
8.6174e+02	8.2728e+01	7.6641e+01
8.7611e+02	7.8141e+01	7.2547e+01
8.9071e+02	7.3858e+01	6.8671e+01
9.0556e+02	6.9804e+01	6.4987e+01
9.2066e+02	6.5950e+01	6.1498e+01
9.3601e+02	6.2321e+01	5.8196e+01
9.5161e+02	5.8894e+01	5.5061e+01
9.6747e+02	5.5627e+01	5.2093e+01
9.8360e+02	5.2560e+01	4.9285e+01
1.0000e+03	4.9664e+01	4.6628e+01