Energy(MeV)	Incoming Spectral Fluence(MeV-1 cm-2)	Residual Spectral Fluence(MeV-1 cm-2)
1.0000e-03	0.0000e+00	2.9109e+03
1.5000e-03	0.0000e+00	2.9115e+03
2.0000e-03	0.0000e+00	2.9120e+03
2.5000e-03	0.0000e+00	2.9123e+03
3.0000e-03	0.0000e+00	2.9126e+03
3.5000e-03	0.0000e+00	2.9128e+03
4.0000e-03	0.0000e+00	2.9130e+03
4.5000e-03	0.0000e+00	2.9132e+03
5.0000e-03	0.0000e+00	2.9134e+03
5.5000e-03	0.0000e+00	2.9135e+03
6.0000e-03	0.0000e+00	2.9137e+03
6.5000e-03	0.0000e+00	2.9138e+03
7.0000e-03	0.0000e+00	2.9139e+03
7.5000e-03	0.0000e+00	2.9140e+03
8.0000e-03	0.0000e+00	2.9141e+03
8.5000e-03	0.0000e+00	2.9142e+03
9.0000e-03	0.0000e+00	2.9143e+03
9.5000e-03	0.0000e+00	2.9144e+03
1.0000e-02	0.0000e+00	2.9145e+03
1.5000e-02	0.0000e+00	2.9151e+03
2.0000e-02	0.0000e+00	2.9156e+03
2.5000e-02	0.0000e+00	2.9159e+03
3.0000e-02	0.0000e+00	2.9162e+03
3.5000e-02	0.0000e+00	2.9166e+03
4.0000e-02	0.0000e+00	2.9176e+03
4.5000e-02	0.0000e+00	2.9185e+03
5.0000e-02	2.1045e+11	2.9194e+03
5.1002e-02	2.0599e+11	2.9195e+03
5.2025e-02	2.0113e+11	2.9197e+03
5.3067e-02	1.9627e+11	2.9198e+03
5.4131e-02	1.9180e+11	2.9200e+03
5.5216e-02	1.8768e+11	2.9201e+03
5.6323e-02	1.8364e+11	2.9203e+03
5.7452e-02	1.7965e+11	2.9204e+03
5.8604e-02	1.7566e+11	2.9206e+03
5.9778e-02	1.7151e+11	2.9208e+03
6.0977e-02	1.6778e+11	2.9209e+03
6.2199e-02	1.6413e+11	2.9211e+03
6.3446e-02	1.6041e+11	2.9212e+03
6.4717e-02	1.5687e+11	2.9214e+03
6.6015e-02	1.5326e+11	2.9215e+03
6.7338e-02	1.4974e+11	2.9217e+03
6.8688e-02	1.4616e+11	2.9218e+03
7.0065e-02	1.4281e+11	2.9220e+03
7.1469e-02	1.3964e+11	2.9221e+03
7.2902e-02	1.3651e+11	2.9223e+03
7.4363e-02	1.3342e+11	2.9225e+03
7.5853e-02	1.3044e+11	2.9226e+03
7.7374e-02	1.2764e+11	2.9228e+03
7.8925e-02	1.2466e+11	2.9229e+03
8.0507e-02	1.2157e+11	2.9231e+03
8.2121e-02	1.1875e+11	2.9232e+03
8.3767e-02	1.1603e+11	2.9234e+03
8.5446e-02	1.1349e+11	2.9235e+03
8.7159e-02	1.1093e+11	2.9237e+03
8.8906e-02	1.0841e+11	2.9239e+03
9.0688e-02	1.0596e+11	2.9241e+03
9.2506e-02	1.0375e+11	2.9244e+03
9.4360e-02	1.0144e+11	2.9247e+03
9.6251e-02	9.9147e+10	2.9250e+03
9.8181e-02	9.6869e+10	2.9254e+03
1.0015e-01	9.4586e+10	2.9257e+03
1.0216e-01	9.2360e+10	2.9260e+03
1.0420e-01	9.0292e+10	2.9263e+03
1.0629e-01	8.8134e+10	2.9266e+03
1.0842e-01	8.6078e+10	2.9269e+03
1.1060e-01	8.4140e+10	2.9272e+03
1.1281e-01	8.2245e+10	2.9275e+03
1.1507e-01	8.0371e+10	2.9278e+03
1.1738e-01	7.8490e+10	2.9281e+03
1.1973e-01	7.6679e+10	2.9285e+03
1.2213e-01	7.4939e+10	2.9288e+03
1.2458e-01	7.3173e+10	2.9291e+03
1.2708e-01	7.1516e+10	2.9294e+03
1.2963e-01	6.9826e+10	2.9297e+03
1.3223e-01	6.8209e+10	2.9300e+03
1.3488e-01	6.6582e+10	2.9303e+03
1.3758e-01	6.4999e+10	2.9306e+03
1.4034e-01	6.3554e+10	2.9309e+03
1.4315e-01	6.2049e+10	2.9312e+03
1.4602e-01	6.0595e+10	2.9316e+03
1.4895e-01	5.9103e+10	2.9321e+03
1.5193e-01	5.7804e+10	2.9325e+03
1.5498e-01	5.6465e+10	2.9330e+03
1.5808e-01	5.5170e+10	2.9335e+03
1.6125e-01	5.3930e+10	2.9339e+03
1.6449e-01	5.2700e+10	2.9344e+03
1.6778e-01	5.1406e+10	2.9348e+03
1.7115e-01	5.0190e+10	2.9353e+03
1.7458e-01	4.9018e+10	2.9358e+03
1.7808e-01	4.7931e+10	2.9362e+03
1.8165e-01	4.6816e+10	2.9367e+03
1.8529e-01	4.5700e+10	2.9372e+03
1.8900e-01	4.4541e+10	2.9376e+03
1.9279e-01	4.3413e+10	2.9381e+03
1.9665e-01	4.2373e+10	2.9385e+03
2.0060e-01	4.1358e+10	2.9390e+03
2.0462e-01	4.0361e+10	2.9396e+03
2.0872e-01	3.9405e+10	2.9402e+03
2.1290e-01	3.8457e+10	2.9409e+03
2.1717e-01	3.7527e+10	2.9415e+03
2.2152e-01	3.6641e+10	2.9421e+03
2.2596e-01	3.5742e+10	2.9427e+03
2.3049e-01	3.4838e+10	2.9433e+03
2.3511e-01	3.3959e+10	2.9439e+03
2.3983e-01	3.3099e+10	2.9445e+03
2.4463e-01	3.2260e+10	2.9451e+03
2.4954e-01	3.1467e+10	2.9457e+03
2.5454e-01	3.0649e+10	2.9464e+03
2.5964e-01	2.9851e+10	2.9471e+03
2.6484e-01	2.9094e+10	2.9479e+03
2.7015e-01	2.8347e+10	2.9486e+03
2.7557e-01	2.7631e+10	2.9494e+03
2.8109e-01	2.6912e+10	2.9501e+03
2.8673e-01	2.6219e+10	2.9509e+03
2.9247e-01	2.5525e+10	2.9517e+03
2.9834e-01	2.4831e+10	2.9524e+03
3.0432e-01	2.4188e+10	2.9532e+03
3.1042e-01	2.3547e+10	2.9540e+03
3.1664e-01	2.2940e+10	2.9549e+03
3.2299e-01	2.2355e+10	2.9558e+03
3.2946e-01	2.1771e+10	2.9567e+03
3.3606e-01	2.1197e+10	2.9576e+03
3.4280e-01	2.0629e+10	2.9585e+03
3.4967e-01	2.0052e+10	2.9594e+03
3.5668e-01	1.9521e+10	2.9603e+03
3.6383e-01	1.8976e+10	2.9612e+03
3.7112e-01	1.8454e+10	2.9623e+03
3.7856e-01	1.7943e+10	2.9633e+03
3.8615e-01	1.7455e+10	2.9644e+03
3.9389e-01	1.6980e+10	2.9654e+03
4.0179e-01	1.6500e+10	2.9665e+03
4.0984e-01	1.6044e+10	2.9676e+03
4.1806e-01	1.5604e+10	2.9686e+03
4.2644e-01	1.5160e+10	2.9698e+03
4.3498e-01	1.4729e+10	2.9710e+03
4.4370e-01	1.4312e+10	2.9722e+03
4.5260e-01	1.3907e+10	2.9734e+03
4.6167e-01	1.3504e+10	2.9746e+03
4.7092e-01	1.3092e+10	2.9758e+03
4.8036e-01	1.2712e+10	2.9771e+03
4.8999e-01	1.2337e+10	2.9784e+03
4.9981e-01	1.1964e+10	2.9798e+03
5.0983e-01	1.1602e+10	2.9811e+03
5.2005e-01	1.1253e+10	2.9824e+03
5.3048e-01	1.0903e+10	2.9838e+03
5.4111e-01	1.0574e+10	2.9852e+03
5.5196e-01	1.0251e+10	2.9867e+03
5.6302e-01	9.9261e+09	2.9881e+03
5.7431e-01	9.6087e+09	2.9896e+03
5.8582e-01	9.3088e+09	2.9911e+03
5.9756e-01	9.0123e+09	2.9926e+03
6.0954e-01	8.7233e+09	2.9942e+03
6.2176e-01	8.4399e+09	2.9958e+03
6.3422e-01	8.1612e+09	2.9974e+03
6.4693e-01	7.8865e+09	2.9990e+03
6.5990e-01	7.6258e+09	3.0007e+03
6.7313e-01	7.3693e+09	3.0024e+03
6.8662e-01	7.1235e+09	3.0040e+03
7.0038e-01	6.8865e+09	3.0058e+03
7.1442e-01	6.6494e+09	3.0076e+03
7.2874e-01	6.4154e+09	3.0094e+03
7.4335e-01	6.2000e+09	3.0113e+03
7.5825e-01	5.9879e+09	3.0132e+03
7.7345e-01	5.7769e+09	3.0153e+03
7.8896e-01	5.5746e+09	3.0173e+03
8.0477e-01	5.3740e+09	3.0194e+03
8.2090e-01	5.1809e+09	3.0216e+03
8.3736e-01	4.9905e+09	3.0238e+03
8.5414e-01	4.8056e+09	3.0260e+03
8.7126e-01	4.6341e+09	3.0283e+03
8.8873e-01	4.4650e+09	3.0307e+03
9.0654e-01	4.3033e+09	3.0331e+03
9.2471e-01	4.1377e+09	3.0355e+03
9.4325e-01	3.9737e+09	3.0381e+03
9.6216e-01	3.8207e+09	3.0406e+03
9.8144e-01	3.6759e+09	3.0432e+03
1.0011e+00	3.5252e+09	3.0459e+03
1.0212e+00	3.3890e+09	3.0486e+03
1.0417e+00	3.2502e+09	3.0514e+03
1.0625e+00	3.1253e+09	3.0543e+03
1.0838e+00	3.0012e+09	3.0571e+03
1.1056e+00	2.8790e+09	3.0601e+03
1.1277e+00	2.7592e+09	3.0631e+03
1.1503e+00	2.6453e+09	3.0662e+03
1.1734e+00	2.5353e+09	3.0693e+03
1.1969e+00	2.4269e+09	3.0725e+03
1.2209e+00	2.3202e+09	3.0758e+03
1.2454e+00	2.2186e+09	3.0791e+03
1.2703e+00	2.1222e+09	3.0825e+03
1.2958e+00	2.0267e+09	3.0860e+03
1.3218e+00	1.9402e+09	3.0895e+03
1.3483e+00	1.8500e+09	3.0931e+03
1.3753e+00	1.7681e+09	3.0968e+03
1.4029e+00	1.6865e+09	3.1006e+03
1.4310e+00	1.6087e+09	3.1044e+03
1.4597e+00	1.5349e+09	3.1083e+03
1.4889e+00	1.4623e+09	3.1123e+03
1.5188e+00	1.3928e+09	3.1163e+03
1.5492e+00	1.3275e+09	3.1205e+03
1.5803e+00	1.2658e+09	3.1247e+03
1.6119e+00	1.2065e+09	3.1290e+03
1.6442e+00	1.1484e+09	3.1334e+03
1.6772e+00	1.0909e+09	3.1379e+03
1.7108e+00	1.0376e+09	3.1425e+03
1.7451e+00	9.8859e+08	3.1471e+03
1.7801e+00	9.3976e+08	3.1519e+03
1.8158e+00	8.9385e+08	3.1567e+03
1.8522e+00	8.4987e+08	3.1617e+03
1.8893e+00	8.0886e+08	3.1668e+03
1.9272e+00	7.6918e+08	3.1719e+03
1.9658e+00	7.3024e+08	3.1772e+03
2.0052e+00	6.9375e+08	3.1826e+03
2.0454e+00	6.5840e+08	3.1880e+03
2.0864e+00	6.2500e+08	3.1936e+03
2.1282e+00	5.9345e+08	3.1993e+03
2.1709e+00	5.6355e+08	3.2051e+03
2.2144e+00	5.3524e+08	3.2111e+03
2.2588e+00	5.0822e+08	3.2171e+03
2.3041e+00	4.8227e+08	3.2233e+03
2.3502e+00	4.5803e+08	3.2296e+03
2.3974e+00	4.3516e+08	3.2360e+03
2.4454e+00	4.1276e+08	3.2426e+03
2.4944e+00	3.9172e+08	3.2492e+03
2.5444e+00	3.7128e+08	3.2561e+03
2.5954e+00	3.5198e+08	3.2511e+03
2.6475e+00	3.3378e+08	3.2547e+03
2.7005e+00	3.1670e+08	3.2616e+03
2.7547e+00	3.0062e+08	3.2690e+03
2.8099e+00	2.8511e+08	3.2765e+03
2.8662e+00	2.7033e+08	3.2842e+03
2.9237e+00	2.5647e+08	3.2920e+03
2.9823e+00	2.4331e+08	3.3000e+03
3.0420e+00	2.3075e+08	3.3082e+03
3.1030e+00	2.1876e+08	3.3165e+03
3.1652e+00	2.0748e+08	3.3249e+03
3.2287e+00	1.9688e+08	3.3336e+03
3.2934e+00	1.8676e+08	3.3424e+03
3.3594e+00	1.7720e+08	3.3514e+03
3.4267e+00	1.6807e+08	3.3606e+03
3.4954e+00	1.5921e+08	3.3700e+03
3.5655e+00	1.5098e+08	3.3795e+03
3.6370e+00	1.4327e+08	3.3893e+03
3.7099e+00	1.3577e+08	3.3992e+03
3.7842e+00	1.2872e+08	3.4093e+03
3.8601e+00	1.2217e+08	3.4197e+03
3.9375e+00	1.1599e+08	3.4302e+03
4.0164e+00	1.1004e+08	3.4410e+03
4.0969e+00	1.0430e+08	3.4520e+03
4.1790e+00	9.8882e+07	3.4632e+03
4.2628e+00	9.3731e+07	3.4746e+03
4.3482e+00	8.8878e+07	3.4863e+03
4.4354e+00	8.4314e+07	3.4982e+03
4.5243e+00	7.9988e+07	3.5103e+03
4.6150e+00	7.5840e+07	3.5227e+03
4.7075e+00	7.1939e+07	3.5353e+03
4.8019e+00	6.8229e+07	3.5482e+03
4.8981e+00	6.4706e+07	3.5613e+03
4.9963e+00	6.1326e+07	3.5746e+03
5.0964e+00	5.8114e+07	3.5882e+03
5.1986e+00	5.5114e+07	3.6020e+03
5.3028e+00	5.2300e+07	3.6147e+03
5.4091e+00	4.9576e+07	3.6285e+03
5.5175e+00	4.7042e+07	3.6432e+03
5.6281e+00	4.4665e+07	3.6581e+03
5.7409e+00	4.2332e+07	3.6734e+03
5.8560e+00	4.0080e+07	3.6889e+03
5.9734e+00	3.8009e+07	3.7047e+03
6.0931e+00	3.6070e+07	3.7208e+03
6.2153e+00	3.4174e+07	3.7372e+03
6.3398e+00	3.2387e+07	3.7539e+03
6.4669e+00	3.0725e+07	3.7710e+03
6.5966e+00	2.9162e+07	3.7883e+03
6.7288e+00	2.7671e+07	3.8060e+03
6.8637e+00	2.6253e+07	3.8241e+03
7.0012e+00	2.4860e+07	3.8424e+03
7.1416e+00	2.3555e+07	3.8611e+03
7.2847e+00	2.2365e+07	3.8802e+03
7.4308e+00	2.1211e+07	3.8996e+03
7.5797e+00	2.0108e+07	3.9194e+03
7.7316e+00	1.9085e+07	3.9395e+03
7.8866e+00	1.8109e+07	3.9600e+03
8.0447e+00	1.7153e+07	3.9808e+03
8.2060e+00	1.6256e+07	4.0021e+03
8.3705e+00	1.5408e+07	4.0237e+03
8.5382e+00	1.4615e+07	4.0457e+03
8.7094e+00	1.3849e+07	4.0682e+03
8.8840e+00	1.3121e+07	4.0911e+03
9.0620e+00	1.2457e+07	4.1144e+03
9.2437e+00	1.1825e+07	4.1381e+03
9.4290e+00	1.1216e+07	4.1621e+03
9.6180e+00	1.0635e+07	4.1869e+03
9.8108e+00	1.0073e+07	4.2130e+03
1.0007e+01	9.5414e+06	4.2391e+03
1.0208e+01	9.0478e+06	4.2657e+03
1.0413e+01	8.5785e+06	4.2912e+03
1.0621e+01	8.1301e+06	4.3174e+03
1.0834e+01	7.6979e+06	4.3440e+03
1.1051e+01	7.2973e+06	4.3711e+03
1.1273e+01	6.9164e+06	4.3986e+03
1.1499e+01	6.5552e+06	4.4268e+03
1.1729e+01	6.2122e+06	4.4608e+03
1.1965e+01	5.8888e+06	4.4912e+03
1.2204e+01	5.5852e+06	4.5203e+03
1.2449e+01	5.2974e+06	4.5497e+03
1.2699e+01	5.0191e+06	4.5796e+03
1.2953e+01	4.7532e+06	4.6099e+03
1.3213e+01	4.5037e+06	4.6410e+03
1.3478e+01	4.2680e+06	4.6731e+03
1.3748e+01	4.0450e+06	4.7057e+03
1.4023e+01	3.8337e+06	4.7352e+03
1.4304e+01	3.6348e+06	4.7678e+03
1.4591e+01	3.4434e+06	4.8007e+03
1.4884e+01	3.2626e+06	4.8336e+03
1.5182e+01	3.0929e+06	4.8668e+03
1.5486e+01	2.9303e+06	4.9002e+03
1.5797e+01	2.7772e+06	4.9339e+03
1.6113e+01	2.6320e+06	4.9680e+03
1.6436e+01	2.4945e+06	5.0023e+03
1.6766e+01	2.3636e+06	5.0339e+03
1.7102e+01	2.2386e+06	5.0685e+03
1.7445e+01	2.1206e+06	5.1032e+03
1.7794e+01	2.0105e+06	5.1382e+03
1.8151e+01	1.9049e+06	5.1735e+03
1.8515e+01	1.8053e+06	5.2091e+03
1.8886e+01	1.7091e+06	5.2449e+03
1.9265e+01	1.6199e+06	5.2813e+03
1.9651e+01	1.5343e+06	5.3184e+03
2.0045e+01	1.4542e+06	5.3576e+03
2.0446e+01	1.3798e+06	5.3929e+03
2.0856e+01	1.3075e+06	5.4289e+03
2.1274e+01	1.2379e+06	5.4741e+03
2.1701e+01	1.1737e+06	5.5100e+03
2.2136e+01	1.1115e+06	5.5459e+03
2.2579e+01	1.0529e+06	5.5839e+03
2.3032e+01	9.9716e+05	5.6179e+03
2.3494e+01	9.4361e+05	5.6540e+03
2.3965e+01	8.9465e+05	5.6893e+03
2.4445e+01	8.4720e+05	5.7242e+03
2.4935e+01	8.0261e+05	5.7588e+03
2.5435e+01	7.5945e+05	5.7924e+03
2.5945e+01	7.1937e+05	5.8257e+03
2.6465e+01	6.8111e+05	5.8588e+03
2.6995e+01	6.4468e+05	5.8921e+03
2.7536e+01	6.1053e+05	5.9283e+03
2.8088e+01	5.7788e+05	5.9597e+03
2.8651e+01	5.4708e+05	6.0001e+03
2.9226e+01	5.1777e+05	6.0301e+03
2.9812e+01	4.8952e+05	6.0619e+03
3.0409e+01	4.6349e+05	6.0928e+03
3.1019e+01	4.3932e+05	6.1202e+03
3.1640e+01	4.1642e+05	6.1464e+03
3.2275e+01	3.9466e+05	6.1704e+03
3.2922e+01	3.7368e+05	6.1932e+03
3.3581e+01	3.5374e+05	6.2159e+03
3.4255e+01	3.3513e+05	6.2412e+03
3.4941e+01	3.1693e+05	6.2606e+03
3.5642e+01	3.0069e+05	6.2784e+03
3.6356e+01	2.8485e+05	6.2998e+03
3.7085e+01	2.6965e+05	6.3153e+03
3.7828e+01	2.5526e+05	6.3282e+03
3.8586e+01	2.4184e+05	6.3381e+03
3.9360e+01	2.2875e+05	6.3479e+03
4.0149e+01	2.1652e+05	6.3614e+03
4.0954e+01	2.0497e+05	6.3671e+03
4.1775e+01	1.9394e+05	6.3752e+03
4.2612e+01	1.8349e+05	6.3780e+03
4.3466e+01	1.7366e+05	6.3768e+03
4.4337e+01	1.6446e+05	6.3732e+03
4.5226e+01	1.5571e+05	6.3706e+03
4.6133e+01	1.4733e+05	6.3638e+03
4.7057e+01	1.3956e+05	6.3605e+03
4.8001e+01	1.3220e+05	6.3496e+03
4.8963e+01	1.2522e+05	6.3343e+03
4.9944e+01	1.1844e+05	6.3193e+03
5.0945e+01	1.1215e+05	6.3005e+03
5.1967e+01	1.0610e+05	6.2853e+03
5.3008e+01	1.0051e+05	6.2607e+03
5.4071e+01	9.5088e+04	6.2341e+03
5.5155e+01	8.9974e+04	6.2031e+03
5.6260e+01	8.5189e+04	6.1760e+03
5.7388e+01	8.0589e+04	6.1400e+03
5.8538e+01	7.6271e+04	6.1026e+03
5.9712e+01	7.2115e+04	6.0599e+03
6.0909e+01	6.8198e+04	6.0202e+03
6.2130e+01	6.4534e+04	5.9729e+03
6.3375e+01	6.1094e+04	5.9239e+03
6.4645e+01	5.7814e+04	5.8759e+03
6.5941e+01	5.4731e+04	5.8191e+03
6.7263e+01	5.1786e+04	5.7607e+03
6.8611e+01	4.9007e+04	5.7031e+03
6.9986e+01	4.6363e+04	5.6383e+03
7.1389e+01	4.3904e+04	5.5739e+03
7.2820e+01	4.1561e+04	5.5083e+03
7.4280e+01	3.9323e+04	5.4367e+03
7.5769e+01	3.7164e+04	5.3645e+03
7.7288e+01	3.5146e+04	5.2872e+03
7.8837e+01	3.3234e+04	5.2122e+03
8.0417e+01	3.1440e+04	5.1319e+03
8.2029e+01	2.9726e+04	5.0533e+03
8.3673e+01	2.8127e+04	4.9689e+03
8.5351e+01	2.6634e+04	4.8872e+03
8.7062e+01	2.5186e+04	4.8040e+03
8.8807e+01	2.3836e+04	4.7216e+03
9.0587e+01	2.2544e+04	4.6315e+03
9.2403e+01	2.1330e+04	4.5435e+03
9.4255e+01	2.0152e+04	4.4548e+03
9.6144e+01	1.9056e+04	4.3635e+03
9.8071e+01	1.8029e+04	4.2732e+03
1.0004e+02	1.7062e+04	4.1786e+03
1.0204e+02	1.6135e+04	4.0852e+03
1.0409e+02	1.5259e+04	3.9912e+03
1.0617e+02	1.4431e+04	3.8987e+03
1.0830e+02	1.3635e+04	3.8062e+03
1.1047e+02	1.2879e+04	3.7115e+03
1.1269e+02	1.2166e+04	3.6167e+03
1.1495e+02	1.1499e+04	3.5231e+03
1.1725e+02	1.0869e+04	3.4306e+03
1.1960e+02	1.0268e+04	3.3393e+03
1.2200e+02	9.7001e+03	3.2475e+03
1.2444e+02	9.1631e+03	3.1558e+03
1.2694e+02	8.6481e+03	3.0647e+03
1.2948e+02	8.1696e+03	2.9735e+03
1.3208e+02	7.7059e+03	2.8826e+03
1.3473e+02	7.2758e+03	2.7943e+03
1.3743e+02	6.8674e+03	2.7077e+03
1.4018e+02	6.4953e+03	2.6230e+03
1.4299e+02	6.1331e+03	2.5381e+03
1.4586e+02	5.7952e+03	2.4552e+03
1.4878e+02	5.4728e+03	2.3728e+03
1.5176e+02	5.1669e+03	2.2914e+03
1.5481e+02	4.8819e+03	2.2120e+03
1.5791e+02	4.6063e+03	2.1338e+03
1.6107e+02	4.3490e+03	2.0559e+03
1.6430e+02	4.1090e+03	1.9814e+03
1.6760e+02	3.8791e+03	1.9093e+03
1.7096e+02	3.6610e+03	1.8381e+03
1.7438e+02	3.4515e+03	1.7690e+03
1.7788e+02	3.2575e+03	1.7015e+03
1.8144e+02	3.0771e+03	1.6347e+03
1.8508e+02	2.9030e+03	1.5696e+03
1.8879e+02	2.7395e+03	1.5067e+03
1.9257e+02	2.5881e+03	1.4459e+03
1.9643e+02	2.4440e+03	1.3869e+03
2.0037e+02	2.3049e+03	1.3288e+03
2.0439e+02	2.1761e+03	1.2722e+03
2.0849e+02	2.0526e+03	1.2177e+03
2.1266e+02	1.9373e+03	1.1653e+03
2.1693e+02	1.8261e+03	1.1145e+03
2.2128e+02	1.7212e+03	1.0664e+03
2.2571e+02	1.6229e+03	1.0202e+03
2.3024e+02	1.5301e+03	9.7481e+02
2.3485e+02	1.4421e+03	9.3063e+02
2.3956e+02	1.3596e+03	8.8919e+02
2.4436e+02	1.2823e+03	8.4860e+02
2.4926e+02	1.2088e+03	8.0906e+02
2.5425e+02	1.1400e+03	7.7093e+02
2.5935e+02	1.0754e+03	7.3471e+02
2.6455e+02	1.0120e+03	6.9983e+02
2.6985e+02	9.5462e+02	6.6614e+02
2.7526e+02	8.9934e+02	6.3461e+02
2.8078e+02	8.4652e+02	6.0338e+02
2.8641e+02	7.9796e+02	5.7442e+02
2.9215e+02	7.5217e+02	5.4670e+02
2.9800e+02	7.0834e+02	5.2005e+02
3.0398e+02	6.6773e+02	4.9422e+02
3.1007e+02	6.2785e+02	4.6899e+02
3.1629e+02	5.9205e+02	4.4421e+02
3.2263e+02	5.5768e+02	4.2179e+02
3.2909e+02	5.2548e+02	4.0006e+02
3.3569e+02	4.9473e+02	3.7974e+02
3.4242e+02	4.6431e+02	3.6007e+02
3.4928e+02	4.3755e+02	3.4090e+02
3.5628e+02	4.1131e+02	3.2250e+02
3.6343e+02	3.8741e+02	3.0535e+02
3.7071e+02	3.6411e+02	2.8898e+02
3.7814e+02	3.4182e+02	2.7315e+02
3.8572e+02	3.2138e+02	2.5867e+02
3.9345e+02	3.0238e+02	2.4505e+02
4.0134e+02	2.8373e+02	2.3200e+02
4.0938e+02	2.6688e+02	2.1953e+02
4.1759e+02	2.5121e+02	2.0744e+02
4.2596e+02	2.3635e+02	1.9584e+02
4.3450e+02	2.2244e+02	1.8499e+02
4.4321e+02	2.0895e+02	1.7473e+02
4.5209e+02	1.9617e+02	1.6486e+02
4.6116e+02	1.8429e+02	1.5527e+02
4.7040e+02	1.7307e+02	1.4614e+02
4.7983e+02	1.6233e+02	1.3772e+02
4.8945e+02	1.5199e+02	1.2986e+02
4.9926e+02	1.4253e+02	1.2239e+02
5.0926e+02	1.3376e+02	1.1545e+02
5.1947e+02	1.2543e+02	1.0861e+02
5.2989e+02	1.1789e+02	1.0228e+02
5.4051e+02	1.1044e+02	9.6298e+01
5.5134e+02	1.0360e+02	9.0436e+01
5.6239e+02	9.7130e+01	8.5124e+01
5.7367e+02	9.0786e+01	8.0085e+01
5.8517e+02	8.5228e+01	7.5199e+01
5.9690e+02	7.9886e+01	7.0622e+01
6.0886e+02	7.4686e+01	6.6232e+01
6.2106e+02	6.9903e+01	6.2028e+01
6.3351e+02	6.5298e+01	5.8044e+01
6.4621e+02	6.0936e+01	5.4452e+01
6.5917e+02	5.6815e+01	5.1145e+01
6.7238e+02	5.3261e+01	4.7939e+01
6.8586e+02	4.9839e+01	4.4856e+01
6.9960e+02	4.6525e+01	4.1931e+01
7.1363e+02	4.3357e+01	3.9211e+01
7.2793e+02	4.0389e+01	3.6772e+01
7.4252e+02	3.7763e+01	3.4481e+01
7.5741e+02	3.5379e+01	3.2183e+01
7.7259e+02	3.2955e+01	3.0009e+01
7.8808e+02	3.0621e+01	2.8068e+01
8.0387e+02	2.8579e+01	2.6245e+01
8.1999e+02	2.6658e+01	2.4517e+01
8.3642e+02	2.4865e+01	2.2848e+01
8.5319e+02	2.3116e+01	2.1291e+01
8.7029e+02	2.1492e+01	1.9827e+01
8.8774e+02	1.9977e+01	1.8447e+01
9.0553e+02	1.8543e+01	1.7188e+01
9.2368e+02	1.7240e+01	1.6048e+01
9.4220e+02	1.6075e+01	1.4970e+01
9.6108e+02	1.4968e+01	1.3925e+01
9.8035e+02	1.3893e+01	1.2917e+01
1.0000e+03	1.2860e+01	1.1978e+01