Energy(MeV)	Incoming Spectral Fluence(MeV-1 cm-2)	Residual Spectral Fluence(MeV-1 cm-2)
1.0000e-03	0.0000e+00	4.6415e+06
1.5000e-03	0.0000e+00	4.6425e+06
2.0000e-03	0.0000e+00	4.6432e+06
2.5000e-03	0.0000e+00	4.6437e+06
3.0000e-03	0.0000e+00	4.6442e+06
3.5000e-03	0.0000e+00	4.6445e+06
4.0000e-03	0.0000e+00	4.6448e+06
4.5000e-03	0.0000e+00	4.6451e+06
5.0000e-03	0.0000e+00	4.6454e+06
5.5000e-03	0.0000e+00	4.6456e+06
6.0000e-03	0.0000e+00	4.6458e+06
6.5000e-03	0.0000e+00	4.6460e+06
7.0000e-03	0.0000e+00	4.6462e+06
7.5000e-03	0.0000e+00	4.6464e+06
8.0000e-03	0.0000e+00	4.6465e+06
8.5000e-03	0.0000e+00	4.6467e+06
9.0000e-03	0.0000e+00	4.6468e+06
9.5000e-03	0.0000e+00	4.6469e+06
1.0000e-02	0.0000e+00	4.6470e+06
1.5000e-02	0.0000e+00	4.6480e+06
2.0000e-02	0.0000e+00	4.6487e+06
2.5000e-02	0.0000e+00	4.6493e+06
3.0000e-02	0.0000e+00	4.6497e+06
3.5000e-02	0.0000e+00	4.6503e+06
4.0000e-02	0.0000e+00	4.6518e+06
4.5000e-02	0.0000e+00	4.6532e+06
5.0000e-02	0.0000e+00	4.6545e+06
5.5000e-02	0.0000e+00	4.6556e+06
6.0000e-02	0.0000e+00	4.6566e+06
6.5000e-02	0.0000e+00	4.6576e+06
7.0000e-02	0.0000e+00	4.6585e+06
7.5000e-02	0.0000e+00	4.6593e+06
8.0000e-02	0.0000e+00	4.6601e+06
8.5000e-02	0.0000e+00	4.6608e+06
9.0000e-02	0.0000e+00	4.6615e+06
9.5000e-02	0.0000e+00	4.6628e+06
1.0000e-01	0.0000e+00	4.6640e+06
1.5000e-01	0.0000e+00	4.6740e+06
2.0000e-01	0.0000e+00	4.6842e+06
2.5000e-01	0.0000e+00	4.6946e+06
3.0000e-01	0.0000e+00	4.7050e+06
3.5000e-01	0.0000e+00	4.7153e+06
4.0000e-01	0.0000e+00	4.7256e+06
4.5000e-01	0.0000e+00	4.7359e+06
5.0000e-01	3.1074e+12	4.7461e+06
5.0767e-01	3.0382e+12	4.7476e+06
5.1547e-01	2.9705e+12	4.7492e+06
5.2338e-01	2.9043e+12	4.7507e+06
5.3141e-01	2.8395e+12	4.7523e+06
5.3957e-01	2.7761e+12	4.7540e+06
5.4785e-01	2.7141e+12	4.7557e+06
5.5626e-01	2.6534e+12	4.7574e+06
5.6480e-01	2.5937e+12	4.7591e+06
5.7347e-01	2.5354e+12	4.7607e+06
5.8227e-01	2.4784e+12	4.7624e+06
5.9121e-01	2.4226e+12	4.7642e+06
6.0028e-01	2.3680e+12	4.7660e+06
6.0949e-01	2.3146e+12	4.7679e+06
6.1885e-01	2.2624e+12	4.7697e+06
6.2835e-01	2.2114e+12	4.7715e+06
6.3799e-01	2.1616e+12	4.7734e+06
6.4778e-01	2.1129e+12	4.7752e+06
6.5773e-01	2.0655e+12	4.7772e+06
6.6782e-01	2.0191e+12	4.7791e+06
6.7807e-01	1.9738e+12	4.7811e+06
6.8848e-01	1.9291e+12	4.7830e+06
6.9905e-01	1.8854e+12	4.7850e+06
7.0978e-01	1.8427e+12	4.7871e+06
7.2067e-01	1.8009e+12	4.7892e+06
7.3173e-01	1.7600e+12	4.7914e+06
7.4296e-01	1.7200e+12	4.7935e+06
7.5437e-01	1.6807e+12	4.7957e+06
7.6595e-01	1.6422e+12	4.7980e+06
7.7770e-01	1.6046e+12	4.8004e+06
7.8964e-01	1.5679e+12	4.8028e+06
8.0176e-01	1.5319e+12	4.8052e+06
8.1407e-01	1.4968e+12	4.8077e+06
8.2656e-01	1.4624e+12	4.8103e+06
8.3925e-01	1.4290e+12	4.8128e+06
8.5213e-01	1.3965e+12	4.8154e+06
8.6521e-01	1.3648e+12	4.8180e+06
8.7849e-01	1.3338e+12	4.8208e+06
8.9197e-01	1.3034e+12	4.8235e+06
9.0566e-01	1.2735e+12	4.8263e+06
9.1956e-01	1.2443e+12	4.8291e+06
9.3368e-01	1.2157e+12	4.8320e+06
9.4801e-01	1.1877e+12	4.8349e+06
9.6256e-01	1.1604e+12	4.8379e+06
9.7733e-01	1.1336e+12	4.8408e+06
9.9233e-01	1.1074e+12	4.8440e+06
1.0076e+00	1.0820e+12	4.8471e+06
1.0230e+00	1.0573e+12	4.8502e+06
1.0387e+00	1.0329e+12	4.8534e+06
1.0547e+00	1.0091e+12	4.8567e+06
1.0709e+00	9.8573e+11	4.8601e+06
1.0873e+00	9.6291e+11	4.8634e+06
1.1040e+00	9.4061e+11	4.8668e+06
1.1209e+00	9.1894e+11	4.8703e+06
1.1381e+00	8.9775e+11	4.8738e+06
1.1556e+00	8.7700e+11	4.8774e+06
1.1733e+00	8.5664e+11	4.8811e+06
1.1914e+00	8.3674e+11	4.8847e+06
1.2096e+00	8.1727e+11	4.8885e+06
1.2282e+00	7.9825e+11	4.8923e+06
1.2471e+00	7.7964e+11	4.8961e+06
1.2662e+00	7.6145e+11	4.9000e+06
1.2856e+00	7.4366e+11	4.9040e+06
1.3054e+00	7.2628e+11	4.9080e+06
1.3254e+00	7.0928e+11	4.9122e+06
1.3457e+00	6.9266e+11	4.9163e+06
1.3664e+00	6.7641e+11	4.9205e+06
1.3874e+00	6.6052e+11	4.9248e+06
1.4087e+00	6.4499e+11	4.9292e+06
1.4303e+00	6.2981e+11	4.9336e+06
1.4522e+00	6.1497e+11	4.9381e+06
1.4745e+00	6.0046e+11	4.9426e+06
1.4972e+00	5.8627e+11	4.9473e+06
1.5201e+00	5.7241e+11	4.9520e+06
1.5435e+00	5.5886e+11	4.9567e+06
1.5672e+00	5.4558e+11	4.9616e+06
1.5912e+00	5.3248e+11	4.9665e+06
1.6157e+00	5.1970e+11	4.9715e+06
1.6404e+00	5.0720e+11	4.9765e+06
1.6656e+00	4.9499e+11	4.9817e+06
1.6912e+00	4.8306e+11	4.9869e+06
1.7172e+00	4.7140e+11	4.9922e+06
1.7435e+00	4.6007e+11	4.9976e+06
1.7703e+00	4.4906e+11	5.0030e+06
1.7974e+00	4.3831e+11	5.0086e+06
1.8250e+00	4.2782e+11	5.0142e+06
1.8530e+00	4.1756e+11	5.0199e+06
1.8815e+00	4.0753e+11	5.0257e+06
1.9104e+00	3.9773e+11	5.0316e+06
1.9397e+00	3.8815e+11	5.0376e+06
1.9695e+00	3.7880e+11	5.0436e+06
1.9997e+00	3.6965e+11	5.0498e+06
2.0304e+00	3.6071e+11	5.0560e+06
2.0615e+00	3.5198e+11	5.0624e+06
2.0932e+00	3.4344e+11	5.0688e+06
2.1253e+00	3.3510e+11	5.0754e+06
2.1579e+00	3.2690e+11	5.0820e+06
2.1911e+00	3.1888e+11	5.0888e+06
2.2247e+00	3.1105e+11	5.0956e+06
2.2588e+00	3.0341e+11	5.1025e+06
2.2935e+00	2.9593e+11	5.1096e+06
2.3287e+00	2.8863e+11	5.1167e+06
2.3644e+00	2.8150e+11	5.1240e+06
2.4007e+00	2.7453e+11	5.1314e+06
2.4376e+00	2.6773e+11	5.1389e+06
2.4750e+00	2.6112e+11	5.1465e+06
2.5130e+00	2.5468e+11	5.1542e+06
2.5516e+00	2.4839e+11	5.1605e+06
2.5907e+00	2.4223e+11	5.1529e+06
2.6305e+00	2.3616e+11	5.1543e+06
2.6709e+00	2.3022e+11	5.1612e+06
2.7119e+00	2.2446e+11	5.1695e+06
2.7535e+00	2.1884e+11	5.1780e+06
2.7957e+00	2.1336e+11	5.1865e+06
2.8387e+00	2.0800e+11	5.1952e+06
2.8822e+00	2.0278e+11	5.2040e+06
2.9265e+00	1.9767e+11	5.2130e+06
2.9714e+00	1.9267e+11	5.2221e+06
3.0170e+00	1.8778e+11	5.2313e+06
3.0633e+00	1.8302e+11	5.2406e+06
3.1103e+00	1.7832e+11	5.2501e+06
3.1581e+00	1.7374e+11	5.2598e+06
3.2065e+00	1.6928e+11	5.2695e+06
3.2557e+00	1.6493e+11	5.2795e+06
3.3057e+00	1.6069e+11	5.2895e+06
3.3565e+00	1.5658e+11	5.2998e+06
3.4080e+00	1.5258e+11	5.3101e+06
3.4603e+00	1.4867e+11	5.3207e+06
3.5134e+00	1.4486e+11	5.3314e+06
3.5673e+00	1.4109e+11	5.3422e+06
3.6221e+00	1.3741e+11	5.3532e+06
3.6777e+00	1.3383e+11	5.3644e+06
3.7341e+00	1.3033e+11	5.3757e+06
3.7914e+00	1.2692e+11	5.3872e+06
3.8496e+00	1.2361e+11	5.3989e+06
3.9087e+00	1.2038e+11	5.4108e+06
3.9687e+00	1.1723e+11	5.4228e+06
4.0296e+00	1.1415e+11	5.4350e+06
4.0915e+00	1.1116e+11	5.4474e+06
4.1543e+00	1.0823e+11	5.4600e+06
4.2180e+00	1.0538e+11	5.4727e+06
4.2828e+00	1.0259e+11	5.4857e+06
4.3485e+00	9.9875e+10	5.4989e+06
4.4153e+00	9.7224e+10	5.5122e+06
4.4830e+00	9.4638e+10	5.5257e+06
4.5518e+00	9.2115e+10	5.5394e+06
4.6217e+00	8.9654e+10	5.5534e+06
4.6926e+00	8.7253e+10	5.5675e+06
4.7647e+00	8.4884e+10	5.5818e+06
4.8378e+00	8.2572e+10	5.5963e+06
4.9121e+00	8.0339e+10	5.6110e+06
4.9875e+00	7.8164e+10	5.6259e+06
5.0640e+00	7.6043e+10	5.6411e+06
5.1417e+00	7.3974e+10	5.6564e+06
5.2207e+00	7.1945e+10	5.6716e+06
5.3008e+00	6.9964e+10	5.6854e+06
5.3821e+00	6.8035e+10	5.7005e+06
5.4648e+00	6.6153e+10	5.7166e+06
5.5486e+00	6.4314e+10	5.7330e+06
5.6338e+00	6.2522e+10	5.7497e+06
5.7203e+00	6.0776e+10	5.7665e+06
5.8081e+00	5.9087e+10	5.7836e+06
5.8972e+00	5.7448e+10	5.8009e+06
5.9877e+00	5.5841e+10	5.8184e+06
6.0796e+00	5.4273e+10	5.8362e+06
6.1730e+00	5.2745e+10	5.8543e+06
6.2677e+00	5.1261e+10	5.8725e+06
6.3639e+00	4.9821e+10	5.8911e+06
6.4616e+00	4.8418e+10	5.9098e+06
6.5608e+00	4.7036e+10	5.9288e+06
6.6615e+00	4.5691e+10	5.9481e+06
6.7637e+00	4.4380e+10	5.9676e+06
6.8675e+00	4.3104e+10	5.9874e+06
6.9729e+00	4.1864e+10	6.0075e+06
7.0800e+00	4.0659e+10	6.0278e+06
7.1886e+00	3.9492e+10	6.0484e+06
7.2990e+00	3.8355e+10	6.0692e+06
7.4110e+00	3.7248e+10	6.0903e+06
7.5247e+00	3.6170e+10	6.1117e+06
7.6402e+00	3.5121e+10	6.1333e+06
7.7575e+00	3.4099e+10	6.1552e+06
7.8766e+00	3.3104e+10	6.1774e+06
7.9975e+00	3.2135e+10	6.1998e+06
8.1202e+00	3.1194e+10	6.2226e+06
8.2449e+00	3.0264e+10	6.2456e+06
8.3714e+00	2.9354e+10	6.2689e+06
8.4999e+00	2.8469e+10	6.2925e+06
8.6304e+00	2.7608e+10	6.3164e+06
8.7628e+00	2.6788e+10	6.3406e+06
8.8973e+00	2.6000e+10	6.3652e+06
9.0339e+00	2.5217e+10	6.3900e+06
9.1726e+00	2.4455e+10	6.4152e+06
9.3133e+00	2.3718e+10	6.4405e+06
9.4563e+00	2.3002e+10	6.4662e+06
9.6014e+00	2.2305e+10	6.4925e+06
9.7488e+00	2.1627e+10	6.5200e+06
9.8984e+00	2.0967e+10	6.5477e+06
1.0050e+01	2.0326e+10	6.5752e+06
1.0205e+01	1.9702e+10	6.6036e+06
1.0361e+01	1.9096e+10	6.6301e+06
1.0520e+01	1.8503e+10	6.6571e+06
1.0682e+01	1.7926e+10	6.6846e+06
1.0846e+01	1.7366e+10	6.7123e+06
1.1012e+01	1.6821e+10	6.7402e+06
1.1181e+01	1.6292e+10	6.7686e+06
1.1353e+01	1.5778e+10	6.7973e+06
1.1527e+01	1.5278e+10	6.8265e+06
1.1704e+01	1.4790e+10	6.8626e+06
1.1884e+01	1.4315e+10	6.8958e+06
1.2066e+01	1.3854e+10	6.9254e+06
1.2251e+01	1.3406e+10	6.9550e+06
1.2439e+01	1.2975e+10	6.9847e+06
1.2630e+01	1.2555e+10	7.0148e+06
1.2824e+01	1.2150e+10	7.0451e+06
1.3021e+01	1.1757e+10	7.0757e+06
1.3221e+01	1.1375e+10	7.1069e+06
1.3424e+01	1.1004e+10	7.1389e+06
1.3630e+01	1.0644e+10	7.1713e+06
1.3839e+01	1.0292e+10	7.2019e+06
1.4051e+01	9.9511e+09	7.2311e+06
1.4267e+01	9.6199e+09	7.2631e+06
1.4486e+01	9.2986e+09	7.2951e+06
1.4708e+01	8.9871e+09	7.3271e+06
1.4934e+01	8.6852e+09	7.3590e+06
1.5163e+01	8.3924e+09	7.3908e+06
1.5396e+01	8.1084e+09	7.4226e+06
1.5632e+01	7.8325e+09	7.4545e+06
1.5872e+01	7.5646e+09	7.4864e+06
1.6116e+01	7.3035e+09	7.5185e+06
1.6363e+01	7.0491e+09	7.5506e+06
1.6614e+01	6.8027e+09	7.5823e+06
1.6869e+01	6.5658e+09	7.6099e+06
1.7128e+01	6.3392e+09	7.6414e+06
1.7391e+01	6.1195e+09	7.6729e+06
1.7658e+01	5.9069e+09	7.7043e+06
1.7929e+01	5.6982e+09	7.7357e+06
1.8204e+01	5.4959e+09	7.7671e+06
1.8484e+01	5.3000e+09	7.7983e+06
1.8768e+01	5.1104e+09	7.8296e+06
1.9056e+01	4.9268e+09	7.8609e+06
1.9348e+01	4.7485e+09	7.8924e+06
1.9645e+01	4.5767e+09	7.9242e+06
1.9947e+01	4.4102e+09	7.9588e+06
2.0253e+01	4.2490e+09	7.9880e+06
2.0564e+01	4.0932e+09	8.0170e+06
2.0879e+01	3.9427e+09	8.0461e+06
2.1200e+01	3.7977e+09	8.0868e+06
2.1525e+01	3.6576e+09	8.1162e+06
2.1856e+01	3.5220e+09	8.1434e+06
2.2191e+01	3.3910e+09	8.1707e+06
2.2532e+01	3.2643e+09	8.1999e+06
2.2877e+01	3.1412e+09	8.2233e+06
2.3229e+01	3.0222e+09	8.2499e+06
2.3585e+01	2.9063e+09	8.2752e+06
2.3947e+01	2.7943e+09	8.2992e+06
2.4315e+01	2.6862e+09	8.3223e+06
2.4688e+01	2.5819e+09	8.3449e+06
2.5067e+01	2.4811e+09	8.3662e+06
2.5452e+01	2.3848e+09	8.3860e+06
2.5842e+01	2.2922e+09	8.4050e+06
2.6239e+01	2.2028e+09	8.4232e+06
2.6642e+01	2.1167e+09	8.4408e+06
2.7051e+01	2.0338e+09	8.4584e+06
2.7466e+01	1.9534e+09	8.4780e+06
2.7887e+01	1.8761e+09	8.4939e+06
2.8315e+01	1.8011e+09	8.5066e+06
2.8750e+01	1.7287e+09	8.5329e+06
2.9191e+01	1.6594e+09	8.5427e+06
2.9639e+01	1.5922e+09	8.5531e+06
3.0094e+01	1.5273e+09	8.5654e+06
3.0556e+01	1.4649e+09	8.5729e+06
3.1025e+01	1.4052e+09	8.5774e+06
3.1501e+01	1.3477e+09	8.5804e+06
3.1985e+01	1.2923e+09	8.5811e+06
3.2476e+01	1.2386e+09	8.5789e+06
3.2974e+01	1.1867e+09	8.5742e+06
3.3480e+01	1.1370e+09	8.5675e+06
3.3994e+01	1.0892e+09	8.5626e+06
3.4516e+01	1.0430e+09	8.5509e+06
3.5046e+01	9.9814e+08	8.5376e+06
3.5584e+01	9.5537e+08	8.5209e+06
3.6130e+01	9.1424e+08	8.5083e+06
3.6684e+01	8.7458e+08	8.4923e+06
3.7248e+01	8.3646e+08	8.4722e+06
3.7819e+01	8.0003e+08	8.4508e+06
3.8400e+01	7.6488e+08	8.4259e+06
3.8989e+01	7.3075e+08	8.3999e+06
3.9588e+01	6.9867e+08	8.3739e+06
4.0195e+01	6.6766e+08	8.3511e+06
4.0812e+01	6.3742e+08	8.3197e+06
4.1439e+01	6.0869e+08	8.2865e+06
4.2075e+01	5.8113e+08	8.2560e+06
4.2720e+01	5.5479e+08	8.2173e+06
4.3376e+01	5.2973e+08	8.1757e+06
4.4042e+01	5.0571e+08	8.1309e+06
4.4718e+01	4.8229e+08	8.0862e+06
4.5404e+01	4.5984e+08	8.0394e+06
4.6101e+01	4.3832e+08	7.9895e+06
4.6809e+01	4.1771e+08	7.9425e+06
4.7527e+01	3.9798e+08	7.8900e+06
4.8257e+01	3.7913e+08	7.8332e+06
4.8997e+01	3.6100e+08	7.7729e+06
4.9749e+01	3.4361e+08	7.7127e+06
5.0513e+01	3.2711e+08	7.6476e+06
5.1288e+01	3.1134e+08	7.5811e+06
5.2076e+01	2.9618e+08	7.5156e+06
5.2875e+01	2.8180e+08	7.4419e+06
5.3686e+01	2.6795e+08	7.3644e+06
5.4510e+01	2.5470e+08	7.2870e+06
5.5347e+01	2.4205e+08	7.2042e+06
5.6197e+01	2.2995e+08	7.1285e+06
5.7059e+01	2.1840e+08	7.0452e+06
5.7935e+01	2.0735e+08	6.9584e+06
5.8824e+01	1.9676e+08	6.8719e+06
5.9727e+01	1.8668e+08	6.7784e+06
6.0644e+01	1.7705e+08	6.6868e+06
6.1575e+01	1.6787e+08	6.5880e+06
6.2520e+01	1.5912e+08	6.4890e+06
6.3479e+01	1.5085e+08	6.3847e+06
6.4454e+01	1.4297e+08	6.2848e+06
6.5443e+01	1.3537e+08	6.1781e+06
6.6447e+01	1.2814e+08	6.0736e+06
6.7467e+01	1.2130e+08	5.9654e+06
6.8503e+01	1.1484e+08	5.8607e+06
6.9554e+01	1.0869e+08	5.7477e+06
7.0622e+01	1.0284e+08	5.6344e+06
7.1706e+01	9.7188e+07	5.5227e+06
7.2806e+01	9.1878e+07	5.4054e+06
7.3924e+01	8.6785e+07	5.2885e+06
7.5059e+01	8.1981e+07	5.1735e+06
7.6211e+01	7.7416e+07	5.0588e+06
7.7380e+01	7.3087e+07	4.9434e+06
7.8568e+01	6.8954e+07	4.8293e+06
7.9774e+01	6.4991e+07	4.7127e+06
8.0999e+01	6.1284e+07	4.5920e+06
8.2242e+01	5.7733e+07	4.4733e+06
8.3504e+01	5.4375e+07	4.3529e+06
8.4786e+01	5.1155e+07	4.2364e+06
8.6087e+01	4.8157e+07	4.1223e+06
8.7408e+01	4.5334e+07	4.0079e+06
8.8750e+01	4.2635e+07	3.8967e+06
9.0112e+01	4.0067e+07	3.7833e+06
9.1495e+01	3.7669e+07	3.6736e+06
9.2900e+01	3.5396e+07	3.5603e+06
9.4326e+01	3.3232e+07	3.4499e+06
9.5773e+01	3.1205e+07	3.3379e+06
9.7243e+01	2.9284e+07	3.2290e+06
9.8736e+01	2.7456e+07	3.1178e+06
1.0025e+02	2.5747e+07	3.0076e+06
1.0179e+02	2.4135e+07	2.9009e+06
1.0335e+02	2.2614e+07	2.7966e+06
1.0494e+02	2.1170e+07	2.6975e+06
1.0655e+02	1.9808e+07	2.6001e+06
1.0819e+02	1.8447e+07	2.5027e+06
1.0985e+02	1.7217e+07	2.4066e+06
1.1153e+02	1.6070e+07	2.3135e+06
1.1324e+02	1.4997e+07	2.2223e+06
1.1498e+02	1.4004e+07	2.1318e+06
1.1675e+02	1.3056e+07	2.0463e+06
1.1854e+02	1.2162e+07	1.9654e+06
1.2036e+02	1.1340e+07	1.8850e+06
1.2221e+02	1.0544e+07	1.8065e+06
1.2408e+02	9.7953e+06	1.7314e+06
1.2599e+02	9.1057e+06	1.6576e+06
1.2792e+02	8.4518e+06	1.5851e+06
1.2988e+02	7.8335e+06	1.5153e+06
1.3188e+02	7.2696e+06	1.4476e+06
1.3390e+02	6.7458e+06	1.3817e+06
1.3596e+02	6.2374e+06	1.3178e+06
1.3804e+02	5.7792e+06	1.2557e+06
1.4016e+02	5.3576e+06	1.1951e+06
1.4231e+02	4.9662e+06	1.1375e+06
1.4450e+02	4.5947e+06	1.0829e+06
1.4671e+02	4.2467e+06	1.0312e+06
1.4897e+02	3.9174e+06	9.8109e+05
1.5125e+02	3.6144e+06	9.3180e+05
1.5357e+02	3.3440e+06	8.8433e+05
1.5593e+02	3.0846e+06	8.3862e+05
1.5833e+02	2.8476e+06	7.9465e+05
1.6076e+02	2.6236e+06	7.5235e+05
1.6322e+02	2.4275e+06	7.1188e+05
1.6573e+02	2.2418e+06	6.7361e+05
1.6827e+02	2.0731e+06	6.3745e+05
1.7085e+02	1.9128e+06	6.0190e+05
1.7348e+02	1.7666e+06	5.6854e+05
1.7614e+02	1.6300e+06	5.3712e+05
1.7884e+02	1.5032e+06	5.0699e+05
1.8159e+02	1.3841e+06	4.7808e+05
1.8438e+02	1.2770e+06	4.5089e+05
1.8721e+02	1.1803e+06	4.2509e+05
1.9008e+02	1.0894e+06	4.0011e+05
1.9300e+02	1.0050e+06	3.7662e+05
1.9596e+02	9.2657e+05	3.5436e+05
1.9897e+02	8.5361e+05	3.3330e+05
2.0202e+02	7.8569e+05	3.1302e+05
2.0512e+02	7.2467e+05	2.9392e+05
2.0827e+02	6.6623e+05	2.7586e+05
2.1147e+02	6.1415e+05	2.5879e+05
2.1471e+02	5.6578e+05	2.4271e+05
2.1801e+02	5.2068e+05	2.2762e+05
2.2135e+02	4.8011e+05	2.1321e+05
2.2475e+02	4.4163e+05	1.9959e+05
2.2820e+02	4.0656e+05	1.8683e+05
2.3170e+02	3.7441e+05	1.7480e+05
2.3526e+02	3.4453e+05	1.6335e+05
2.3887e+02	3.1715e+05	1.5262e+05
2.4254e+02	2.9189e+05	1.4257e+05
2.4626e+02	2.6860e+05	1.3310e+05
2.5004e+02	2.4733e+05	1.2412e+05
2.5388e+02	2.2730e+05	1.1561e+05
2.5777e+02	2.0888e+05	1.0768e+05
2.6173e+02	1.9211e+05	1.0030e+05
2.6575e+02	1.7641e+05	9.3411e+04
2.6983e+02	1.6203e+05	8.6958e+04
2.7397e+02	1.4889e+05	8.0925e+04
2.7817e+02	1.3672e+05	7.5276e+04
2.8244e+02	1.2540e+05	7.0040e+04
2.8678e+02	1.1509e+05	6.5255e+04
2.9118e+02	1.0565e+05	6.0732e+04
2.9565e+02	9.7028e+04	5.6451e+04
3.0019e+02	8.9063e+04	5.2474e+04
3.0479e+02	8.1701e+04	4.8748e+04
3.0947e+02	7.4952e+04	4.5243e+04
3.1422e+02	6.8945e+04	4.1962e+04
3.1905e+02	6.3353e+04	3.8915e+04
3.2394e+02	5.8137e+04	3.6070e+04
3.2892e+02	5.3407e+04	3.3420e+04
3.3396e+02	4.9046e+04	3.0955e+04
3.3909e+02	4.4978e+04	2.8667e+04
3.4429e+02	4.1269e+04	2.6507e+04
3.4958e+02	3.7843e+04	2.4485e+04
3.5494e+02	3.4679e+04	2.2619e+04
3.6039e+02	3.1776e+04	2.0935e+04
3.6592e+02	2.9126e+04	1.9402e+04
3.7154e+02	2.6632e+04	1.7954e+04
3.7724e+02	2.4349e+04	1.6572e+04
3.8303e+02	2.2304e+04	1.5292e+04
3.8891e+02	2.0501e+04	1.4100e+04
3.9488e+02	1.8829e+04	1.3039e+04
4.0094e+02	1.7221e+04	1.2057e+04
4.0710e+02	1.5753e+04	1.1109e+04
4.1335e+02	1.4388e+04	1.0220e+04
4.1969e+02	1.3209e+04	9.4073e+03
4.2613e+02	1.2119e+04	8.6684e+03
4.3267e+02	1.1064e+04	7.9937e+03
4.3931e+02	1.0102e+04	7.3679e+03
4.4606e+02	9.2357e+03	6.7863e+03
4.5290e+02	8.4551e+03	6.2475e+03
4.5985e+02	7.7393e+03	5.7485e+03
4.6691e+02	7.0781e+03	5.2854e+03
4.7408e+02	6.4732e+03	4.8546e+03
4.8136e+02	5.9191e+03	4.4638e+03
4.8874e+02	5.4086e+03	4.1049e+03
4.9625e+02	4.9369e+03	3.7680e+03
5.0386e+02	4.5116e+03	3.4615e+03
5.1160e+02	4.1233e+03	3.1808e+03
5.1945e+02	3.7600e+03	2.9211e+03
5.2742e+02	3.4364e+03	2.6828e+03
5.3552e+02	3.1409e+03	2.4671e+03
5.4374e+02	2.8684e+03	2.2700e+03
5.5208e+02	2.6214e+03	2.0846e+03
5.6056e+02	2.3994e+03	1.9104e+03
5.6916e+02	2.1960e+03	1.7514e+03
5.7790e+02	2.0024e+03	1.6066e+03
5.8677e+02	1.8268e+03	1.4745e+03
5.9577e+02	1.6678e+03	1.3519e+03
6.0492e+02	1.5240e+03	1.2377e+03
6.1420e+02	1.3911e+03	1.1320e+03
6.2363e+02	1.2683e+03	1.0350e+03
6.3320e+02	1.1550e+03	9.4616e+02
6.4292e+02	1.0517e+03	8.6496e+02
6.5279e+02	9.5744e+02	7.9020e+02
6.6281e+02	8.7170e+02	7.2229e+02
6.7298e+02	7.9296e+02	6.6065e+02
6.8331e+02	7.2219e+02	6.0440e+02
6.9380e+02	6.5825e+02	5.5217e+02
7.0445e+02	6.0009e+02	5.0403e+02
7.1526e+02	5.4575e+02	4.6008e+02
7.2624e+02	4.9636e+02	4.1968e+02
7.3738e+02	4.5164e+02	3.8353e+02
7.4870e+02	4.1039e+02	3.5073e+02
7.6019e+02	3.7431e+02	3.1999e+02
7.7186e+02	3.4108e+02	2.9132e+02
7.8371e+02	3.0985e+02	2.6508e+02
7.9574e+02	2.8102e+02	2.4154e+02
8.0795e+02	2.5492e+02	2.2030e+02
8.2035e+02	2.3181e+02	2.0086e+02
8.3295e+02	2.1085e+02	1.8309e+02
8.4573e+02	1.9165e+02	1.6677e+02
8.5871e+02	1.7423e+02	1.5175e+02
8.7189e+02	1.5801e+02	1.3822e+02
8.8527e+02	1.4353e+02	1.2594e+02
8.9886e+02	1.3045e+02	1.1473e+02
9.1266e+02	1.1855e+02	1.0443e+02
9.2667e+02	1.0770e+02	9.4866e+01
9.4089e+02	9.7683e+01	8.6013e+01
9.5533e+02	8.8348e+01	7.7938e+01
9.6999e+02	7.9850e+01	7.0656e+01
9.8488e+02	7.2180e+01	6.4168e+01
1.0000e+03	6.5421e+01	5.8284e+01