Energy(MeV)	Incoming Spectral Fluence(MeV-1 cm-2)	Residual Spectral Fluence(MeV-1 cm-2)
1.0000e-03	0.0000e+00	4.2670e+05
1.5000e-03	0.0000e+00	4.2679e+05
2.0000e-03	0.0000e+00	4.2686e+05
2.5000e-03	0.0000e+00	4.2691e+05
3.0000e-03	0.0000e+00	4.2695e+05
3.5000e-03	0.0000e+00	4.2698e+05
4.0000e-03	0.0000e+00	4.2701e+05
4.5000e-03	0.0000e+00	4.2703e+05
5.0000e-03	0.0000e+00	4.2706e+05
5.5000e-03	0.0000e+00	4.2708e+05
6.0000e-03	0.0000e+00	4.2710e+05
6.5000e-03	0.0000e+00	4.2712e+05
7.0000e-03	0.0000e+00	4.2713e+05
7.5000e-03	0.0000e+00	4.2715e+05
8.0000e-03	0.0000e+00	4.2716e+05
8.5000e-03	0.0000e+00	4.2718e+05
9.0000e-03	0.0000e+00	4.2719e+05
9.5000e-03	0.0000e+00	4.2720e+05
1.0000e-02	0.0000e+00	4.2721e+05
1.5000e-02	0.0000e+00	4.2730e+05
2.0000e-02	0.0000e+00	4.2736e+05
2.5000e-02	0.0000e+00	4.2741e+05
3.0000e-02	0.0000e+00	4.2745e+05
3.5000e-02	0.0000e+00	4.2751e+05
4.0000e-02	0.0000e+00	4.2765e+05
4.5000e-02	0.0000e+00	4.2778e+05
5.0000e-02	0.0000e+00	4.2790e+05
5.5000e-02	0.0000e+00	4.2800e+05
6.0000e-02	0.0000e+00	4.2809e+05
6.5000e-02	0.0000e+00	4.2818e+05
7.0000e-02	0.0000e+00	4.2826e+05
7.5000e-02	0.0000e+00	4.2834e+05
8.0000e-02	0.0000e+00	4.2841e+05
8.5000e-02	0.0000e+00	4.2847e+05
9.0000e-02	0.0000e+00	4.2854e+05
9.5000e-02	0.0000e+00	4.2866e+05
1.0000e-01	0.0000e+00	4.2877e+05
1.5000e-01	0.0000e+00	4.2969e+05
2.0000e-01	0.0000e+00	4.3063e+05
2.5000e-01	0.0000e+00	4.3158e+05
3.0000e-01	0.0000e+00	4.3254e+05
3.5000e-01	0.0000e+00	4.3349e+05
4.0000e-01	0.0000e+00	4.3444e+05
4.5000e-01	0.0000e+00	4.3538e+05
5.0000e-01	0.0000e+00	4.3632e+05
5.5000e-01	0.0000e+00	4.3724e+05
6.0000e-01	0.0000e+00	4.3815e+05
6.5000e-01	0.0000e+00	4.3904e+05
7.0000e-01	0.0000e+00	4.3991e+05
7.5000e-01	0.0000e+00	4.4080e+05
8.0000e-01	0.0000e+00	4.4172e+05
8.5000e-01	0.0000e+00	4.4265e+05
9.0000e-01	0.0000e+00	4.4359e+05
9.5000e-01	0.0000e+00	4.4453e+05
1.0000e+00	9.9930e+10	4.4546e+05
1.0139e+00	9.7831e+10	4.4573e+05
1.0281e+00	9.5774e+10	4.4599e+05
1.0424e+00	9.3759e+10	4.4626e+05
1.0569e+00	9.1784e+10	4.4654e+05
1.0717e+00	8.9850e+10	4.4681e+05
1.0866e+00	8.7955e+10	4.4709e+05
1.1018e+00	8.6098e+10	4.4738e+05
1.1171e+00	8.4278e+10	4.4767e+05
1.1327e+00	8.2496e+10	4.4796e+05
1.1485e+00	8.0749e+10	4.4826e+05
1.1645e+00	7.9038e+10	4.4856e+05
1.1807e+00	7.7362e+10	4.4887e+05
1.1972e+00	7.5720e+10	4.4917e+05
1.2139e+00	7.4111e+10	4.4949e+05
1.2308e+00	7.2535e+10	4.4981e+05
1.2479e+00	7.0991e+10	4.5013e+05
1.2653e+00	6.9479e+10	4.5046e+05
1.2830e+00	6.7997e+10	4.5079e+05
1.3009e+00	6.6545e+10	4.5113e+05
1.3190e+00	6.5123e+10	4.5147e+05
1.3374e+00	6.3730e+10	4.5182e+05
1.3560e+00	6.2366e+10	4.5217e+05
1.3749e+00	6.1029e+10	4.5252e+05
1.3941e+00	5.9720e+10	4.5288e+05
1.4135e+00	5.8437e+10	4.5325e+05
1.4332e+00	5.7181e+10	4.5362e+05
1.4532e+00	5.5950e+10	4.5400e+05
1.4735e+00	5.4745e+10	4.5437e+05
1.4940e+00	5.3564e+10	4.5476e+05
1.5148e+00	5.2408e+10	4.5515e+05
1.5359e+00	5.1275e+10	4.5555e+05
1.5573e+00	5.0166e+10	4.5595e+05
1.5791e+00	4.9079e+10	4.5636e+05
1.6011e+00	4.8015e+10	4.5677e+05
1.6234e+00	4.6973e+10	4.5719e+05
1.6460e+00	4.5952e+10	4.5762e+05
1.6690e+00	4.4952e+10	4.5805e+05
1.6922e+00	4.3973e+10	4.5849e+05
1.7158e+00	4.3014e+10	4.5893e+05
1.7397e+00	4.2074e+10	4.5938e+05
1.7640e+00	4.1155e+10	4.5983e+05
1.7886e+00	4.0254e+10	4.6030e+05
1.8135e+00	3.9372e+10	4.6076e+05
1.8388e+00	3.8508e+10	4.6124e+05
1.8644e+00	3.7662e+10	4.6172e+05
1.8904e+00	3.6834e+10	4.6221e+05
1.9167e+00	3.6023e+10	4.6270e+05
1.9435e+00	3.5228e+10	4.6320e+05
1.9706e+00	3.4451e+10	4.6371e+05
1.9980e+00	3.3689e+10	4.6423e+05
2.0259e+00	3.2944e+10	4.6475e+05
2.0541e+00	3.2213e+10	4.6528e+05
2.0828e+00	3.1499e+10	4.6581e+05
2.1118e+00	3.0799e+10	4.6636e+05
2.1412e+00	3.0113e+10	4.6691e+05
2.1711e+00	2.9442e+10	4.6747e+05
2.2013e+00	2.8786e+10	4.6803e+05
2.2320e+00	2.8142e+10	4.6861e+05
2.2631e+00	2.7513e+10	4.6919e+05
2.2947e+00	2.6896e+10	4.6978e+05
2.3267e+00	2.6293e+10	4.7038e+05
2.3591e+00	2.5702e+10	4.7099e+05
2.3920e+00	2.5124e+10	4.7160e+05
2.4253e+00	2.4558e+10	4.7223e+05
2.4591e+00	2.4004e+10	4.7286e+05
2.4934e+00	2.3462e+10	4.7350e+05
2.5282e+00	2.2931e+10	4.7415e+05
2.5634e+00	2.2411e+10	4.7424e+05
2.5991e+00	2.1902e+10	4.7359e+05
2.6354e+00	2.1404e+10	4.7395e+05
2.6721e+00	2.0917e+10	4.7454e+05
2.7094e+00	2.0440e+10	4.7524e+05
2.7471e+00	1.9973e+10	4.7594e+05
2.7854e+00	1.9517e+10	4.7666e+05
2.8242e+00	1.9070e+10	4.7738e+05
2.8636e+00	1.8632e+10	4.7811e+05
2.9035e+00	1.8204e+10	4.7886e+05
2.9440e+00	1.7785e+10	4.7961e+05
2.9850e+00	1.7375e+10	4.8038e+05
3.0266e+00	1.6974e+10	4.8115e+05
3.0688e+00	1.6581e+10	4.8193e+05
3.1116e+00	1.6197e+10	4.8273e+05
3.1550e+00	1.5821e+10	4.8354e+05
3.1990e+00	1.5453e+10	4.8436e+05
3.2436e+00	1.5093e+10	4.8518e+05
3.2888e+00	1.4741e+10	4.8602e+05
3.3346e+00	1.4397e+10	4.8688e+05
3.3811e+00	1.4060e+10	4.8774e+05
3.4282e+00	1.3730e+10	4.8861e+05
3.4760e+00	1.3408e+10	4.8950e+05
3.5245e+00	1.3092e+10	4.9040e+05
3.5736e+00	1.2784e+10	4.9131e+05
3.6234e+00	1.2482e+10	4.9223e+05
3.6739e+00	1.2187e+10	4.9317e+05
3.7251e+00	1.1898e+10	4.9412e+05
3.7771e+00	1.1615e+10	4.9508e+05
3.8297e+00	1.1339e+10	4.9605e+05
3.8831e+00	1.1069e+10	4.9704e+05
3.9372e+00	1.0804e+10	4.9804e+05
3.9921e+00	1.0546e+10	4.9905e+05
4.0478e+00	1.0293e+10	5.0008e+05
4.1042e+00	1.0046e+10	5.0112e+05
4.1614e+00	9.8044e+09	5.0218e+05
4.2194e+00	9.5680e+09	5.0325e+05
4.2782e+00	9.3369e+09	5.0433e+05
4.3379e+00	9.1110e+09	5.0543e+05
4.3983e+00	8.8900e+09	5.0655e+05
4.4596e+00	8.6740e+09	5.0768e+05
4.5218e+00	8.4628e+09	5.0882e+05
4.5848e+00	8.2564e+09	5.0998e+05
4.6487e+00	8.0546e+09	5.1115e+05
4.7135e+00	7.8573e+09	5.1234e+05
4.7792e+00	7.6644e+09	5.1354e+05
4.8459e+00	7.4759e+09	5.1476e+05
4.9134e+00	7.2916e+09	5.1599e+05
4.9819e+00	7.1115e+09	5.1724e+05
5.0513e+00	6.9354e+09	5.1851e+05
5.1218e+00	6.7634e+09	5.1979e+05
5.1932e+00	6.5953e+09	5.2108e+05
5.2655e+00	6.4309e+09	5.2228e+05
5.3389e+00	6.2704e+09	5.2345e+05
5.4134e+00	6.1135e+09	5.2478e+05
5.4888e+00	5.9602e+09	5.2614e+05
5.5653e+00	5.8103e+09	5.2752e+05
5.6429e+00	5.6640e+09	5.2892e+05
5.7216e+00	5.5210e+09	5.3033e+05
5.8013e+00	5.3813e+09	5.3176e+05
5.8822e+00	5.2448e+09	5.3321e+05
5.9642e+00	5.1115e+09	5.3467e+05
6.0473e+00	4.9812e+09	5.3616e+05
6.1316e+00	4.8540e+09	5.3766e+05
6.2171e+00	4.7297e+09	5.3918e+05
6.3038e+00	4.6084e+09	5.4072e+05
6.3916e+00	4.4899e+09	5.4228e+05
6.4807e+00	4.3741e+09	5.4386e+05
6.5711e+00	4.2611e+09	5.4545e+05
6.6627e+00	4.1507e+09	5.4707e+05
6.7555e+00	4.0429e+09	5.4870e+05
6.8497e+00	3.9376e+09	5.5036e+05
6.9452e+00	3.8349e+09	5.5203e+05
7.0420e+00	3.7346e+09	5.5373e+05
7.1402e+00	3.6366e+09	5.5545e+05
7.2397e+00	3.5410e+09	5.5718e+05
7.3406e+00	3.4477e+09	5.5894e+05
7.4429e+00	3.3566e+09	5.6071e+05
7.5467e+00	3.2676e+09	5.6251e+05
7.6519e+00	3.1808e+09	5.6432e+05
7.7585e+00	3.0961e+09	5.6616e+05
7.8667e+00	3.0135e+09	5.6802e+05
7.9763e+00	2.9328e+09	5.6990e+05
8.0875e+00	2.8541e+09	5.7180e+05
8.2003e+00	2.7773e+09	5.7372e+05
8.3146e+00	2.7024e+09	5.7566e+05
8.4305e+00	2.6292e+09	5.7763e+05
8.5480e+00	2.5579e+09	5.7962e+05
8.6671e+00	2.4884e+09	5.8163e+05
8.7880e+00	2.4205e+09	5.8367e+05
8.9105e+00	2.3543e+09	5.8573e+05
9.0347e+00	2.2897e+09	5.8781e+05
9.1606e+00	2.2268e+09	5.8992e+05
9.2883e+00	2.1654e+09	5.9204e+05
9.4178e+00	2.1055e+09	5.9418e+05
9.5490e+00	2.0471e+09	5.9636e+05
9.6822e+00	1.9902e+09	5.9863e+05
9.8171e+00	1.9347e+09	6.0096e+05
9.9540e+00	1.8806e+09	6.0327e+05
1.0093e+01	1.8278e+09	6.0563e+05
1.0233e+01	1.7764e+09	6.0794e+05
1.0376e+01	1.7263e+09	6.1016e+05
1.0521e+01	1.6774e+09	6.1243e+05
1.0667e+01	1.6298e+09	6.1472e+05
1.0816e+01	1.5835e+09	6.1704e+05
1.0967e+01	1.5383e+09	6.1938e+05
1.1120e+01	1.4942e+09	6.2174e+05
1.1275e+01	1.4513e+09	6.2413e+05
1.1432e+01	1.4095e+09	6.2655e+05
1.1591e+01	1.3688e+09	6.2914e+05
1.1753e+01	1.3291e+09	6.3232e+05
1.1917e+01	1.2905e+09	6.3489e+05
1.2083e+01	1.2529e+09	6.3736e+05
1.2251e+01	1.2162e+09	6.3984e+05
1.2422e+01	1.1805e+09	6.4232e+05
1.2595e+01	1.1458e+09	6.4483e+05
1.2771e+01	1.1120e+09	6.4736e+05
1.2949e+01	1.0790e+09	6.4991e+05
1.3129e+01	1.0470e+09	6.5249e+05
1.3312e+01	1.0158e+09	6.5513e+05
1.3498e+01	9.8540e+08	6.5783e+05
1.3686e+01	9.5584e+08	6.6054e+05
1.3877e+01	9.2708e+08	6.6295e+05
1.4070e+01	8.9909e+08	6.6549e+05
1.4266e+01	8.7186e+08	6.6817e+05
1.4465e+01	8.4536e+08	6.7084e+05
1.4667e+01	8.1958e+08	6.7352e+05
1.4871e+01	7.9451e+08	6.7618e+05
1.5078e+01	7.7013e+08	6.7885e+05
1.5289e+01	7.4641e+08	6.8151e+05
1.5502e+01	7.2334e+08	6.8418e+05
1.5718e+01	7.0092e+08	6.8684e+05
1.5937e+01	6.7911e+08	6.8952e+05
1.6159e+01	6.5791e+08	6.9221e+05
1.6384e+01	6.3730e+08	6.9489e+05
1.6613e+01	6.1727e+08	6.9754e+05
1.6844e+01	5.9780e+08	6.9981e+05
1.7079e+01	5.7888e+08	7.0245e+05
1.7317e+01	5.6050e+08	7.0508e+05
1.7559e+01	5.4263e+08	7.0771e+05
1.7803e+01	5.2527e+08	7.1034e+05
1.8051e+01	5.0841e+08	7.1296e+05
1.8303e+01	4.9204e+08	7.1558e+05
1.8558e+01	4.7613e+08	7.1819e+05
1.8817e+01	4.6068e+08	7.2080e+05
1.9079e+01	4.4568e+08	7.2342e+05
1.9345e+01	4.3112e+08	7.2606e+05
1.9615e+01	4.1698e+08	7.2869e+05
1.9888e+01	4.0325e+08	7.3162e+05
2.0166e+01	3.8993e+08	7.3414e+05
2.0447e+01	3.7699e+08	7.3656e+05
2.0732e+01	3.6445e+08	7.3898e+05
2.1021e+01	3.5227e+08	7.4145e+05
2.1314e+01	3.4046e+08	7.4502e+05
2.1611e+01	3.2900e+08	7.4734e+05
2.1912e+01	3.1788e+08	7.4962e+05
2.2217e+01	3.0710e+08	7.5191e+05
2.2527e+01	2.9664e+08	7.5436e+05
2.2841e+01	2.8651e+08	7.5632e+05
2.3160e+01	2.7668e+08	7.5854e+05
2.3482e+01	2.6715e+08	7.6068e+05
2.3810e+01	2.5791e+08	7.6273e+05
2.4142e+01	2.4896e+08	7.6469e+05
2.4478e+01	2.4029e+08	7.6661e+05
2.4819e+01	2.3188e+08	7.6849e+05
2.5165e+01	2.2374e+08	7.7024e+05
2.5516e+01	2.1585e+08	7.7190e+05
2.5872e+01	2.0821e+08	7.7351e+05
2.6232e+01	2.0081e+08	7.7507e+05
2.6598e+01	1.9365e+08	7.7657e+05
2.6969e+01	1.8671e+08	7.7807e+05
2.7345e+01	1.7999e+08	7.7957e+05
2.7726e+01	1.7349e+08	7.8134e+05
2.8112e+01	1.6720e+08	7.8239e+05
2.8504e+01	1.6111e+08	7.8353e+05
2.8902e+01	1.5522e+08	7.8576e+05
2.9304e+01	1.4953e+08	7.8659e+05
2.9713e+01	1.4401e+08	7.8758e+05
3.0127e+01	1.3868e+08	7.8862e+05
3.0547e+01	1.3353e+08	7.8929e+05
3.0973e+01	1.2855e+08	7.8974e+05
3.1405e+01	1.2373e+08	7.9006e+05
3.1842e+01	1.1907e+08	7.9027e+05
3.2286e+01	1.1457e+08	7.9026e+05
3.2736e+01	1.1022e+08	7.9016e+05
3.3193e+01	1.0602e+08	7.8996e+05
3.3655e+01	1.0196e+08	7.8977e+05
3.4124e+01	9.8039e+07	7.8995e+05
3.4600e+01	9.4253e+07	7.8923e+05
3.5082e+01	9.0597e+07	7.8862e+05
3.5572e+01	8.7068e+07	7.8770e+05
3.6067e+01	8.3661e+07	7.8709e+05
3.6570e+01	8.0374e+07	7.8622e+05
3.7080e+01	7.7201e+07	7.8492e+05
3.7597e+01	7.4141e+07	7.8346e+05
3.8121e+01	7.1188e+07	7.8174e+05
3.8652e+01	6.8341e+07	7.7985e+05
3.9191e+01	6.5595e+07	7.7788e+05
3.9737e+01	6.2948e+07	7.7621e+05
4.0291e+01	6.0396e+07	7.7418e+05
4.0853e+01	5.7936e+07	7.7178e+05
4.1422e+01	5.5566e+07	7.6920e+05
4.2000e+01	5.3283e+07	7.6690e+05
4.2585e+01	5.1083e+07	7.6390e+05
4.3179e+01	4.8964e+07	7.6069e+05
4.3781e+01	4.6924e+07	7.5716e+05
4.4391e+01	4.4960e+07	7.5355e+05
4.5010e+01	4.3069e+07	7.4994e+05
4.5637e+01	4.1250e+07	7.4607e+05
4.6273e+01	3.9499e+07	7.4195e+05
4.6918e+01	3.7814e+07	7.3822e+05
4.7572e+01	3.6194e+07	7.3379e+05
4.8235e+01	3.4636e+07	7.2905e+05
4.8908e+01	3.3138e+07	7.2400e+05
4.9590e+01	3.1697e+07	7.1902e+05
5.0281e+01	3.0313e+07	7.1369e+05
5.0982e+01	2.8983e+07	7.0827e+05
5.1692e+01	2.7705e+07	7.0322e+05
5.2413e+01	2.6478e+07	6.9740e+05
5.3144e+01	2.5299e+07	6.9128e+05
5.3884e+01	2.4167e+07	6.8502e+05
5.4636e+01	2.3081e+07	6.7868e+05
5.5397e+01	2.2038e+07	6.7194e+05
5.6169e+01	2.1037e+07	6.6580e+05
5.6952e+01	2.0077e+07	6.5889e+05
5.7746e+01	1.9157e+07	6.5163e+05
5.8551e+01	1.8274e+07	6.4448e+05
5.9367e+01	1.7428e+07	6.3687e+05
6.0195e+01	1.6617e+07	6.2955e+05
6.1034e+01	1.5839e+07	6.2188e+05
6.1885e+01	1.5095e+07	6.1384e+05
6.2747e+01	1.4381e+07	6.0588e+05
6.3622e+01	1.3698e+07	5.9750e+05
6.4509e+01	1.3044e+07	5.8956e+05
6.5408e+01	1.2418e+07	5.8091e+05
6.6320e+01	1.1820e+07	5.7237e+05
6.7244e+01	1.1247e+07	5.6352e+05
6.8182e+01	1.0699e+07	5.5502e+05
6.9132e+01	1.0174e+07	5.4590e+05
7.0096e+01	9.6735e+06	5.3640e+05
7.1073e+01	9.1946e+06	5.2613e+05
7.2064e+01	8.7371e+06	5.1612e+05
7.3068e+01	8.3001e+06	5.0553e+05
7.4087e+01	7.8827e+06	4.9501e+05
7.5119e+01	7.4842e+06	4.8462e+05
7.6166e+01	7.1038e+06	4.7411e+05
7.7228e+01	6.7408e+06	4.6360e+05
7.8305e+01	6.3946e+06	4.5309e+05
7.9396e+01	6.0643e+06	4.4277e+05
8.0503e+01	5.7494e+06	4.3226e+05
8.1625e+01	5.4492e+06	4.2187e+05
8.2763e+01	5.1632e+06	4.1166e+05
8.3917e+01	4.8906e+06	4.0132e+05
8.5086e+01	4.6311e+06	3.9117e+05
8.6272e+01	4.3839e+06	3.8097e+05
8.7475e+01	4.1487e+06	3.7086e+05
8.8694e+01	3.9248e+06	3.6102e+05
8.9931e+01	3.7119e+06	3.5100e+05
9.1184e+01	3.5094e+06	3.4125e+05
9.2455e+01	3.3168e+06	3.3155e+05
9.3744e+01	3.1338e+06	3.2187e+05
9.5051e+01	2.9599e+06	3.1256e+05
9.6376e+01	2.7947e+06	3.0313e+05
9.7719e+01	2.6379e+06	2.9406e+05
9.9081e+01	2.4890e+06	2.8490e+05
1.0046e+02	2.3477e+06	2.7589e+05
1.0186e+02	2.2137e+06	2.6714e+05
1.0328e+02	2.0866e+06	2.5851e+05
1.0472e+02	1.9661e+06	2.5007e+05
1.0618e+02	1.8518e+06	2.4174e+05
1.0766e+02	1.7436e+06	2.3363e+05
1.0916e+02	1.6412e+06	2.2562e+05
1.1068e+02	1.5441e+06	2.1784e+05
1.1223e+02	1.4523e+06	2.1016e+05
1.1379e+02	1.3654e+06	2.0269e+05
1.1538e+02	1.2833e+06	1.9539e+05
1.1699e+02	1.2056e+06	1.8823e+05
1.1862e+02	1.1322e+06	1.8128e+05
1.2027e+02	1.0628e+06	1.7449e+05
1.2195e+02	9.9732e+05	1.6784e+05
1.2365e+02	9.3549e+05	1.6141e+05
1.2537e+02	8.7713e+05	1.5514e+05
1.2712e+02	8.2208e+05	1.4900e+05
1.2889e+02	7.6544e+05	1.4307e+05
1.3069e+02	7.1252e+05	1.3732e+05
1.3251e+02	6.6324e+05	1.3172e+05
1.3436e+02	6.1734e+05	1.2628e+05
1.3623e+02	5.7459e+05	1.2100e+05
1.3813e+02	5.3478e+05	1.1590e+05
1.4005e+02	4.9771e+05	1.1097e+05
1.4201e+02	4.6320e+05	1.0620e+05
1.4398e+02	4.3105e+05	1.0158e+05
1.4599e+02	4.0113e+05	9.7117e+04
1.4803e+02	3.7326e+05	9.2805e+04
1.5009e+02	3.4732e+05	8.8584e+04
1.5218e+02	3.2316e+05	8.4516e+04
1.5430e+02	3.0068e+05	8.0600e+04
1.5645e+02	2.7974e+05	7.6834e+04
1.5864e+02	2.6025e+05	7.3212e+04
1.6085e+02	2.4211e+05	6.9734e+04
1.6309e+02	2.2522e+05	6.6415e+04
1.6536e+02	2.0950e+05	6.3232e+04
1.6767e+02	1.9487e+05	6.0175e+04
1.7000e+02	1.8125e+05	5.7242e+04
1.7237e+02	1.6858e+05	5.4428e+04
1.7478e+02	1.5678e+05	5.1731e+04
1.7721e+02	1.4581e+05	4.9146e+04
1.7968e+02	1.3559e+05	4.6672e+04
1.8219e+02	1.2608e+05	4.4305e+04
1.8473e+02	1.1724e+05	4.2037e+04
1.8730e+02	1.0901e+05	3.9873e+04
1.8991e+02	1.0135e+05	3.7802e+04
1.9256e+02	9.4225e+04	3.5825e+04
1.9525e+02	8.7596e+04	3.3939e+04
1.9797e+02	8.1429e+04	3.2138e+04
2.0073e+02	7.5692e+04	3.0409e+04
2.0352e+02	7.0355e+04	2.8757e+04
2.0636e+02	6.5391e+04	2.7185e+04
2.0924e+02	6.0774e+04	2.5690e+04
2.1216e+02	5.6480e+04	2.4269e+04
2.1511e+02	5.2486e+04	2.2919e+04
2.1811e+02	4.8771e+04	2.1641e+04
2.2115e+02	4.5317e+04	2.0433e+04
2.2423e+02	4.2105e+04	1.9285e+04
2.2736e+02	3.9118e+04	1.8195e+04
2.3053e+02	3.6341e+04	1.7161e+04
2.3374e+02	3.3758e+04	1.6180e+04
2.3700e+02	3.1358e+04	1.5249e+04
2.4030e+02	2.9126e+04	1.4367e+04
2.4365e+02	2.7051e+04	1.3532e+04
2.4705e+02	2.5123e+04	1.2741e+04
2.5049e+02	2.3330e+04	1.1988e+04
2.5399e+02	2.1664e+04	1.1273e+04
2.5753e+02	2.0115e+04	1.0598e+04
2.6112e+02	1.8676e+04	9.9600e+03
2.6476e+02	1.7339e+04	9.3579e+03
2.6845e+02	1.6096e+04	8.7898e+03
2.7219e+02	1.4941e+04	8.2555e+03
2.7598e+02	1.3868e+04	7.7533e+03
2.7983e+02	1.2871e+04	7.2794e+03
2.8373e+02	1.1945e+04	6.8324e+03
2.8769e+02	1.1085e+04	6.4109e+03
2.9170e+02	1.0286e+04	6.0136e+03
2.9576e+02	9.5439e+03	5.6393e+03
2.9988e+02	8.8546e+03	5.2859e+03
3.0406e+02	8.2144e+03	4.9514e+03
3.0830e+02	7.6199e+03	4.6368e+03
3.1260e+02	7.0679e+03	4.3412e+03
3.1696e+02	6.5553e+03	4.0633e+03
3.2138e+02	6.0794e+03	3.8024e+03
3.2586e+02	5.6376e+03	3.5583e+03
3.3040e+02	5.2274e+03	3.3296e+03
3.3500e+02	4.8467e+03	3.1146e+03
3.3967e+02	4.4934e+03	2.9128e+03
3.4441e+02	4.1654e+03	2.7233e+03
3.4921e+02	3.8610e+03	2.5454e+03
3.5408e+02	3.5786e+03	2.3774e+03
3.5901e+02	3.3165e+03	2.2200e+03
3.6402e+02	3.0734e+03	2.0725e+03
3.6909e+02	2.8478e+03	1.9343e+03
3.7424e+02	2.6385e+03	1.8051e+03
3.7945e+02	2.4444e+03	1.6846e+03
3.8474e+02	2.2643e+03	1.5719e+03
3.9011e+02	2.0973e+03	1.4664e+03
3.9554e+02	1.9425e+03	1.3676e+03
4.0106e+02	1.7989e+03	1.2749e+03
4.0665e+02	1.6657e+03	1.1879e+03
4.1232e+02	1.5423e+03	1.1066e+03
4.1806e+02	1.4278e+03	1.0306e+03
4.2389e+02	1.3217e+03	9.5970e+02
4.2980e+02	1.2234e+03	8.9367e+02
4.3579e+02	1.1323e+03	8.3212e+02
4.4187e+02	1.0478e+03	7.7462e+02
4.4803e+02	9.6959e+02	7.2093e+02
4.5427e+02	8.9708e+02	6.7056e+02
4.6060e+02	8.2991e+02	6.2355e+02
4.6702e+02	7.6769e+02	5.7972e+02
4.7353e+02	7.1005e+02	5.3886e+02
4.8013e+02	6.5666e+02	5.0087e+02
4.8683e+02	6.0723e+02	4.6555e+02
4.9361e+02	5.6145e+02	4.3261e+02
5.0049e+02	5.1906e+02	4.0189e+02
5.0747e+02	4.7982e+02	3.7315e+02
5.1454e+02	4.4349e+02	3.4640e+02
5.2172e+02	4.0987e+02	3.2151e+02
5.2899e+02	3.7875e+02	2.9837e+02
5.3636e+02	3.4995e+02	2.7692e+02
5.4384e+02	3.2330e+02	2.5697e+02
5.5142e+02	2.9864e+02	2.3836e+02
5.5911e+02	2.7584e+02	2.2100e+02
5.6690e+02	2.5474e+02	2.0486e+02
5.7480e+02	2.3522e+02	1.8986e+02
5.8282e+02	2.1718e+02	1.7596e+02
5.9094e+02	2.0049e+02	1.6307e+02
5.9918e+02	1.8506e+02	1.5108e+02
6.0753e+02	1.7080e+02	1.3991e+02
6.1600e+02	1.5761e+02	1.2954e+02
6.2458e+02	1.4543e+02	1.1991e+02
6.3329e+02	1.3416e+02	1.1099e+02
6.4212e+02	1.2376e+02	1.0273e+02
6.5107e+02	1.1414e+02	9.5052e+01
6.6014e+02	1.0526e+02	8.7917e+01
6.6935e+02	9.7058e+01	8.1303e+01
6.7868e+02	8.9481e+01	7.5176e+01
6.8814e+02	8.2484e+01	6.9514e+01
6.9773e+02	7.6023e+01	6.4271e+01
7.0746e+02	7.0059e+01	5.9390e+01
7.1732e+02	6.4553e+01	5.4866e+01
7.2732e+02	5.9472e+01	5.0678e+01
7.3745e+02	5.4782e+01	4.6807e+01
7.4773e+02	5.0455e+01	4.3225e+01
7.5816e+02	4.6463e+01	3.9903e+01
7.6873e+02	4.2781e+01	3.6828e+01
7.7944e+02	3.9384e+01	3.3985e+01
7.9031e+02	3.6252e+01	3.1361e+01
8.0132e+02	3.3363e+01	2.8933e+01
8.1249e+02	3.0701e+01	2.6682e+01
8.2382e+02	2.8246e+01	2.4602e+01
8.3530e+02	2.5984e+01	2.2682e+01
8.4695e+02	2.3899e+01	2.0910e+01
8.5875e+02	2.1978e+01	1.9269e+01
8.7072e+02	2.0208e+01	1.7752e+01
8.8286e+02	1.8578e+01	1.6353e+01
8.9517e+02	1.7076e+01	1.5063e+01
9.0764e+02	1.5694e+01	1.3870e+01
9.2030e+02	1.4421e+01	1.2768e+01
9.3313e+02	1.3249e+01	1.1752e+01
9.4613e+02	1.2170e+01	1.0817e+01
9.5932e+02	1.1177e+01	9.9523e+00
9.7269e+02	1.0264e+01	9.1545e+00
9.8625e+02	9.4236e+00	8.4195e+00
1.0000e+03	8.6506e+00	7.7433e+00