Energy(MeV)	Incoming Spectral Fluence(MeV-1 cm-2)	Residual Spectral Fluence(MeV-1 cm-2)
1.0000e-03	0.0000e+00	3.6578e+05
1.5000e-03	0.0000e+00	3.6587e+05
2.0000e-03	0.0000e+00	3.6594e+05
2.5000e-03	0.0000e+00	3.6598e+05
3.0000e-03	0.0000e+00	3.6602e+05
3.5000e-03	0.0000e+00	3.6605e+05
4.0000e-03	0.0000e+00	3.6608e+05
4.5000e-03	0.0000e+00	3.6611e+05
5.0000e-03	0.0000e+00	3.6613e+05
5.5000e-03	0.0000e+00	3.6615e+05
6.0000e-03	0.0000e+00	3.6616e+05
6.5000e-03	0.0000e+00	3.6618e+05
7.0000e-03	0.0000e+00	3.6620e+05
7.5000e-03	0.0000e+00	3.6621e+05
8.0000e-03	0.0000e+00	3.6622e+05
8.5000e-03	0.0000e+00	3.6624e+05
9.0000e-03	0.0000e+00	3.6625e+05
9.5000e-03	0.0000e+00	3.6626e+05
1.0000e-02	0.0000e+00	3.6627e+05
1.5000e-02	0.0000e+00	3.6635e+05
2.0000e-02	0.0000e+00	3.6642e+05
2.5000e-02	0.0000e+00	3.6648e+05
3.0000e-02	0.0000e+00	3.6653e+05
3.5000e-02	0.0000e+00	3.6657e+05
4.0000e-02	0.0000e+00	3.6663e+05
4.5000e-02	0.0000e+00	3.6669e+05
5.0000e-02	0.0000e+00	3.6674e+05
5.5000e-02	0.0000e+00	3.6680e+05
6.0000e-02	0.0000e+00	3.6686e+05
6.5000e-02	0.0000e+00	3.6693e+05
7.0000e-02	0.0000e+00	3.6700e+05
7.5000e-02	0.0000e+00	3.6707e+05
8.0000e-02	0.0000e+00	3.6713e+05
8.5000e-02	0.0000e+00	3.6720e+05
9.0000e-02	0.0000e+00	3.6726e+05
9.5000e-02	0.0000e+00	3.6733e+05
1.0000e-01	0.0000e+00	3.6740e+05
1.5000e-01	0.0000e+00	3.6809e+05
2.0000e-01	0.0000e+00	3.6880e+05
2.5000e-01	0.0000e+00	3.6950e+05
3.0000e-01	0.0000e+00	3.7021e+05
3.5000e-01	0.0000e+00	3.7092e+05
4.0000e-01	0.0000e+00	3.7163e+05
4.5000e-01	0.0000e+00	3.7233e+05
5.0000e-01	0.0000e+00	3.7295e+05
5.5000e-01	0.0000e+00	3.7354e+05
6.0000e-01	0.0000e+00	3.7423e+05
6.5000e-01	0.0000e+00	3.7494e+05
7.0000e-01	0.0000e+00	3.7563e+05
7.5000e-01	0.0000e+00	3.7633e+05
8.0000e-01	0.0000e+00	3.7704e+05
8.5000e-01	0.0000e+00	3.7774e+05
9.0000e-01	0.0000e+00	3.7845e+05
9.5000e-01	0.0000e+00	3.7915e+05
1.0000e+00	4.6664e+11	3.7986e+05
1.0139e+00	4.5242e+11	3.8005e+05
1.0281e+00	4.3863e+11	3.8025e+05
1.0424e+00	4.2527e+11	3.8045e+05
1.0569e+00	4.1254e+11	3.8065e+05
1.0717e+00	4.0013e+11	3.8086e+05
1.0866e+00	3.8749e+11	3.8107e+05
1.1018e+00	3.7547e+11	3.8128e+05
1.1171e+00	3.6384e+11	3.8150e+05
1.1327e+00	3.5243e+11	3.8171e+05
1.1485e+00	3.4127e+11	3.8194e+05
1.1645e+00	3.3044e+11	3.8216e+05
1.1807e+00	3.1996e+11	3.8239e+05
1.1972e+00	3.1008e+11	3.8263e+05
1.2139e+00	3.0062e+11	3.8286e+05
1.2308e+00	2.9150e+11	3.8310e+05
1.2479e+00	2.8244e+11	3.8335e+05
1.2653e+00	2.7345e+11	3.8359e+05
1.2830e+00	2.6482e+11	3.8384e+05
1.3009e+00	2.5659e+11	3.8410e+05
1.3190e+00	2.4884e+11	3.8435e+05
1.3374e+00	2.4125e+11	3.8462e+05
1.3560e+00	2.3390e+11	3.8488e+05
1.3749e+00	2.2673e+11	3.8515e+05
1.3941e+00	2.1977e+11	3.8542e+05
1.4135e+00	2.1298e+11	3.8570e+05
1.4332e+00	2.0620e+11	3.8597e+05
1.4532e+00	1.9998e+11	3.8626e+05
1.4735e+00	1.9378e+11	3.8654e+05
1.4940e+00	1.8807e+11	3.8684e+05
1.5148e+00	1.8218e+11	3.8712e+05
1.5359e+00	1.7636e+11	3.8733e+05
1.5573e+00	1.7087e+11	3.8754e+05
1.5791e+00	1.6565e+11	3.8778e+05
1.6011e+00	1.6041e+11	3.8809e+05
1.6234e+00	1.5525e+11	3.8839e+05
1.6460e+00	1.5037e+11	3.8871e+05
1.6690e+00	1.4571e+11	3.8904e+05
1.6922e+00	1.4115e+11	3.8937e+05
1.7158e+00	1.3673e+11	3.8971e+05
1.7397e+00	1.3249e+11	3.9005e+05
1.7640e+00	1.2838e+11	3.9039e+05
1.7886e+00	1.2444e+11	3.9074e+05
1.8135e+00	1.2064e+11	3.9109e+05
1.8388e+00	1.1688e+11	3.9145e+05
1.8644e+00	1.1324e+11	3.9182e+05
1.8904e+00	1.0970e+11	3.9219e+05
1.9167e+00	1.0642e+11	3.9256e+05
1.9435e+00	1.0327e+11	3.9294e+05
1.9706e+00	1.0020e+11	3.9332e+05
1.9980e+00	9.7284e+10	3.9371e+05
2.0259e+00	9.4330e+10	3.9411e+05
2.0541e+00	9.1394e+10	3.9450e+05
2.0828e+00	8.8695e+10	3.9491e+05
2.1118e+00	8.5918e+10	3.9532e+05
2.1412e+00	8.3197e+10	3.9574e+05
2.1711e+00	8.0645e+10	3.9616e+05
2.2013e+00	7.8121e+10	3.9659e+05
2.2320e+00	7.5698e+10	3.9703e+05
2.2631e+00	7.3430e+10	3.9747e+05
2.2947e+00	7.1227e+10	3.9792e+05
2.3267e+00	6.9088e+10	3.9838e+05
2.3591e+00	6.6978e+10	3.9884e+05
2.3920e+00	6.4896e+10	3.9931e+05
2.4253e+00	6.2908e+10	3.9978e+05
2.4591e+00	6.0986e+10	4.0027e+05
2.4934e+00	5.9136e+10	4.0075e+05
2.5282e+00	5.7345e+10	4.0125e+05
2.5634e+00	5.5598e+10	4.0168e+05
2.5991e+00	5.3902e+10	4.0197e+05
2.6354e+00	5.2162e+10	4.0242e+05
2.6721e+00	5.0409e+10	4.0293e+05
2.7094e+00	4.8842e+10	4.0346e+05
2.7471e+00	4.7298e+10	4.0399e+05
2.7854e+00	4.5910e+10	4.0454e+05
2.8242e+00	4.4702e+10	4.0509e+05
2.8636e+00	4.3320e+10	4.0565e+05
2.9035e+00	4.1997e+10	4.0622e+05
2.9440e+00	4.0686e+10	4.0680e+05
2.9850e+00	3.9429e+10	4.0738e+05
3.0266e+00	3.8199e+10	4.0797e+05
3.0688e+00	3.6991e+10	4.0857e+05
3.1116e+00	3.5811e+10	4.0918e+05
3.1550e+00	3.4739e+10	4.0980e+05
3.1990e+00	3.3656e+10	4.1042e+05
3.2436e+00	3.2572e+10	4.1105e+05
3.2888e+00	3.1528e+10	4.1169e+05
3.3346e+00	3.0591e+10	4.1235e+05
3.3811e+00	2.9661e+10	4.1303e+05
3.4282e+00	2.8754e+10	4.1371e+05
3.4760e+00	2.7905e+10	4.1440e+05
3.5245e+00	2.7049e+10	4.1510e+05
3.5736e+00	2.6245e+10	4.1580e+05
3.6234e+00	2.5425e+10	4.1651e+05
3.6739e+00	2.4633e+10	4.1724e+05
3.7251e+00	2.3860e+10	4.1797e+05
3.7771e+00	2.3114e+10	4.1870e+05
3.8297e+00	2.2384e+10	4.1945e+05
3.8831e+00	2.1695e+10	4.2021e+05
3.9372e+00	2.1047e+10	4.2098e+05
3.9921e+00	2.0439e+10	4.2177e+05
4.0478e+00	1.9823e+10	4.2257e+05
4.1042e+00	1.9190e+10	4.2338e+05
4.1614e+00	1.8579e+10	4.2419e+05
4.2194e+00	1.8019e+10	4.2502e+05
4.2782e+00	1.7458e+10	4.2586e+05
4.3379e+00	1.6939e+10	4.2671e+05
4.3983e+00	1.6468e+10	4.2758e+05
4.4596e+00	1.5963e+10	4.2845e+05
4.5218e+00	1.5466e+10	4.2934e+05
4.5848e+00	1.5015e+10	4.3024e+05
4.6487e+00	1.4540e+10	4.3116e+05
4.7135e+00	1.4073e+10	4.3208e+05
4.7792e+00	1.3616e+10	4.3303e+05
4.8459e+00	1.3184e+10	4.3398e+05
4.9134e+00	1.2794e+10	4.3494e+05
4.9819e+00	1.2399e+10	4.3592e+05
5.0513e+00	1.2040e+10	4.3692e+05
5.1218e+00	1.1676e+10	4.3792e+05
5.1932e+00	1.1332e+10	4.3894e+05
5.2655e+00	1.0983e+10	4.3996e+05
5.3389e+00	1.0640e+10	4.4097e+05
5.4134e+00	1.0319e+10	4.4202e+05
5.4888e+00	1.0016e+10	4.4310e+05
5.5653e+00	9.7361e+09	4.4418e+05
5.6429e+00	9.4511e+09	4.4528e+05
5.7216e+00	9.1476e+09	4.4640e+05
5.8013e+00	8.8670e+09	4.4753e+05
5.8822e+00	8.6135e+09	4.4867e+05
5.9642e+00	8.3648e+09	4.4984e+05
6.0473e+00	8.1168e+09	4.5101e+05
6.1316e+00	7.8707e+09	4.5221e+05
6.2171e+00	7.6515e+09	4.5342e+05
6.3038e+00	7.4545e+09	4.5467e+05
6.3916e+00	7.2346e+09	4.5594e+05
6.4807e+00	7.0243e+09	4.5721e+05
6.5711e+00	6.8187e+09	4.5848e+05
6.6627e+00	6.6362e+09	4.5976e+05
6.7555e+00	6.4557e+09	4.6106e+05
6.8497e+00	6.2615e+09	4.6239e+05
6.9452e+00	6.0773e+09	4.6373e+05
7.0420e+00	5.9092e+09	4.6508e+05
7.1402e+00	5.7310e+09	4.6647e+05
7.2397e+00	5.5790e+09	4.6787e+05
7.3406e+00	5.4022e+09	4.6929e+05
7.4429e+00	5.2592e+09	4.7071e+05
7.5467e+00	5.1155e+09	4.7216e+05
7.6519e+00	4.9602e+09	4.7364e+05
7.7585e+00	4.8148e+09	4.7512e+05
7.8667e+00	4.6815e+09	4.7663e+05
7.9763e+00	4.5413e+09	4.7816e+05
8.0875e+00	4.4096e+09	4.7971e+05
8.2003e+00	4.2767e+09	4.8127e+05
8.3146e+00	4.1639e+09	4.8286e+05
8.4305e+00	4.0441e+09	4.8446e+05
8.5480e+00	3.9216e+09	4.8610e+05
8.6671e+00	3.8050e+09	4.8776e+05
8.7880e+00	3.6962e+09	4.8945e+05
8.9105e+00	3.5943e+09	4.9115e+05
9.0347e+00	3.4972e+09	4.9287e+05
9.1606e+00	3.4008e+09	4.9463e+05
9.2883e+00	3.3044e+09	4.9642e+05
9.4178e+00	3.2065e+09	4.9819e+05
9.5490e+00	3.1149e+09	4.9998e+05
9.6822e+00	3.0280e+09	5.0180e+05
9.8171e+00	2.9374e+09	5.0364e+05
9.9540e+00	2.8519e+09	5.0551e+05
1.0093e+01	2.7669e+09	5.0740e+05
1.0233e+01	2.6869e+09	5.0933e+05
1.0376e+01	2.6037e+09	5.1124e+05
1.0521e+01	2.5296e+09	5.1316e+05
1.0667e+01	2.4521e+09	5.1511e+05
1.0816e+01	2.3799e+09	5.1704e+05
1.0967e+01	2.3053e+09	5.1905e+05
1.1120e+01	2.2373e+09	5.2107e+05
1.1275e+01	2.1695e+09	5.2311e+05
1.1432e+01	2.1087e+09	5.2517e+05
1.1591e+01	2.0449e+09	5.2728e+05
1.1753e+01	1.9814e+09	5.2955e+05
1.1917e+01	1.9224e+09	5.3170e+05
1.2083e+01	1.8627e+09	5.3386e+05
1.2251e+01	1.8065e+09	5.3604e+05
1.2422e+01	1.7520e+09	5.3821e+05
1.2595e+01	1.6937e+09	5.4042e+05
1.2771e+01	1.6383e+09	5.4268e+05
1.2949e+01	1.5895e+09	5.4496e+05
1.3129e+01	1.5374e+09	5.4728e+05
1.3312e+01	1.4895e+09	5.4960e+05
1.3498e+01	1.4420e+09	5.5194e+05
1.3686e+01	1.3951e+09	5.5431e+05
1.3877e+01	1.3511e+09	5.5664e+05
1.4070e+01	1.3089e+09	5.5901e+05
1.4266e+01	1.2656e+09	5.6146e+05
1.4465e+01	1.2249e+09	5.6392e+05
1.4667e+01	1.1862e+09	5.6643e+05
1.4871e+01	1.1476e+09	5.6894e+05
1.5078e+01	1.1073e+09	5.7145e+05
1.5289e+01	1.0711e+09	5.7397e+05
1.5502e+01	1.0347e+09	5.7651e+05
1.5718e+01	1.0017e+09	5.7907e+05
1.5937e+01	9.6833e+08	5.8173e+05
1.6159e+01	9.3533e+08	5.8430e+05
1.6384e+01	9.0301e+08	5.8694e+05
1.6613e+01	8.7172e+08	5.8962e+05
1.6844e+01	8.4134e+08	5.9225e+05
1.7079e+01	8.1309e+08	5.9500e+05
1.7317e+01	7.8427e+08	5.9782e+05
1.7559e+01	7.5942e+08	6.0055e+05
1.7803e+01	7.3277e+08	6.0330e+05
1.8051e+01	7.0788e+08	6.0607e+05
1.8303e+01	6.8202e+08	6.0883e+05
1.8558e+01	6.5697e+08	6.1168e+05
1.8817e+01	6.3347e+08	6.1454e+05
1.9079e+01	6.1118e+08	6.1736e+05
1.9345e+01	5.8792e+08	6.2018e+05
1.9615e+01	5.6800e+08	6.2306e+05
1.9888e+01	5.4765e+08	6.2605e+05
2.0166e+01	5.2744e+08	6.2898e+05
2.0447e+01	5.0887e+08	6.3182e+05
2.0732e+01	4.9090e+08	6.3472e+05
2.1021e+01	4.7351e+08	6.3756e+05
2.1314e+01	4.5612e+08	6.4067e+05
2.1611e+01	4.3922e+08	6.4355e+05
2.1912e+01	4.2338e+08	6.4646e+05
2.2217e+01	4.0824e+08	6.4933e+05
2.2527e+01	3.9336e+08	6.5231e+05
2.2841e+01	3.7819e+08	6.5525e+05
2.3160e+01	3.6395e+08	6.5822e+05
2.3482e+01	3.5065e+08	6.6117e+05
2.3810e+01	3.3775e+08	6.6412e+05
2.4142e+01	3.2560e+08	6.6710e+05
2.4478e+01	3.1433e+08	6.7005e+05
2.4819e+01	3.0325e+08	6.7297e+05
2.5165e+01	2.9254e+08	6.7594e+05
2.5516e+01	2.8176e+08	6.7890e+05
2.5872e+01	2.7125e+08	6.8186e+05
2.6232e+01	2.6104e+08	6.8485e+05
2.6598e+01	2.5176e+08	6.8784e+05
2.6969e+01	2.4275e+08	6.9074e+05
2.7345e+01	2.3408e+08	6.9366e+05
2.7726e+01	2.2541e+08	6.9668e+05
2.8112e+01	2.1675e+08	6.9963e+05
2.8504e+01	2.0848e+08	7.0241e+05
2.8902e+01	2.0064e+08	7.0537e+05
2.9304e+01	1.9296e+08	7.0808e+05
2.9713e+01	1.8574e+08	7.1076e+05
3.0127e+01	1.7887e+08	7.1345e+05
3.0547e+01	1.7217e+08	7.1602e+05
3.0973e+01	1.6574e+08	7.1856e+05
3.1405e+01	1.5939e+08	7.2113e+05
3.1842e+01	1.5314e+08	7.2358e+05
3.2286e+01	1.4747e+08	7.2602e+05
3.2736e+01	1.4176e+08	7.2841e+05
3.3193e+01	1.3633e+08	7.3086e+05
3.3655e+01	1.3127e+08	7.3322e+05
3.4124e+01	1.2610e+08	7.3568e+05
3.4600e+01	1.2110e+08	7.3796e+05
3.5082e+01	1.1655e+08	7.4021e+05
3.5572e+01	1.1212e+08	7.4233e+05
3.6067e+01	1.0792e+08	7.4446e+05
3.6570e+01	1.0388e+08	7.4660e+05
3.7080e+01	9.9730e+07	7.4860e+05
3.7597e+01	9.5902e+07	7.5050e+05
3.8121e+01	9.2052e+07	7.5235e+05
3.8652e+01	8.8393e+07	7.5409e+05
3.9191e+01	8.4914e+07	7.5579e+05
3.9737e+01	8.1589e+07	7.5757e+05
4.0291e+01	7.8268e+07	7.5916e+05
4.0853e+01	7.5123e+07	7.6063e+05
4.1422e+01	7.2178e+07	7.6192e+05
4.2000e+01	6.9342e+07	7.6325e+05
4.2585e+01	6.6613e+07	7.6440e+05
4.3179e+01	6.3953e+07	7.6543e+05
4.3781e+01	6.1379e+07	7.6636e+05
4.4391e+01	5.8917e+07	7.6727e+05
4.5010e+01	5.6530e+07	7.6809e+05
4.5637e+01	5.4293e+07	7.6878e+05
4.6273e+01	5.2124e+07	7.6935e+05
4.6918e+01	5.0070e+07	7.6998e+05
4.7572e+01	4.8083e+07	7.7036e+05
4.8235e+01	4.6161e+07	7.7053e+05
4.8908e+01	4.4289e+07	7.7055e+05
4.9590e+01	4.2472e+07	7.7050e+05
5.0281e+01	4.0768e+07	7.7034e+05
5.0982e+01	3.9124e+07	7.7008e+05
5.1692e+01	3.7566e+07	7.6989e+05
5.2413e+01	3.5979e+07	7.6940e+05
5.3144e+01	3.4451e+07	7.6879e+05
5.3884e+01	3.3063e+07	7.6795e+05
5.4636e+01	3.1636e+07	7.6708e+05
5.5397e+01	3.0343e+07	7.6609e+05
5.6169e+01	2.9060e+07	7.6501e+05
5.6952e+01	2.7843e+07	7.6370e+05
5.7746e+01	2.6669e+07	7.6226e+05
5.8551e+01	2.5568e+07	7.6069e+05
5.9367e+01	2.4523e+07	7.5888e+05
6.0195e+01	2.3501e+07	7.5709e+05
6.1034e+01	2.2492e+07	7.5521e+05
6.1885e+01	2.1533e+07	7.5303e+05
6.2747e+01	2.0615e+07	7.5068e+05
6.3622e+01	1.9765e+07	7.4817e+05
6.4509e+01	1.8937e+07	7.4565e+05
6.5408e+01	1.8137e+07	7.4293e+05
6.6320e+01	1.7366e+07	7.4015e+05
6.7244e+01	1.6628e+07	7.3708e+05
6.8182e+01	1.5898e+07	7.3395e+05
6.9132e+01	1.5228e+07	7.3064e+05
7.0096e+01	1.4575e+07	7.2712e+05
7.1073e+01	1.3967e+07	7.2356e+05
7.2064e+01	1.3392e+07	7.1983e+05
7.3068e+01	1.2830e+07	7.1593e+05
7.4087e+01	1.2295e+07	7.1183e+05
7.5119e+01	1.1777e+07	7.0767e+05
7.6166e+01	1.1276e+07	7.0333e+05
7.7228e+01	1.0807e+07	6.9892e+05
7.8305e+01	1.0347e+07	6.9426e+05
7.9396e+01	9.9006e+06	6.8955e+05
8.0503e+01	9.4867e+06	6.8474e+05
8.1625e+01	9.0802e+06	6.7977e+05
8.2763e+01	8.6949e+06	6.7462e+05
8.3917e+01	8.3232e+06	6.6929e+05
8.5086e+01	7.9818e+06	6.6388e+05
8.6272e+01	7.6530e+06	6.5843e+05
8.7475e+01	7.3356e+06	6.5283e+05
8.8694e+01	7.0386e+06	6.4703e+05
8.9931e+01	6.7488e+06	6.4111e+05
9.1184e+01	6.4706e+06	6.3522e+05
9.2455e+01	6.1946e+06	6.2912e+05
9.3744e+01	5.9300e+06	6.2293e+05
9.5051e+01	5.6829e+06	6.1669e+05
9.6376e+01	5.4386e+06	6.1033e+05
9.7719e+01	5.2101e+06	6.0389e+05
9.9081e+01	4.9966e+06	5.9718e+05
1.0046e+02	4.7918e+06	5.9038e+05
1.0186e+02	4.5985e+06	5.8356e+05
1.0328e+02	4.4154e+06	5.7669e+05
1.0472e+02	4.2312e+06	5.6970e+05
1.0618e+02	4.0524e+06	5.6273e+05
1.0766e+02	3.8863e+06	5.5564e+05
1.0916e+02	3.7295e+06	5.4852e+05
1.1068e+02	3.5765e+06	5.4132e+05
1.1223e+02	3.4309e+06	5.3410e+05
1.1379e+02	3.2909e+06	5.2681e+05
1.1538e+02	3.1525e+06	5.1958e+05
1.1699e+02	3.0230e+06	5.1226e+05
1.1862e+02	2.8992e+06	5.0497e+05
1.2027e+02	2.7809e+06	4.9764e+05
1.2195e+02	2.6671e+06	4.9029e+05
1.2365e+02	2.5565e+06	4.8292e+05
1.2537e+02	2.4537e+06	4.7553e+05
1.2712e+02	2.3549e+06	4.6812e+05
1.2889e+02	2.2598e+06	4.6077e+05
1.3069e+02	2.1670e+06	4.5343e+05
1.3251e+02	2.0800e+06	4.4608e+05
1.3436e+02	1.9984e+06	4.3871e+05
1.3623e+02	1.9160e+06	4.3135e+05
1.3813e+02	1.8395e+06	4.2402e+05
1.4005e+02	1.7653e+06	4.1672e+05
1.4201e+02	1.6947e+06	4.0948e+05
1.4398e+02	1.6266e+06	4.0224e+05
1.4599e+02	1.5615e+06	3.9504e+05
1.4803e+02	1.4983e+06	3.8785e+05
1.5009e+02	1.4386e+06	3.8047e+05
1.5218e+02	1.3810e+06	3.7315e+05
1.5430e+02	1.3266e+06	3.6587e+05
1.5645e+02	1.2735e+06	3.5867e+05
1.5864e+02	1.2208e+06	3.5155e+05
1.6085e+02	1.1720e+06	3.4451e+05
1.6309e+02	1.1251e+06	3.3756e+05
1.6536e+02	1.0810e+06	3.3065e+05
1.6767e+02	1.0374e+06	3.2381e+05
1.7000e+02	9.9544e+05	3.1704e+05
1.7237e+02	9.5588e+05	3.1035e+05
1.7478e+02	9.1862e+05	3.0372e+05
1.7721e+02	8.8169e+05	2.9717e+05
1.7968e+02	8.4647e+05	2.9071e+05
1.8219e+02	8.1296e+05	2.8433e+05
1.8473e+02	7.8069e+05	2.7802e+05
1.8730e+02	7.4963e+05	2.7179e+05
1.8991e+02	7.2043e+05	2.6564e+05
1.9256e+02	6.9156e+05	2.5958e+05
1.9525e+02	6.6401e+05	2.5361e+05
1.9797e+02	6.3735e+05	2.4771e+05
2.0073e+02	6.1275e+05	2.4176e+05
2.0352e+02	5.8843e+05	2.3589e+05
2.0636e+02	5.6507e+05	2.3010e+05
2.0924e+02	5.4288e+05	2.2442e+05
2.1216e+02	5.2122e+05	2.1881e+05
2.1511e+02	5.0061e+05	2.1329e+05
2.1811e+02	4.8112e+05	2.0788e+05
2.2115e+02	4.6210e+05	2.0258e+05
2.2423e+02	4.4395e+05	1.9739e+05
2.2736e+02	4.2636e+05	1.9229e+05
2.3053e+02	4.0984e+05	1.8731e+05
2.3374e+02	3.9391e+05	1.8243e+05
2.3700e+02	3.7855e+05	1.7763e+05
2.4030e+02	3.6367e+05	1.7292e+05
2.4365e+02	3.4976e+05	1.6830e+05
2.4705e+02	3.3575e+05	1.6377e+05
2.5049e+02	3.2233e+05	1.5928e+05
2.5399e+02	3.0939e+05	1.5487e+05
2.5753e+02	2.9698e+05	1.5058e+05
2.6112e+02	2.8502e+05	1.4639e+05
2.6476e+02	2.7395e+05	1.4230e+05
2.6845e+02	2.6310e+05	1.3831e+05
2.7219e+02	2.5272e+05	1.3442e+05
2.7598e+02	2.4276e+05	1.3061e+05
2.7983e+02	2.3297e+05	1.2690e+05
2.8373e+02	2.2353e+05	1.2326e+05
2.8769e+02	2.1468e+05	1.1971e+05
2.9170e+02	2.0632e+05	1.1624e+05
2.9576e+02	1.9820e+05	1.1286e+05
2.9988e+02	1.9042e+05	1.0955e+05
3.0406e+02	1.8292e+05	1.0627e+05
3.0830e+02	1.7578e+05	1.0309e+05
3.1260e+02	1.6891e+05	9.9994e+04
3.1696e+02	1.6218e+05	9.6985e+04
3.2138e+02	1.5574e+05	9.4064e+04
3.2586e+02	1.4967e+05	9.1233e+04
3.3040e+02	1.4378e+05	8.8480e+04
3.3500e+02	1.3806e+05	8.5803e+04
3.3967e+02	1.3263e+05	8.3202e+04
3.4441e+02	1.2739e+05	8.0668e+04
3.4921e+02	1.2234e+05	7.8190e+04
3.5408e+02	1.1754e+05	7.5745e+04
3.5901e+02	1.1296e+05	7.3369e+04
3.6402e+02	1.0852e+05	7.1057e+04
3.6909e+02	1.0436e+05	6.8812e+04
3.7424e+02	1.0032e+05	6.6630e+04
3.7945e+02	9.6410e+04	6.4511e+04
3.8474e+02	9.2698e+04	6.2454e+04
3.9011e+02	8.9069e+04	6.0456e+04
3.9554e+02	8.5625e+04	5.8506e+04
4.0106e+02	8.2291e+04	5.6590e+04
4.0665e+02	7.9045e+04	5.4718e+04
4.1232e+02	7.5971e+04	5.2910e+04
4.1806e+02	7.3063e+04	5.1157e+04
4.2389e+02	7.0208e+04	4.9464e+04
4.2980e+02	6.7360e+04	4.7835e+04
4.3579e+02	6.4728e+04	4.6260e+04
4.4187e+02	6.2156e+04	4.4734e+04
4.4803e+02	5.9654e+04	4.3249e+04
4.5427e+02	5.7305e+04	4.1796e+04
4.6060e+02	5.5057e+04	4.0385e+04
4.6702e+02	5.2941e+04	3.9021e+04
4.7353e+02	5.0839e+04	3.7710e+04
4.8013e+02	4.8878e+04	3.6444e+04
4.8683e+02	4.6929e+04	3.5215e+04
4.9361e+02	4.5068e+04	3.4020e+04
5.0049e+02	4.3331e+04	3.2857e+04
5.0747e+02	4.1656e+04	3.1727e+04
5.1454e+02	4.0041e+04	3.0640e+04
5.2172e+02	3.8457e+04	2.9589e+04
5.2899e+02	3.6927e+04	2.8574e+04
5.3636e+02	3.5492e+04	2.7592e+04
5.4384e+02	3.4106e+04	2.6640e+04
5.5142e+02	3.2787e+04	2.5710e+04
5.5911e+02	3.1506e+04	2.4808e+04
5.6690e+02	3.0295e+04	2.3935e+04
5.7480e+02	2.9089e+04	2.3090e+04
5.8282e+02	2.7957e+04	2.2276e+04
5.9094e+02	2.6866e+04	2.1487e+04
5.9918e+02	2.5804e+04	2.0723e+04
6.0753e+02	2.4798e+04	1.9981e+04
6.1600e+02	2.3817e+04	1.9266e+04
6.2458e+02	2.2871e+04	1.8576e+04
6.3329e+02	2.1964e+04	1.7910e+04
6.4212e+02	2.1106e+04	1.7269e+04
6.5107e+02	2.0268e+04	1.6650e+04
6.6014e+02	1.9464e+04	1.6053e+04
6.6935e+02	1.8690e+04	1.5480e+04
6.7868e+02	1.7951e+04	1.4932e+04
6.8814e+02	1.7243e+04	1.4401e+04
6.9773e+02	1.6570e+04	1.3888e+04
7.0746e+02	1.5941e+04	1.3388e+04
7.1732e+02	1.5311e+04	1.2903e+04
7.2732e+02	1.4721e+04	1.2435e+04
7.3745e+02	1.4152e+04	1.1983e+04
7.4773e+02	1.3596e+04	1.1549e+04
7.5816e+02	1.3060e+04	1.1128e+04
7.6873e+02	1.2549e+04	1.0722e+04
7.7944e+02	1.2059e+04	1.0332e+04
7.9031e+02	1.1585e+04	9.9562e+03
8.0132e+02	1.1131e+04	9.5935e+03
8.1249e+02	1.0696e+04	9.2417e+03
8.2382e+02	1.0278e+04	8.9028e+03
8.3530e+02	9.8758e+03	8.5768e+03
8.4695e+02	9.4905e+03	8.2624e+03
8.5875e+02	9.1204e+03	7.9567e+03
8.7072e+02	8.7648e+03	7.6608e+03
8.8286e+02	8.4231e+03	7.3760e+03
8.9517e+02	8.0911e+03	7.1043e+03
9.0764e+02	7.7654e+03	6.8425e+03
9.2030e+02	7.4641e+03	6.5908e+03
9.3313e+02	7.1710e+03	6.3495e+03
9.4613e+02	6.8918e+03	6.1174e+03
9.5932e+02	6.6255e+03	5.8923e+03
9.7269e+02	6.3698e+03	5.6749e+03
9.8625e+02	6.1237e+03	5.4653e+03
1.0000e+03	5.8866e+03	5.2635e+03