1.000000e-01 7.884717e+12 1.291361e+13
1.015495e-01 7.573160e+12 1.238196e+13
1.031230e-01 7.273914e+12 1.187233e+13
1.047209e-01 6.986491e+12 1.138312e+13
1.063436e-01 6.710424e+12 1.091635e+13
1.079914e-01 6.445270e+12 1.046949e+13
1.096647e-01 6.191014e+12 1.004093e+13
1.113639e-01 5.946788e+12 9.629914e+12
1.130895e-01 5.712195e+12 9.235721e+12
1.148418e-01 5.487644e+12 8.857741e+12
1.166213e-01 5.273677e+12 8.496186e+12
1.184284e-01 5.066027e+12 8.147801e+12
1.202634e-01 4.867087e+12 7.815077e+12
1.221269e-01 4.676248e+12 7.495940e+12
1.240193e-01 4.492974e+12 7.189834e+12
1.259409e-01 4.314822e+12 6.896229e+12
1.278924e-01 4.143729e+12 6.614612e+12
1.298741e-01 3.979600e+12 6.344495e+12
1.318865e-01 3.822208e+12 6.085408e+12
1.339301e-01 3.672159e+12 5.836901e+12
1.360053e-01 3.529186e+12 5.598175e+12
1.381127e-01 3.391861e+12 5.369088e+12
1.402528e-01 3.257982e+12 5.149375e+12
1.424260e-01 3.128906e+12 4.938531e+12
1.446329e-01 3.005761e+12 4.735120e+12
1.468740e-01 2.887828e+12 4.540086e+12
1.491498e-01 2.774523e+12 4.353086e+12
1.514609e-01 2.665663e+12 4.173788e+12
1.538078e-01 2.561073e+12 4.001875e+12
1.561910e-01 2.459034e+12 3.837043e+12
1.586112e-01 2.360699e+12 3.679574e+12
1.610689e-01 2.266296e+12 3.529340e+12
1.635647e-01 2.175669e+12 3.385038e+12
1.660991e-01 2.088703e+12 3.246596e+12
1.686728e-01 2.005312e+12 3.113815e+12
1.712864e-01 1.925837e+12 2.986465e+12
1.739405e-01 1.849909e+12 2.864323e+12
1.766357e-01 1.777070e+12 2.746909e+12
1.793727e-01 1.707158e+12 2.634740e+12
1.821520e-01 1.639995e+12 2.527151e+12
1.849745e-01 1.575475e+12 2.423955e+12
1.878407e-01 1.513493e+12 2.324973e+12
1.907513e-01 1.453948e+12 2.230033e+12
1.937070e-01 1.396746e+12 2.138969e+12
1.967085e-01 1.341795e+12 2.051587e+12
1.997565e-01 1.288300e+12 1.967241e+12
2.028517e-01 1.236921e+12 1.887178e+12
2.059949e-01 1.187590e+12 1.810348e+12
2.091868e-01 1.140228e+12 1.736471e+12
2.124281e-01 1.094753e+12 1.665461e+12
2.157197e-01 1.051124e+12 1.597428e+12
2.190623e-01 1.009626e+12 1.532319e+12
2.224567e-01 9.699775e+11 1.469746e+12
2.259036e-01 9.318861e+11 1.409720e+12
2.294040e-01 8.952904e+11 1.351966e+12
2.329586e-01 8.601317e+11 1.296286e+12
2.365683e-01 8.263535e+11 1.242899e+12
2.402340e-01 7.939016e+11 1.191710e+12
2.439564e-01 7.627240e+11 1.142584e+12
2.477365e-01 7.327706e+11 1.095452e+12
2.515752e-01 7.039934e+11 1.050264e+12
2.554733e-01 6.763225e+11 1.006941e+12
2.594319e-01 6.495551e+11 9.654038e+11
2.634518e-01 6.238538e+11 9.256700e+11
2.675340e-01 5.991830e+11 8.876019e+11
2.716794e-01 5.754877e+11 8.510993e+11
2.758891e-01 5.527294e+11 8.160977e+11
2.801640e-01 5.308710e+11 7.825355e+11
2.845052e-01 5.098769e+11 7.505797e+11
2.889136e-01 4.897130e+11 7.198610e+11
2.933903e-01 4.702230e+11 6.902314e+11
2.979364e-01 4.514525e+11 6.617497e+11
3.025529e-01 4.336135e+11 6.344076e+11
3.072410e-01 4.165178e+11 6.082227e+11
3.120017e-01 4.000960e+11 5.831489e+11
3.168361e-01 3.842645e+11 5.591087e+11
3.217455e-01 3.690435e+11 5.360595e+11
3.267310e-01 3.544364e+11 5.139436e+11
3.317937e-01 3.404075e+11 4.927299e+11
3.369348e-01 3.269390e+11 4.723919e+11
3.421556e-01 3.140042e+11 4.529059e+11
3.474573e-01 3.015811e+11 4.342990e+11
3.528412e-01 2.896592e+11 4.166220e+11
3.583085e-01 2.782184e+11 3.997548e+11
3.638605e-01 2.672307e+11 3.833293e+11
3.694985e-01 2.567848e+11 3.675453e+11
3.752239e-01 2.467471e+11 3.524113e+11
3.810380e-01 2.371016e+11 3.379880e+11
3.869422e-01 2.277240e+11 3.241194e+11
3.929379e-01 2.186913e+11 3.108198e+11
3.990264e-01 2.100196e+11 2.980566e+11
4.052094e-01 2.016952e+11 2.857994e+11
4.114881e-01 1.937008e+11 2.740463e+11
4.178641e-01 1.860231e+11 2.627765e+11
4.243389e-01 1.786497e+11 2.520641e+11
4.309140e-01 1.715686e+11 2.416081e+11
4.375911e-01 1.647680e+11 2.317270e+11
4.443715e-01 1.582666e+11 2.222918e+11
4.512571e-01 1.520263e+11 2.131259e+11
4.582493e-01 1.460312e+11 2.043326e+11
4.653499e-01 1.402456e+11 1.959053e+11
4.725605e-01 1.347031e+11 1.878339e+11
4.798828e-01 1.293766e+11 1.801154e+11
4.873186e-01 1.242411e+11 1.727035e+11
4.948696e-01 1.193159e+11 1.656107e+11
5.025377e-01 1.145859e+11 1.587951e+11
5.103245e-01 1.100354e+11 1.522598e+11
5.182320e-01 1.056585e+11 1.460478e+11
5.262620e-01 1.014647e+11 1.400481e+11
5.344164e-01 9.743870e+10 1.342641e+11
5.426972e-01 9.357394e+10 1.287142e+11
5.511063e-01 8.986319e+10 1.234150e+11
5.596457e-01 8.630253e+10 1.183062e+11
5.683174e-01 8.288391e+10 1.134265e+11
5.771235e-01 7.961325e+10 1.087715e+11
5.860661e-01 7.648254e+10 1.043075e+11
5.951472e-01 7.347490e+10 1.000267e+11
6.043690e-01 7.058550e+10 9.593202e+10
6.137337e-01 6.780580e+10 9.203210e+10
6.232435e-01 6.511018e+10 8.826734e+10
6.329007e-01 6.252170e+10 8.461971e+10
6.427075e-01 6.003610e+10 8.116266e+10
6.526662e-01 5.765270e+10 7.784106e+10
6.627793e-01 5.539120e+10 7.464587e+10
6.730491e-01 5.319702e+10 7.162464e+10
6.834780e-01 5.108475e+10 6.872209e+10
6.940685e-01 4.908439e+10 6.591404e+10
7.048231e-01 4.713309e+10 6.322456e+10
7.157444e-01 4.525619e+10 6.066299e+10
7.268348e-01 4.344934e+10 5.819570e+10
7.380971e-01 4.171857e+10 5.582874e+10
7.495340e-01 4.006618e+10 5.355802e+10
7.611480e-01 3.847923e+10 5.137153e+10
7.729420e-01 3.695537e+10 4.924568e+10
7.849188e-01 3.549250e+10 4.721435e+10
7.970811e-01 3.408751e+10 4.528823e+10
8.094319e-01 3.273987e+10 4.343732e+10
8.219740e-01 3.144511e+10 4.164919e+10
8.347105e-01 3.019762e+10 3.994578e+10
8.476444e-01 2.900596e+10 3.828644e+10
8.607786e-01 2.785367e+10 3.670415e+10
8.741164e-01 2.674003e+10 3.519238e+10
8.876609e-01 2.567245e+10 3.373871e+10
9.014152e-01 2.464865e+10 3.234508e+10
9.153826e-01 2.366231e+10 3.100901e+10
9.295665e-01 2.271725e+10 2.973048e+10
9.439702e-01 2.181579e+10 2.851384e+10
9.585970e-01 2.095010e+10 2.736479e+10
9.734505e-01 2.011806e+10 2.625858e+10
9.885341e-01 1.931680e+10 2.517576e+10
1.003851e+00 1.854778e+10 2.413758e+10
1.019406e+00 1.780574e+10 2.314220e+10
1.035202e+00 1.708406e+10 2.218787e+10
1.051242e+00 1.640238e+10 2.128849e+10
1.067531e+00 1.575762e+10 2.043120e+10
1.084073e+00 1.512787e+10 1.960719e+10
1.100870e+00 1.453176e+10 1.881185e+10
1.117928e+00 1.395281e+10 1.803212e+10
1.135251e+00 1.340452e+10 1.729230e+10
1.152842e+00 1.286546e+10 1.657830e+10
1.170705e+00 1.235395e+10 1.589376e+10
1.188845e+00 1.186738e+10 1.523886e+10
1.207266e+00 1.139519e+10 1.461960e+10
1.225973e+00 1.094179e+10 1.402663e+10
1.244969e+00 1.050641e+10 1.345614e+10
1.264260e+00 1.008835e+10 1.290181e+10
1.283850e+00 9.686910e+09 1.236919e+10
1.303743e+00 9.302385e+09 1.185855e+10
1.323945e+00 8.933762e+09 1.136898e+10
1.344459e+00 8.579737e+09 1.089961e+10
1.365291e+00 8.239731e+09 1.044962e+10
1.386447e+00 7.913190e+09 1.002995e+10
1.407930e+00 7.599581e+09 9.619229e+09
1.429746e+00 7.298487e+09 9.222896e+09
1.451900e+00 7.009822e+09 8.842887e+09
1.474397e+00 6.733265e+09 8.478529e+09
1.497243e+00 6.462727e+09 8.130947e+09
1.520442e+00 6.203584e+09 7.796952e+09
1.544002e+00 5.956811e+09 7.475863e+09
1.567926e+00 5.720607e+09 7.168458e+09
1.592221e+00 5.491671e+09 6.873101e+09
1.616892e+00 5.273141e+09 6.589910e+09
1.641946e+00 5.063301e+09 6.319874e+09
1.667388e+00 4.862183e+09 6.059961e+09
1.693224e+00 4.667380e+09 5.810965e+09
1.719461e+00 4.481266e+09 5.572240e+09
1.746104e+00 4.302620e+09 5.346942e+09
1.773160e+00 4.131011e+09 5.131241e+09
1.800635e+00 3.965077e+09 4.922552e+09
1.828536e+00 3.807590e+09 4.719550e+09
1.856869e+00 3.656269e+09 4.525018e+09
1.885641e+00 3.511280e+09 4.338471e+09
1.914859e+00 3.373096e+09 4.160312e+09
1.944530e+00 3.240342e+09 3.989651e+09
1.974661e+00 3.112179e+09 3.825305e+09
2.005258e+00 2.988570e+09 3.669073e+09
2.036330e+00 2.869904e+09 3.517024e+09
2.067883e+00 2.755944e+09 3.372108e+09
2.099924e+00 2.646505e+09 3.233126e+09
2.132463e+00 2.541790e+09 3.100357e+09
2.165505e+00 2.441822e+09 2.974207e+09
2.199060e+00 2.345715e+09 2.852974e+09
2.233134e+00 2.253534e+09 2.735547e+09
2.267737e+00 2.164983e+09 2.624449e+09
2.302875e+00 2.079655e+09 2.516307e+09
2.338559e+00 1.996457e+09 2.412508e+09
2.374795e+00 1.916245e+09 2.312334e+09
2.411592e+00 1.839770e+09 2.216678e+09
2.448960e+00 1.766593e+09 2.126111e+09
2.486906e+00 1.696019e+09 2.039242e+09
2.525441e+00 1.628209e+09 1.956238e+09
2.564573e+00 1.563163e+09 1.877061e+09
2.604311e+00 1.500369e+09 1.800897e+09
2.644665e+00 1.440500e+09 1.727729e+09
2.685644e+00 1.382873e+09 1.658577e+09
2.727258e+00 1.327856e+09 1.589663e+09
2.769517e+00 1.274724e+09 1.524373e+09
2.812431e+00 1.224099e+09 1.461885e+09
2.856009e+00 1.175169e+09 1.402889e+09
2.900263e+00 1.128424e+09 1.346602e+09
2.945203e+00 1.083283e+09 1.292239e+09
2.990839e+00 1.040290e+09 1.240128e+09
3.037182e+00 9.989448e+08 1.189855e+09
3.084243e+00 9.591238e+08 1.141895e+09
3.132033e+00 9.207038e+08 1.095316e+09
3.180564e+00 8.839557e+08 1.051099e+09
3.229847e+00 8.488325e+08 1.008034e+09
3.279894e+00 8.151199e+08 9.667141e+08
3.330716e+00 7.827564e+08 9.273460e+08
3.382325e+00 7.516643e+08 8.894987e+08
3.434734e+00 7.217491e+08 8.534130e+08
3.487956e+00 6.930388e+08 8.187800e+08
3.542002e+00 6.652583e+08 7.852725e+08
3.596885e+00 6.383288e+08 7.535071e+08
3.652619e+00 6.128372e+08 7.230383e+08
3.709216e+00 5.884381e+08 6.936950e+08
3.766690e+00 5.650000e+08 6.655160e+08
3.825055e+00 5.424343e+08 6.382278e+08
3.884325e+00 5.209169e+08 6.121089e+08
3.944512e+00 5.000759e+08 5.868557e+08
4.005633e+00 4.799854e+08 5.625142e+08
4.067700e+00 4.607583e+08 5.395692e+08
4.130729e+00 4.424028e+08 5.173347e+08
4.194735e+00 4.247489e+08 4.959941e+08
4.259732e+00 4.076201e+08 4.755638e+08
4.325737e+00 3.912389e+08 4.561656e+08
4.392764e+00 3.756868e+08 4.379475e+08
4.460830e+00 3.607953e+08 4.202080e+08
4.529951e+00 3.463967e+08 4.030484e+08
4.600143e+00 3.323961e+08 3.865131e+08
4.671422e+00 3.191991e+08 3.706431e+08
4.743806e+00 3.064549e+08 3.555012e+08
4.817311e+00 2.940580e+08 3.409978e+08
4.891955e+00 2.821953e+08 3.271200e+08
4.967756e+00 2.708113e+08 3.138039e+08
5.044732e+00 2.598928e+08 3.009542e+08
5.122900e+00 2.494558e+08 2.886623e+08
5.202279e+00 2.393616e+08 2.769610e+08
5.282889e+00 2.295499e+08 2.656474e+08
5.364747e+00 2.203101e+08 2.547810e+08
5.447874e+00 2.114199e+08 2.445211e+08
5.532289e+00 2.027799e+08 2.345654e+08
5.618012e+00 1.946723e+08 2.250478e+08
5.705063e+00 1.867768e+08 2.157902e+08
5.793463e+00 1.793084e+08 2.069488e+08
5.883233e+00 1.721373e+08 1.984521e+08
5.974393e+00 1.652899e+08 1.903808e+08
6.066967e+00 1.585994e+08 1.826078e+08
6.160975e+00 1.522044e+08 1.751566e+08
6.256439e+00 1.461137e+08 1.679972e+08
6.353383e+00 1.402525e+08 1.612076e+08
6.451828e+00 1.346450e+08 1.546519e+08
6.551800e+00 1.292281e+08 1.483442e+08
6.653320e+00 1.239849e+08 1.423375e+08
6.756413e+00 1.189569e+08 1.364973e+08
6.861104e+00 1.141758e+08 1.308617e+08
6.967417e+00 1.095284e+08 1.255615e+08
7.075377e+00 1.051501e+08 1.204692e+08
7.185010e+00 1.009202e+08 1.156010e+08
7.296342e+00 9.683559e+07 1.109619e+08
7.409399e+00 9.288158e+07 1.064632e+08
7.524208e+00 8.907423e+07 1.020649e+08
7.640795e+00 8.543235e+07 9.792232e+07
7.759190e+00 8.199526e+07 9.395533e+07
7.879418e+00 7.865571e+07 9.012739e+07
8.001510e+00 7.548319e+07 8.644928e+07
8.125494e+00 7.240315e+07 8.296399e+07
8.251398e+00 6.951020e+07 7.959823e+07
8.379254e+00 6.670537e+07 7.640267e+07
8.509090e+00 6.399562e+07 7.328684e+07
8.640939e+00 6.141269e+07 7.028221e+07
8.774830e+00 5.892956e+07 6.745217e+07
8.910797e+00 5.654670e+07 6.471653e+07
9.048869e+00 5.424553e+07 6.210350e+07
9.189082e+00 5.203383e+07 5.956850e+07
9.331467e+00 4.990622e+07 5.713259e+07
9.476058e+00 4.789179e+07 5.478729e+07
9.622890e+00 4.591055e+07 5.257508e+07
9.771997e+00 4.403857e+07 5.044906e+07
9.923414e+00 4.224329e+07 4.840273e+07
1.007718e+01 4.051077e+07 4.643369e+07
1.023332e+01 3.884140e+07 4.453961e+07
1.039189e+01 3.727028e+07 4.273750e+07
1.055291e+01 3.574738e+07 4.100742e+07
1.071643e+01 3.428574e+07 3.935444e+07
1.088248e+01 3.283934e+07 3.775921e+07
1.105110e+01 3.150511e+07 3.623789e+07
1.122234e+01 3.021387e+07 3.477526e+07
1.139623e+01 2.898936e+07 3.337001e+07
1.157282e+01 2.783544e+07 3.200122e+07
1.175214e+01 2.670099e+07 3.068652e+07
1.193424e+01 2.561544e+07 2.944171e+07
1.211916e+01 2.456926e+07 2.825340e+07
1.230694e+01 2.354635e+07 2.710330e+07
1.249764e+01 2.258413e+07 2.600033e+07
1.269129e+01 2.164586e+07 2.493852e+07
1.288794e+01 2.074960e+07 2.391500e+07
1.308764e+01 1.989190e+07 2.294089e+07
1.329044e+01 1.907327e+07 2.200261e+07
1.349637e+01 1.828898e+07 2.111814e+07
1.370550e+01 1.753846e+07 2.025916e+07
1.391787e+01 1.681691e+07 1.943831e+07
1.413352e+01 1.612439e+07 1.863733e+07
1.435252e+01 1.546930e+07 1.787581e+07
1.457491e+01 1.482404e+07 1.714627e+07
1.480075e+01 1.421735e+07 1.644417e+07
1.503009e+01 1.363698e+07 1.576592e+07
1.526298e+01 1.308843e+07 1.511928e+07
1.549948e+01 1.255811e+07 1.450025e+07
1.573965e+01 1.203827e+07 1.390476e+07
1.598353e+01 1.154939e+07 1.333348e+07
1.623120e+01 1.107205e+07 1.278558e+07
1.648270e+01 1.061769e+07 1.226008e+07
1.673810e+01 1.017419e+07 1.175798e+07
1.699746e+01 9.756140e+06 1.127511e+07
1.726083e+01 9.357119e+06 1.081468e+07
1.752829e+01 8.975776e+06 1.037377e+07
1.779989e+01 8.609654e+06 9.949627e+06
1.807570e+01 8.254409e+06 9.541604e+06
1.835578e+01 7.911320e+06 9.149719e+06
1.864021e+01 7.586618e+06 8.777453e+06
1.892904e+01 7.274895e+06 8.420083e+06
1.922234e+01 6.974166e+06 8.075864e+06
1.952019e+01 6.686029e+06 7.744737e+06
1.982266e+01 6.409504e+06 7.423340e+06
2.012981e+01 6.144214e+06 7.118738e+06
2.044172e+01 5.886776e+06 6.831617e+06
2.075847e+01 5.643352e+06 6.551831e+06
2.108012e+01 5.412691e+06 6.280070e+06
2.140676e+01 5.189467e+06 6.019497e+06
2.173846e+01 4.973678e+06 5.771570e+06
2.207529e+01 4.768743e+06 5.535038e+06
2.241735e+01 4.569974e+06 5.308702e+06
2.276471e+01 4.379193e+06 5.088874e+06
2.311745e+01 4.197281e+06 4.877728e+06
2.347565e+01 4.022488e+06 4.678888e+06
2.383941e+01 3.855266e+06 4.482862e+06
2.420880e+01 3.695877e+06 4.296285e+06
2.458392e+01 3.540264e+06 4.119206e+06
2.496485e+01 3.390035e+06 3.948173e+06
2.535168e+01 3.246525e+06 3.784061e+06
2.574450e+01 3.110635e+06 3.627482e+06
2.614341e+01 2.979894e+06 3.477911e+06
2.654850e+01 2.855587e+06 3.334457e+06
2.695987e+01 2.736654e+06 3.197113e+06
2.737762e+01 2.621853e+06 3.066167e+06
2.780183e+01 2.511045e+06 2.939530e+06
2.823262e+01 2.405218e+06 2.815719e+06
2.867009e+01 2.305432e+06 2.700198e+06
2.911433e+01 2.209682e+06 2.587231e+06
2.956546e+01 2.117357e+06 2.479135e+06
3.002358e+01 2.029849e+06 2.376684e+06
3.048879e+01 1.945924e+06 2.279164e+06
3.096122e+01 1.864382e+06 2.184720e+06
3.144096e+01 1.786035e+06 2.093634e+06
3.192814e+01 1.710749e+06 2.006035e+06
3.242287e+01 1.638608e+06 1.922185e+06
3.292526e+01 1.569578e+06 1.842461e+06
3.343544e+01 1.503883e+06 1.766228e+06
3.395352e+01 1.440809e+06 1.692298e+06
3.447963e+01 1.379983e+06 1.621869e+06
3.501389e+01 1.322009e+06 1.554376e+06
3.555643e+01 1.266166e+06 1.490255e+06
3.610738e+01 1.213528e+06 1.427819e+06
3.666687e+01 1.161548e+06 1.368438e+06
3.723502e+01 1.113195e+06 1.311252e+06
3.781198e+01 1.067159e+06 1.255919e+06
3.839787e+01 1.022339e+06 1.203190e+06
3.899285e+01 9.795311e+05 1.153695e+06
3.959704e+01 9.381285e+05 1.105254e+06
4.021060e+01 8.977447e+05 1.060328e+06
4.083367e+01 8.601568e+05 1.015709e+06
4.146638e+01 8.239948e+05 9.726333e+05
4.210891e+01 7.890985e+05 9.320739e+05
4.276138e+01 7.555642e+05 8.928554e+05
4.342397e+01 7.235396e+05 8.557231e+05
4.409683e+01 6.930852e+05 8.196990e+05
4.478011e+01 6.635164e+05 7.859301e+05
4.547398e+01 6.350549e+05 7.527458e+05
4.617860e+01 6.080448e+05 7.204372e+05
4.689414e+01 5.823848e+05 6.901365e+05
4.762076e+01 5.576998e+05 6.610015e+05
4.835865e+01 5.336304e+05 6.329978e+05
4.910796e+01 5.110992e+05 6.062031e+05
4.986889e+01 4.896556e+05 5.802971e+05
5.064161e+01 4.690859e+05 5.559749e+05
5.142630e+01 4.493129e+05 5.326648e+05
5.222315e+01 4.301422e+05 5.099033e+05
5.303235e+01 4.118025e+05 4.884215e+05
5.385409e+01 3.942371e+05 4.677782e+05
5.468856e+01 3.774406e+05 4.480247e+05
5.553596e+01 3.612036e+05 4.288963e+05
5.639649e+01 3.455293e+05 4.107253e+05
5.727036e+01 3.308089e+05 3.931136e+05
5.815776e+01 3.167929e+05 3.762571e+05
5.905892e+01 3.032392e+05 3.602308e+05
5.997404e+01 2.901132e+05 3.448243e+05
6.090333e+01 2.776209e+05 3.301796e+05
6.184703e+01 2.657752e+05 3.161102e+05
6.280535e+01 2.542981e+05 3.026313e+05
6.377852e+01 2.433960e+05 2.896147e+05
6.476677e+01 2.328608e+05 2.772586e+05
6.577033e+01 2.226691e+05 2.654141e+05
6.678945e+01 2.125696e+05 2.540887e+05
6.782435e+01 2.033400e+05 2.433124e+05
6.887529e+01 1.943539e+05 2.329843e+05
6.994251e+01 1.860490e+05 2.230825e+05
7.102627e+01 1.780529e+05 2.135827e+05
7.212683e+01 1.702393e+05 2.044794e+05
7.324443e+01 1.628094e+05 1.956431e+05
7.437936e+01 1.557330e+05 1.872100e+05
7.553187e+01 1.489284e+05 1.791727e+05
7.670223e+01 1.423089e+05 1.714356e+05
7.789074e+01 1.361160e+05 1.640849e+05
7.909765e+01 1.301436e+05 1.570209e+05
8.032327e+01 1.244828e+05 1.502459e+05
8.156788e+01 1.191147e+05 1.437888e+05
8.283178e+01 1.138233e+05 1.375856e+05
8.411526e+01 1.086804e+05 1.314793e+05
8.541863e+01 1.037676e+05 1.257201e+05
8.674219e+01 9.908341e+04 1.201947e+05
8.808626e+01 9.466069e+04 1.148486e+05
8.945116e+01 9.034118e+04 1.097743e+05
9.083721e+01 8.635377e+04 1.050566e+05
9.224473e+01 8.254011e+04 1.004668e+05
9.367406e+01 7.875835e+04 9.610255e+04
9.512555e+01 7.514950e+04 9.194367e+04
9.659952e+01 7.179578e+04 8.785241e+04
9.809633e+01 6.862372e+04 8.402447e+04
9.961633e+01 6.562344e+04 8.030512e+04
1.011599e+02 6.252321e+04 7.673913e+04
1.027274e+02 5.965525e+04 7.337765e+04
1.043191e+02 5.686511e+04 7.009776e+04
1.059356e+02 5.422010e+04 6.695072e+04
1.075770e+02 5.181849e+04 6.396616e+04
1.092439e+02 4.938083e+04 6.112748e+04
1.109367e+02 4.720321e+04 5.842600e+04
1.126556e+02 4.504458e+04 5.584406e+04
1.144012e+02 4.302483e+04 5.337031e+04
1.161739e+02 4.110695e+04 5.100478e+04
1.179740e+02 3.917526e+04 4.876097e+04
1.198020e+02 3.741937e+04 4.660056e+04
1.216583e+02 3.575723e+04 4.457193e+04
1.235434e+02 3.410613e+04 4.260860e+04
1.254578e+02 3.254760e+04 4.068330e+04
1.274017e+02 3.107810e+04 3.883951e+04
1.293758e+02 2.962283e+04 3.710745e+04
1.313805e+02 2.823087e+04 3.540822e+04
1.334162e+02 2.694493e+04 3.380453e+04
1.354835e+02 2.567210e+04 3.228169e+04
1.375828e+02 2.445608e+04 3.083399e+04
1.397147e+02 2.329886e+04 2.943753e+04
1.418796e+02 2.214816e+04 2.810523e+04
1.440780e+02 2.107526e+04 2.684257e+04
1.463105e+02 2.008023e+04 2.563552e+04
1.485776e+02 1.909461e+04 2.446656e+04
1.508798e+02 1.816563e+04 2.332916e+04
1.532177e+02 1.729558e+04 2.228131e+04
1.555918e+02 1.645428e+04 2.128278e+04
1.580027e+02 1.566276e+04 2.030465e+04
1.604509e+02 1.493416e+04 1.939078e+04
1.629371e+02 1.420110e+04 1.850361e+04
1.654618e+02 1.350580e+04 1.767188e+04
1.680257e+02 1.282646e+04 1.685422e+04
1.706292e+02 1.219047e+04 1.604706e+04
1.732731e+02 1.160454e+04 1.530663e+04
1.759580e+02 1.105159e+04 1.460204e+04
1.786845e+02 1.053351e+04 1.392975e+04
1.814532e+02 1.000194e+04 1.329449e+04
1.842648e+02 9.501330e+03 1.267296e+04
1.871200e+02 9.022068e+03 1.208460e+04
1.900194e+02 8.589681e+03 1.152047e+04
1.929638e+02 8.143737e+03 1.098698e+04
1.959538e+02 7.724281e+03 1.047159e+04
1.989901e+02 7.352353e+03 9.977410e+03
2.020734e+02 6.984823e+03 9.512243e+03
2.052045e+02 6.640316e+03 9.064211e+03
2.083842e+02 6.286167e+03 8.632334e+03
2.116131e+02 5.959600e+03 8.227771e+03
2.148921e+02 5.674877e+03 7.841162e+03
2.182218e+02 5.378156e+03 7.471315e+03
2.216032e+02 5.095023e+03 7.114993e+03
2.250369e+02 4.836993e+03 6.776686e+03
2.285239e+02 4.594002e+03 6.445299e+03
2.320648e+02 4.361605e+03 6.129462e+03
2.356607e+02 4.115727e+03 5.837464e+03
2.393123e+02 3.882698e+03 5.558399e+03
2.430204e+02 3.683018e+03 5.292680e+03
2.467860e+02 3.481939e+03 5.033502e+03
2.506100e+02 3.296331e+03 4.794714e+03
2.544932e+02 3.113203e+03 4.557439e+03
2.584365e+02 2.935252e+03 4.337559e+03
2.624410e+02 2.766659e+03 4.121543e+03
2.665075e+02 2.607444e+03 3.917553e+03
2.706371e+02 2.466695e+03 3.722507e+03
2.748306e+02 2.326853e+03 3.538449e+03
2.790891e+02 2.199699e+03 3.362280e+03
2.834136e+02 2.074155e+03 3.193750e+03
2.878051e+02 1.951044e+03 3.035198e+03
2.922647e+02 1.834423e+03 2.883650e+03
2.967933e+02 1.727497e+03 2.740237e+03
3.013921e+02 1.628140e+03 2.604869e+03
3.060622e+02 1.532634e+03 2.477121e+03
3.108046e+02 1.441292e+03 2.353138e+03
3.156206e+02 1.354950e+03 2.237870e+03
3.205111e+02 1.273543e+03 2.124304e+03
3.254774e+02 1.196674e+03 2.016092e+03
3.305207e+02 1.124065e+03 1.913628e+03
3.356421e+02 1.056231e+03 1.816039e+03
3.408429e+02 9.926516e+02 1.726539e+03
3.461243e+02 9.325947e+02 1.639964e+03
3.514875e+02 8.758804e+02 1.556406e+03
3.569338e+02 8.223379e+02 1.476089e+03
3.624645e+02 7.718043e+02 1.399073e+03
3.680809e+02 7.241475e+02 1.326396e+03
3.737843e+02 6.792463e+02 1.258748e+03
3.795761e+02 6.369032e+02 1.191958e+03
3.854576e+02 5.969846e+02 1.128150e+03
3.914303e+02 5.593634e+02 1.068857e+03
3.974955e+02 5.239183e+02 1.012378e+03
4.036547e+02 4.904859e+02 9.590344e+02
4.099093e+02 4.586906e+02 9.094178e+02
4.162609e+02 4.278613e+02 8.626627e+02
4.227109e+02 3.986206e+02 8.176006e+02
4.292608e+02 3.712023e+02 7.751445e+02
4.359122e+02 3.455036e+02 7.339002e+02
4.426666e+02 3.214270e+02 6.952292e+02
4.495258e+02 2.988799e+02 6.576411e+02
4.564912e+02 2.778015e+02 6.230580e+02
4.635645e+02 2.586484e+02 5.897962e+02
4.707475e+02 2.407024e+02 5.586722e+02
4.780417e+02 2.239162e+02 5.291083e+02
4.854490e+02 2.076295e+02 5.005945e+02
4.929710e+02 1.925264e+02 4.736167e+02
5.006096e+02 1.789565e+02 4.473966e+02
5.083665e+02 1.662592e+02 4.217597e+02
5.162437e+02 1.543839e+02 3.986177e+02
5.242429e+02 1.433320e+02 3.772338e+02
5.323660e+02 1.330206e+02 3.559921e+02
5.406151e+02 1.233349e+02 3.361127e+02
5.489919e+02 1.140987e+02 3.171851e+02
5.574985e+02 1.054967e+02 2.994739e+02
5.661370e+02 9.748504e+01 2.826507e+02
5.749093e+02 9.002724e+01 2.665305e+02
5.838175e+02 8.308884e+01 2.516470e+02
5.928638e+02 7.663729e+01 2.377124e+02
6.020502e+02 7.064185e+01 2.241979e+02
6.113790e+02 6.507351e+01 2.113055e+02
6.208523e+02 5.990489e+01 1.991055e+02
6.304724e+02 5.511019e+01 1.875129e+02
6.402416e+02 5.066506e+01 1.767409e+02
6.501622e+02 4.654657e+01 1.665351e+02
6.602365e+02 4.273313e+01 1.565449e+02
6.704668e+02 3.921685e+01 1.474530e+02
6.808557e+02 3.600250e+01 1.387931e+02
6.914056e+02 3.299101e+01 1.305215e+02
7.021189e+02 3.017507e+01 1.227349e+02
7.129983e+02 2.757857e+01 1.152382e+02
7.240462e+02 2.518612e+01 1.082633e+02
7.352653e+02 2.305287e+01 1.018267e+02
7.466583e+02 2.112696e+01 9.569130e+01
7.582277e+02 1.930788e+01 8.991118e+01
7.699765e+02 1.758847e+01 8.466916e+01
7.819073e+02 1.600905e+01 7.964696e+01
7.940229e+02 1.455934e+01 7.488691e+01
8.063263e+02 1.322973e+01 7.021483e+01
8.188204e+02 1.201122e+01 6.580359e+01
8.315080e+02 1.089545e+01 6.170372e+01
8.443923e+02 9.874575e+00 5.781275e+01
8.574761e+02 8.941317e+00 5.421429e+01
8.707627e+02 8.088876e+00 5.083122e+01
8.842552e+02 7.310926e+00 4.759960e+01
8.979568e+02 6.601579e+00 4.448664e+01
9.118706e+02 5.955362e+00 4.163479e+01
9.260001e+02 5.367190e+00 3.890406e+01
9.403485e+02 4.832342e+00 3.634304e+01
9.549192e+02 4.348117e+00 3.407304e+01
9.697157e+02 3.908560e+00 3.193637e+01
9.847414e+02 3.509848e+00 2.978226e+01
1.000000e+03 3.148538e+00 2.782253e+01
