Energy(MeV)	Incoming Spectral Fluence(MeV-1 cm-2)	Residual Spectral Fluence(MeV-1 cm-2)
1.0000e-03	0.0000e+00	3.1737e+06
1.5000e-03	0.0000e+00	3.1763e+06
2.0000e-03	0.0000e+00	3.1772e+06
2.5000e-03	0.0000e+00	3.1778e+06
3.0000e-03	0.0000e+00	3.1783e+06
3.5000e-03	0.0000e+00	3.1787e+06
4.0000e-03	0.0000e+00	3.1791e+06
4.5000e-03	0.0000e+00	3.1794e+06
5.0000e-03	0.0000e+00	3.1797e+06
5.5000e-03	0.0000e+00	3.1799e+06
6.0000e-03	0.0000e+00	3.1802e+06
6.5000e-03	0.0000e+00	3.1804e+06
7.0000e-03	0.0000e+00	3.1806e+06
7.5000e-03	0.0000e+00	3.1808e+06
8.0000e-03	0.0000e+00	3.1810e+06
8.5000e-03	0.0000e+00	3.1811e+06
9.0000e-03	0.0000e+00	3.1813e+06
9.5000e-03	0.0000e+00	3.1814e+06
1.0000e-02	0.0000e+00	3.1816e+06
1.5000e-02	0.0000e+00	3.1826e+06
2.0000e-02	0.0000e+00	3.1834e+06
2.5000e-02	0.0000e+00	3.1840e+06
3.0000e-02	0.0000e+00	3.1853e+06
3.5000e-02	0.0000e+00	3.1870e+06
4.0000e-02	2.4084e+11	3.1886e+06
4.0820e-02	2.3639e+11	3.1888e+06
4.1657e-02	2.3201e+11	3.1891e+06
4.2511e-02	2.2772e+11	3.1893e+06
4.3382e-02	2.2350e+11	3.1895e+06
4.4272e-02	2.1936e+11	3.1898e+06
4.5179e-02	2.1530e+11	3.1900e+06
4.6106e-02	2.1132e+11	3.1902e+06
4.7051e-02	2.0740e+11	3.1905e+06
4.8016e-02	2.0356e+11	3.1907e+06
4.9000e-02	1.9979e+11	3.1909e+06
5.0004e-02	1.9609e+11	3.1912e+06
5.1030e-02	1.9246e+11	3.1914e+06
5.2076e-02	1.8890e+11	3.1917e+06
5.3143e-02	1.8540e+11	3.1919e+06
5.4233e-02	1.8197e+11	3.1922e+06
5.5345e-02	1.7860e+11	3.1926e+06
5.6479e-02	1.7529e+11	3.1930e+06
5.7637e-02	1.7204e+11	3.1934e+06
5.8819e-02	1.6885e+11	3.1938e+06
6.0025e-02	1.6573e+11	3.1942e+06
6.1255e-02	1.6266e+11	3.1946e+06
6.2511e-02	1.5964e+11	3.1950e+06
6.3793e-02	1.5668e+11	3.1954e+06
6.5100e-02	1.5378e+11	3.1958e+06
6.6435e-02	1.5093e+11	3.1962e+06
6.7797e-02	1.4813e+11	3.1966e+06
6.9187e-02	1.4539e+11	3.1970e+06
7.0605e-02	1.4269e+11	3.1974e+06
7.2053e-02	1.4005e+11	3.1978e+06
7.3530e-02	1.3745e+11	3.1982e+06
7.5038e-02	1.3490e+11	3.1985e+06
7.6576e-02	1.3240e+11	3.1989e+06
7.8146e-02	1.2995e+11	3.1993e+06
7.9748e-02	1.2754e+11	3.1998e+06
8.1383e-02	1.2517e+11	3.2003e+06
8.3051e-02	1.2285e+11	3.2008e+06
8.4754e-02	1.2057e+11	3.2014e+06
8.6491e-02	1.1833e+11	3.2019e+06
8.8265e-02	1.1614e+11	3.2025e+06
9.0074e-02	1.1398e+11	3.2030e+06
9.1921e-02	1.1187e+11	3.2036e+06
9.3805e-02	1.0979e+11	3.2041e+06
9.5728e-02	1.0775e+11	3.2047e+06
9.7691e-02	1.0575e+11	3.2052e+06
9.9694e-02	1.0379e+11	3.2058e+06
1.0174e-01	1.0186e+11	3.2063e+06
1.0382e-01	9.9969e+10	3.2069e+06
1.0595e-01	9.8112e+10	3.2074e+06
1.0812e-01	9.6290e+10	3.2080e+06
1.1034e-01	9.4501e+10	3.2087e+06
1.1260e-01	9.2745e+10	3.2093e+06
1.1491e-01	9.1021e+10	3.2099e+06
1.1727e-01	8.9329e+10	3.2105e+06
1.1967e-01	8.7669e+10	3.2112e+06
1.2212e-01	8.6039e+10	3.2118e+06
1.2463e-01	8.4439e+10	3.2124e+06
1.2718e-01	8.2868e+10	3.2130e+06
1.2979e-01	8.1327e+10	3.2137e+06
1.3245e-01	7.9814e+10	3.2144e+06
1.3517e-01	7.8328e+10	3.2152e+06
1.3794e-01	7.6871e+10	3.2161e+06
1.4077e-01	7.5440e+10	3.2170e+06
1.4365e-01	7.4035e+10	3.2178e+06
1.4660e-01	7.2656e+10	3.2187e+06
1.4960e-01	7.1303e+10	3.2196e+06
1.5267e-01	6.9975e+10	3.2204e+06
1.5580e-01	6.8671e+10	3.2213e+06
1.5899e-01	6.7391e+10	3.2222e+06
1.6225e-01	6.6135e+10	3.2233e+06
1.6558e-01	6.4902e+10	3.2243e+06
1.6897e-01	6.3691e+10	3.2253e+06
1.7244e-01	6.2503e+10	3.2264e+06
1.7597e-01	6.1337e+10	3.2274e+06
1.7958e-01	6.0192e+10	3.2284e+06
1.8326e-01	5.9069e+10	3.2294e+06
1.8702e-01	5.7966e+10	3.2306e+06
1.9085e-01	5.6883e+10	3.2318e+06
1.9477e-01	5.5821e+10	3.2330e+06
1.9876e-01	5.4778e+10	3.2342e+06
2.0283e-01	5.3754e+10	3.2353e+06
2.0699e-01	5.2749e+10	3.2365e+06
2.1124e-01	5.1762e+10	3.2378e+06
2.1557e-01	5.0794e+10	3.2391e+06
2.1999e-01	4.9843e+10	3.2405e+06
2.2450e-01	4.8910e+10	3.2418e+06
2.2910e-01	4.7995e+10	3.2431e+06
2.3379e-01	4.7096e+10	3.2445e+06
2.3859e-01	4.6213e+10	3.2459e+06
2.4348e-01	4.5347e+10	3.2474e+06
2.4847e-01	4.4497e+10	3.2489e+06
2.5356e-01	4.3662e+10	3.2504e+06
2.5876e-01	4.2843e+10	3.2519e+06
2.6407e-01	4.2039e+10	3.2535e+06
2.6948e-01	4.1250e+10	3.2551e+06
2.7501e-01	4.0475e+10	3.2568e+06
2.8064e-01	3.9714e+10	3.2585e+06
2.8640e-01	3.8968e+10	3.2601e+06
2.9227e-01	3.8235e+10	3.2619e+06
2.9826e-01	3.7516e+10	3.2637e+06
3.0438e-01	3.6809e+10	3.2655e+06
3.1062e-01	3.6116e+10	3.2673e+06
3.1698e-01	3.5436e+10	3.2692e+06
3.2348e-01	3.4768e+10	3.2712e+06
3.3011e-01	3.4113e+10	3.2732e+06
3.3688e-01	3.3469e+10	3.2751e+06
3.4379e-01	3.2838e+10	3.2772e+06
3.5084e-01	3.2218e+10	3.2793e+06
3.5803e-01	3.1609e+10	3.2814e+06
3.6537e-01	3.1011e+10	3.2836e+06
3.7286e-01	3.0425e+10	3.2858e+06
3.8050e-01	2.9849e+10	3.2881e+06
3.8830e-01	2.9284e+10	3.2904e+06
3.9627e-01	2.8730e+10	3.2928e+06
4.0439e-01	2.8185e+10	3.2952e+06
4.1268e-01	2.7651e+10	3.2976e+06
4.2114e-01	2.7126e+10	3.3001e+06
4.2977e-01	2.6611e+10	3.3027e+06
4.3859e-01	2.6106e+10	3.3053e+06
4.4758e-01	2.5609e+10	3.3080e+06
4.5675e-01	2.5122e+10	3.3107e+06
4.6612e-01	2.4644e+10	3.3135e+06
4.7567e-01	2.4175e+10	3.3163e+06
4.8542e-01	2.3714e+10	3.3192e+06
4.9538e-01	2.3262e+10	3.3222e+06
5.0553e-01	2.2818e+10	3.3252e+06
5.1590e-01	2.2382e+10	3.3283e+06
5.2647e-01	2.1954e+10	3.3314e+06
5.3727e-01	2.1534e+10	3.3346e+06
5.4828e-01	2.1122e+10	3.3378e+06
5.5952e-01	2.0717e+10	3.3412e+06
5.7099e-01	2.0320e+10	3.3446e+06
5.8270e-01	1.9930e+10	3.3481e+06
5.9464e-01	1.9548e+10	3.3516e+06
6.0683e-01	1.9172e+10	3.3552e+06
6.1927e-01	1.8803e+10	3.3589e+06
6.3197e-01	1.8441e+10	3.3627e+06
6.4493e-01	1.8086e+10	3.3666e+06
6.5815e-01	1.7737e+10	3.3705e+06
6.7164e-01	1.7395e+10	3.3745e+06
6.8541e-01	1.7058e+10	3.3785e+06
6.9946e-01	1.6729e+10	3.3827e+06
7.1380e-01	1.6405e+10	3.3870e+06
7.2844e-01	1.6087e+10	3.3913e+06
7.4337e-01	1.5775e+10	3.3958e+06
7.5861e-01	1.5468e+10	3.4003e+06
7.7416e-01	1.5168e+10	3.4049e+06
7.9003e-01	1.4872e+10	3.4096e+06
8.0623e-01	1.4583e+10	3.4144e+06
8.2276e-01	1.4298e+10	3.4193e+06
8.3963e-01	1.4019e+10	3.4243e+06
8.5684e-01	1.3745e+10	3.4294e+06
8.7441e-01	1.3476e+10	3.4346e+06
8.9233e-01	1.3212e+10	3.4399e+06
9.1063e-01	1.2952e+10	3.4454e+06
9.2929e-01	1.2698e+10	3.4509e+06
9.4835e-01	1.2448e+10	3.4562e+06
9.6779e-01	1.2203e+10	3.4565e+06
9.8763e-01	1.1962e+10	3.4604e+06
1.0079e+00	1.1726e+10	3.4660e+06
1.0285e+00	1.1494e+10	3.4721e+06
1.0496e+00	1.1266e+10	3.4783e+06
1.0711e+00	1.1043e+10	3.4847e+06
1.0931e+00	1.0823e+10	3.4912e+06
1.1155e+00	1.0608e+10	3.4978e+06
1.1384e+00	1.0397e+10	3.5046e+06
1.1617e+00	1.0189e+10	3.5114e+06
1.1855e+00	9.9856e+09	3.5185e+06
1.2098e+00	9.7856e+09	3.5256e+06
1.2346e+00	9.5894e+09	3.5329e+06
1.2600e+00	9.3968e+09	3.5404e+06
1.2858e+00	9.2077e+09	3.5479e+06
1.3121e+00	9.0221e+09	3.5557e+06
1.3391e+00	8.8399e+09	3.5636e+06
1.3665e+00	8.6611e+09	3.5716e+06
1.3945e+00	8.4856e+09	3.5798e+06
1.4231e+00	8.3133e+09	3.5882e+06
1.4523e+00	8.1441e+09	3.5968e+06
1.4821e+00	7.9781e+09	3.6055e+06
1.5124e+00	7.8152e+09	3.6145e+06
1.5434e+00	7.6553e+09	3.6236e+06
1.5751e+00	7.4983e+09	3.6329e+06
1.6074e+00	7.3442e+09	3.6424e+06
1.6403e+00	7.1930e+09	3.6521e+06
1.6740e+00	7.0445e+09	3.6619e+06
1.7083e+00	6.8988e+09	3.6720e+06
1.7433e+00	6.7558e+09	3.6823e+06
1.7790e+00	6.6155e+09	3.6912e+06
1.8155e+00	6.4777e+09	3.7012e+06
1.8527e+00	6.3425e+09	3.7107e+06
1.8907e+00	6.2098e+09	3.7189e+06
1.9295e+00	6.0795e+09	3.7290e+06
1.9690e+00	5.9517e+09	3.7399e+06
2.0094e+00	5.8262e+09	3.7514e+06
2.0506e+00	5.7031e+09	3.7635e+06
2.0926e+00	5.5822e+09	3.7757e+06
2.1355e+00	5.4636e+09	3.7882e+06
2.1793e+00	5.3472e+09	3.8009e+06
2.2240e+00	5.2330e+09	3.8139e+06
2.2696e+00	5.1209e+09	3.8271e+06
2.3161e+00	5.0109e+09	3.8406e+06
2.3636e+00	4.9029e+09	3.8543e+06
2.4121e+00	4.7969e+09	3.8683e+06
2.4615e+00	4.6929e+09	3.8826e+06
2.5120e+00	4.5909e+09	3.8971e+06
2.5635e+00	4.4908e+09	3.9036e+06
2.6160e+00	4.3925e+09	3.9181e+06
2.6697e+00	4.2961e+09	3.9335e+06
2.7244e+00	4.2015e+09	3.9492e+06
2.7802e+00	4.1087e+09	3.9652e+06
2.8372e+00	4.0176e+09	3.9814e+06
2.8954e+00	3.9282e+09	3.9981e+06
2.9548e+00	3.8406e+09	4.0150e+06
3.0153e+00	3.7545e+09	4.0323e+06
3.0772e+00	3.6701e+09	4.0499e+06
3.1402e+00	3.5873e+09	4.0679e+06
3.2046e+00	3.5061e+09	4.0862e+06
3.2703e+00	3.4264e+09	4.1048e+06
3.3374e+00	3.3482e+09	4.1232e+06
3.4058e+00	3.2715e+09	4.1425e+06
3.4756e+00	3.1962e+09	4.1620e+06
3.5469e+00	3.1224e+09	4.1819e+06
3.6196e+00	3.0500e+09	4.2021e+06
3.6938e+00	2.9790e+09	4.2226e+06
3.7695e+00	2.9093e+09	4.2434e+06
3.8468e+00	2.8410e+09	4.2645e+06
3.9257e+00	2.7740e+09	4.2860e+06
4.0061e+00	2.7083e+09	4.3064e+06
4.0883e+00	2.6439e+09	4.3262e+06
4.1721e+00	2.5807e+09	4.3487e+06
4.2576e+00	2.5187e+09	4.3716e+06
4.3449e+00	2.4580e+09	4.3947e+06
4.4340e+00	2.3984e+09	4.4182e+06
4.5249e+00	2.3400e+09	4.4419e+06
4.6176e+00	2.2827e+09	4.4662e+06
4.7123e+00	2.2266e+09	4.4896e+06
4.8089e+00	2.1715e+09	4.5127e+06
4.9075e+00	2.1176e+09	4.5381e+06
5.0081e+00	2.0647e+09	4.5639e+06
5.1108e+00	2.0129e+09	4.5901e+06
5.2156e+00	1.9621e+09	4.6167e+06
5.3225e+00	1.9123e+09	4.6435e+06
5.4316e+00	1.8635e+09	4.6610e+06
5.5430e+00	1.8157e+09	4.6886e+06
5.6566e+00	1.7689e+09	4.7166e+06
5.7726e+00	1.7230e+09	4.7449e+06
5.8909e+00	1.6780e+09	4.7736e+06
6.0117e+00	1.6340e+09	4.8026e+06
6.1349e+00	1.5908e+09	4.8319e+06
6.2607e+00	1.5486e+09	4.8615e+06
6.3891e+00	1.5072e+09	4.8915e+06
6.5200e+00	1.4667e+09	4.9218e+06
6.6537e+00	1.4270e+09	4.9525e+06
6.7901e+00	1.3881e+09	4.9831e+06
6.9293e+00	1.3501e+09	5.0140e+06
7.0714e+00	1.3128e+09	5.0451e+06
7.2164e+00	1.2764e+09	5.0759e+06
7.3643e+00	1.2407e+09	5.1070e+06
7.5153e+00	1.2058e+09	5.1382e+06
7.6693e+00	1.1717e+09	5.1610e+06
7.8266e+00	1.1382e+09	5.1930e+06
7.9870e+00	1.1056e+09	5.2251e+06
8.1508e+00	1.0736e+09	5.2572e+06
8.3179e+00	1.0423e+09	5.2899e+06
8.4884e+00	1.0117e+09	5.3231e+06
8.6624e+00	9.8182e+08	5.3560e+06
8.8400e+00	9.5259e+08	5.3884e+06
9.0212e+00	9.2401e+08	5.4204e+06
9.2062e+00	8.9608e+08	5.4521e+06
9.3949e+00	8.6879e+08	5.4832e+06
9.5875e+00	8.4212e+08	5.5147e+06
9.7841e+00	8.1607e+08	5.5462e+06
9.9847e+00	7.9063e+08	5.5775e+06
1.0189e+01	7.6578e+08	5.6085e+06
1.0398e+01	7.4152e+08	5.6392e+06
1.0611e+01	7.1783e+08	5.6697e+06
1.0829e+01	6.9472e+08	5.6999e+06
1.1051e+01	6.7215e+08	5.7297e+06
1.1278e+01	6.5014e+08	5.7585e+06
1.1509e+01	6.2867e+08	5.7857e+06
1.1745e+01	6.0773e+08	5.8027e+06
1.1985e+01	5.8730e+08	5.8298e+06
1.2231e+01	5.6740e+08	5.8565e+06
1.2482e+01	5.4799e+08	5.8837e+06
1.2738e+01	5.2908e+08	5.9085e+06
1.2999e+01	5.1066e+08	5.9315e+06
1.3265e+01	4.9272e+08	5.9533e+06
1.3537e+01	4.7524e+08	5.9749e+06
1.3815e+01	4.5824e+08	5.9953e+06
1.4098e+01	4.4168e+08	6.0148e+06
1.4387e+01	4.2557e+08	6.0334e+06
1.4682e+01	4.0990e+08	6.0499e+06
1.4983e+01	3.9466e+08	6.0640e+06
1.5290e+01	3.7985e+08	6.0774e+06
1.5604e+01	3.6545e+08	6.0909e+06
1.5924e+01	3.5146e+08	6.1020e+06
1.6250e+01	3.3787e+08	6.1092e+06
1.6583e+01	3.2467e+08	6.1157e+06
1.6923e+01	3.1186e+08	6.1206e+06
1.7270e+01	2.9943e+08	6.1241e+06
1.7624e+01	2.8737e+08	6.1254e+06
1.7986e+01	2.7568e+08	6.1230e+06
1.8354e+01	2.6434e+08	6.1200e+06
1.8731e+01	2.5336e+08	6.1162e+06
1.9115e+01	2.4272e+08	6.1066e+06
1.9507e+01	2.3241e+08	6.0962e+06
1.9906e+01	2.2244e+08	6.0838e+06
2.0315e+01	2.1279e+08	6.0682e+06
2.0731e+01	2.0345e+08	6.0496e+06
2.1156e+01	1.9443e+08	6.0315e+06
2.1590e+01	1.8571e+08	6.0068e+06
2.2032e+01	1.7728e+08	5.9809e+06
2.2484e+01	1.6915e+08	5.9530e+06
2.2945e+01	1.6130e+08	5.9205e+06
2.3415e+01	1.5373e+08	5.8882e+06
2.3895e+01	1.4643e+08	5.8503e+06
2.4385e+01	1.3940e+08	5.8107e+06
2.4885e+01	1.3262e+08	5.7688e+06
2.5395e+01	1.2611e+08	5.7230e+06
2.5916e+01	1.1985e+08	5.6766e+06
2.6447e+01	1.1384e+08	5.6244e+06
2.6990e+01	1.0806e+08	5.5711e+06
2.7543e+01	1.0251e+08	5.5140e+06
2.8108e+01	9.7189e+07	5.4551e+06
2.8684e+01	9.2084e+07	5.3932e+06
2.9272e+01	8.7190e+07	5.3283e+06
2.9872e+01	8.2500e+07	5.2624e+06
3.0484e+01	7.8008e+07	5.1922e+06
3.1109e+01	7.3710e+07	5.1198e+06
3.1747e+01	6.9597e+07	5.0461e+06
3.2398e+01	6.5665e+07	4.9688e+06
3.3062e+01	6.1909e+07	4.8893e+06
3.3740e+01	5.8322e+07	4.8088e+06
3.4432e+01	5.4900e+07	4.7255e+06
3.5138e+01	5.1636e+07	4.6389e+06
3.5858e+01	4.8526e+07	4.5513e+06
3.6593e+01	4.5565e+07	4.4619e+06
3.7343e+01	4.2747e+07	4.3706e+06
3.8109e+01	4.0068e+07	4.2787e+06
3.8890e+01	3.7523e+07	4.1846e+06
3.9687e+01	3.5107e+07	4.0904e+06
4.0501e+01	3.2816e+07	3.9949e+06
4.1331e+01	3.0645e+07	3.8987e+06
4.2179e+01	2.8589e+07	3.8023e+06
4.3043e+01	2.6644e+07	3.7043e+06
4.3926e+01	2.4806e+07	3.6070e+06
4.4826e+01	2.3070e+07	3.5085e+06
4.5745e+01	2.1433e+07	3.4098e+06
4.6683e+01	1.9891e+07	3.3117e+06
4.7640e+01	1.8443e+07	3.2138e+06
4.8617e+01	1.7099e+07	3.1161e+06
4.9614e+01	1.5854e+07	3.0191e+06
5.0631e+01	1.4699e+07	2.9227e+06
5.1669e+01	1.3628e+07	2.8271e+06
5.2728e+01	1.2635e+07	2.7324e+06
5.3809e+01	1.1715e+07	2.6388e+06
5.4912e+01	1.0861e+07	2.5464e+06
5.6038e+01	1.0070e+07	2.4551e+06
5.7187e+01	9.3364e+06	2.3653e+06
5.8359e+01	8.6563e+06	2.2770e+06
5.9556e+01	8.0257e+06	2.1903e+06
6.0777e+01	7.4410e+06	2.1051e+06
6.2023e+01	6.8990e+06	2.0216e+06
6.3294e+01	6.3964e+06	1.9400e+06
6.4592e+01	5.9304e+06	1.8602e+06
6.5916e+01	5.4984e+06	1.7824e+06
6.7267e+01	5.0979e+06	1.7066e+06
6.8646e+01	4.7265e+06	1.6327e+06
7.0054e+01	4.3822e+06	1.5610e+06
7.1490e+01	4.0630e+06	1.4912e+06
7.2955e+01	3.7670e+06	1.4236e+06
7.4451e+01	3.4926e+06	1.3581e+06
7.5977e+01	3.2381e+06	1.2946e+06
7.7535e+01	3.0023e+06	1.2333e+06
7.9125e+01	2.7836e+06	1.1741e+06
8.0747e+01	2.5808e+06	1.1169e+06
8.2402e+01	2.3928e+06	1.0618e+06
8.4092e+01	2.2185e+06	1.0090e+06
8.5815e+01	2.0569e+06	9.5832e+05
8.7575e+01	1.9070e+06	9.0957e+05
8.9370e+01	1.7681e+06	8.6276e+05
9.1202e+01	1.6393e+06	8.1775e+05
9.3072e+01	1.5199e+06	7.7462e+05
9.4980e+01	1.4092e+06	7.3333e+05
9.6927e+01	1.3065e+06	6.9386e+05
9.8915e+01	1.2114e+06	6.5610e+05
1.0094e+02	1.1231e+06	6.1986e+05
1.0301e+02	1.0413e+06	5.8521e+05
1.0512e+02	9.6546e+05	5.5223e+05
1.0728e+02	8.9513e+05	5.2085e+05
1.0948e+02	8.2993e+05	4.9102e+05
1.1172e+02	7.6948e+05	4.6269e+05
1.1401e+02	7.1342e+05	4.3579e+05
1.1635e+02	6.6146e+05	4.1028e+05
1.1874e+02	6.1328e+05	3.8609e+05
1.2117e+02	5.6860e+05	3.6318e+05
1.2365e+02	5.2719e+05	3.4148e+05
1.2619e+02	4.8878e+05	3.2096e+05
1.2878e+02	4.5318e+05	3.0154e+05
1.3142e+02	4.2017e+05	2.8319e+05
1.3411e+02	3.8956e+05	2.6586e+05
1.3686e+02	3.6119e+05	2.4950e+05
1.3967e+02	3.3488e+05	2.3420e+05
1.4253e+02	3.1049e+05	2.1980e+05
1.4545e+02	2.8787e+05	2.0621e+05
1.4843e+02	2.6690e+05	1.9338e+05
1.5148e+02	2.4746e+05	1.8118e+05
1.5458e+02	2.2944e+05	1.6962e+05
1.5775e+02	2.1272e+05	1.5876e+05
1.6098e+02	1.9723e+05	1.4855e+05
1.6428e+02	1.8286e+05	1.3896e+05
1.6765e+02	1.6954e+05	1.2996e+05
1.7109e+02	1.5720e+05	1.2151e+05
1.7460e+02	1.4575e+05	1.1358e+05
1.7818e+02	1.3513e+05	1.0614e+05
1.8183e+02	1.2529e+05	9.9161e+04
1.8556e+02	1.1616e+05	9.2622e+04
1.8936e+02	1.0770e+05	8.6497e+04
1.9324e+02	9.9856e+04	8.0814e+04
1.9721e+02	9.2583e+04	7.5492e+04
2.0125e+02	8.5840e+04	7.0476e+04
2.0537e+02	7.9587e+04	6.5744e+04
2.0958e+02	7.3791e+04	6.1319e+04
2.1388e+02	6.8416e+04	5.7181e+04
2.1827e+02	6.3433e+04	5.3314e+04
2.2274e+02	5.8813e+04	4.9700e+04
2.2731e+02	5.4529e+04	4.6323e+04
2.3197e+02	5.0558e+04	4.3168e+04
2.3672e+02	4.6875e+04	4.0223e+04
2.4158e+02	4.3461e+04	3.7477e+04
2.4653e+02	4.0296e+04	3.4935e+04
2.5158e+02	3.7361e+04	3.2550e+04
2.5674e+02	3.4640e+04	3.0307e+04
2.6200e+02	3.2117e+04	2.8214e+04
2.6738e+02	2.9778e+04	2.6264e+04
2.7286e+02	2.7609e+04	2.4445e+04
2.7845e+02	2.5598e+04	2.2749e+04
2.8416e+02	2.3734e+04	2.1169e+04
2.8999e+02	2.2005e+04	1.9696e+04
2.9593e+02	2.0402e+04	1.8333e+04
3.0200e+02	1.8917e+04	1.7061e+04
3.0819e+02	1.7539e+04	1.5867e+04
3.1451e+02	1.6261e+04	1.4756e+04
3.2095e+02	1.5077e+04	1.3721e+04
3.2753e+02	1.3979e+04	1.2758e+04
3.3425e+02	1.2961e+04	1.1861e+04
3.4110e+02	1.2017e+04	1.1027e+04
3.4809e+02	1.1142e+04	1.0256e+04
3.5523e+02	1.0330e+04	9.5339e+03
3.6251e+02	9.5781e+03	8.8604e+03
3.6995e+02	8.8805e+03	8.2340e+03
3.7753e+02	8.2338e+03	7.6513e+03
3.8527e+02	7.6341e+03	7.1095e+03
3.9317e+02	7.0781e+03	6.6060e+03
4.0123e+02	6.5627e+03	6.1402e+03
4.0945e+02	6.0847e+03	5.7039e+03
4.1785e+02	5.6416e+03	5.2984e+03
4.2642e+02	5.2307e+03	4.9214e+03
4.3516e+02	4.8498e+03	4.5711e+03
4.4408e+02	4.4966e+03	4.2458e+03
4.5318e+02	4.1691e+03	3.9443e+03
4.6247e+02	3.8655e+03	3.6628e+03
4.7195e+02	3.5840e+03	3.4013e+03
4.8163e+02	3.3230e+03	3.1582e+03
4.9150e+02	3.0810e+03	2.9325e+03
5.0158e+02	2.8567e+03	2.7236e+03
5.1186e+02	2.6486e+03	2.5286e+03
5.2236e+02	2.4557e+03	2.3475e+03
5.3307e+02	2.2769e+03	2.1793e+03
5.4399e+02	2.1111e+03	2.0231e+03
5.5515e+02	1.9574e+03	1.8785e+03
5.6653e+02	1.8148e+03	1.7436e+03
5.7814e+02	1.6827e+03	1.6184e+03
5.9000e+02	1.5601e+03	1.5022e+03
6.0209e+02	1.4465e+03	1.3945e+03
6.1443e+02	1.3412e+03	1.2942e+03
6.2703e+02	1.2435e+03	1.2011e+03
6.3989e+02	1.1530e+03	1.1147e+03
6.5300e+02	1.0690e+03	1.0346e+03
6.6639e+02	9.9117e+02	9.6009e+02
6.8005e+02	9.1899e+02	8.9093e+02
6.9400e+02	8.5207e+02	8.2676e+02
7.0822e+02	7.9003e+02	7.6729e+02
7.2274e+02	7.3250e+02	7.1195e+02
7.3756e+02	6.7916e+02	6.6060e+02
7.5268e+02	6.2971e+02	6.1299e+02
7.6811e+02	5.8385e+02	5.6875e+02
7.8386e+02	5.4134e+02	5.2769e+02
7.9993e+02	5.0192e+02	4.8965e+02
8.1633e+02	4.6537e+02	4.5428e+02
8.3306e+02	4.3149e+02	4.2146e+02
8.5014e+02	4.0007e+02	3.9104e+02
8.6757e+02	3.7094e+02	3.6277e+02
8.8536e+02	3.4393e+02	3.3654e+02
9.0351e+02	3.1889e+02	3.1223e+02
9.2203e+02	2.9567e+02	2.8965e+02
9.4093e+02	2.7414e+02	2.6869e+02
9.6022e+02	2.5418e+02	2.4927e+02
9.7991e+02	2.3567e+02	2.3123e+02
1.0000e+03	2.1851e+02	2.1449e+02