Energy(MeV)	Incoming Spectral Fluence(MeV-1 cm-2)	Residual Spectral Fluence(MeV-1 cm-2)
1.0000e-03	0.0000e+00	9.0034e+07
1.5000e-03	0.0000e+00	9.0117e+07
2.0000e-03	0.0000e+00	9.0153e+07
2.5000e-03	0.0000e+00	9.0181e+07
3.0000e-03	0.0000e+00	9.0204e+07
3.5000e-03	0.0000e+00	9.0223e+07
4.0000e-03	0.0000e+00	9.0240e+07
4.5000e-03	0.0000e+00	9.0255e+07
5.0000e-03	0.0000e+00	9.0268e+07
5.5000e-03	0.0000e+00	9.0280e+07
6.0000e-03	0.0000e+00	9.0290e+07
6.5000e-03	0.0000e+00	9.0300e+07
7.0000e-03	0.0000e+00	9.0310e+07
7.5000e-03	0.0000e+00	9.0318e+07
8.0000e-03	0.0000e+00	9.0328e+07
8.5000e-03	0.0000e+00	9.0349e+07
9.0000e-03	0.0000e+00	9.0369e+07
9.5000e-03	0.0000e+00	9.0388e+07
1.0000e-02	0.0000e+00	9.0407e+07
1.5000e-02	0.0000e+00	9.0558e+07
2.0000e-02	0.0000e+00	9.0722e+07
2.5000e-02	0.0000e+00	9.0887e+07
3.0000e-02	0.0000e+00	9.1048e+07
3.5000e-02	0.0000e+00	9.1208e+07
4.0000e-02	2.4084e+11	9.1370e+07
4.0820e-02	2.3639e+11	9.1396e+07
4.1657e-02	2.3201e+11	9.1425e+07
4.2511e-02	2.2772e+11	9.1454e+07
4.3382e-02	2.2350e+11	9.1483e+07
4.4272e-02	2.1936e+11	9.1512e+07
4.5179e-02	2.1530e+11	9.1541e+07
4.6106e-02	2.1132e+11	9.1569e+07
4.7051e-02	2.0740e+11	9.1599e+07
4.8016e-02	2.0356e+11	9.1632e+07
4.9000e-02	1.9979e+11	9.1665e+07
5.0004e-02	1.9609e+11	9.1698e+07
5.1030e-02	1.9246e+11	9.1731e+07
5.2076e-02	1.8890e+11	9.1765e+07
5.3143e-02	1.8540e+11	9.1798e+07
5.4233e-02	1.8197e+11	9.1834e+07
5.5345e-02	1.7860e+11	9.1871e+07
5.6479e-02	1.7529e+11	9.1909e+07
5.7637e-02	1.7204e+11	9.1946e+07
5.8819e-02	1.6885e+11	9.1984e+07
6.0025e-02	1.6573e+11	9.2021e+07
6.1255e-02	1.6266e+11	9.2063e+07
6.2511e-02	1.5964e+11	9.2105e+07
6.3793e-02	1.5668e+11	9.2147e+07
6.5100e-02	1.5378e+11	9.2189e+07
6.6435e-02	1.5093e+11	9.2231e+07
6.7797e-02	1.4813e+11	9.2276e+07
6.9187e-02	1.4539e+11	9.2322e+07
7.0605e-02	1.4269e+11	9.2369e+07
7.2053e-02	1.4005e+11	9.2415e+07
7.3530e-02	1.3745e+11	9.2462e+07
7.5038e-02	1.3490e+11	9.2513e+07
7.6576e-02	1.3240e+11	9.2563e+07
7.8146e-02	1.2995e+11	9.2614e+07
7.9748e-02	1.2754e+11	9.2665e+07
8.1383e-02	1.2517e+11	9.2720e+07
8.3051e-02	1.2285e+11	9.2775e+07
8.4754e-02	1.2057e+11	9.2830e+07
8.6491e-02	1.1833e+11	9.2885e+07
8.8265e-02	1.1614e+11	9.2944e+07
9.0074e-02	1.1398e+11	9.3004e+07
9.1921e-02	1.1187e+11	9.3063e+07
9.3805e-02	1.0979e+11	9.3124e+07
9.5728e-02	1.0775e+11	9.3188e+07
9.7691e-02	1.0575e+11	9.3252e+07
9.9694e-02	1.0379e+11	9.3316e+07
1.0174e-01	1.0186e+11	9.3384e+07
1.0382e-01	9.9969e+10	9.3452e+07
1.0595e-01	9.8112e+10	9.3520e+07
1.0812e-01	9.6290e+10	9.3593e+07
1.1034e-01	9.4501e+10	9.3665e+07
1.1260e-01	9.2745e+10	9.3738e+07
1.1491e-01	9.1021e+10	9.3814e+07
1.1727e-01	8.9329e+10	9.3891e+07
1.1967e-01	8.7669e+10	9.3969e+07
1.2212e-01	8.6039e+10	9.4050e+07
1.2463e-01	8.4439e+10	9.4131e+07
1.2718e-01	8.2868e+10	9.4215e+07
1.2979e-01	8.1327e+10	9.4300e+07
1.3245e-01	7.9814e+10	9.4386e+07
1.3517e-01	7.8328e+10	9.4476e+07
1.3794e-01	7.6871e+10	9.4566e+07
1.4077e-01	7.5440e+10	9.4659e+07
1.4365e-01	7.4035e+10	9.4753e+07
1.4660e-01	7.2656e+10	9.4849e+07
1.4960e-01	7.1303e+10	9.4948e+07
1.5267e-01	6.9975e+10	9.5048e+07
1.5580e-01	6.8671e+10	9.5151e+07
1.5899e-01	6.7391e+10	9.5254e+07
1.6225e-01	6.6135e+10	9.5362e+07
1.6558e-01	6.4902e+10	9.5470e+07
1.6897e-01	6.3691e+10	9.5582e+07
1.7244e-01	6.2503e+10	9.5694e+07
1.7597e-01	6.1337e+10	9.5811e+07
1.7958e-01	6.0192e+10	9.5928e+07
1.8326e-01	5.9069e+10	9.6049e+07
1.8702e-01	5.7966e+10	9.6172e+07
1.9085e-01	5.6883e+10	9.6297e+07
1.9477e-01	5.5821e+10	9.6426e+07
1.9876e-01	5.4778e+10	9.6555e+07
2.0283e-01	5.3754e+10	9.6690e+07
2.0699e-01	5.2749e+10	9.6826e+07
2.1124e-01	5.1762e+10	9.6964e+07
2.1557e-01	5.0794e+10	9.7106e+07
2.1999e-01	4.9843e+10	9.7251e+07
2.2450e-01	4.8910e+10	9.7398e+07
2.2910e-01	4.7995e+10	9.7550e+07
2.3379e-01	4.7096e+10	9.7703e+07
2.3859e-01	4.6213e+10	9.7860e+07
2.4348e-01	4.5347e+10	9.8020e+07
2.4847e-01	4.4497e+10	9.8184e+07
2.5356e-01	4.3662e+10	9.8351e+07
2.5876e-01	4.2843e+10	9.8521e+07
2.6407e-01	4.2039e+10	9.8695e+07
2.6948e-01	4.1250e+10	9.8872e+07
2.7501e-01	4.0475e+10	9.9053e+07
2.8064e-01	3.9714e+10	9.9238e+07
2.8640e-01	3.8968e+10	9.9426e+07
2.9227e-01	3.8235e+10	9.9617e+07
2.9826e-01	3.7516e+10	9.9771e+07
3.0438e-01	3.6809e+10	9.9858e+07
3.1062e-01	3.6116e+10	9.9965e+07
3.1698e-01	3.5436e+10	1.0013e+08
3.2348e-01	3.4768e+10	1.0033e+08
3.3011e-01	3.4113e+10	1.0055e+08
3.3688e-01	3.3469e+10	1.0077e+08
3.4379e-01	3.2838e+10	1.0099e+08
3.5084e-01	3.2218e+10	1.0122e+08
3.5803e-01	3.1609e+10	1.0146e+08
3.6537e-01	3.1011e+10	1.0170e+08
3.7286e-01	3.0425e+10	1.0194e+08
3.8050e-01	2.9849e+10	1.0219e+08
3.8830e-01	2.9284e+10	1.0244e+08
3.9627e-01	2.8730e+10	1.0270e+08
4.0439e-01	2.8185e+10	1.0296e+08
4.1268e-01	2.7651e+10	1.0323e+08
4.2114e-01	2.7126e+10	1.0350e+08
4.2977e-01	2.6611e+10	1.0378e+08
4.3859e-01	2.6106e+10	1.0407e+08
4.4758e-01	2.5609e+10	1.0436e+08
4.5675e-01	2.5122e+10	1.0464e+08
4.6612e-01	2.4644e+10	1.0490e+08
4.7567e-01	2.4175e+10	1.0515e+08
4.8542e-01	2.3714e+10	1.0545e+08
4.9538e-01	2.3262e+10	1.0576e+08
5.0553e-01	2.2818e+10	1.0509e+08
5.1590e-01	2.2382e+10	1.0540e+08
5.2647e-01	2.1954e+10	1.0575e+08
5.3727e-01	2.1534e+10	1.0610e+08
5.4828e-01	2.1122e+10	1.0646e+08
5.5952e-01	2.0717e+10	1.0682e+08
5.7099e-01	2.0320e+10	1.0719e+08
5.8270e-01	1.9930e+10	1.0757e+08
5.9464e-01	1.9548e+10	1.0796e+08
6.0683e-01	1.9172e+10	1.0835e+08
6.1927e-01	1.8803e+10	1.0876e+08
6.3197e-01	1.8441e+10	1.0916e+08
6.4493e-01	1.8086e+10	1.0958e+08
6.5815e-01	1.7737e+10	1.1001e+08
6.7164e-01	1.7395e+10	1.1044e+08
6.8541e-01	1.7058e+10	1.1088e+08
6.9946e-01	1.6729e+10	1.1132e+08
7.1380e-01	1.6405e+10	1.1178e+08
7.2844e-01	1.6087e+10	1.1225e+08
7.4337e-01	1.5775e+10	1.1272e+08
7.5861e-01	1.5468e+10	1.1321e+08
7.7416e-01	1.5168e+10	1.1370e+08
7.9003e-01	1.4872e+10	1.1421e+08
8.0623e-01	1.4583e+10	1.1473e+08
8.2276e-01	1.4298e+10	1.1525e+08
8.3963e-01	1.4019e+10	1.1579e+08
8.5684e-01	1.3745e+10	1.1633e+08
8.7441e-01	1.3476e+10	1.1689e+08
8.9233e-01	1.3212e+10	1.1746e+08
9.1063e-01	1.2952e+10	1.1803e+08
9.2929e-01	1.2698e+10	1.1860e+08
9.4835e-01	1.2448e+10	1.1916e+08
9.6779e-01	1.2203e+10	1.1975e+08
9.8763e-01	1.1962e+10	1.2038e+08
1.0079e+00	1.1726e+10	1.2101e+08
1.0285e+00	1.1494e+10	1.2166e+08
1.0496e+00	1.1266e+10	1.2231e+08
1.0711e+00	1.1043e+10	1.2297e+08
1.0931e+00	1.0823e+10	1.2365e+08
1.1155e+00	1.0608e+10	1.2435e+08
1.1384e+00	1.0397e+10	1.2506e+08
1.1617e+00	1.0189e+10	1.2578e+08
1.1855e+00	9.9856e+09	1.2652e+08
1.2098e+00	9.7856e+09	1.2705e+08
1.2346e+00	9.5894e+09	1.2720e+08
1.2600e+00	9.3968e+09	1.2798e+08
1.2858e+00	9.2077e+09	1.2877e+08
1.3121e+00	9.0221e+09	1.2958e+08
1.3391e+00	8.8399e+09	1.3039e+08
1.3665e+00	8.6611e+09	1.3123e+08
1.3945e+00	8.4856e+09	1.3207e+08
1.4231e+00	8.3133e+09	1.3293e+08
1.4523e+00	8.1441e+09	1.3378e+08
1.4821e+00	7.9781e+09	1.3457e+08
1.5124e+00	7.8152e+09	1.3547e+08
1.5434e+00	7.6553e+09	1.3638e+08
1.5751e+00	7.4983e+09	1.3730e+08
1.6074e+00	7.3442e+09	1.3819e+08
1.6403e+00	7.1930e+09	1.3912e+08
1.6740e+00	7.0445e+09	1.4009e+08
1.7083e+00	6.8988e+09	1.4107e+08
1.7433e+00	6.7558e+09	1.4208e+08
1.7790e+00	6.6155e+09	1.4309e+08
1.8155e+00	6.4777e+09	1.4412e+08
1.8527e+00	6.3425e+09	1.4517e+08
1.8907e+00	6.2098e+09	1.4578e+08
1.9295e+00	6.0795e+09	1.4684e+08
1.9690e+00	5.9517e+09	1.4787e+08
2.0094e+00	5.8262e+09	1.4879e+08
2.0506e+00	5.7031e+09	1.4990e+08
2.0926e+00	5.5822e+09	1.5102e+08
2.1355e+00	5.4636e+09	1.5213e+08
2.1793e+00	5.3472e+09	1.5326e+08
2.2240e+00	5.2330e+09	1.5441e+08
2.2696e+00	5.1209e+09	1.5557e+08
2.3161e+00	5.0109e+09	1.5664e+08
2.3636e+00	4.9029e+09	1.5782e+08
2.4121e+00	4.7969e+09	1.5900e+08
2.4615e+00	4.6929e+09	1.6023e+08
2.5120e+00	4.5909e+09	1.6119e+08
2.5635e+00	4.4908e+09	1.6244e+08
2.6160e+00	4.3925e+09	1.6369e+08
2.6697e+00	4.2961e+09	1.6495e+08
2.7244e+00	4.2015e+09	1.6608e+08
2.7802e+00	4.1087e+09	1.6732e+08
2.8372e+00	4.0176e+09	1.6853e+08
2.8954e+00	3.9282e+09	1.6983e+08
2.9548e+00	3.8406e+09	1.7114e+08
3.0153e+00	3.7545e+09	1.7245e+08
3.0772e+00	3.6701e+09	1.7366e+08
3.1402e+00	3.5873e+09	1.7478e+08
3.2046e+00	3.5061e+09	1.7606e+08
3.2703e+00	3.4264e+09	1.7733e+08
3.3374e+00	3.3482e+09	1.7856e+08
3.4058e+00	3.2715e+09	1.7976e+08
3.4756e+00	3.1962e+09	1.8105e+08
3.5469e+00	3.1224e+09	1.8237e+08
3.6196e+00	3.0500e+09	1.8368e+08
3.6938e+00	2.9790e+09	1.8481e+08
3.7695e+00	2.9093e+09	1.8598e+08
3.8468e+00	2.8410e+09	1.8727e+08
3.9257e+00	2.7740e+09	1.8856e+08
4.0061e+00	2.7083e+09	1.8979e+08
4.0883e+00	2.6439e+09	1.9101e+08
4.1721e+00	2.5807e+09	1.9216e+08
4.2576e+00	2.5187e+09	1.9321e+08
4.3449e+00	2.4580e+09	1.9437e+08
4.4340e+00	2.3984e+09	1.9556e+08
4.5249e+00	2.3400e+09	1.9673e+08
4.6176e+00	2.2827e+09	1.9774e+08
4.7123e+00	2.2266e+09	1.9886e+08
4.8089e+00	2.1715e+09	1.9991e+08
4.9075e+00	2.1176e+09	2.0089e+08
5.0081e+00	2.0647e+09	2.0184e+08
5.1108e+00	2.0129e+09	2.0278e+08
5.2156e+00	1.9621e+09	2.0374e+08
5.3225e+00	1.9123e+09	2.0454e+08
5.4316e+00	1.8635e+09	2.0541e+08
5.5430e+00	1.8157e+09	2.0626e+08
5.6566e+00	1.7689e+09	2.0693e+08
5.7726e+00	1.7230e+09	2.0758e+08
5.8909e+00	1.6780e+09	2.0828e+08
6.0117e+00	1.6340e+09	2.0894e+08
6.1349e+00	1.5908e+09	2.0955e+08
6.2607e+00	1.5486e+09	2.1003e+08
6.3891e+00	1.5072e+09	2.1034e+08
6.5200e+00	1.4667e+09	2.1072e+08
6.6537e+00	1.4270e+09	2.1108e+08
6.7901e+00	1.3881e+09	2.1139e+08
6.9293e+00	1.3501e+09	2.1146e+08
7.0714e+00	1.3128e+09	2.1157e+08
7.2164e+00	1.2764e+09	2.1166e+08
7.3643e+00	1.2407e+09	2.1168e+08
7.5153e+00	1.2058e+09	2.1146e+08
7.6693e+00	1.1717e+09	2.1128e+08
7.8266e+00	1.1382e+09	2.1107e+08
7.9870e+00	1.1056e+09	2.1075e+08
8.1508e+00	1.0736e+09	2.1027e+08
8.3179e+00	1.0423e+09	2.0980e+08
8.4884e+00	1.0117e+09	2.0924e+08
8.6624e+00	9.8182e+08	2.0849e+08
8.8400e+00	9.5259e+08	2.0776e+08
9.0212e+00	9.2401e+08	2.0693e+08
9.2062e+00	8.9608e+08	2.0593e+08
9.3949e+00	8.6879e+08	2.0493e+08
9.5875e+00	8.4212e+08	2.0377e+08
9.7841e+00	8.1607e+08	2.0258e+08
9.9847e+00	7.9063e+08	2.0129e+08
1.0189e+01	7.6578e+08	1.9990e+08
1.0398e+01	7.4152e+08	1.9844e+08
1.0611e+01	7.1783e+08	1.9685e+08
1.0829e+01	6.9472e+08	1.9520e+08
1.1051e+01	6.7215e+08	1.9343e+08
1.1278e+01	6.5014e+08	1.9160e+08
1.1509e+01	6.2867e+08	1.8965e+08
1.1745e+01	6.0773e+08	1.8762e+08
1.1985e+01	5.8730e+08	1.8551e+08
1.2231e+01	5.6740e+08	1.8330e+08
1.2482e+01	5.4799e+08	1.8103e+08
1.2738e+01	5.2908e+08	1.7867e+08
1.2999e+01	5.1066e+08	1.7621e+08
1.3265e+01	4.9272e+08	1.7370e+08
1.3537e+01	4.7524e+08	1.7112e+08
1.3815e+01	4.5824e+08	1.6846e+08
1.4098e+01	4.4168e+08	1.6572e+08
1.4387e+01	4.2557e+08	1.6293e+08
1.4682e+01	4.0990e+08	1.6007e+08
1.4983e+01	3.9466e+08	1.5720e+08
1.5290e+01	3.7985e+08	1.5427e+08
1.5604e+01	3.6545e+08	1.5129e+08
1.5924e+01	3.5146e+08	1.4826e+08
1.6250e+01	3.3787e+08	1.4519e+08
1.6583e+01	3.2467e+08	1.4208e+08
1.6923e+01	3.1186e+08	1.3894e+08
1.7270e+01	2.9943e+08	1.3576e+08
1.7624e+01	2.8737e+08	1.3257e+08
1.7986e+01	2.7568e+08	1.2934e+08
1.8354e+01	2.6434e+08	1.2611e+08
1.8731e+01	2.5336e+08	1.2286e+08
1.9115e+01	2.4272e+08	1.1960e+08
1.9507e+01	2.3241e+08	1.1634e+08
1.9906e+01	2.2244e+08	1.1308e+08
2.0315e+01	2.1279e+08	1.0982e+08
2.0731e+01	2.0345e+08	1.0658e+08
2.1156e+01	1.9443e+08	1.0335e+08
2.1590e+01	1.8571e+08	1.0014e+08
2.2032e+01	1.7728e+08	9.6951e+07
2.2484e+01	1.6915e+08	9.3792e+07
2.2945e+01	1.6130e+08	9.0660e+07
2.3415e+01	1.5373e+08	8.7562e+07
2.3895e+01	1.4643e+08	8.4504e+07
2.4385e+01	1.3940e+08	8.1483e+07
2.4885e+01	1.3262e+08	7.8503e+07
2.5395e+01	1.2611e+08	7.5571e+07
2.5916e+01	1.1985e+08	7.2688e+07
2.6447e+01	1.1384e+08	6.9851e+07
2.6990e+01	1.0806e+08	6.7064e+07
2.7543e+01	1.0251e+08	6.4332e+07
2.8108e+01	9.7189e+07	6.1657e+07
2.8684e+01	9.2084e+07	5.9041e+07
2.9272e+01	8.7190e+07	5.6483e+07
2.9872e+01	8.2500e+07	5.3985e+07
3.0484e+01	7.8008e+07	5.1553e+07
3.1109e+01	7.3710e+07	4.9185e+07
3.1747e+01	6.9597e+07	4.6887e+07
3.2398e+01	6.5665e+07	4.4654e+07
3.3062e+01	6.1909e+07	4.2485e+07
3.3740e+01	5.8322e+07	4.0380e+07
3.4432e+01	5.4900e+07	3.8339e+07
3.5138e+01	5.1636e+07	3.6363e+07
3.5858e+01	4.8526e+07	3.4449e+07
3.6593e+01	4.5565e+07	3.2601e+07
3.7343e+01	4.2747e+07	3.0819e+07
3.8109e+01	4.0068e+07	2.9102e+07
3.8890e+01	3.7523e+07	2.7451e+07
3.9687e+01	3.5107e+07	2.5865e+07
4.0501e+01	3.2816e+07	2.4345e+07
4.1331e+01	3.0645e+07	2.2888e+07
4.2179e+01	2.8589e+07	2.1495e+07
4.3043e+01	2.6644e+07	2.0164e+07
4.3926e+01	2.4806e+07	1.8894e+07
4.4826e+01	2.3070e+07	1.7687e+07
4.5745e+01	2.1433e+07	1.6547e+07
4.6683e+01	1.9891e+07	1.5477e+07
4.7640e+01	1.8443e+07	1.4471e+07
4.8617e+01	1.7099e+07	1.3528e+07
4.9614e+01	1.5854e+07	1.2643e+07
5.0631e+01	1.4699e+07	1.1812e+07
5.1669e+01	1.3628e+07	1.1033e+07
5.2728e+01	1.2635e+07	1.0303e+07
5.3809e+01	1.1715e+07	9.6197e+06
5.4912e+01	1.0861e+07	8.9795e+06
5.6038e+01	1.0070e+07	8.3794e+06
5.7187e+01	9.3364e+06	7.8178e+06
5.8359e+01	8.6563e+06	7.2928e+06
5.9556e+01	8.0257e+06	6.8018e+06
6.0777e+01	7.4410e+06	6.3422e+06
6.2023e+01	6.8990e+06	5.9123e+06
6.3294e+01	6.3964e+06	5.5107e+06
6.4592e+01	5.9304e+06	5.1357e+06
6.5916e+01	5.4984e+06	4.7851e+06
6.7267e+01	5.0979e+06	4.4577e+06
6.8646e+01	4.7265e+06	4.1522e+06
7.0054e+01	4.3822e+06	3.8672e+06
7.1490e+01	4.0630e+06	3.6009e+06
7.2955e+01	3.7670e+06	3.3524e+06
7.4451e+01	3.4926e+06	3.1209e+06
7.5977e+01	3.2381e+06	2.9048e+06
7.7535e+01	3.0023e+06	2.7032e+06
7.9125e+01	2.7836e+06	2.5154e+06
8.0747e+01	2.5808e+06	2.3403e+06
8.2402e+01	2.3928e+06	2.1771e+06
8.4092e+01	2.2185e+06	2.0252e+06
8.5815e+01	2.0569e+06	1.8836e+06
8.7575e+01	1.9070e+06	1.7517e+06
8.9370e+01	1.7681e+06	1.6289e+06
9.1202e+01	1.6393e+06	1.5146e+06
9.3072e+01	1.5199e+06	1.4080e+06
9.4980e+01	1.4092e+06	1.3089e+06
9.6927e+01	1.3065e+06	1.2166e+06
9.8915e+01	1.2114e+06	1.1309e+06
1.0094e+02	1.1231e+06	1.0512e+06
1.0301e+02	1.0413e+06	9.7683e+05
1.0512e+02	9.6546e+05	9.0763e+05
1.0728e+02	8.9513e+05	8.4327e+05
1.0948e+02	8.2993e+05	7.8342e+05
1.1172e+02	7.6948e+05	7.2776e+05
1.1401e+02	7.1342e+05	6.7602e+05
1.1635e+02	6.6146e+05	6.2792e+05
1.1874e+02	6.1328e+05	5.8320e+05
1.2117e+02	5.6860e+05	5.4164e+05
1.2365e+02	5.2719e+05	5.0301e+05
1.2619e+02	4.8878e+05	4.6711e+05
1.2878e+02	4.5318e+05	4.3375e+05
1.3142e+02	4.2017e+05	4.0275e+05
1.3411e+02	3.8956e+05	3.7395e+05
1.3686e+02	3.6119e+05	3.4719e+05
1.3967e+02	3.3488e+05	3.2233e+05
1.4253e+02	3.1049e+05	2.9924e+05
1.4545e+02	2.8787e+05	2.7779e+05
1.4843e+02	2.6690e+05	2.5787e+05
1.5148e+02	2.4746e+05	2.3944e+05
1.5458e+02	2.2944e+05	2.2224e+05
1.5775e+02	2.1272e+05	2.0627e+05
1.6098e+02	1.9723e+05	1.9144e+05
1.6428e+02	1.8286e+05	1.7767e+05
1.6765e+02	1.6954e+05	1.6489e+05
1.7109e+02	1.5720e+05	1.5302e+05
1.7460e+02	1.4575e+05	1.4200e+05
1.7818e+02	1.3513e+05	1.3177e+05
1.8183e+02	1.2529e+05	1.2227e+05
1.8556e+02	1.1616e+05	1.1346e+05
1.8936e+02	1.0770e+05	1.0527e+05
1.9324e+02	9.9856e+04	9.7680e+04
1.9721e+02	9.2583e+04	9.0631e+04
2.0125e+02	8.5840e+04	8.4106e+04
2.0537e+02	7.9587e+04	7.8031e+04
2.0958e+02	7.3791e+04	7.2394e+04
2.1388e+02	6.8416e+04	6.7162e+04
2.1827e+02	6.3433e+04	6.2307e+04
2.2274e+02	5.8813e+04	5.7802e+04
2.2731e+02	5.4529e+04	5.3622e+04
2.3197e+02	5.0558e+04	4.9743e+04
2.3672e+02	4.6875e+04	4.6144e+04
2.4158e+02	4.3461e+04	4.2805e+04
2.4653e+02	4.0296e+04	3.9707e+04
2.5158e+02	3.7361e+04	3.6837e+04
2.5674e+02	3.4640e+04	3.4169e+04
2.6200e+02	3.2117e+04	3.1694e+04
2.6738e+02	2.9778e+04	2.9398e+04
2.7286e+02	2.7609e+04	2.7268e+04
2.7845e+02	2.5598e+04	2.5292e+04
2.8416e+02	2.3734e+04	2.3459e+04
2.8999e+02	2.2005e+04	2.1758e+04
2.9593e+02	2.0402e+04	2.0180e+04
3.0200e+02	1.8917e+04	1.8719e+04
3.0819e+02	1.7539e+04	1.7361e+04
3.1451e+02	1.6261e+04	1.6102e+04
3.2095e+02	1.5077e+04	1.4934e+04
3.2753e+02	1.3979e+04	1.3850e+04
3.3425e+02	1.2961e+04	1.2845e+04
3.4110e+02	1.2017e+04	1.1913e+04
3.4809e+02	1.1142e+04	1.1048e+04
3.5523e+02	1.0330e+04	1.0247e+04
3.6251e+02	9.5781e+03	9.5028e+03
3.6995e+02	8.8805e+03	8.8128e+03
3.7753e+02	8.2338e+03	8.1729e+03
3.8527e+02	7.6341e+03	7.5793e+03
3.9317e+02	7.0781e+03	7.0288e+03
4.0123e+02	6.5627e+03	6.5187e+03
4.0945e+02	6.0847e+03	6.0451e+03
4.1785e+02	5.6416e+03	5.6059e+03
4.2642e+02	5.2307e+03	5.1986e+03
4.3516e+02	4.8498e+03	4.8209e+03
4.4408e+02	4.4966e+03	4.4706e+03
4.5318e+02	4.1691e+03	4.1459e+03
4.6247e+02	3.8655e+03	3.8446e+03
4.7195e+02	3.5840e+03	3.5652e+03
4.8163e+02	3.3230e+03	3.3060e+03
4.9150e+02	3.0810e+03	3.0657e+03
5.0158e+02	2.8567e+03	2.8430e+03
5.1186e+02	2.6486e+03	2.6363e+03
5.2236e+02	2.4557e+03	2.4446e+03
5.3307e+02	2.2769e+03	2.2669e+03
5.4399e+02	2.1111e+03	2.1021e+03
5.5515e+02	1.9574e+03	1.9493e+03
5.6653e+02	1.8148e+03	1.8075e+03
5.7814e+02	1.6827e+03	1.6761e+03
5.9000e+02	1.5601e+03	1.5542e+03
6.0209e+02	1.4465e+03	1.4412e+03
6.1443e+02	1.3412e+03	1.3364e+03
6.2703e+02	1.2435e+03	1.2392e+03
6.3989e+02	1.1530e+03	1.1491e+03
6.5300e+02	1.0690e+03	1.0655e+03
6.6639e+02	9.9117e+02	9.8800e+02
6.8005e+02	9.1899e+02	9.1613e+02
6.9400e+02	8.5207e+02	8.4949e+02
7.0822e+02	7.9003e+02	7.8771e+02
7.2274e+02	7.3250e+02	7.3041e+02
7.3756e+02	6.7916e+02	6.7727e+02
7.5268e+02	6.2971e+02	6.2801e+02
7.6811e+02	5.8385e+02	5.8232e+02
7.8386e+02	5.4134e+02	5.3995e+02
7.9993e+02	5.0192e+02	5.0067e+02
8.1633e+02	4.6537e+02	4.6425e+02
8.3306e+02	4.3149e+02	4.3047e+02
8.5014e+02	4.0007e+02	3.9915e+02
8.6757e+02	3.7094e+02	3.7011e+02
8.8536e+02	3.4393e+02	3.4318e+02
9.0351e+02	3.1889e+02	3.1821e+02
9.2203e+02	2.9567e+02	2.9506e+02
9.4093e+02	2.7414e+02	2.7359e+02
9.6022e+02	2.5418e+02	2.5368e+02
9.7991e+02	2.3567e+02	2.3522e+02
1.0000e+03	2.1851e+02	2.1810e+02