Energy(MeV)	Incoming Spectral Fluence(MeV-1 cm-2)	Residual Spectral Fluence(MeV-1 cm-2)
1.0000e-03	0.0000e+00	1.0575e+05
1.5000e-03	0.0000e+00	1.0577e+05
2.0000e-03	0.0000e+00	1.0579e+05
2.5000e-03	0.0000e+00	1.0580e+05
3.0000e-03	0.0000e+00	1.0581e+05
3.5000e-03	0.0000e+00	1.0582e+05
4.0000e-03	0.0000e+00	1.0583e+05
4.5000e-03	0.0000e+00	1.0583e+05
5.0000e-03	0.0000e+00	1.0584e+05
5.5000e-03	0.0000e+00	1.0584e+05
6.0000e-03	0.0000e+00	1.0585e+05
6.5000e-03	0.0000e+00	1.0585e+05
7.0000e-03	0.0000e+00	1.0586e+05
7.5000e-03	0.0000e+00	1.0586e+05
8.0000e-03	0.0000e+00	1.0586e+05
8.5000e-03	0.0000e+00	1.0587e+05
9.0000e-03	0.0000e+00	1.0587e+05
9.5000e-03	0.0000e+00	1.0587e+05
1.0000e-02	0.0000e+00	1.0588e+05
1.5000e-02	0.0000e+00	1.0590e+05
2.0000e-02	0.0000e+00	1.0592e+05
2.5000e-02	0.0000e+00	1.0593e+05
3.0000e-02	0.0000e+00	1.0594e+05
3.5000e-02	0.0000e+00	1.0595e+05
4.0000e-02	0.0000e+00	1.0599e+05
4.5000e-02	0.0000e+00	1.0602e+05
5.0000e-02	1.6033e+11	1.0605e+05
5.1002e-02	1.5731e+11	1.0606e+05
5.2025e-02	1.5435e+11	1.0606e+05
5.3067e-02	1.5145e+11	1.0607e+05
5.4131e-02	1.4854e+11	1.0607e+05
5.5216e-02	1.4575e+11	1.0608e+05
5.6323e-02	1.4293e+11	1.0608e+05
5.7452e-02	1.4023e+11	1.0609e+05
5.8604e-02	1.3756e+11	1.0609e+05
5.9778e-02	1.3488e+11	1.0610e+05
6.0977e-02	1.3232e+11	1.0610e+05
6.2199e-02	1.2978e+11	1.0611e+05
6.3446e-02	1.2725e+11	1.0612e+05
6.4717e-02	1.2474e+11	1.0612e+05
6.6015e-02	1.2227e+11	1.0613e+05
6.7338e-02	1.2004e+11	1.0613e+05
6.8688e-02	1.1775e+11	1.0614e+05
7.0065e-02	1.1549e+11	1.0614e+05
7.1469e-02	1.1318e+11	1.0615e+05
7.2902e-02	1.1100e+11	1.0615e+05
7.4363e-02	1.0899e+11	1.0616e+05
7.5853e-02	1.0700e+11	1.0616e+05
7.7374e-02	1.0501e+11	1.0617e+05
7.8925e-02	1.0298e+11	1.0618e+05
8.0507e-02	1.0096e+11	1.0618e+05
8.2121e-02	9.9070e+10	1.0619e+05
8.3767e-02	9.7180e+10	1.0619e+05
8.5446e-02	9.5312e+10	1.0620e+05
8.7159e-02	9.3412e+10	1.0620e+05
8.8906e-02	9.1530e+10	1.0621e+05
9.0688e-02	8.9804e+10	1.0622e+05
9.2506e-02	8.8155e+10	1.0623e+05
9.4360e-02	8.6498e+10	1.0624e+05
9.6251e-02	8.4835e+10	1.0625e+05
9.8181e-02	8.3182e+10	1.0626e+05
1.0015e-01	8.1546e+10	1.0627e+05
1.0216e-01	7.9927e+10	1.0628e+05
1.0420e-01	7.8445e+10	1.0629e+05
1.0629e-01	7.6950e+10	1.0630e+05
1.0842e-01	7.5468e+10	1.0632e+05
1.1060e-01	7.4007e+10	1.0633e+05
1.1281e-01	7.2567e+10	1.0634e+05
1.1507e-01	7.1191e+10	1.0635e+05
1.1738e-01	6.9812e+10	1.0636e+05
1.1973e-01	6.8418e+10	1.0637e+05
1.2213e-01	6.7117e+10	1.0638e+05
1.2458e-01	6.5787e+10	1.0639e+05
1.2708e-01	6.4515e+10	1.0640e+05
1.2963e-01	6.3276e+10	1.0641e+05
1.3223e-01	6.2075e+10	1.0642e+05
1.3488e-01	6.0820e+10	1.0644e+05
1.3758e-01	5.9627e+10	1.0645e+05
1.4034e-01	5.8462e+10	1.0646e+05
1.4315e-01	5.7264e+10	1.0647e+05
1.4602e-01	5.6108e+10	1.0648e+05
1.4895e-01	5.5034e+10	1.0650e+05
1.5193e-01	5.3976e+10	1.0651e+05
1.5498e-01	5.2889e+10	1.0653e+05
1.5808e-01	5.1808e+10	1.0655e+05
1.6125e-01	5.0772e+10	1.0656e+05
1.6449e-01	4.9786e+10	1.0658e+05
1.6778e-01	4.8828e+10	1.0659e+05
1.7115e-01	4.7908e+10	1.0661e+05
1.7458e-01	4.6981e+10	1.0663e+05
1.7808e-01	4.6071e+10	1.0664e+05
1.8165e-01	4.5156e+10	1.0666e+05
1.8529e-01	4.4269e+10	1.0668e+05
1.8900e-01	4.3405e+10	1.0669e+05
1.9279e-01	4.2518e+10	1.0671e+05
1.9665e-01	4.1644e+10	1.0672e+05
2.0060e-01	4.0785e+10	1.0674e+05
2.0462e-01	3.9985e+10	1.0676e+05
2.0872e-01	3.9219e+10	1.0678e+05
2.1290e-01	3.8490e+10	1.0681e+05
2.1717e-01	3.7737e+10	1.0683e+05
2.2152e-01	3.6986e+10	1.0685e+05
2.2596e-01	3.6292e+10	1.0687e+05
2.3049e-01	3.5571e+10	1.0689e+05
2.3511e-01	3.4868e+10	1.0691e+05
2.3983e-01	3.4181e+10	1.0694e+05
2.4463e-01	3.3542e+10	1.0696e+05
2.4954e-01	3.2849e+10	1.0698e+05
2.5454e-01	3.2207e+10	1.0700e+05
2.5964e-01	3.1558e+10	1.0703e+05
2.6484e-01	3.0931e+10	1.0705e+05
2.7015e-01	3.0315e+10	1.0708e+05
2.7557e-01	2.9707e+10	1.0711e+05
2.8109e-01	2.9105e+10	1.0713e+05
2.8673e-01	2.8517e+10	1.0716e+05
2.9247e-01	2.7958e+10	1.0719e+05
2.9834e-01	2.7418e+10	1.0721e+05
3.0432e-01	2.6880e+10	1.0724e+05
3.1042e-01	2.6360e+10	1.0727e+05
3.1664e-01	2.5844e+10	1.0730e+05
3.2299e-01	2.5352e+10	1.0733e+05
3.2946e-01	2.4859e+10	1.0736e+05
3.3606e-01	2.4388e+10	1.0740e+05
3.4280e-01	2.3898e+10	1.0743e+05
3.4967e-01	2.3418e+10	1.0746e+05
3.5668e-01	2.2969e+10	1.0749e+05
3.6383e-01	2.2522e+10	1.0752e+05
3.7112e-01	2.2078e+10	1.0756e+05
3.7856e-01	2.1635e+10	1.0760e+05
3.8615e-01	2.1216e+10	1.0763e+05
3.9389e-01	2.0787e+10	1.0767e+05
4.0179e-01	2.0370e+10	1.0771e+05
4.0984e-01	1.9944e+10	1.0775e+05
4.1806e-01	1.9536e+10	1.0778e+05
4.2644e-01	1.9168e+10	1.0782e+05
4.3498e-01	1.8774e+10	1.0787e+05
4.4370e-01	1.8409e+10	1.0791e+05
4.5260e-01	1.8036e+10	1.0795e+05
4.6167e-01	1.7660e+10	1.0799e+05
4.7092e-01	1.7297e+10	1.0804e+05
4.8036e-01	1.6940e+10	1.0808e+05
4.8999e-01	1.6579e+10	1.0813e+05
4.9981e-01	1.6244e+10	1.0817e+05
5.0983e-01	1.5933e+10	1.0822e+05
5.2005e-01	1.5604e+10	1.0827e+05
5.3048e-01	1.5292e+10	1.0832e+05
5.4111e-01	1.4983e+10	1.0837e+05
5.5196e-01	1.4667e+10	1.0842e+05
5.6302e-01	1.4363e+10	1.0847e+05
5.7431e-01	1.4063e+10	1.0852e+05
5.8582e-01	1.3770e+10	1.0857e+05
5.9756e-01	1.3484e+10	1.0863e+05
6.0954e-01	1.3202e+10	1.0868e+05
6.2176e-01	1.2940e+10	1.0874e+05
6.3422e-01	1.2679e+10	1.0879e+05
6.4693e-01	1.2425e+10	1.0885e+05
6.5990e-01	1.2169e+10	1.0891e+05
6.7313e-01	1.1915e+10	1.0897e+05
6.8662e-01	1.1663e+10	1.0903e+05
7.0038e-01	1.1419e+10	1.0909e+05
7.1442e-01	1.1180e+10	1.0915e+05
7.2874e-01	1.0953e+10	1.0921e+05
7.4335e-01	1.0731e+10	1.0928e+05
7.5825e-01	1.0513e+10	1.0935e+05
7.7345e-01	1.0300e+10	1.0942e+05
7.8896e-01	1.0087e+10	1.0949e+05
8.0477e-01	9.8795e+09	1.0956e+05
8.2090e-01	9.6655e+09	1.0964e+05
8.3736e-01	9.4507e+09	1.0972e+05
8.5414e-01	9.2530e+09	1.0980e+05
8.7126e-01	9.0656e+09	1.0988e+05
8.8873e-01	8.8827e+09	1.0996e+05
9.0654e-01	8.7036e+09	1.1004e+05
9.2471e-01	8.5189e+09	1.1013e+05
9.4325e-01	8.3417e+09	1.1022e+05
9.6216e-01	8.1656e+09	1.1031e+05
9.8144e-01	7.9806e+09	1.1040e+05
1.0011e+00	7.8129e+09	1.1049e+05
1.0212e+00	7.6414e+09	1.1059e+05
1.0417e+00	7.4748e+09	1.1069e+05
1.0625e+00	7.3113e+09	1.1079e+05
1.0838e+00	7.1562e+09	1.1089e+05
1.1056e+00	7.0031e+09	1.1099e+05
1.1277e+00	6.8490e+09	1.1110e+05
1.1503e+00	6.7015e+09	1.1120e+05
1.1734e+00	6.5523e+09	1.1131e+05
1.1969e+00	6.4072e+09	1.1142e+05
1.2209e+00	6.2669e+09	1.1154e+05
1.2454e+00	6.1274e+09	1.1166e+05
1.2703e+00	5.9947e+09	1.1178e+05
1.2958e+00	5.8624e+09	1.1190e+05
1.3218e+00	5.7315e+09	1.1202e+05
1.3483e+00	5.6052e+09	1.1215e+05
1.3753e+00	5.4832e+09	1.1227e+05
1.4029e+00	5.3626e+09	1.1241e+05
1.4310e+00	5.2457e+09	1.1254e+05
1.4597e+00	5.1301e+09	1.1268e+05
1.4889e+00	5.0154e+09	1.1282e+05
1.5188e+00	4.9090e+09	1.1296e+05
1.5492e+00	4.7982e+09	1.1310e+05
1.5803e+00	4.6890e+09	1.1325e+05
1.6119e+00	4.5823e+09	1.1340e+05
1.6442e+00	4.4803e+09	1.1355e+05
1.6772e+00	4.3791e+09	1.1371e+05
1.7108e+00	4.2778e+09	1.1387e+05
1.7451e+00	4.1840e+09	1.1404e+05
1.7801e+00	4.0917e+09	1.1420e+05
1.8158e+00	4.0031e+09	1.1437e+05
1.8522e+00	3.9130e+09	1.1454e+05
1.8893e+00	3.8243e+09	1.1472e+05
1.9272e+00	3.7385e+09	1.1490e+05
1.9658e+00	3.6544e+09	1.1509e+05
2.0052e+00	3.5719e+09	1.1527e+05
2.0454e+00	3.4898e+09	1.1546e+05
2.0864e+00	3.4117e+09	1.1566e+05
2.1282e+00	3.3351e+09	1.1586e+05
2.1709e+00	3.2609e+09	1.1606e+05
2.2144e+00	3.1882e+09	1.1627e+05
2.2588e+00	3.1149e+09	1.1648e+05
2.3041e+00	3.0441e+09	1.1669e+05
2.3502e+00	2.9704e+09	1.1691e+05
2.3974e+00	2.8979e+09	1.1714e+05
2.4454e+00	2.8285e+09	1.1736e+05
2.4944e+00	2.7632e+09	1.1760e+05
2.5444e+00	2.6977e+09	1.1783e+05
2.5954e+00	2.6322e+09	1.1764e+05
2.6475e+00	2.5727e+09	1.1777e+05
2.7005e+00	2.5100e+09	1.1800e+05
2.7547e+00	2.4499e+09	1.1826e+05
2.8099e+00	2.3903e+09	1.1852e+05
2.8662e+00	2.3334e+09	1.1879e+05
2.9237e+00	2.2786e+09	1.1906e+05
2.9823e+00	2.2254e+09	1.1934e+05
3.0420e+00	2.1733e+09	1.1962e+05
3.1030e+00	2.1199e+09	1.1991e+05
3.1652e+00	2.0681e+09	1.2020e+05
3.2287e+00	2.0170e+09	1.2050e+05
3.2934e+00	1.9678e+09	1.2081e+05
3.3594e+00	1.9186e+09	1.2112e+05
3.4267e+00	1.8713e+09	1.2144e+05
3.4954e+00	1.8271e+09	1.2176e+05
3.5655e+00	1.7830e+09	1.2210e+05
3.6370e+00	1.7400e+09	1.2243e+05
3.7099e+00	1.6964e+09	1.2278e+05
3.7842e+00	1.6540e+09	1.2313e+05
3.8601e+00	1.6108e+09	1.2348e+05
3.9375e+00	1.5711e+09	1.2385e+05
4.0164e+00	1.5323e+09	1.2422e+05
4.0969e+00	1.4943e+09	1.2460e+05
4.1790e+00	1.4573e+09	1.2499e+05
4.2628e+00	1.4212e+09	1.2538e+05
4.3482e+00	1.3856e+09	1.2578e+05
4.4354e+00	1.3509e+09	1.2619e+05
4.5243e+00	1.3168e+09	1.2661e+05
4.6150e+00	1.2827e+09	1.2704e+05
4.7075e+00	1.2495e+09	1.2747e+05
4.8019e+00	1.2172e+09	1.2791e+05
4.8981e+00	1.1858e+09	1.2836e+05
4.9963e+00	1.1551e+09	1.2882e+05
5.0964e+00	1.1248e+09	1.2929e+05
5.1986e+00	1.0951e+09	1.2976e+05
5.3028e+00	1.0667e+09	1.3020e+05
5.4091e+00	1.0390e+09	1.3067e+05
5.5175e+00	1.0115e+09	1.3117e+05
5.6281e+00	9.8401e+08	1.3168e+05
5.7409e+00	9.5747e+08	1.3220e+05
5.8560e+00	9.3213e+08	1.3273e+05
5.9734e+00	9.0720e+08	1.3327e+05
6.0931e+00	8.8126e+08	1.3382e+05
6.2153e+00	8.5715e+08	1.3438e+05
6.3398e+00	8.3437e+08	1.3495e+05
6.4669e+00	8.1213e+08	1.3553e+05
6.5966e+00	7.8992e+08	1.3612e+05
6.7288e+00	7.6800e+08	1.3672e+05
6.8637e+00	7.4688e+08	1.3733e+05
7.0012e+00	7.2636e+08	1.3795e+05
7.1416e+00	7.0578e+08	1.3859e+05
7.2847e+00	6.8574e+08	1.3923e+05
7.4308e+00	6.6626e+08	1.3989e+05
7.5797e+00	6.4688e+08	1.4055e+05
7.7316e+00	6.2826e+08	1.4123e+05
7.8866e+00	6.0995e+08	1.4192e+05
8.0447e+00	5.9236e+08	1.4262e+05
8.2060e+00	5.7527e+08	1.4334e+05
8.3705e+00	5.5798e+08	1.4406e+05
8.5382e+00	5.4174e+08	1.4480e+05
8.7094e+00	5.2575e+08	1.4555e+05
8.8840e+00	5.1014e+08	1.4631e+05
9.0620e+00	4.9483e+08	1.4709e+05
9.2437e+00	4.7939e+08	1.4788e+05
9.4290e+00	4.6457e+08	1.4868e+05
9.6180e+00	4.4997e+08	1.4950e+05
9.8108e+00	4.3567e+08	1.5037e+05
1.0007e+01	4.2181e+08	1.5124e+05
1.0208e+01	4.0862e+08	1.5212e+05
1.0413e+01	3.9586e+08	1.5296e+05
1.0621e+01	3.8303e+08	1.5382e+05
1.0834e+01	3.7048e+08	1.5469e+05
1.1051e+01	3.5822e+08	1.5558e+05
1.1273e+01	3.4668e+08	1.5648e+05
1.1499e+01	3.3544e+08	1.5740e+05
1.1729e+01	3.2428e+08	1.5852e+05
1.1965e+01	3.1341e+08	1.5951e+05
1.2204e+01	3.0274e+08	1.6045e+05
1.2449e+01	2.9259e+08	1.6140e+05
1.2699e+01	2.8263e+08	1.6236e+05
1.2953e+01	2.7302e+08	1.6334e+05
1.3213e+01	2.6337e+08	1.6434e+05
1.3478e+01	2.5419e+08	1.6536e+05
1.3748e+01	2.4502e+08	1.6641e+05
1.4023e+01	2.3633e+08	1.6734e+05
1.4304e+01	2.2802e+08	1.6838e+05
1.4591e+01	2.1997e+08	1.6942e+05
1.4884e+01	2.1219e+08	1.7046e+05
1.5182e+01	2.0415e+08	1.7151e+05
1.5486e+01	1.9668e+08	1.7256e+05
1.5797e+01	1.8936e+08	1.7362e+05
1.6113e+01	1.8233e+08	1.7468e+05
1.6436e+01	1.7523e+08	1.7576e+05
1.6766e+01	1.6842e+08	1.7673e+05
1.7102e+01	1.6186e+08	1.7779e+05
1.7445e+01	1.5541e+08	1.7886e+05
1.7794e+01	1.4944e+08	1.7993e+05
1.8151e+01	1.4362e+08	1.8101e+05
1.8515e+01	1.3786e+08	1.8208e+05
1.8886e+01	1.3205e+08	1.8316e+05
1.9265e+01	1.2657e+08	1.8426e+05
1.9651e+01	1.2115e+08	1.8536e+05
2.0045e+01	1.1582e+08	1.8654e+05
2.0446e+01	1.1060e+08	1.8756e+05
2.0856e+01	1.0578e+08	1.8861e+05
2.1274e+01	1.0103e+08	1.8995e+05
2.1701e+01	9.6450e+07	1.9096e+05
2.2136e+01	9.2010e+07	1.9196e+05
2.2579e+01	8.7772e+07	1.9302e+05
2.3032e+01	8.3586e+07	1.9393e+05
2.3494e+01	7.9597e+07	1.9491e+05
2.3965e+01	7.5745e+07	1.9584e+05
2.4445e+01	7.2041e+07	1.9675e+05
2.4935e+01	6.8476e+07	1.9764e+05
2.5435e+01	6.5242e+07	1.9848e+05
2.5945e+01	6.2032e+07	1.9929e+05
2.6465e+01	5.8987e+07	2.0009e+05
2.6995e+01	5.6070e+07	2.0090e+05
2.7536e+01	5.3191e+07	2.0179e+05
2.8088e+01	5.0435e+07	2.0250e+05
2.8651e+01	4.7767e+07	2.0351e+05
2.9226e+01	4.5208e+07	2.0416e+05
2.9812e+01	4.2879e+07	2.0485e+05
3.0409e+01	4.0513e+07	2.0549e+05
3.1019e+01	3.8263e+07	2.0601e+05
3.1640e+01	3.5942e+07	2.0646e+05
3.2275e+01	3.3906e+07	2.0683e+05
3.2922e+01	3.1877e+07	2.0715e+05
3.3581e+01	2.9985e+07	2.0745e+05
3.4255e+01	2.8245e+07	2.0782e+05
3.4941e+01	2.6541e+07	2.0797e+05
3.5642e+01	2.4925e+07	2.0806e+05
3.6356e+01	2.3361e+07	2.0825e+05
3.7085e+01	2.1898e+07	2.0824e+05
3.7828e+01	2.0413e+07	2.0814e+05
3.8586e+01	1.9145e+07	2.0792e+05
3.9360e+01	1.7893e+07	2.0769e+05
4.0149e+01	1.6691e+07	2.0756e+05
4.0954e+01	1.5557e+07	2.0715e+05
4.1775e+01	1.4502e+07	2.0678e+05
4.2612e+01	1.3498e+07	2.0621e+05
4.3466e+01	1.2570e+07	2.0548e+05
4.4337e+01	1.1696e+07	2.0466e+05
4.5226e+01	1.0887e+07	2.0385e+05
4.6133e+01	1.0129e+07	2.0288e+05
4.7057e+01	9.4276e+06	2.0199e+05
4.8001e+01	8.7654e+06	2.0084e+05
4.8963e+01	8.1561e+06	1.9954e+05
4.9944e+01	7.5869e+06	1.9824e+05
5.0945e+01	7.0580e+06	1.9684e+05
5.1967e+01	6.5676e+06	1.9554e+05
5.3008e+01	6.1076e+06	1.9394e+05
5.4071e+01	5.6833e+06	1.9228e+05
5.5155e+01	5.2846e+06	1.9047e+05
5.6260e+01	4.9153e+06	1.8879e+05
5.7388e+01	4.5710e+06	1.8682e+05
5.8538e+01	4.2522e+06	1.8482e+05
5.9712e+01	3.9572e+06	1.8267e+05
6.0909e+01	3.6819e+06	1.8061e+05
6.2130e+01	3.4254e+06	1.7829e+05
6.3375e+01	3.1847e+06	1.7589e+05
6.4645e+01	2.9640e+06	1.7350e+05
6.5941e+01	2.7563e+06	1.7086e+05
6.7263e+01	2.5649e+06	1.6818e+05
6.8611e+01	2.3867e+06	1.6554e+05
6.9986e+01	2.2203e+06	1.6270e+05
7.1389e+01	2.0648e+06	1.5993e+05
7.2820e+01	1.9207e+06	1.5713e+05
7.4280e+01	1.7885e+06	1.5417e+05
7.5769e+01	1.6641e+06	1.5120e+05
7.7288e+01	1.5468e+06	1.4810e+05
7.8837e+01	1.4382e+06	1.4507e+05
8.0417e+01	1.3378e+06	1.4190e+05
8.2029e+01	1.2439e+06	1.3880e+05
8.3673e+01	1.1566e+06	1.3558e+05
8.5351e+01	1.0766e+06	1.3238e+05
8.7062e+01	1.0016e+06	1.2903e+05
8.8807e+01	9.3015e+05	1.2575e+05
9.0587e+01	8.6580e+05	1.2247e+05
9.2403e+01	8.0612e+05	1.1930e+05
9.4255e+01	7.4899e+05	1.1609e+05
9.6144e+01	6.9701e+05	1.1283e+05
9.8071e+01	6.4787e+05	1.0966e+05
1.0004e+02	6.0207e+05	1.0642e+05
1.0204e+02	5.6024e+05	1.0316e+05
1.0409e+02	5.2066e+05	9.9884e+04
1.0617e+02	4.8433e+05	9.6687e+04
1.0830e+02	4.5021e+05	9.3537e+04
1.1047e+02	4.1862e+05	9.0412e+04
1.1269e+02	3.8876e+05	8.7338e+04
1.1495e+02	3.6093e+05	8.4345e+04
1.1725e+02	3.3545e+05	8.1381e+04
1.1960e+02	3.1174e+05	7.8449e+04
1.2200e+02	2.8988e+05	7.5552e+04
1.2444e+02	2.6923e+05	7.2704e+04
1.2694e+02	2.4988e+05	6.9921e+04
1.2948e+02	2.3241e+05	6.7197e+04
1.3208e+02	2.1581e+05	6.4534e+04
1.3473e+02	2.0056e+05	6.1924e+04
1.3743e+02	1.8639e+05	5.9385e+04
1.4018e+02	1.7295e+05	5.6933e+04
1.4299e+02	1.6090e+05	5.4515e+04
1.4586e+02	1.4963e+05	5.2183e+04
1.4878e+02	1.3922e+05	4.9915e+04
1.5176e+02	1.2921e+05	4.7680e+04
1.5481e+02	1.2002e+05	4.5499e+04
1.5791e+02	1.1147e+05	4.3356e+04
1.6107e+02	1.0366e+05	4.1314e+04
1.6430e+02	9.6317e+04	3.9373e+04
1.6760e+02	8.9450e+04	3.7499e+04
1.7096e+02	8.3089e+04	3.5674e+04
1.7438e+02	7.7177e+04	3.3907e+04
1.7788e+02	7.1658e+04	3.2207e+04
1.8144e+02	6.6623e+04	3.0578e+04
1.8508e+02	6.1855e+04	2.9033e+04
1.8879e+02	5.7493e+04	2.7547e+04
1.9257e+02	5.3436e+04	2.6114e+04
1.9643e+02	4.9574e+04	2.4733e+04
2.0037e+02	4.6040e+04	2.3413e+04
2.0439e+02	4.2764e+04	2.2156e+04
2.0849e+02	3.9681e+04	2.0959e+04
2.1266e+02	3.6804e+04	1.9811e+04
2.1693e+02	3.4142e+04	1.8704e+04
2.2128e+02	3.1705e+04	1.7654e+04
2.2571e+02	2.9430e+04	1.6664e+04
2.3024e+02	2.7290e+04	1.5727e+04
2.3485e+02	2.5328e+04	1.4836e+04
2.3956e+02	2.3531e+04	1.3987e+04
2.4436e+02	2.1854e+04	1.3186e+04
2.4926e+02	2.0273e+04	1.2423e+04
2.5425e+02	1.8794e+04	1.1692e+04
2.5935e+02	1.7441e+04	1.1001e+04
2.6455e+02	1.6188e+04	1.0344e+04
2.6985e+02	1.5020e+04	9.7219e+03
2.7526e+02	1.3944e+04	9.1371e+03
2.8078e+02	1.2942e+04	8.5853e+03
2.8641e+02	1.2018e+04	8.0671e+03
2.9215e+02	1.1154e+04	7.5795e+03
2.9800e+02	1.0351e+04	7.1210e+03
3.0398e+02	9.6025e+03	6.6831e+03
3.1007e+02	8.9086e+03	6.2646e+03
3.1629e+02	8.2700e+03	5.8688e+03
3.2263e+02	7.6794e+03	5.4969e+03
3.2909e+02	7.1343e+03	5.1491e+03
3.3569e+02	6.6199e+03	4.8225e+03
3.4242e+02	6.1397e+03	4.5135e+03
3.4928e+02	5.6946e+03	4.2240e+03
3.5628e+02	5.2807e+03	3.9503e+03
3.6343e+02	4.8975e+03	3.6928e+03
3.7071e+02	4.5389e+03	3.4503e+03
3.7814e+02	4.2102e+03	3.2240e+03
3.8572e+02	3.9047e+03	3.0153e+03
3.9345e+02	3.6199e+03	2.8190e+03
4.0134e+02	3.3548e+03	2.6328e+03
4.0938e+02	3.1132e+03	2.4571e+03
4.1759e+02	2.8881e+03	2.2921e+03
4.2596e+02	2.6774e+03	2.1379e+03
4.3450e+02	2.4821e+03	1.9949e+03
4.4321e+02	2.3001e+03	1.8613e+03
4.5209e+02	2.1317e+03	1.7358e+03
4.6116e+02	1.9761e+03	1.6182e+03
4.7040e+02	1.8317e+03	1.5082e+03
4.7983e+02	1.6977e+03	1.4051e+03
4.8945e+02	1.5746e+03	1.3113e+03
4.9926e+02	1.4581e+03	1.2217e+03
5.0926e+02	1.3537e+03	1.1386e+03
5.1947e+02	1.2541e+03	1.0604e+03
5.2989e+02	1.1635e+03	9.8847e+02
5.4051e+02	1.0785e+03	9.2048e+02
5.5134e+02	1.0009e+03	8.5680e+02
5.6239e+02	9.2731e+02	7.9710e+02
5.7367e+02	8.5915e+02	7.4136e+02
5.8517e+02	7.9606e+02	6.9057e+02
5.9690e+02	7.3740e+02	6.4268e+02
6.0886e+02	6.8450e+02	5.9738e+02
6.2106e+02	6.3393e+02	5.5539e+02
6.3351e+02	5.8705e+02	5.1633e+02
6.4621e+02	5.4406e+02	4.8045e+02
6.5917e+02	5.0386e+02	4.4710e+02
6.7238e+02	4.6762e+02	4.1588e+02
6.8586e+02	4.3355e+02	3.8701e+02
6.9960e+02	4.0212e+02	3.6021e+02
7.1363e+02	3.7305e+02	3.3486e+02
7.2793e+02	3.4600e+02	3.1100e+02
7.4252e+02	3.2045e+02	2.8905e+02
7.5741e+02	2.9681e+02	2.6888e+02
7.7259e+02	2.7545e+02	2.4992e+02
7.8808e+02	2.5543e+02	2.3226e+02
8.0387e+02	2.3669e+02	2.1604e+02
8.1999e+02	2.1960e+02	2.0082e+02
8.3642e+02	2.0372e+02	1.8655e+02
8.5319e+02	1.8878e+02	1.7341e+02
8.7029e+02	1.7504e+02	1.6121e+02
8.8774e+02	1.6245e+02	1.4971e+02
9.0553e+02	1.5052e+02	1.3898e+02
9.2368e+02	1.3942e+02	1.2908e+02
9.4220e+02	1.2928e+02	1.1982e+02
9.6108e+02	1.1972e+02	1.1132e+02
9.8035e+02	1.1104e+02	1.0348e+02
1.0000e+03	1.0305e+02	9.6192e+01