# Energy(MeV) Fluence_Total
5.000000e-02 2.067451e+11
5.049814e-02 2.041598e+11
5.100123e-02 2.015964e+11
5.150934e-02 1.990858e+11
5.202252e-02 1.965961e+11
5.254080e-02 1.941360e+11
5.306425e-02 1.916253e+11
5.359291e-02 1.892411e+11
5.412684e-02 1.868469e+11
5.466609e-02 1.845025e+11
5.521071e-02 1.821873e+11
5.576076e-02 1.799669e+11
5.631629e-02 1.777768e+11
5.687735e-02 1.755615e+11
5.744400e-02 1.733554e+11
5.801630e-02 1.710748e+11
5.859430e-02 1.688404e+11
5.917806e-02 1.666206e+11
5.976763e-02 1.644522e+11
6.036308e-02 1.622976e+11
6.096446e-02 1.601787e+11
6.157183e-02 1.581826e+11
6.218525e-02 1.561865e+11
6.280478e-02 1.541454e+11
6.343049e-02 1.520814e+11
6.406243e-02 1.500878e+11
6.470066e-02 1.482350e+11
6.534526e-02 1.462729e+11
6.599627e-02 1.444123e+11
6.665377e-02 1.425173e+11
6.731782e-02 1.407015e+11
6.798849e-02 1.389151e+11
6.866584e-02 1.370819e+11
6.934994e-02 1.353023e+11
7.004085e-02 1.335639e+11
7.073865e-02 1.318130e+11
7.144339e-02 1.300547e+11
7.215516e-02 1.283259e+11
7.287402e-02 1.265953e+11
7.360005e-02 1.248848e+11
7.433330e-02 1.232338e+11
7.507386e-02 1.216494e+11
7.582180e-02 1.200689e+11
7.657719e-02 1.185203e+11
7.734011e-02 1.170103e+11
7.811062e-02 1.155566e+11
7.888881e-02 1.141041e+11
7.967476e-02 1.126393e+11
8.046854e-02 1.112251e+11
8.127022e-02 1.098359e+11
8.207989e-02 1.084340e+11
8.289763e-02 1.070118e+11
8.372351e-02 1.056689e+11
8.455763e-02 1.043255e+11
8.540005e-02 1.030343e+11
8.625086e-02 1.017221e+11
8.711015e-02 1.003818e+11
8.797801e-02 9.903663e+10
8.885451e-02 9.775389e+10
8.973974e-02 9.657622e+10
9.063379e-02 9.532887e+10
9.153674e-02 9.405407e+10
9.244870e-02 9.278257e+10
9.336974e-02 9.157562e+10
9.429995e-02 9.040094e+10
9.523943e-02 8.925357e+10
9.618827e-02 8.806352e+10
9.714657e-02 8.694574e+10
9.811441e-02 8.586688e+10
9.909190e-02 8.475791e+10
1.000791e-01 8.366567e+10
1.010762e-01 8.256001e+10
1.020832e-01 8.149673e+10
1.031002e-01 8.041942e+10
1.041274e-01 7.934534e+10
1.051647e-01 7.831999e+10
1.062125e-01 7.731307e+10
1.072706e-01 7.632957e+10
1.083393e-01 7.532856e+10
1.094187e-01 7.436542e+10
1.105088e-01 7.343230e+10
1.116098e-01 7.251981e+10
1.127217e-01 7.160131e+10
1.138447e-01 7.061992e+10
1.149789e-01 6.971447e+10
1.161244e-01 6.886675e+10
1.172813e-01 6.797344e+10
1.184498e-01 6.707917e+10
1.196298e-01 6.619102e+10
1.208217e-01 6.534479e+10
1.220254e-01 6.454730e+10
1.232411e-01 6.373765e+10
1.244689e-01 6.292774e+10
1.257089e-01 6.216798e+10
1.269613e-01 6.140156e+10
1.282262e-01 6.056933e+10
1.295037e-01 5.978504e+10
1.307939e-01 5.900428e+10
1.320970e-01 5.823922e+10
1.334130e-01 5.750401e+10
1.347422e-01 5.675283e+10
1.360846e-01 5.605029e+10
1.374403e-01 5.532739e+10
1.388096e-01 5.461650e+10
1.401925e-01 5.391817e+10
1.415892e-01 5.322668e+10
1.429998e-01 5.252579e+10
1.444245e-01 5.180962e+10
1.458634e-01 5.113702e+10
1.473166e-01 5.047996e+10
1.487842e-01 4.980405e+10
1.502665e-01 4.916050e+10
1.517636e-01 4.853356e+10
1.532756e-01 4.791145e+10
1.548026e-01 4.730864e+10
1.563448e-01 4.667661e+10
1.579025e-01 4.604691e+10
1.594756e-01 4.545047e+10
1.610644e-01 4.486810e+10
1.626690e-01 4.428400e+10
1.642897e-01 4.370112e+10
1.659264e-01 4.314451e+10
1.675795e-01 4.258150e+10
1.692491e-01 4.203826e+10
1.709352e-01 4.149910e+10
1.726382e-01 4.096549e+10
1.743582e-01 4.044526e+10
1.760952e-01 3.991815e+10
1.778496e-01 3.940223e+10
1.796215e-01 3.889548e+10
1.814110e-01 3.837445e+10
1.832183e-01 3.787012e+10
1.850437e-01 3.735842e+10
1.868872e-01 3.688387e+10
1.887491e-01 3.639625e+10
1.906296e-01 3.593411e+10
1.925288e-01 3.545066e+10
1.944469e-01 3.498707e+10
1.963841e-01 3.451978e+10
1.983406e-01 3.406053e+10
2.003166e-01 3.361212e+10
2.023123e-01 3.314786e+10
2.043279e-01 3.271663e+10
2.063635e-01 3.229738e+10
2.084195e-01 3.186886e+10
2.104959e-01 3.144797e+10
2.125930e-01 3.102560e+10
2.147110e-01 3.065034e+10
2.168501e-01 3.027056e+10
2.190105e-01 2.988764e+10
2.211925e-01 2.949028e+10
2.233961e-01 2.909170e+10
2.256218e-01 2.873038e+10
2.278696e-01 2.837447e+10
2.301398e-01 2.802398e+10
2.324326e-01 2.766192e+10
2.347482e-01 2.730163e+10
2.370870e-01 2.694782e+10
2.394490e-01 2.659645e+10
2.418345e-01 2.624599e+10
2.442439e-01 2.589920e+10
2.466772e-01 2.555692e+10
2.491348e-01 2.523538e+10
2.516168e-01 2.490550e+10
2.541236e-01 2.456408e+10
2.566554e-01 2.423789e+10
2.592123e-01 2.393687e+10
2.617948e-01 2.361995e+10
2.644030e-01 2.330874e+10
2.670371e-01 2.299593e+10
2.696976e-01 2.269902e+10
2.723845e-01 2.239918e+10
2.750982e-01 2.210278e+10
2.778389e-01 2.180985e+10
2.806069e-01 2.151941e+10
2.834025e-01 2.123910e+10
2.862260e-01 2.096204e+10
2.890775e-01 2.068481e+10
2.919575e-01 2.040308e+10
2.948662e-01 2.012656e+10
2.978039e-01 1.986439e+10
3.007708e-01 1.960528e+10
3.037673e-01 1.935366e+10
3.067937e-01 1.910110e+10
3.098501e-01 1.885788e+10
3.129371e-01 1.862205e+10
3.160548e-01 1.838585e+10
3.192035e-01 1.814120e+10
3.223837e-01 1.790750e+10
3.255955e-01 1.767490e+10
3.288393e-01 1.743677e+10
3.321154e-01 1.721549e+10
3.354242e-01 1.698886e+10
3.387659e-01 1.677355e+10
3.421410e-01 1.655396e+10
3.455496e-01 1.634273e+10
3.489922e-01 1.612733e+10
3.524691e-01 1.590669e+10
3.559807e-01 1.569292e+10
3.595272e-01 1.548190e+10
3.631090e-01 1.528081e+10
3.667266e-01 1.507893e+10
3.703802e-01 1.487172e+10
3.740702e-01 1.467676e+10
3.777969e-01 1.448512e+10
3.815608e-01 1.429242e+10
3.853622e-01 1.410223e+10
3.892014e-01 1.391212e+10
3.930789e-01 1.373207e+10
3.969950e-01 1.355263e+10
4.009502e-01 1.337498e+10
4.049447e-01 1.320038e+10
4.089791e-01 1.303387e+10
4.130536e-01 1.286468e+10
4.171687e-01 1.269859e+10
4.213249e-01 1.253368e+10
4.255224e-01 1.236536e+10
4.297618e-01 1.219844e+10
4.340433e-01 1.203875e+10
4.383676e-01 1.187726e+10
4.427349e-01 1.172443e+10
4.471458e-01 1.157742e+10
4.516005e-01 1.142157e+10
4.560997e-01 1.126680e+10
4.606437e-01 1.110788e+10
4.652329e-01 1.095301e+10
4.698679e-01 1.080872e+10
4.745491e-01 1.066334e+10
4.792769e-01 1.052286e+10
4.840518e-01 1.038123e+10
4.888742e-01 1.024442e+10
4.937447e-01 1.011196e+10
4.986638e-01 9.974489e+09
5.036318e-01 9.835366e+09
5.086493e-01 9.705542e+09
5.137168e-01 9.577328e+09
5.188349e-01 9.452160e+09
5.240038e-01 9.328235e+09
5.292243e-01 9.207663e+09
5.344968e-01 9.082647e+09
5.398219e-01 8.960063e+09
5.452000e-01 8.836008e+09
5.506316e-01 8.720509e+09
5.561174e-01 8.602652e+09
5.616578e-01 8.489487e+09
5.672535e-01 8.375587e+09
5.729048e-01 8.258850e+09
5.786125e-01 8.146391e+09
5.843771e-01 8.031754e+09
5.901990e-01 7.925680e+09
5.960790e-01 7.819226e+09
6.020176e-01 7.714488e+09
6.080153e-01 7.613054e+09
6.140728e-01 7.513337e+09
6.201906e-01 7.416399e+09
6.263694e-01 7.316403e+09
6.326097e-01 7.219106e+09
6.389122e-01 7.120104e+09
6.452775e-01 7.021898e+09
6.517062e-01 6.926387e+09
6.581990e-01 6.828679e+09
6.647564e-01 6.741314e+09
6.713792e-01 6.647874e+09
6.780679e-01 6.555739e+09
6.848233e-01 6.466186e+09
6.916460e-01 6.377419e+09
6.985367e-01 6.290792e+09
7.054960e-01 6.204046e+09
7.125246e-01 6.118671e+09
7.196233e-01 6.034996e+09
7.267927e-01 5.953697e+09
7.340335e-01 5.872310e+09
7.413465e-01 5.792305e+09
7.487323e-01 5.712862e+09
7.561917e-01 5.636462e+09
7.637254e-01 5.557966e+09
7.713341e-01 5.483422e+09
7.790187e-01 5.407895e+09
7.867798e-01 5.333164e+09
7.946183e-01 5.261518e+09
8.025348e-01 5.190299e+09
8.105303e-01 5.119969e+09
8.186053e-01 5.049706e+09
8.267608e-01 4.981517e+09
8.349976e-01 4.910655e+09
8.433165e-01 4.842696e+09
8.517182e-01 4.775427e+09
8.602036e-01 4.713061e+09
8.687735e-01 4.651654e+09
8.774289e-01 4.589454e+09
8.861704e-01 4.527068e+09
8.949991e-01 4.465342e+09
9.039157e-01 4.404557e+09
9.129211e-01 4.342548e+09
9.220163e-01 4.280747e+09
9.312021e-01 4.221104e+09
9.404793e-01 4.160563e+09
9.498491e-01 4.101386e+09
9.593121e-01 4.043891e+09
9.688695e-01 3.990955e+09
9.785220e-01 3.933368e+09
9.882707e-01 3.877173e+09
9.981166e-01 3.823834e+09
1.008061e+00 3.770300e+09
1.018104e+00 3.716549e+09
1.028247e+00 3.663381e+09
1.038491e+00 3.610866e+09
1.048837e+00 3.562117e+09
1.059286e+00 3.512324e+09
1.069839e+00 3.463202e+09
1.080498e+00 3.413985e+09
1.091263e+00 3.368650e+09
1.102135e+00 3.319269e+09
1.113115e+00 3.272489e+09
1.124204e+00 3.227092e+09
1.135405e+00 3.182423e+09
1.146716e+00 3.139743e+09
1.158141e+00 3.096904e+09
1.169679e+00 3.050926e+09
1.181332e+00 3.007658e+09
1.193101e+00 2.966889e+09
1.204988e+00 2.924747e+09
1.216993e+00 2.884738e+09
1.229117e+00 2.844522e+09
1.241363e+00 2.803344e+09
1.253730e+00 2.762225e+09
1.266220e+00 2.721895e+09
1.278835e+00 2.686055e+09
1.291576e+00 2.647563e+09
1.304444e+00 2.608309e+09
1.317439e+00 2.572327e+09
1.330565e+00 2.537078e+09
1.343821e+00 2.500904e+09
1.357209e+00 2.464155e+09
1.370730e+00 2.428986e+09
1.384386e+00 2.394639e+09
1.398179e+00 2.360181e+09
1.412108e+00 2.324516e+09
1.426177e+00 2.290486e+09
1.440385e+00 2.257710e+09
1.454735e+00 2.224598e+09
1.469229e+00 2.192501e+09
1.483866e+00 2.159827e+09
1.498649e+00 2.128870e+09
1.513580e+00 2.098860e+09
1.528659e+00 2.068850e+09
1.543889e+00 2.039363e+09
1.559270e+00 2.009701e+09
1.574805e+00 1.979937e+09
1.590494e+00 1.952009e+09
1.606340e+00 1.923524e+09
1.622343e+00 1.894775e+09
1.638506e+00 1.866766e+09
1.654830e+00 1.838505e+09
1.671317e+00 1.811439e+09
1.687967e+00 1.785877e+09
1.704784e+00 1.758135e+09
1.721768e+00 1.730910e+09
1.738922e+00 1.704483e+09
1.756246e+00 1.678502e+09
1.773743e+00 1.652858e+09
1.791414e+00 1.628430e+09
1.809262e+00 1.603492e+09
1.827287e+00 1.578031e+09
1.845492e+00 1.554558e+09
1.863878e+00 1.530185e+09
1.882447e+00 1.508310e+09
1.901201e+00 1.486658e+09
1.920142e+00 1.465012e+09
1.939272e+00 1.443946e+09
1.958592e+00 1.421971e+09
1.978105e+00 1.399294e+09
1.997813e+00 1.377101e+09
2.017716e+00 1.355459e+09
2.037818e+00 1.334728e+09
2.058120e+00 1.314366e+09
2.078625e+00 1.293502e+09
2.099333e+00 1.273066e+09
2.120248e+00 1.252214e+09
2.141372e+00 1.232384e+09
2.162706e+00 1.213156e+09
2.184252e+00 1.194333e+09
2.206013e+00 1.175332e+09
2.227991e+00 1.156703e+09
2.250188e+00 1.139578e+09
2.272606e+00 1.122062e+09
2.295247e+00 1.104618e+09
2.318114e+00 1.087086e+09
2.341209e+00 1.071674e+09
2.364533e+00 1.054846e+09
2.388091e+00 1.037545e+09
2.411882e+00 1.021867e+09
2.435911e+00 1.006877e+09
2.460179e+00 9.902237e+08
2.484690e+00 9.737735e+08
2.509444e+00 9.593295e+08
2.534445e+00 9.442622e+08
2.559694e+00 9.297247e+08
2.585196e+00 9.154376e+08
2.610951e+00 9.005800e+08
2.636964e+00 8.861667e+08
2.663235e+00 8.727875e+08
2.689768e+00 8.598603e+08
2.716565e+00 8.450527e+08
2.743630e+00 8.307040e+08
2.770964e+00 8.171123e+08
2.798570e+00 8.033023e+08
2.826451e+00 7.911701e+08
2.854610e+00 7.775771e+08
2.883050e+00 7.644474e+08
2.911773e+00 7.520034e+08
2.940782e+00 7.398356e+08
2.970080e+00 7.275445e+08
2.999670e+00 7.157752e+08
3.029555e+00 7.037741e+08
3.059737e+00 6.919641e+08
3.090221e+00 6.813486e+08
3.121008e+00 6.704088e+08
3.152101e+00 6.593500e+08
3.183505e+00 6.486279e+08
3.215221e+00 6.374925e+08
3.247253e+00 6.268249e+08
3.279605e+00 6.161560e+08
3.312279e+00 6.053046e+08
3.345278e+00 5.947125e+08
3.378606e+00 5.848770e+08
3.412266e+00 5.743258e+08
3.446261e+00 5.653158e+08
3.480595e+00 5.552186e+08
3.515271e+00 5.458974e+08
3.550293e+00 5.371890e+08
3.585664e+00 5.275620e+08
3.621386e+00 5.184960e+08
3.657465e+00 5.095045e+08
3.693903e+00 5.007128e+08
3.730705e+00 4.921361e+08
3.767873e+00 4.839518e+08
3.805411e+00 4.748055e+08
3.843323e+00 4.659805e+08
3.881613e+00 4.580338e+08
3.920284e+00 4.504355e+08
3.959341e+00 4.432173e+08
3.998787e+00 4.355468e+08
4.038625e+00 4.276811e+08
4.078861e+00 4.202384e+08
4.119497e+00 4.131976e+08
4.160539e+00 4.056481e+08
4.201989e+00 3.992679e+08
4.243852e+00 3.924535e+08
4.286132e+00 3.855193e+08
4.328834e+00 3.787061e+08
4.371961e+00 3.721312e+08
4.415517e+00 3.650075e+08
4.459508e+00 3.586096e+08
4.503936e+00 3.517263e+08
4.548808e+00 3.447598e+08
4.594126e+00 3.385535e+08
4.639896e+00 3.331376e+08
4.686122e+00 3.274794e+08
4.732808e+00 3.221071e+08
4.779960e+00 3.161969e+08
4.827581e+00 3.106414e+08
4.875677e+00 3.053666e+08
4.924252e+00 2.997097e+08
4.973311e+00 2.937864e+08
5.022858e+00 2.882704e+08
5.072900e+00 2.830415e+08
5.123439e+00 2.775238e+08
5.174483e+00 2.720935e+08
5.226035e+00 2.669269e+08
5.278100e+00 2.615822e+08
5.330684e+00 2.563399e+08
5.383792e+00 2.515137e+08
5.437429e+00 2.470586e+08
5.491601e+00 2.420628e+08
5.546312e+00 2.379336e+08
5.601568e+00 2.338033e+08
5.657375e+00 2.299603e+08
5.713738e+00 2.256747e+08
5.770662e+00 2.214100e+08
5.828153e+00 2.171356e+08
5.886217e+00 2.128682e+08
5.944860e+00 2.088220e+08
6.004087e+00 2.047780e+08
6.063904e+00 2.004031e+08
6.124317e+00 1.964495e+08
6.185331e+00 1.927800e+08
6.246954e+00 1.894812e+08
6.309191e+00 1.862778e+08
6.372047e+00 1.832302e+08
6.435530e+00 1.798899e+08
6.499645e+00 1.768930e+08
6.564399e+00 1.737369e+08
6.629798e+00 1.705886e+08
6.695849e+00 1.675241e+08
6.762558e+00 1.644554e+08
6.829931e+00 1.613601e+08
6.897976e+00 1.583994e+08
6.966698e+00 1.556305e+08
7.036105e+00 1.528914e+08
7.106204e+00 1.497136e+08
7.177001e+00 1.467619e+08
7.248503e+00 1.438962e+08
7.320718e+00 1.409899e+08
7.393652e+00 1.385343e+08
7.467313e+00 1.357740e+08
7.541707e+00 1.329197e+08
7.616843e+00 1.301164e+08
7.692728e+00 1.271317e+08
7.769368e+00 1.245615e+08
7.846772e+00 1.220421e+08
7.924947e+00 1.194682e+08
8.003901e+00 1.173458e+08
8.083641e+00 1.153165e+08
8.164176e+00 1.133195e+08
8.245513e+00 1.111625e+08
8.327661e+00 1.086317e+08
8.410627e+00 1.062992e+08
8.494420e+00 1.041372e+08
8.579047e+00 1.018307e+08
8.664517e+00 9.961432e+07
8.750839e+00 9.746413e+07
8.838021e+00 9.553898e+07
8.926072e+00 9.384575e+07
9.015000e+00 9.217998e+07
9.104813e+00 9.054124e+07
9.195522e+00 8.892912e+07
9.287134e+00 8.723483e+07
9.379659e+00 8.567457e+07
9.473106e+00 8.418749e+07
9.567484e+00 8.270037e+07
9.662802e+00 8.095022e+07
9.759069e+00 7.948311e+07
9.856296e+00 7.802372e+07
9.954491e+00 7.658831e+07
1.005366e+01 7.497206e+07
1.015383e+01 7.340799e+07
1.025499e+01 7.203389e+07
1.035715e+01 7.052445e+07
1.046034e+01 6.899814e+07
1.056455e+01 6.765343e+07
1.066980e+01 6.629940e+07
1.077610e+01 6.482768e+07
1.088346e+01 6.340760e+07
1.099189e+01 6.208085e+07
1.110140e+01 6.094737e+07
1.121200e+01 5.981455e+07
1.132370e+01 5.869808e+07
1.143652e+01 5.757709e+07
1.155046e+01 5.640035e+07
1.166553e+01 5.524435e+07
1.178175e+01 5.410876e+07
1.189913e+01 5.299326e+07
1.201767e+01 5.178710e+07
1.213740e+01 5.057219e+07
1.225832e+01 4.948131e+07
1.238045e+01 4.854501e+07
1.250379e+01 4.751135e+07
1.262836e+01 4.650846e+07
1.275418e+01 4.557871e+07
1.288124e+01 4.459679e+07
1.300958e+01 4.363256e+07
1.313919e+01 4.268575e+07
1.327009e+01 4.175611e+07
1.340229e+01 4.084339e+07
1.353582e+01 3.996862e+07
1.367067e+01 3.917097e+07
1.380687e+01 3.836582e+07
1.394442e+01 3.751640e+07
1.408334e+01 3.666217e+07
1.422365e+01 3.579650e+07
1.436536e+01 3.489599e+07
1.450848e+01 3.401813e+07
1.465302e+01 3.316236e+07
1.479900e+01 3.232812e+07
1.494644e+01 3.151519e+07
1.509535e+01 3.079569e+07
1.524574e+01 3.006710e+07
1.539763e+01 2.927977e+07
1.555103e+01 2.846698e+07
1.570596e+01 2.771606e+07
1.586243e+01 2.705443e+07
1.602047e+01 2.631054e+07
1.618007e+01 2.558194e+07
1.634127e+01 2.488505e+07
1.650407e+01 2.421982e+07
1.666850e+01 2.357239e+07
1.683456e+01 2.294681e+07
1.700228e+01 2.239585e+07
1.717167e+01 2.177390e+07
1.734275e+01 2.117183e+07
1.751553e+01 2.059598e+07
1.769003e+01 2.003582e+07
1.786627e+01 1.950013e+07
1.804426e+01 1.898146e+07
1.822403e+01 1.847806e+07
1.840560e+01 1.797204e+07
1.858896e+01 1.747990e+07
1.877416e+01 1.700127e+07
1.896120e+01 1.653578e+07
1.915011e+01 1.612512e+07
1.934089e+01 1.573023e+07
1.953358e+01 1.531364e+07
1.972819e+01 1.490809e+07
1.992473e+01 1.451327e+07
2.012324e+01 1.412890e+07
2.032372e+01 1.376171e+07
2.052620e+01 1.341668e+07
2.073070e+01 1.310258e+07
2.093723e+01 1.279558e+07
2.114582e+01 1.247160e+07
2.135649e+01 1.214813e+07
2.156926e+01 1.183304e+07
2.178415e+01 1.152612e+07
2.200118e+01 1.122716e+07
2.222037e+01 1.093737e+07
2.244174e+01 1.065683e+07
2.266532e+01 1.038348e+07
2.289113e+01 1.011714e+07
2.311919e+01 9.851548e+06
2.334952e+01 9.591239e+06
2.358214e+01 9.337814e+06
2.381708e+01 9.091090e+06
2.405437e+01 8.850890e+06
2.429401e+01 8.617042e+06
2.453605e+01 8.386921e+06
2.478049e+01 8.162034e+06
2.502737e+01 7.943179e+06
2.527671e+01 7.730193e+06
2.552854e+01 7.522920e+06
2.578287e+01 7.321206e+06
2.603974e+01 7.124902e+06
2.629916e+01 6.933862e+06
2.656117e+01 6.747947e+06
2.682580e+01 6.567017e+06
2.709305e+01 6.399743e+06
2.736297e+01 6.239724e+06
2.763558e+01 6.083708e+06
2.791091e+01 5.931596e+06
2.818897e+01 5.783288e+06
2.846981e+01 5.638690e+06
2.875345e+01 5.492862e+06
2.903991e+01 5.348442e+06
2.932923e+01 5.207816e+06
2.962143e+01 5.070886e+06
2.991654e+01 4.937554e+06
3.021458e+01 4.807724e+06
3.051560e+01 4.681307e+06
3.081962e+01 4.560556e+06
3.112667e+01 4.443503e+06
3.143677e+01 4.329451e+06
3.174997e+01 4.218323e+06
3.206628e+01 4.110045e+06
3.238575e+01 4.006100e+06
3.270840e+01 3.905450e+06
3.303426e+01 3.807325e+06
3.336338e+01 3.711663e+06
3.369576e+01 3.618401e+06
3.403147e+01 3.527480e+06
3.437051e+01 3.435461e+06
3.471293e+01 3.343995e+06
3.505877e+01 3.254967e+06
3.540805e+01 3.168814e+06
3.576081e+01 3.084132e+06
3.611708e+01 2.999144e+06
3.647691e+01 2.916504e+06
3.684031e+01 2.836145e+06
3.720734e+01 2.758006e+06
3.757803e+01 2.682024e+06
3.795241e+01 2.608139e+06
3.833052e+01 2.536295e+06
3.871239e+01 2.469189e+06
3.909807e+01 2.404287e+06
3.948759e+01 2.342070e+06
3.988100e+01 2.281461e+06
4.027832e+01 2.222419e+06
4.067960e+01 2.162964e+06
4.108488e+01 2.101695e+06
4.149420e+01 2.042174e+06
4.190759e+01 1.984352e+06
4.232510e+01 1.929459e+06
4.274678e+01 1.878978e+06
4.317265e+01 1.829816e+06
4.360277e+01 1.781940e+06
4.403717e+01 1.734351e+06
4.447590e+01 1.687224e+06
4.491900e+01 1.641377e+06
4.536651e+01 1.596774e+06
4.581848e+01 1.553383e+06
4.627496e+01 1.511170e+06
4.673598e+01 1.470332e+06
4.720160e+01 1.431161e+06
4.767186e+01 1.393028e+06
4.814680e+01 1.356442e+06
4.862647e+01 1.321054e+06
4.911092e+01 1.286584e+06
4.960020e+01 1.253005e+06
5.009435e+01 1.220297e+06
5.059342e+01 1.188436e+06
5.109747e+01 1.154638e+06
5.160654e+01 1.121682e+06
5.212068e+01 1.089669e+06
5.263994e+01 1.058573e+06
5.316438e+01 1.029788e+06
5.369404e+01 1.002963e+06
5.422898e+01 9.768355e+05
5.476924e+01 9.513884e+05
5.531489e+01 9.266036e+05
5.586598e+01 9.024638e+05
5.642256e+01 8.789522e+05
5.698468e+01 8.560524e+05
5.755240e+01 8.337487e+05
5.812578e+01 8.120254e+05
5.870487e+01 7.903238e+05
5.928972e+01 7.690388e+05
5.988041e+01 7.483263e+05
6.047698e+01 7.281709e+05
6.107949e+01 7.085576e+05
6.168801e+01 6.894718e+05
6.230259e+01 6.708993e+05
6.292329e+01 6.528264e+05
6.355018e+01 6.352396e+05
6.418331e+01 6.181259e+05
6.482275e+01 6.009790e+05
6.546856e+01 5.843045e+05
6.612080e+01 5.680920e+05
6.677954e+01 5.523288e+05
6.744485e+01 5.370024e+05
6.811678e+01 5.221008e+05
6.879541e+01 5.076121e+05
6.948080e+01 4.935250e+05
7.017301e+01 4.798283e+05
7.087213e+01 4.665112e+05
7.157820e+01 4.534377e+05
7.229132e+01 4.401064e+05
7.301153e+01 4.271669e+05
7.373893e+01 4.146079e+05
7.447356e+01 4.024180e+05
7.521552e+01 3.905866e+05
7.596487e+01 3.791029e+05
7.672169e+01 3.679568e+05
7.748604e+01 3.580163e+05
7.825801e+01 3.484286e+05
7.903767e+01 3.389067e+05
7.982510e+01 3.291210e+05
8.062038e+01 3.196174e+05
8.142357e+01 3.103454e+05
8.223477e+01 3.012584e+05
8.305405e+01 2.922654e+05
8.388150e+01 2.832773e+05
8.471718e+01 2.745657e+05
8.556119e+01 2.660285e+05
8.641361e+01 2.574263e+05
8.727453e+01 2.494554e+05
8.814402e+01 2.419134e+05
8.902217e+01 2.346005e+05
8.990907e+01 2.275229e+05
9.080481e+01 2.208370e+05
9.170947e+01 2.145837e+05
9.262314e+01 2.085075e+05
9.354592e+01 2.026032e+05
9.447789e+01 1.968660e+05
9.541915e+01 1.912913e+05
9.636978e+01 1.858743e+05
9.732988e+01 1.803789e+05
9.829955e+01 1.746547e+05
9.927888e+01 1.690661e+05
1.002680e+02 1.636570e+05
1.012669e+02 1.584217e+05
1.022758e+02 1.534913e+05
1.032947e+02 1.490715e+05
1.043238e+02 1.447788e+05
1.053632e+02 1.406095e+05
1.064129e+02 1.365770e+05
1.074730e+02 1.326756e+05
1.085438e+02 1.288855e+05
1.096252e+02 1.252036e+05
1.107173e+02 1.216266e+05
1.118204e+02 1.181289e+05
1.129344e+02 1.146059e+05
1.140595e+02 1.111883e+05
1.151959e+02 1.078730e+05
1.163435e+02 1.048535e+05
1.175026e+02 1.017883e+05
1.186733e+02 9.880262e+04
1.198556e+02 9.590442e+04
1.210497e+02 9.303148e+04
1.222556e+02 9.016647e+04
1.234736e+02 8.738948e+04
1.247038e+02 8.469781e+04
1.259462e+02 8.208885e+04
1.272009e+02 7.967203e+04
1.284682e+02 7.726599e+04
1.297481e+02 7.484476e+04
1.310407e+02 7.249859e+04
1.323462e+02 7.036605e+04
1.336648e+02 6.820518e+04
1.349964e+02 6.593835e+04
1.363414e+02 6.390595e+04
1.376997e+02 6.193604e+04
1.390715e+02 6.002669e+04
1.404571e+02 5.817604e+04
1.418564e+02 5.644235e+04
1.432697e+02 5.470079e+04
1.446970e+02 5.299027e+04
1.461386e+02 5.133312e+04
1.475945e+02 4.974222e+04
1.490650e+02 4.828228e+04
1.505501e+02 4.688431e+04
1.520500e+02 4.543591e+04
1.535648e+02 4.403737e+04
1.550947e+02 4.273829e+04
1.566399e+02 4.148352e+04
1.582004e+02 4.027000e+04
1.597765e+02 3.901615e+04
1.613683e+02 3.774872e+04
1.629760e+02 3.652249e+04
1.645997e+02 3.534481e+04
1.662395e+02 3.425196e+04
1.678957e+02 3.317270e+04
1.695684e+02 3.210249e+04
1.712578e+02 3.106674e+04
1.729640e+02 3.006434e+04
1.746872e+02 2.910248e+04
1.764275e+02 2.819602e+04
1.781852e+02 2.731771e+04
1.799604e+02 2.646666e+04
1.817533e+02 2.564203e+04
1.835641e+02 2.484301e+04
1.853929e+02 2.406880e+04
1.872399e+02 2.331863e+04
1.891053e+02 2.259176e+04
1.909893e+02 2.187358e+04
1.928921e+02 2.115887e+04
1.948138e+02 2.046749e+04
1.967547e+02 1.979868e+04
1.987149e+02 1.915169e+04
2.006946e+02 1.852583e+04
2.026941e+02 1.792038e+04
2.047134e+02 1.733470e+04
2.067529e+02 1.674855e+04
2.088128e+02 1.617087e+04
2.108931e+02 1.561305e+04
2.129942e+02 1.507441e+04
2.151162e+02 1.458665e+04
2.172593e+02 1.411829e+04
2.194238e+02 1.366501e+04
2.216098e+02 1.322633e+04
2.238177e+02 1.277210e+04
2.260475e+02 1.232269e+04
2.282995e+02 1.191330e+04
2.305740e+02 1.153768e+04
2.328712e+02 1.117108e+04
2.351912e+02 1.080276e+04
2.375343e+02 1.044654e+04
2.399008e+02 1.010204e+04
2.422909e+02 9.777871e+03
2.447047e+02 9.465020e+03
2.471427e+02 9.162134e+03
2.496049e+02 8.876620e+03
2.520916e+02 8.607360e+03
2.546031e+02 8.348527e+03
2.571397e+02 8.114586e+03
2.597015e+02 7.887166e+03
2.622888e+02 7.675331e+03
2.649019e+02 7.456149e+03
2.675410e+02 7.230895e+03
2.702065e+02 7.008733e+03
2.728985e+02 6.807313e+03
2.756173e+02 6.613503e+03
2.783631e+02 6.415512e+03
2.811364e+02 6.217319e+03
2.839373e+02 6.013752e+03
2.867661e+02 5.820142e+03
2.896230e+02 5.636392e+03
2.925085e+02 5.453111e+03
2.954226e+02 5.274377e+03
2.983658e+02 5.096470e+03
3.013384e+02 4.919627e+03
3.043405e+02 4.748892e+03
3.073726e+02 4.584055e+03
3.104348e+02 4.433366e+03
3.135276e+02 4.303186e+03
3.166512e+02 4.180346e+03
3.198059e+02 4.060989e+03
3.229920e+02 3.945016e+03
3.262099e+02 3.821758e+03
3.294598e+02 3.692844e+03
3.327421e+02 3.568262e+03
3.360571e+02 3.447870e+03
3.394052e+02 3.331524e+03
3.427866e+02 3.219091e+03
3.462016e+02 3.110439e+03
3.496507e+02 3.015125e+03
3.531342e+02 2.926509e+03
3.566524e+02 2.840505e+03
3.602056e+02 2.757033e+03
3.637942e+02 2.680367e+03
3.674186e+02 2.611152e+03
3.710791e+02 2.528815e+03
3.747760e+02 2.446425e+03
3.785098e+02 2.365227e+03
3.822808e+02 2.290161e+03
3.860893e+02 2.217462e+03
3.899358e+02 2.147055e+03
3.938206e+02 2.078868e+03
3.977442e+02 2.012119e+03
4.017068e+02 1.946600e+03
4.057089e+02 1.883848e+03
4.097508e+02 1.823120e+03
4.138330e+02 1.767078e+03
4.179559e+02 1.713062e+03
4.221199e+02 1.660986e+03
4.263254e+02 1.614105e+03
4.305727e+02 1.561583e+03
4.348624e+02 1.510770e+03
4.391948e+02 1.461613e+03
4.435703e+02 1.414055e+03
4.479895e+02 1.368047e+03
4.524527e+02 1.323535e+03
4.569603e+02 1.280473e+03
4.615129e+02 1.238812e+03
4.661108e+02 1.198507e+03
4.707545e+02 1.159513e+03
4.754445e+02 1.122577e+03
4.801812e+02 1.087701e+03
4.849651e+02 1.053655e+03
4.897967e+02 1.020009e+03
4.946764e+02 9.873732e+02
4.996047e+02 9.542272e+02
5.045821e+02 9.221858e+02
5.096091e+02 8.912122e+02
5.146862e+02 8.612712e+02
5.198139e+02 8.323285e+02
5.249926e+02 8.043509e+02
5.302230e+02 7.773065e+02
5.355054e+02 7.511643e+02
5.408405e+02 7.258943e+02
5.462287e+02 7.014677e+02
5.516707e+02 6.778564e+02
5.571668e+02 6.550334e+02
5.627177e+02 6.329726e+02
5.683239e+02 6.116485e+02
5.739859e+02 5.910368e+02
5.797043e+02 5.711138e+02
5.854798e+02 5.518566e+02
5.913127e+02 5.332431e+02
5.972038e+02 5.152519e+02
6.031536e+02 4.978624e+02
6.091626e+02 4.810545e+02
6.152315e+02 4.648090e+02
6.213609e+02 4.491070e+02
6.275513e+02 4.339307e+02
6.338034e+02 4.192624e+02
6.401178e+02 4.050853e+02
6.464951e+02 3.913830e+02
6.529359e+02 3.781398e+02
6.594410e+02 3.653403e+02
6.660108e+02 3.529699e+02
6.726460e+02 3.410142e+02
6.793474e+02 3.294594e+02
6.861155e+02 3.182922e+02
6.929511e+02 3.083419e+02
6.998548e+02 2.983994e+02
7.068272e+02 2.894719e+02
7.138691e+02 2.808105e+02
7.209812e+02 2.724071e+02
7.281641e+02 2.643263e+02
7.354186e+02 2.565803e+02
7.427453e+02 2.490591e+02
7.501451e+02 2.417565e+02
7.576186e+02 2.343585e+02
7.651665e+02 2.264439e+02
7.727896e+02 2.187942e+02
7.804887e+02 2.114005e+02
7.882645e+02 2.042544e+02
7.961177e+02 1.973475e+02
8.040492e+02 1.906719e+02
8.120597e+02 1.842200e+02
8.201500e+02 1.779842e+02
8.283209e+02 1.719574e+02
8.365732e+02 1.661326e+02
8.449078e+02 1.605031e+02
8.533253e+02 1.550624e+02
8.618268e+02 1.494778e+02
8.704129e+02 1.440913e+02
8.790845e+02 1.388964e+02
8.878426e+02 1.338866e+02
8.966879e+02 1.290552e+02
9.056213e+02 1.243960e+02
9.146438e+02 1.199486e+02
9.237561e+02 1.157664e+02
9.329592e+02 1.117281e+02
9.422540e+02 1.078339e+02
9.516414e+02 1.042255e+02
9.611223e+02 1.007480e+02
9.706977e+02 9.738471e+01
9.803685e+02 9.413187e+01
9.901356e+02 9.098594e+01
1.000000e+03 8.767218e+01
