# Energy(MeV) Phi16 Phi84
1.000000e+00 5.572301e+08 6.921256e+08
1.011599e+00 5.454303e+08 6.771970e+08
1.023332e+00 5.338803e+08 6.625665e+08
1.035202e+00 5.225750e+08 6.482501e+08
1.047209e+00 5.115090e+08 6.342417e+08
1.059356e+00 5.006774e+08 6.205347e+08
1.071643e+00 4.900751e+08 6.071226e+08
1.084073e+00 4.796974e+08 5.939990e+08
1.096647e+00 4.695394e+08 5.811578e+08
1.109367e+00 4.595965e+08 5.685929e+08
1.122234e+00 4.498699e+08 5.562984e+08
1.135251e+00 4.403710e+08 5.442684e+08
1.148418e+00 4.310727e+08 5.324974e+08
1.161739e+00 4.219706e+08 5.209796e+08
1.175214e+00 4.130608e+08 5.097098e+08
1.188845e+00 4.043391e+08 4.986825e+08
1.202634e+00 3.958016e+08 4.878891e+08
1.216583e+00 3.874443e+08 4.772894e+08
1.230694e+00 3.792635e+08 4.669189e+08
1.244969e+00 3.712554e+08 4.567725e+08
1.259409e+00 3.634165e+08 4.468455e+08
1.274017e+00 3.557430e+08 4.371330e+08
1.288794e+00 3.482316e+08 4.276395e+08
1.303743e+00 3.408787e+08 4.185227e+08
1.318865e+00 3.336812e+08 4.095979e+08
1.334162e+00 3.266356e+08 4.007589e+08
1.349637e+00 3.197387e+08 3.921096e+08
1.365291e+00 3.129875e+08 3.836459e+08
1.381127e+00 3.063789e+08 3.753613e+08
1.397147e+00 2.999098e+08 3.672265e+08
1.413352e+00 2.935772e+08 3.592669e+08
1.429746e+00 2.873735e+08 3.514789e+08
1.446329e+00 2.812521e+08 3.438586e+08
1.463105e+00 2.752611e+08 3.364025e+08
1.480075e+00 2.693977e+08 3.291071e+08
1.497243e+00 2.636591e+08 3.219690e+08
1.514609e+00 2.580429e+08 3.149868e+08
1.532177e+00 2.525463e+08 3.081699e+08
1.549948e+00 2.471667e+08 3.014995e+08
1.567926e+00 2.419018e+08 2.949350e+08
1.586112e+00 2.367490e+08 2.885385e+08
1.604509e+00 2.317060e+08 2.822839e+08
1.623120e+00 2.267704e+08 2.761639e+08
1.641946e+00 2.219658e+08 2.701757e+08
1.660991e+00 2.172964e+08 2.643164e+08
1.680257e+00 2.127253e+08 2.585833e+08
1.699746e+00 2.082504e+08 2.529925e+08
1.719461e+00 2.038696e+08 2.475281e+08
1.739405e+00 1.995809e+08 2.421808e+08
1.759580e+00 1.953825e+08 2.369482e+08
1.779989e+00 1.912724e+08 2.318279e+08
1.800635e+00 1.872488e+08 2.268174e+08
1.821520e+00 1.833098e+08 2.219144e+08
1.842648e+00 1.794536e+08 2.171166e+08
1.864021e+00 1.756786e+08 2.124217e+08
1.885641e+00 1.719830e+08 2.078276e+08
1.907513e+00 1.683652e+08 2.033321e+08
1.929638e+00 1.648235e+08 1.989331e+08
1.952019e+00 1.613562e+08 1.946216e+08
1.974661e+00 1.579400e+08 1.904028e+08
1.997565e+00 1.545953e+08 1.862746e+08
2.020734e+00 1.513215e+08 1.822352e+08
2.044172e+00 1.481170e+08 1.782827e+08
2.067883e+00 1.449804e+08 1.744152e+08
2.091868e+00 1.418861e+08 1.706309e+08
2.116131e+00 1.388512e+08 1.669280e+08
2.140676e+00 1.358813e+08 1.633048e+08
2.165505e+00 1.329749e+08 1.597596e+08
2.190623e+00 1.301307e+08 1.562906e+08
2.216032e+00 1.273487e+08 1.528963e+08
2.241735e+00 1.246356e+08 1.495750e+08
2.267737e+00 1.219804e+08 1.463252e+08
2.294040e+00 1.193817e+08 1.431454e+08
2.320648e+00 1.168384e+08 1.400340e+08
2.347565e+00 1.143493e+08 1.369896e+08
2.374795e+00 1.119132e+08 1.340245e+08
2.402340e+00 1.095290e+08 1.311261e+08
2.430204e+00 1.071956e+08 1.282897e+08
2.458392e+00 1.049120e+08 1.255141e+08
2.486906e+00 1.026770e+08 1.227979e+08
2.515752e+00 1.004896e+08 1.201399e+08
2.544932e+00 9.834877e+07 1.175388e+08
2.574450e+00 9.628235e+07 1.149935e+08
2.604311e+00 9.426824e+07 1.124895e+08
2.634518e+00 9.229627e+07 1.100225e+08
2.665075e+00 9.036556e+07 1.076083e+08
2.695987e+00 8.847524e+07 1.052464e+08
2.727258e+00 8.662447e+07 1.029359e+08
2.758891e+00 8.481241e+07 1.006755e+08
2.790891e+00 8.300714e+07 9.846412e+07
2.823262e+00 8.123803e+07 9.630755e+07
2.856009e+00 7.950783e+07 9.420553e+07
2.889136e+00 7.781447e+07 9.214887e+07
2.922647e+00 7.615719e+07 9.013658e+07
2.956546e+00 7.453520e+07 8.816772e+07
2.990839e+00 7.294776e+07 8.624136e+07
3.025529e+00 7.139413e+07 8.435088e+07
3.060622e+00 6.987359e+07 8.249838e+07
3.096122e+00 6.838677e+07 8.068606e+07
3.132033e+00 6.695134e+07 7.890488e+07
3.168361e+00 6.554967e+07 7.713936e+07
3.205111e+00 6.417832e+07 7.541286e+07
3.242287e+00 6.283565e+07 7.372451e+07
3.279894e+00 6.152108e+07 7.207660e+07
3.317937e+00 6.023401e+07 7.048622e+07
3.356421e+00 5.897386e+07 6.893045e+07
3.395352e+00 5.774008e+07 6.740856e+07
3.434734e+00 5.653211e+07 6.591980e+07
3.474573e+00 5.534941e+07 6.446347e+07
3.514875e+00 5.419146e+07 6.303885e+07
3.555643e+00 5.305773e+07 6.164528e+07
3.596885e+00 5.194895e+07 6.028206e+07
3.638605e+00 5.086335e+07 5.894855e+07
3.680809e+00 4.979188e+07 5.764411e+07
3.723502e+00 4.874480e+07 5.636811e+07
3.766690e+00 4.772766e+07 5.512009e+07
3.810380e+00 4.673416e+07 5.389963e+07
3.854576e+00 4.575866e+07 5.270614e+07
3.899285e+00 4.480135e+07 5.153901e+07
3.944512e+00 4.385942e+07 5.040898e+07
3.990264e+00 4.292386e+07 4.930406e+07
4.036547e+00 4.201014e+07 4.822304e+07
4.083367e+00 4.111708e+07 4.716539e+07
4.130729e+00 4.022747e+07 4.613070e+07
4.178641e+00 3.936369e+07 4.511869e+07
4.227109e+00 3.852293e+07 4.412888e+07
4.276138e+00 3.771204e+07 4.316079e+07
4.325737e+00 3.692217e+07 4.221393e+07
4.375911e+00 3.613271e+07 4.128785e+07
4.426666e+00 3.536014e+07 4.038208e+07
4.478011e+00 3.460408e+07 3.949618e+07
4.529951e+00 3.386420e+07 3.862972e+07
4.582493e+00 3.314013e+07 3.778226e+07
4.635645e+00 3.243154e+07 3.695340e+07
4.689414e+00 3.173810e+07 3.614272e+07
4.743806e+00 3.106252e+07 3.534971e+07
4.798828e+00 3.040455e+07 3.457376e+07
4.854490e+00 2.977186e+07 3.381485e+07
4.910796e+00 2.915233e+07 3.307259e+07
4.967756e+00 2.854570e+07 3.234663e+07
5.025377e+00 2.795170e+07 3.163660e+07
5.083665e+00 2.737006e+07 3.094216e+07
5.142630e+00 2.680100e+07 3.026297e+07
5.202279e+00 2.624553e+07 2.959868e+07
5.262620e+00 2.569457e+07 2.894897e+07
5.323660e+00 2.515085e+07 2.831353e+07
5.385409e+00 2.461748e+07 2.769203e+07
5.447874e+00 2.409543e+07 2.708418e+07
5.511063e+00 2.357936e+07 2.648966e+07
5.574985e+00 2.306807e+07 2.590820e+07
5.639649e+00 2.256787e+07 2.533950e+07
5.705063e+00 2.208990e+07 2.478329e+07
5.771235e+00 2.162569e+07 2.423928e+07
5.838175e+00 2.117123e+07 2.370722e+07
5.905892e+00 2.072578e+07 2.318508e+07
5.974393e+00 2.028301e+07 2.267331e+07
6.043690e+00 1.984970e+07 2.217284e+07
6.113790e+00 1.942564e+07 2.168341e+07
6.184703e+00 1.900661e+07 2.120423e+07
6.256439e+00 1.859603e+07 2.073431e+07
6.329007e+00 1.819555e+07 2.027509e+07
6.402416e+00 1.780369e+07 1.982849e+07
6.476677e+00 1.742027e+07 1.939173e+07
6.551800e+00 1.704538e+07 1.896459e+07
6.627793e+00 1.667876e+07 1.854951e+07
6.704668e+00 1.632002e+07 1.815162e+07
6.782435e+00 1.596899e+07 1.776221e+07
6.861104e+00 1.562552e+07 1.738115e+07
6.940685e+00 1.528943e+07 1.700116e+07
7.021189e+00 1.496058e+07 1.662702e+07
7.102627e+00 1.463879e+07 1.626111e+07
7.185010e+00 1.432393e+07 1.590761e+07
7.268348e+00 1.401584e+07 1.555703e+07
7.352653e+00 1.371524e+07 1.521590e+07
7.437936e+00 1.342456e+07 1.488255e+07
7.524208e+00 1.314022e+07 1.454887e+07
7.611480e+00 1.285619e+07 1.422869e+07
7.699765e+00 1.257987e+07 1.391556e+07
7.789074e+00 1.231247e+07 1.360932e+07
7.879418e+00 1.205113e+07 1.330983e+07
7.970811e+00 1.179620e+07 1.301846e+07
8.063263e+00 1.154666e+07 1.273933e+07
8.156788e+00 1.130241e+07 1.246569e+07
8.251398e+00 1.106010e+07 1.219349e+07
8.347105e+00 1.082174e+07 1.192534e+07
8.443923e+00 1.058851e+07 1.166084e+07
8.541863e+00 1.036031e+07 1.140096e+07
8.640939e+00 1.013703e+07 1.115134e+07
8.741164e+00 9.918563e+06 1.090770e+07
8.842552e+00 9.705169e+06 1.066938e+07
8.945116e+00 9.499544e+06 1.043627e+07
9.048869e+00 9.299224e+06 1.020877e+07
9.153826e+00 9.104308e+06 9.987445e+06
9.260001e+00 8.912289e+06 9.769065e+06
9.367406e+00 8.721955e+06 9.555459e+06
9.476058e+00 8.533786e+06 9.347288e+06
9.585970e+00 8.349846e+06 9.144734e+06
9.697157e+00 8.170102e+06 8.950809e+06
9.809633e+00 7.994227e+06 8.752741e+06
9.923414e+00 7.824547e+06 8.558637e+06
1.003851e+01 7.659693e+06 8.372022e+06
1.015495e+01 7.494363e+06 8.188164e+06
1.027274e+01 7.334143e+06 8.008246e+06
1.039189e+01 7.177551e+06 7.832873e+06
1.051242e+01 7.024303e+06 7.661807e+06
1.063436e+01 6.874326e+06 7.494453e+06
1.075770e+01 6.728089e+06 7.331165e+06
1.088248e+01 6.585443e+06 7.171174e+06
1.100870e+01 6.445821e+06 7.014384e+06
1.113639e+01 6.310434e+06 6.860822e+06
1.126556e+01 6.179493e+06 6.711427e+06
1.139623e+01 6.049213e+06 6.565559e+06
1.152842e+01 5.921649e+06 6.423573e+06
1.166213e+01 5.792983e+06 6.287163e+06
1.179740e+01 5.668841e+06 6.152061e+06
1.193424e+01 5.548943e+06 6.018664e+06
1.207266e+01 5.428381e+06 5.887987e+06
1.221269e+01 5.314823e+06 5.760147e+06
1.235434e+01 5.203193e+06 5.635083e+06
1.249764e+01 5.091626e+06 5.512734e+06
1.264260e+01 4.982451e+06 5.391779e+06
1.278924e+01 4.873449e+06 5.272871e+06
1.293758e+01 4.768351e+06 5.159477e+06
1.308764e+01 4.666437e+06 5.047649e+06
1.323945e+01 4.567417e+06 4.937530e+06
1.339301e+01 4.470107e+06 4.829667e+06
1.354835e+01 4.374574e+06 4.724533e+06
1.370550e+01 4.281521e+06 4.621931e+06
1.386447e+01 4.189356e+06 4.522509e+06
1.402528e+01 4.101373e+06 4.425940e+06
1.418796e+01 4.014878e+06 4.331351e+06
1.435252e+01 3.931187e+06 4.237338e+06
1.451900e+01 3.848684e+06 4.142251e+06
1.468740e+01 3.766494e+06 4.051088e+06
1.485776e+01 3.686439e+06 3.962361e+06
1.503009e+01 3.609048e+06 3.875164e+06
1.520442e+01 3.531365e+06 3.788029e+06
1.538078e+01 3.456736e+06 3.704730e+06
1.555918e+01 3.383427e+06 3.624501e+06
1.573965e+01 3.310513e+06 3.546011e+06
1.592221e+01 3.239171e+06 3.469220e+06
1.610689e+01 3.169366e+06 3.394005e+06
1.629371e+01 3.101177e+06 3.320369e+06
1.648270e+01 3.034998e+06 3.248768e+06
1.667388e+01 2.970232e+06 3.179521e+06
1.686728e+01 2.904752e+06 3.110231e+06
1.706292e+01 2.841200e+06 3.045355e+06
1.726083e+01 2.779928e+06 2.981658e+06
1.746104e+01 2.720472e+06 2.919246e+06
1.766357e+01 2.663760e+06 2.857723e+06
1.786845e+01 2.606369e+06 2.797896e+06
1.807570e+01 2.549926e+06 2.737105e+06
1.828536e+01 2.494706e+06 2.676757e+06
1.849745e+01 2.440681e+06 2.617740e+06
1.871200e+01 2.387826e+06 2.560025e+06
1.892904e+01 2.336116e+06 2.503583e+06
1.914859e+01 2.285526e+06 2.448386e+06
1.937070e+01 2.235503e+06 2.395390e+06
1.959538e+01 2.186415e+06 2.343707e+06
1.982266e+01 2.139024e+06 2.293096e+06
2.005258e+01 2.091373e+06 2.243646e+06
2.028517e+01 2.045872e+06 2.196444e+06
2.052045e+01 2.001838e+06 2.151043e+06
2.075847e+01 1.958127e+06 2.106580e+06
2.099924e+01 1.915206e+06 2.062902e+06
2.124281e+01 1.873456e+06 2.017569e+06
2.148921e+01 1.832616e+06 1.973096e+06
2.173846e+01 1.792713e+06 1.929861e+06
2.199060e+01 1.753645e+06 1.888399e+06
2.224567e+01 1.715126e+06 1.847120e+06
2.250369e+01 1.678127e+06 1.806743e+06
2.276471e+01 1.641484e+06 1.768191e+06
2.302875e+01 1.605642e+06 1.731050e+06
2.329586e+01 1.570582e+06 1.694690e+06
2.356607e+01 1.536288e+06 1.659094e+06
2.383941e+01 1.502742e+06 1.624245e+06
2.411592e+01 1.469930e+06 1.590119e+06
2.439564e+01 1.437728e+06 1.556321e+06
2.467860e+01 1.406470e+06 1.522302e+06
2.496485e+01 1.375702e+06 1.489941e+06
2.525441e+01 1.345730e+06 1.457522e+06
2.554733e+01 1.315825e+06 1.426696e+06
2.584365e+01 1.286388e+06 1.396925e+06
2.614341e+01 1.258208e+06 1.367775e+06
2.644665e+01 1.230677e+06 1.339234e+06
2.675340e+01 1.204290e+06 1.311288e+06
2.706371e+01 1.178800e+06 1.283880e+06
2.737762e+01 1.153211e+06 1.256977e+06
2.769517e+01 1.128351e+06 1.230469e+06
2.801640e+01 1.104156e+06 1.204023e+06
2.834136e+01 1.080479e+06 1.178016e+06
2.867009e+01 1.057384e+06 1.152566e+06
2.900263e+01 1.033865e+06 1.127666e+06
2.933903e+01 1.011676e+06 1.103367e+06
2.967933e+01 9.897713e+05 1.079885e+06
3.002358e+01 9.674217e+05 1.056212e+06
3.037182e+01 9.466309e+05 1.033617e+06
3.072410e+01 9.264392e+05 1.011674e+06
3.108046e+01 9.058061e+05 9.899493e+05
3.144096e+01 8.856326e+05 9.688265e+05
3.180564e+01 8.659083e+05 9.482449e+05
3.217455e+01 8.467026e+05 9.280088e+05
3.254774e+01 8.281500e+05 9.081040e+05
3.292526e+01 8.100892e+05 8.885344e+05
3.330716e+01 7.924405e+05 8.692333e+05
3.369348e+01 7.751764e+05 8.503302e+05
3.408429e+01 7.584026e+05 8.318365e+05
3.447963e+01 7.420276e+05 8.142859e+05
3.487956e+01 7.260456e+05 7.967634e+05
3.528412e+01 7.104452e+05 7.795487e+05
3.569338e+01 6.952440e+05 7.627060e+05
3.610738e+01 6.801728e+05 7.462272e+05
3.652619e+01 6.653725e+05 7.301044e+05
3.694985e+01 6.505195e+05 7.143299e+05
3.737843e+01 6.364274e+05 6.992866e+05
3.781198e+01 6.224438e+05 6.847047e+05
3.825055e+01 6.086878e+05 6.702083e+05
3.869422e+01 5.952857e+05 6.558997e+05
3.914303e+01 5.821865e+05 6.418706e+05
3.959704e+01 5.695707e+05 6.284210e+05
4.005633e+01 5.572283e+05 6.149299e+05
4.052094e+01 5.451767e+05 6.015322e+05
4.099093e+01 5.333867e+05 5.885605e+05
4.146638e+01 5.218517e+05 5.759010e+05
4.194735e+01 5.105661e+05 5.635530e+05
4.243389e+01 4.995246e+05 5.516880e+05
4.292608e+01 4.887219e+05 5.397495e+05
4.342397e+01 4.781106e+05 5.283389e+05
4.392764e+01 4.676361e+05 5.171168e+05
4.443715e+01 4.573911e+05 5.061330e+05
4.495258e+01 4.473706e+05 4.953825e+05
4.547398e+01 4.375914e+05 4.848604e+05
4.600143e+01 4.280374e+05 4.745227e+05
4.653499e+01 4.186920e+05 4.643444e+05
4.707475e+01 4.095507e+05 4.543845e+05
4.762076e+01 4.007003e+05 4.446382e+05
4.817311e+01 3.918830e+05 4.351010e+05
4.873186e+01 3.832468e+05 4.257683e+05
4.929710e+01 3.748567e+05 4.166358e+05
4.986889e+01 3.666871e+05 4.076840e+05
5.044732e+01 3.586692e+05 3.988949e+05
5.103245e+01 3.509017e+05 3.902954e+05
5.162437e+01 3.433068e+05 3.819283e+05
5.222315e+01 3.358644e+05 3.738401e+05
5.282889e+01 3.284472e+05 3.657250e+05
5.344164e+01 3.211937e+05 3.578462e+05
5.406151e+01 3.141004e+05 3.503054e+05
5.468856e+01 3.071638e+05 3.430451e+05
5.532289e+01 3.003804e+05 3.359353e+05
5.596457e+01 2.937468e+05 3.289728e+05
5.661370e+01 2.872679e+05 3.221546e+05
5.727036e+01 2.809612e+05 3.154749e+05
5.793463e+01 2.748025e+05 3.088953e+05
5.860661e+01 2.687821e+05 3.023471e+05
5.928638e+01 2.628936e+05 2.957969e+05
5.997404e+01 2.571480e+05 2.893626e+05
6.066967e+01 2.515313e+05 2.830682e+05
6.137337e+01 2.460373e+05 2.769629e+05
6.208523e+01 2.406632e+05 2.711626e+05
6.280535e+01 2.354066e+05 2.654838e+05
6.353383e+01 2.302647e+05 2.599240e+05
6.427075e+01 2.252352e+05 2.544730e+05
6.501622e+01 2.203213e+05 2.490420e+05
6.577033e+01 2.155178e+05 2.437270e+05
6.653320e+01 2.108191e+05 2.385255e+05
6.730491e+01 2.062229e+05 2.334349e+05
6.808557e+01 2.017310e+05 2.284195e+05
6.887529e+01 1.973138e+05 2.235117e+05
6.967417e+01 1.929931e+05 2.187094e+05
7.048231e+01 1.887670e+05 2.140103e+05
7.129983e+01 1.846358e+05 2.094121e+05
7.212683e+01 1.806029e+05 2.049128e+05
7.296342e+01 1.766582e+05 2.005101e+05
7.380971e+01 1.727995e+05 1.961899e+05
7.466583e+01 1.690252e+05 1.919332e+05
7.553187e+01 1.652880e+05 1.877688e+05
7.640795e+01 1.616266e+05 1.836949e+05
7.729420e+01 1.580463e+05 1.797093e+05
7.819073e+01 1.545452e+05 1.758101e+05
7.909765e+01 1.511218e+05 1.719956e+05
8.001510e+01 1.477741e+05 1.682639e+05
8.094319e+01 1.445006e+05 1.646131e+05
8.188204e+01 1.413207e+05 1.610415e+05
8.283178e+01 1.382163e+05 1.575474e+05
8.379254e+01 1.351801e+05 1.541292e+05
8.476444e+01 1.322106e+05 1.507997e+05
8.574761e+01 1.293063e+05 1.476280e+05
8.674219e+01 1.264659e+05 1.445230e+05
8.774830e+01 1.236878e+05 1.414833e+05
8.876609e+01 1.209708e+05 1.385076e+05
8.979568e+01 1.183134e+05 1.355944e+05
9.083721e+01 1.157144e+05 1.327425e+05
9.189082e+01 1.131725e+05 1.299506e+05
9.295665e+01 1.106877e+05 1.272052e+05
9.403485e+01 1.082618e+05 1.244882e+05
9.512555e+01 1.058891e+05 1.218354e+05
9.622890e+01 1.035684e+05 1.193015e+05
9.734505e+01 1.012985e+05 1.168203e+05
9.847414e+01 9.907844e+04 1.143907e+05
9.961633e+01 9.690699e+04 1.120116e+05
1.007718e+02 9.478313e+04 1.096820e+05
1.019406e+02 9.270582e+04 1.073946e+05
1.031230e+02 9.067404e+04 1.051473e+05
1.043191e+02 8.868678e+04 1.029470e+05
1.055291e+02 8.674308e+04 1.007928e+05
1.067531e+02 8.484198e+04 9.868369e+04
1.079914e+02 8.297930e+04 9.661870e+04
1.092439e+02 8.114822e+04 9.459691e+04
1.105110e+02 7.935755e+04 9.261744e+04
1.117928e+02 7.760639e+04 9.067938e+04
1.130895e+02 7.589450e+04 8.878188e+04
1.144012e+02 7.422041e+04 8.692409e+04
1.157282e+02 7.258325e+04 8.510517e+04
1.170705e+02 7.098220e+04 8.332431e+04
1.184284e+02 6.941647e+04 8.158072e+04
1.198020e+02 6.788528e+04 7.987362e+04
1.211916e+02 6.639144e+04 7.820223e+04
1.225973e+02 6.493946e+04 7.656582e+04
1.240193e+02 6.352079e+04 7.496366e+04
1.254578e+02 6.213385e+04 7.339007e+04
1.269129e+02 6.077719e+04 7.184772e+04
1.283850e+02 5.945015e+04 7.033779e+04
1.298741e+02 5.815209e+04 6.885959e+04
1.313805e+02 5.687915e+04 6.741246e+04
1.329044e+02 5.561941e+04 6.599575e+04
1.344459e+02 5.438758e+04 6.460880e+04
1.360053e+02 5.319315e+04 6.325101e+04
1.375828e+02 5.202659e+04 6.192175e+04
1.391787e+02 5.088562e+04 6.060648e+04
1.407930e+02 4.976967e+04 5.931732e+04
1.424260e+02 4.867819e+04 5.805557e+04
1.440780e+02 4.761065e+04 5.682067e+04
1.457491e+02 4.656652e+04 5.561203e+04
1.474397e+02 4.553348e+04 5.442911e+04
1.491498e+02 4.452063e+04 5.327134e+04
1.508798e+02 4.353032e+04 5.214904e+04
1.526298e+02 4.256203e+04 5.105256e+04
1.544002e+02 4.161529e+04 4.997914e+04
1.561910e+02 4.068960e+04 4.892829e+04
1.580027e+02 3.978450e+04 4.789954e+04
1.598353e+02 3.889954e+04 4.689241e+04
1.616892e+02 3.803426e+04 4.590646e+04
1.635647e+02 3.718823e+04 4.494125e+04
1.654618e+02 3.636101e+04 4.399632e+04
1.673810e+02 3.555265e+04 4.307127e+04
1.693224e+02 3.476236e+04 4.216566e+04
1.712864e+02 3.398965e+04 4.127910e+04
1.732731e+02 3.323411e+04 4.041117e+04
1.752829e+02 3.249536e+04 3.956026e+04
1.773160e+02 3.177304e+04 3.872318e+04
1.793727e+02 3.106677e+04 3.790382e+04
1.814532e+02 3.037620e+04 3.710178e+04
1.835578e+02 2.970098e+04 3.631672e+04
1.856869e+02 2.904077e+04 3.554828e+04
1.878407e+02 2.839524e+04 3.479609e+04
1.900194e+02 2.776636e+04 3.405982e+04
1.922234e+02 2.715200e+04 3.333912e+04
1.944530e+02 2.655122e+04 3.263368e+04
1.967085e+02 2.596374e+04 3.194317e+04
1.989901e+02 2.538926e+04 3.126726e+04
2.012981e+02 2.482749e+04 3.060566e+04
2.036330e+02 2.427815e+04 2.995806e+04
2.059949e+02 2.374097e+04 2.932416e+04
2.083842e+02 2.321567e+04 2.870367e+04
2.108012e+02 2.270199e+04 2.809977e+04
2.132463e+02 2.219972e+04 2.751013e+04
2.157197e+02 2.170986e+04 2.693285e+04
2.182218e+02 2.123081e+04 2.636770e+04
2.207529e+02 2.076233e+04 2.581440e+04
2.233134e+02 2.030418e+04 2.527271e+04
2.259036e+02 1.985615e+04 2.474239e+04
2.285239e+02 1.941800e+04 2.422319e+04
2.311745e+02 1.898952e+04 2.371489e+04
2.338559e+02 1.857306e+04 2.321687e+04
2.365683e+02 1.816608e+04 2.272892e+04
2.393123e+02 1.776802e+04 2.225122e+04
2.420880e+02 1.737868e+04 2.178356e+04
2.448960e+02 1.699787e+04 2.132573e+04
2.477365e+02 1.662541e+04 2.087753e+04
2.506100e+02 1.626111e+04 2.043874e+04
2.535168e+02 1.590479e+04 2.000918e+04
2.564573e+02 1.555628e+04 1.958864e+04
2.594319e+02 1.521541e+04 1.917694e+04
2.624410e+02 1.488201e+04 1.877390e+04
2.654850e+02 1.455591e+04 1.837932e+04
2.685644e+02 1.423695e+04 1.799304e+04
2.716794e+02 1.392499e+04 1.761476e+04
2.748306e+02 1.361986e+04 1.724192e+04
2.780183e+02 1.332142e+04 1.687698e+04
2.812431e+02 1.302952e+04 1.651976e+04
2.845052e+02 1.274402e+04 1.617009e+04
2.878051e+02 1.246477e+04 1.582692e+04
2.911433e+02 1.219164e+04 1.549099e+04
2.945203e+02 1.192449e+04 1.516219e+04
2.979364e+02 1.166320e+04 1.484037e+04
3.013921e+02 1.140763e+04 1.452538e+04
3.048879e+02 1.115767e+04 1.421708e+04
3.084243e+02 1.091321e+04 1.391400e+04
3.120017e+02 1.067448e+04 1.361727e+04
3.156206e+02 1.044098e+04 1.332778e+04
3.192814e+02 1.021259e+04 1.304717e+04
3.229847e+02 9.989189e+03 1.277246e+04
3.267310e+02 9.770678e+03 1.250207e+04
3.305207e+02 9.556947e+03 1.223688e+04
3.343544e+02 9.347890e+03 1.197664e+04
3.382325e+02 9.143407e+03 1.172108e+04
3.421556e+02 8.942122e+03 1.147096e+04
3.461243e+02 8.745198e+03 1.122618e+04
3.501389e+02 8.552611e+03 1.098663e+04
3.542002e+02 8.364265e+03 1.075219e+04
3.583085e+02 8.180067e+03 1.052275e+04
3.624645e+02 7.999925e+03 1.029821e+04
3.666687e+02 7.823750e+03 1.007846e+04
3.709216e+02 7.651456e+03 9.863395e+03
3.752239e+02 7.482955e+03 9.652923e+03
3.795761e+02 7.318165e+03 9.446941e+03
3.839787e+02 7.157005e+03 9.246887e+03
3.884325e+02 6.999393e+03 9.052026e+03
3.929379e+02 6.845252e+03 8.861272e+03
3.974955e+02 6.694506e+03 8.674481e+03
4.021060e+02 6.547080e+03 8.491457e+03
4.067700e+02 6.402900e+03 8.312295e+03
4.114881e+02 6.261896e+03 8.136913e+03
4.162609e+02 6.123996e+03 7.965232e+03
4.210891e+02 5.989134e+03 7.795832e+03
4.259732e+02 5.857241e+03 7.629676e+03
4.309140e+02 5.728253e+03 7.467061e+03
4.359122e+02 5.602106e+03 7.307912e+03
4.409683e+02 5.478737e+03 7.152150e+03
4.460830e+02 5.358084e+03 6.999538e+03
4.512571e+02 5.240089e+03 6.850183e+03
4.564912e+02 5.124692e+03 6.704014e+03
4.617860e+02 5.011836e+03 6.560965e+03
4.671422e+02 4.901466e+03 6.420967e+03
4.725605e+02 4.793526e+03 6.283958e+03
4.780417e+02 4.687964e+03 6.149871e+03
4.835865e+02 4.585183e+03 6.018646e+03
4.891955e+02 4.484782e+03 5.890221e+03
4.948696e+02 4.386578e+03 5.764536e+03
5.006096e+02 4.290525e+03 5.641533e+03
5.064161e+02 4.196576e+03 5.521155e+03
5.122900e+02 4.104683e+03 5.403345e+03
5.182320e+02 4.014803e+03 5.288050e+03
5.242429e+02 3.926891e+03 5.175214e+03
5.303235e+02 3.840904e+03 5.064786e+03
5.364747e+02 3.756800e+03 4.957295e+03
5.426972e+02 3.674537e+03 4.852236e+03
5.489919e+02 3.594076e+03 4.749404e+03
5.553596e+02 3.515080e+03 4.648751e+03
5.618012e+02 3.437037e+03 4.550231e+03
5.683174e+02 3.360726e+03 4.453799e+03
5.749093e+02 3.286110e+03 4.359410e+03
5.815776e+02 3.213150e+03 4.267022e+03
5.883233e+02 3.141810e+03 4.176592e+03
5.951472e+02 3.072055e+03 4.088078e+03
6.020502e+02 3.003847e+03 4.001441e+03
6.090333e+02 2.937155e+03 3.916639e+03
6.160975e+02 2.871943e+03 3.833634e+03
6.232435e+02 2.808179e+03 3.752389e+03
6.304724e+02 2.745830e+03 3.672865e+03
6.377852e+02 2.684866e+03 3.595027e+03
6.451828e+02 2.625419e+03 3.518838e+03
6.526662e+02 2.567449e+03 3.444264e+03
6.602365e+02 2.510760e+03 3.371271e+03
6.678945e+02 2.455322e+03 3.299824e+03
6.756413e+02 2.401109e+03 3.229892e+03
6.834780e+02 2.348092e+03 3.161441e+03
6.914056e+02 2.296246e+03 3.094441e+03
6.994251e+02 2.245545e+03 3.028862e+03
7.075377e+02 2.195963e+03 2.964894e+03
7.157444e+02 2.147476e+03 2.902777e+03
7.240462e+02 2.100060e+03 2.841962e+03
7.324443e+02 2.053690e+03 2.782422e+03
7.409399e+02 2.008345e+03 2.724128e+03
7.495340e+02 1.964000e+03 2.667056e+03
7.582277e+02 1.920635e+03 2.611180e+03
7.670223e+02 1.878227e+03 2.556474e+03
7.759190e+02 1.836756e+03 2.502915e+03
7.849188e+02 1.796201e+03 2.450477e+03
7.940229e+02 1.756540e+03 2.399138e+03
8.032327e+02 1.717756e+03 2.348875e+03
8.125494e+02 1.679828e+03 2.299665e+03
8.219740e+02 1.642737e+03 2.251356e+03
8.315080e+02 1.606466e+03 2.203732e+03
8.411526e+02 1.570995e+03 2.157115e+03
8.509090e+02 1.536307e+03 2.111485e+03
8.607786e+02 1.502386e+03 2.066819e+03
8.707627e+02 1.469213e+03 2.023099e+03
8.808626e+02 1.436773e+03 1.980303e+03
8.910797e+02 1.405049e+03 1.938413e+03
9.014152e+02 1.374026e+03 1.897409e+03
9.118706e+02 1.343687e+03 1.857272e+03
9.224473e+02 1.314019e+03 1.817984e+03
9.331467e+02 1.285005e+03 1.779528e+03
9.439702e+02 1.256674e+03 1.741885e+03
9.549192e+02 1.228977e+03 1.705038e+03
9.659952e+02 1.201890e+03 1.668970e+03
9.771997e+02 1.175400e+03 1.633666e+03
9.885341e+02 1.149494e+03 1.599108e+03
1.000000e+03 1.124159e+03 1.565282e+03
