1.000000e+00 4.563246e+09 5.659095e+09
1.017463e+00 4.356518e+09 5.397330e+09
1.035232e+00 4.159152e+09 5.152359e+09
1.053310e+00 3.971265e+09 4.918675e+09
1.071705e+00 3.793659e+09 4.693029e+09
1.090420e+00 3.622369e+09 4.478409e+09
1.109463e+00 3.459452e+09 4.273791e+09
1.128838e+00 3.303295e+09 4.078354e+09
1.148551e+00 3.154182e+09 3.889956e+09
1.168609e+00 3.011797e+09 3.713054e+09
1.189017e+00 2.875837e+09 3.544868e+09
1.209781e+00 2.744809e+09 3.382873e+09
1.230908e+00 2.620291e+09 3.227910e+09
1.252404e+00 2.501821e+09 3.079430e+09
1.274275e+00 2.389571e+09 2.938524e+09
1.296528e+00 2.282848e+09 2.803762e+09
1.319170e+00 2.180070e+09 2.673396e+09
1.342207e+00 2.082369e+09 2.551157e+09
1.365647e+00 1.988638e+09 2.433599e+09
1.389495e+00 1.898828e+09 2.320457e+09
1.413761e+00 1.812268e+09 2.213466e+09
1.438450e+00 1.730175e+09 2.111877e+09
1.463570e+00 1.652187e+09 2.013883e+09
1.489129e+00 1.577554e+09 1.921261e+09
1.515134e+00 1.506095e+09 1.831822e+09
1.541594e+00 1.438251e+09 1.747323e+09
1.568515e+00 1.373519e+09 1.667568e+09
1.595907e+00 1.311801e+09 1.591783e+09
1.623777e+00 1.252868e+09 1.519642e+09
1.652133e+00 1.196571e+09 1.450182e+09
1.680985e+00 1.142874e+09 1.383726e+09
1.710341e+00 1.091155e+09 1.320106e+09
1.740209e+00 1.041338e+09 1.260188e+09
1.770599e+00 9.941646e+08 1.203014e+09
1.801520e+00 9.490381e+08 1.147636e+09
1.832981e+00 9.061657e+08 1.095240e+09
1.864991e+00 8.654242e+08 1.045456e+09
1.897560e+00 8.261389e+08 9.970112e+08
1.930698e+00 7.887512e+08 9.509170e+08
1.964414e+00 7.532046e+08 9.076030e+08
1.998720e+00 7.189872e+08 8.654495e+08
2.033624e+00 6.866620e+08 8.253207e+08
2.069138e+00 6.556662e+08 7.872190e+08
2.105272e+00 6.260778e+08 7.511765e+08
2.142037e+00 5.978946e+08 7.170609e+08
2.179445e+00 5.709654e+08 6.837444e+08
2.217505e+00 5.453461e+08 6.525628e+08
2.256230e+00 5.208658e+08 6.229143e+08
2.295632e+00 4.971296e+08 5.946429e+08
2.335721e+00 4.747325e+08 5.676513e+08
2.376511e+00 4.533410e+08 5.413557e+08
2.418013e+00 4.327158e+08 5.168498e+08
2.460240e+00 4.130404e+08 4.933708e+08
2.503204e+00 3.946216e+08 4.709402e+08
2.546918e+00 3.766767e+08 4.492329e+08
2.591396e+00 3.595618e+08 4.281236e+08
2.636651e+00 3.432778e+08 4.080532e+08
2.682696e+00 3.280225e+08 3.895595e+08
2.729545e+00 3.132111e+08 3.717135e+08
2.777212e+00 2.992747e+08 3.544284e+08
2.825712e+00 2.856743e+08 3.382472e+08
2.875058e+00 2.727796e+08 3.229140e+08
2.925266e+00 2.605701e+08 3.081971e+08
2.976351e+00 2.487483e+08 2.939791e+08
3.028329e+00 2.373034e+08 2.804516e+08
3.081214e+00 2.265492e+08 2.676620e+08
3.135022e+00 2.164339e+08 2.551509e+08
3.189770e+00 2.067239e+08 2.432019e+08
3.245474e+00 1.973912e+08 2.318087e+08
3.302151e+00 1.885432e+08 2.212727e+08
3.359818e+00 1.800831e+08 2.112043e+08
3.418492e+00 1.718137e+08 2.015254e+08
3.478191e+00 1.641585e+08 1.922282e+08
3.538932e+00 1.568643e+08 1.833433e+08
3.600733e+00 1.497082e+08 1.750141e+08
3.663615e+00 1.428876e+08 1.669841e+08
3.727594e+00 1.364642e+08 1.592728e+08
3.792690e+00 1.303664e+08 1.518994e+08
3.858923e+00 1.245139e+08 1.450777e+08
3.926313e+00 1.189241e+08 1.384808e+08
3.994880e+00 1.135052e+08 1.320759e+08
4.064644e+00 1.083495e+08 1.259980e+08
4.135627e+00 1.034200e+08 1.202570e+08
4.207849e+00 9.876024e+07 1.147372e+08
4.281332e+00 9.422672e+07 1.095221e+08
4.356099e+00 8.995437e+07 1.044800e+08
4.432171e+00 8.591341e+07 9.969986e+07
4.509572e+00 8.199957e+07 9.507277e+07
4.588325e+00 7.827507e+07 9.064930e+07
4.668452e+00 7.474319e+07 8.654514e+07
4.749979e+00 7.137135e+07 8.261106e+07
4.832930e+00 6.815657e+07 7.880745e+07
4.917330e+00 6.500948e+07 7.528004e+07
5.003203e+00 6.204684e+07 7.180098e+07
5.090576e+00 5.920106e+07 6.850152e+07
5.179475e+00 5.653134e+07 6.537247e+07
5.269926e+00 5.395623e+07 6.239002e+07
5.361957e+00 5.151562e+07 5.959602e+07
5.455595e+00 4.918369e+07 5.680507e+07
5.550868e+00 4.696362e+07 5.424928e+07
5.647805e+00 4.482659e+07 5.179811e+07
5.746435e+00 4.278653e+07 4.946018e+07
5.846787e+00 4.082989e+07 4.718862e+07
5.948892e+00 3.898822e+07 4.502183e+07
6.052780e+00 3.721589e+07 4.291972e+07
6.158482e+00 3.550490e+07 4.093784e+07
6.266030e+00 3.387875e+07 3.907597e+07
6.375456e+00 3.232449e+07 3.729184e+07
6.486794e+00 3.084490e+07 3.556479e+07
6.600075e+00 2.942467e+07 3.391702e+07
6.715335e+00 2.809366e+07 3.234503e+07
6.832607e+00 2.681300e+07 3.087093e+07
6.951928e+00 2.560198e+07 2.946258e+07
7.073332e+00 2.444195e+07 2.811689e+07
7.196857e+00 2.332725e+07 2.684180e+07
7.322538e+00 2.226043e+07 2.561448e+07
7.450415e+00 2.124431e+07 2.444917e+07
7.580524e+00 2.027916e+07 2.333435e+07
7.712906e+00 1.935776e+07 2.225706e+07
7.847600e+00 1.847503e+07 2.122483e+07
7.984645e+00 1.763343e+07 2.025197e+07
8.124085e+00 1.682584e+07 1.931968e+07
8.265959e+00 1.605741e+07 1.844490e+07
8.410311e+00 1.531669e+07 1.760476e+07
8.557183e+00 1.461035e+07 1.680064e+07
8.706621e+00 1.394940e+07 1.603756e+07
8.858668e+00 1.331961e+07 1.530857e+07
9.013370e+00 1.271230e+07 1.461574e+07
9.170775e+00 1.213303e+07 1.394460e+07
9.330927e+00 1.157904e+07 1.330192e+07
9.493877e+00 1.104924e+07 1.269634e+07
9.659673e+00 1.054640e+07 1.212117e+07
9.828363e+00 1.006251e+07 1.156910e+07
1.000000e+01 9.599265e+06 1.104023e+07
1.017463e+01 9.158915e+06 1.053721e+07
1.035232e+01 8.738872e+06 1.005728e+07
1.053310e+01 8.336205e+06 9.598308e+06
1.071705e+01 7.952309e+06 9.165527e+06
1.090420e+01 7.591738e+06 8.748171e+06
1.109463e+01 7.237500e+06 8.345896e+06
1.128838e+01 6.903118e+06 7.960933e+06
1.148551e+01 6.587777e+06 7.594345e+06
1.168609e+01 6.285732e+06 7.253510e+06
1.189017e+01 5.998734e+06 6.921615e+06
1.209781e+01 5.718813e+06 6.603808e+06
1.230908e+01 5.456855e+06 6.302013e+06
1.252404e+01 5.206281e+06 6.012880e+06
1.274275e+01 4.965539e+06 5.736706e+06
1.296528e+01 4.735545e+06 5.475722e+06
1.319170e+01 4.518135e+06 5.223405e+06
1.342207e+01 4.310142e+06 4.984484e+06
1.365647e+01 4.108455e+06 4.756426e+06
1.389495e+01 3.916273e+06 4.538776e+06
1.413761e+01 3.733561e+06 4.331078e+06
1.438450e+01 3.557622e+06 4.132821e+06
1.463570e+01 3.392962e+06 3.943680e+06
1.489129e+01 3.237488e+06 3.763008e+06
1.515134e+01 3.089092e+06 3.588503e+06
1.541594e+01 2.946688e+06 3.422159e+06
1.568515e+01 2.808855e+06 3.265651e+06
1.595907e+01 2.677809e+06 3.118540e+06
1.623777e+01 2.553725e+06 2.977581e+06
1.652133e+01 2.435219e+06 2.841344e+06
1.680985e+01 2.321360e+06 2.711030e+06
1.710341e+01 2.212804e+06 2.587886e+06
1.740209e+01 2.110945e+06 2.468978e+06
1.770599e+01 2.012710e+06 2.355378e+06
1.801520e+01 1.917630e+06 2.246686e+06
1.832981e+01 1.829936e+06 2.144400e+06
1.864991e+01 1.745779e+06 2.046421e+06
1.897560e+01 1.664276e+06 1.953945e+06
1.930698e+01 1.586459e+06 1.864955e+06
1.964414e+01 1.512287e+06 1.779930e+06
1.998720e+01 1.442996e+06 1.698161e+06
2.033624e+01 1.376752e+06 1.620729e+06
2.069138e+01 1.312415e+06 1.546860e+06
2.105272e+01 1.251209e+06 1.476963e+06
2.142037e+01 1.193530e+06 1.410120e+06
2.179445e+01 1.137713e+06 1.345350e+06
2.217505e+01 1.084432e+06 1.283542e+06
2.256230e+01 1.033638e+06 1.224428e+06
2.295632e+01 9.851876e+05 1.167834e+06
2.335721e+01 9.391178e+05 1.113976e+06
2.376511e+01 8.952384e+05 1.062097e+06
2.418013e+01 8.535735e+05 1.013601e+06
2.460240e+01 8.132748e+05 9.668109e+05
2.503204e+01 7.747373e+05 9.220452e+05
2.546918e+01 7.383660e+05 8.794488e+05
2.591396e+01 7.040280e+05 8.389819e+05
2.636651e+01 6.708575e+05 8.002075e+05
2.682696e+01 6.396209e+05 7.633227e+05
2.729545e+01 6.093498e+05 7.282722e+05
2.777212e+01 5.808198e+05 6.949477e+05
2.825712e+01 5.537115e+05 6.628830e+05
2.875058e+01 5.278966e+05 6.325620e+05
2.925266e+01 5.031398e+05 6.038639e+05
2.976351e+01 4.795240e+05 5.763513e+05
3.028329e+01 4.570334e+05 5.497809e+05
3.081214e+01 4.355902e+05 5.245245e+05
3.135022e+01 4.149950e+05 5.003216e+05
3.189770e+01 3.953354e+05 4.773070e+05
3.245474e+01 3.766006e+05 4.553629e+05
3.302151e+01 3.588996e+05 4.342668e+05
3.359818e+01 3.421284e+05 4.144469e+05
3.418492e+01 3.260326e+05 3.952978e+05
3.478191e+01 3.106458e+05 3.771706e+05
3.538932e+01 2.960289e+05 3.598530e+05
3.600733e+01 2.820074e+05 3.433376e+05
3.663615e+01 2.687097e+05 3.273917e+05
3.727594e+01 2.559626e+05 3.124129e+05
3.792690e+01 2.439522e+05 2.980139e+05
3.858923e+01 2.325202e+05 2.838545e+05
3.926313e+01 2.215706e+05 2.703521e+05
3.994880e+01 2.111218e+05 2.579146e+05
4.064644e+01 2.010940e+05 2.461353e+05
4.135627e+01 1.915710e+05 2.348362e+05
4.207849e+01 1.824933e+05 2.238599e+05
4.281332e+01 1.739160e+05 2.134479e+05
4.356099e+01 1.656525e+05 2.035914e+05
4.432171e+01 1.577106e+05 1.940541e+05
4.509572e+01 1.501438e+05 1.850279e+05
4.588325e+01 1.429522e+05 1.763449e+05
4.668452e+01 1.361742e+05 1.679452e+05
4.749979e+01 1.297588e+05 1.601120e+05
4.832930e+01 1.236443e+05 1.526782e+05
4.917330e+01 1.178216e+05 1.455058e+05
5.003203e+01 1.122716e+05 1.387685e+05
5.090576e+01 1.069849e+05 1.322760e+05
5.179475e+01 1.019243e+05 1.260395e+05
5.269926e+01 9.710583e+04 1.200928e+05
5.361957e+01 9.250201e+04 1.144682e+05
5.455595e+01 8.809401e+04 1.091498e+05
5.550868e+01 8.389172e+04 1.040752e+05
5.647805e+01 7.988157e+04 9.904424e+04
5.746435e+01 7.605781e+04 9.429693e+04
5.846787e+01 7.242032e+04 8.983539e+04
5.948892e+01 6.897722e+04 8.562415e+04
6.052780e+01 6.569318e+04 8.161952e+04
6.158482e+01 6.256672e+04 7.776956e+04
6.266030e+01 5.954593e+04 7.403510e+04
6.375456e+01 5.664709e+04 7.056522e+04
6.486794e+01 5.392343e+04 6.723291e+04
6.600075e+01 5.134370e+04 6.403425e+04
6.715335e+01 4.886774e+04 6.097341e+04
6.832607e+01 4.651977e+04 5.811344e+04
6.951928e+01 4.428653e+04 5.534683e+04
7.073332e+01 4.216356e+04 5.270462e+04
7.196857e+01 4.012855e+04 5.022917e+04
7.322538e+01 3.821346e+04 4.783003e+04
7.450415e+01 3.635858e+04 4.553603e+04
7.580524e+01 3.459861e+04 4.338900e+04
7.712906e+01 3.292442e+04 4.130405e+04
7.847600e+01 3.131982e+04 3.931726e+04
7.984645e+01 2.977719e+04 3.742908e+04
8.124085e+01 2.832963e+04 3.562760e+04
8.265959e+01 2.694091e+04 3.393240e+04
8.410311e+01 2.564632e+04 3.232047e+04
8.557183e+01 2.440626e+04 3.079263e+04
8.706621e+01 2.323920e+04 2.931854e+04
8.858668e+01 2.210466e+04 2.790601e+04
9.013370e+01 2.102432e+04 2.655258e+04
9.170775e+01 1.999157e+04 2.528671e+04
9.330927e+01 1.900784e+04 2.405521e+04
9.493877e+01 1.806466e+04 2.290826e+04
9.659673e+01 1.717798e+04 2.181366e+04
9.828363e+01 1.631065e+04 2.075704e+04
1.000000e+02 1.552046e+04 1.975368e+04
1.017463e+02 1.475015e+04 1.879655e+04
1.035232e+02 1.401658e+04 1.787940e+04
1.053310e+02 1.332486e+04 1.700387e+04
1.071705e+02 1.266728e+04 1.618659e+04
1.090420e+02 1.203188e+04 1.539868e+04
1.109463e+02 1.143282e+04 1.466858e+04
1.128838e+02 1.085649e+04 1.396209e+04
1.148551e+02 1.030618e+04 1.328497e+04
1.168609e+02 9.786798e+03 1.263737e+04
1.189017e+02 9.294164e+03 1.200738e+04
1.209781e+02 8.823242e+03 1.142444e+04
1.230908e+02 8.375203e+03 1.086304e+04
1.252404e+02 7.954724e+03 1.032562e+04
1.274275e+02 7.552579e+03 9.811677e+03
1.296528e+02 7.171022e+03 9.336338e+03
1.319170e+02 6.794753e+03 8.870796e+03
1.342207e+02 6.446598e+03 8.432274e+03
1.365647e+02 6.111918e+03 8.027692e+03
1.389495e+02 5.800627e+03 7.625055e+03
1.413761e+02 5.504597e+03 7.245177e+03
1.438450e+02 5.214728e+03 6.883508e+03
1.463570e+02 4.942480e+03 6.535940e+03
1.489129e+02 4.682000e+03 6.219801e+03
1.515134e+02 4.441382e+03 5.921479e+03
1.541594e+02 4.205279e+03 5.622834e+03
1.568515e+02 3.984370e+03 5.342323e+03
1.595907e+02 3.770490e+03 5.074628e+03
1.623777e+02 3.566075e+03 4.812991e+03
1.652133e+02 3.369572e+03 4.568766e+03
1.680985e+02 3.187546e+03 4.343393e+03
1.710341e+02 3.014008e+03 4.127972e+03
1.740209e+02 2.851152e+03 3.926285e+03
1.770599e+02 2.697388e+03 3.733873e+03
1.801520e+02 2.556004e+03 3.552818e+03
1.832981e+02 2.420422e+03 3.376692e+03
1.864991e+02 2.295752e+03 3.209987e+03
1.897560e+02 2.177752e+03 3.051527e+03
1.930698e+02 2.061083e+03 2.895681e+03
1.964414e+02 1.950625e+03 2.747439e+03
1.998720e+02 1.844571e+03 2.610375e+03
2.033624e+02 1.744760e+03 2.480768e+03
2.069138e+02 1.651204e+03 2.355867e+03
2.105272e+02 1.559292e+03 2.238472e+03
2.142037e+02 1.474211e+03 2.127046e+03
2.179445e+02 1.390594e+03 2.021829e+03
2.217505e+02 1.311861e+03 1.923475e+03
2.256230e+02 1.240877e+03 1.825234e+03
2.295632e+02 1.172317e+03 1.733139e+03
2.335721e+02 1.108056e+03 1.649191e+03
2.376511e+02 1.045318e+03 1.568808e+03
2.418013e+02 9.871213e+02 1.489803e+03
2.460240e+02 9.314748e+02 1.414382e+03
2.503204e+02 8.787642e+02 1.341389e+03
2.546918e+02 8.286723e+02 1.272875e+03
2.591396e+02 7.805734e+02 1.208325e+03
2.636651e+02 7.361045e+02 1.147214e+03
2.682696e+02 6.943775e+02 1.091385e+03
2.729545e+02 6.552162e+02 1.036656e+03
2.777212e+02 6.165986e+02 9.829797e+02
2.825712e+02 5.805291e+02 9.351553e+02
2.875058e+02 5.465391e+02 8.890376e+02
2.925266e+02 5.136795e+02 8.447721e+02
2.976351e+02 4.822101e+02 8.022198e+02
3.028329e+02 4.530415e+02 7.606826e+02
3.081214e+02 4.256280e+02 7.206732e+02
3.135022e+02 4.001780e+02 6.833236e+02
3.189770e+02 3.753564e+02 6.465370e+02
3.245474e+02 3.522536e+02 6.129185e+02
3.302151e+02 3.307899e+02 5.815747e+02
3.359818e+02 3.108870e+02 5.507904e+02
3.418492e+02 2.919861e+02 5.222006e+02
3.478191e+02 2.739954e+02 4.949071e+02
3.538932e+02 2.569381e+02 4.689874e+02
3.600733e+02 2.409795e+02 4.451448e+02
3.663615e+02 2.257601e+02 4.217111e+02
3.727594e+02 2.113048e+02 3.989721e+02
3.792690e+02 1.980273e+02 3.779502e+02
3.858923e+02 1.858612e+02 3.582976e+02
3.926313e+02 1.736304e+02 3.392465e+02
3.994880e+02 1.621545e+02 3.212008e+02
4.064644e+02 1.514617e+02 3.041810e+02
4.135627e+02 1.417299e+02 2.879541e+02
4.207849e+02 1.329236e+02 2.722287e+02
4.281332e+02 1.241313e+02 2.573163e+02
4.356099e+02 1.161747e+02 2.436656e+02
4.432171e+02 1.088128e+02 2.312345e+02
4.509572e+02 1.015985e+02 2.194453e+02
4.588325e+02 9.478729e+01 2.079461e+02
4.668452e+02 8.833436e+01 1.965272e+02
4.749979e+02 8.221268e+01 1.859695e+02
4.832930e+02 7.627794e+01 1.763906e+02
4.917330e+02 7.103832e+01 1.673303e+02
5.003203e+02 6.638930e+01 1.575755e+02
5.090576e+02 6.198786e+01 1.487021e+02
5.179475e+02 5.759063e+01 1.404465e+02
5.269926e+02 5.366729e+01 1.327078e+02
5.361957e+02 4.991659e+01 1.249298e+02
5.455595e+02 4.632525e+01 1.178646e+02
5.550868e+02 4.281412e+01 1.113522e+02
5.647805e+02 3.965225e+01 1.048713e+02
5.746435e+02 3.684598e+01 9.874823e+01
5.846787e+02 3.404900e+01 9.322863e+01
5.948892e+02 3.156561e+01 8.803494e+01
6.052780e+02 2.925295e+01 8.310809e+01
6.158482e+02 2.716867e+01 7.847462e+01
6.266030e+02 2.511798e+01 7.395798e+01
6.375456e+02 2.318091e+01 6.965243e+01
6.486794e+02 2.138037e+01 6.565622e+01
6.600075e+02 1.971200e+01 6.187601e+01
6.715335e+02 1.817896e+01 5.832484e+01
6.832607e+02 1.675493e+01 5.513954e+01
6.951928e+02 1.543288e+01 5.192891e+01
7.073332e+02 1.420616e+01 4.897009e+01
7.196857e+02 1.304245e+01 4.610026e+01
7.322538e+02 1.201421e+01 4.339639e+01
7.450415e+02 1.104334e+01 4.084142e+01
7.580524e+02 1.012888e+01 3.848743e+01
7.712906e+02 9.285341e+00 3.623026e+01
7.847600e+02 8.507977e+00 3.407504e+01
7.984645e+02 7.790030e+00 3.200482e+01
8.124085e+02 7.129280e+00 3.001192e+01
8.265959e+02 6.516220e+00 2.811933e+01
8.410311e+02 5.965563e+00 2.639746e+01
8.557183e+02 5.469441e+00 2.479064e+01
8.706621e+02 5.011369e+00 2.337116e+01
8.858668e+02 4.582319e+00 2.194597e+01
9.013370e+02 4.174231e+00 2.058548e+01
9.170775e+02 3.815489e+00 1.930773e+01
9.330927e+02 3.479864e+00 1.810862e+01
9.493877e+02 3.162309e+00 1.697162e+01
9.659673e+02 2.871247e+00 1.591564e+01
9.828363e+02 2.605256e+00 1.491871e+01
1.000000e+03 2.358599e+00 1.397866e+01
