1.000000e+00 2.050198e+10
1.017463e+00 1.956631e+10
1.035232e+00 1.867364e+10
1.053310e+00 1.782536e+10
1.071705e+00 1.701740e+10
1.090420e+00 1.624366e+10
1.109463e+00 1.550211e+10
1.128838e+00 1.480542e+10
1.148551e+00 1.413172e+10
1.168609e+00 1.349144e+10
1.189017e+00 1.287663e+10
1.209781e+00 1.228927e+10
1.230908e+00 1.172986e+10
1.252404e+00 1.119324e+10
1.274275e+00 1.068317e+10
1.296528e+00 1.019906e+10
1.319170e+00 9.735194e+09
1.342207e+00 9.292598e+09
1.365647e+00 8.872177e+09
1.389495e+00 8.466825e+09
1.413761e+00 8.081459e+09
1.438450e+00 7.711916e+09
1.463570e+00 7.361857e+09
1.489129e+00 7.027494e+09
1.515134e+00 6.709810e+09
1.541594e+00 6.407018e+09
1.568515e+00 6.116908e+09
1.595907e+00 5.838820e+09
1.623777e+00 5.573949e+09
1.652133e+00 5.320564e+09
1.680985e+00 5.079715e+09
1.710341e+00 4.846327e+09
1.740209e+00 4.626342e+09
1.770599e+00 4.414310e+09
1.801520e+00 4.212440e+09
1.832981e+00 4.020347e+09
1.864991e+00 3.836313e+09
1.897560e+00 3.661698e+09
1.930698e+00 3.494724e+09
1.964414e+00 3.335138e+09
1.998720e+00 3.182969e+09
2.033624e+00 3.037167e+09
2.069138e+00 2.898503e+09
2.105272e+00 2.765888e+09
2.142037e+00 2.639104e+09
2.179445e+00 2.518695e+09
2.217505e+00 2.404906e+09
2.256230e+00 2.295418e+09
2.295632e+00 2.190950e+09
2.335721e+00 2.090874e+09
2.376511e+00 1.995662e+09
2.418013e+00 1.905988e+09
2.460240e+00 1.819781e+09
2.503204e+00 1.736876e+09
2.546918e+00 1.657616e+09
2.591396e+00 1.582030e+09
2.636651e+00 1.510034e+09
2.682696e+00 1.440976e+09
2.729545e+00 1.375660e+09
2.777212e+00 1.313171e+09
2.825712e+00 1.253448e+09
2.875058e+00 1.196684e+09
2.925266e+00 1.142397e+09
2.976351e+00 1.090241e+09
3.028329e+00 1.040456e+09
3.081214e+00 9.930841e+08
3.135022e+00 9.477455e+08
3.189770e+00 9.045786e+08
3.245474e+00 8.628940e+08
3.302151e+00 8.233443e+08
3.359818e+00 7.856586e+08
3.418492e+00 7.500752e+08
3.478191e+00 7.156126e+08
3.538932e+00 6.830725e+08
3.600733e+00 6.518293e+08
3.663615e+00 6.219145e+08
3.727594e+00 5.933901e+08
3.792690e+00 5.662403e+08
3.858923e+00 5.403537e+08
3.926313e+00 5.155553e+08
3.994880e+00 4.918851e+08
4.064644e+00 4.693867e+08
4.135627e+00 4.480201e+08
4.207849e+00 4.277299e+08
4.281332e+00 4.081585e+08
4.356099e+00 3.895628e+08
4.432171e+00 3.716507e+08
4.509572e+00 3.546516e+08
4.588325e+00 3.382692e+08
4.668452e+00 3.227699e+08
4.749979e+00 3.080402e+08
4.832930e+00 2.941110e+08
4.917330e+00 2.807299e+08
5.003203e+00 2.679111e+08
5.090576e+00 2.557518e+08
5.179475e+00 2.440728e+08
5.269926e+00 2.329300e+08
5.361957e+00 2.223191e+08
5.455595e+00 2.121810e+08
5.550868e+00 2.024810e+08
5.647805e+00 1.932001e+08
5.746435e+00 1.843355e+08
5.846787e+00 1.759331e+08
5.948892e+00 1.678997e+08
6.052780e+00 1.601989e+08
6.158482e+00 1.529005e+08
6.266030e+00 1.458505e+08
6.375456e+00 1.391426e+08
6.486794e+00 1.327068e+08
6.600075e+00 1.266191e+08
6.715335e+00 1.208526e+08
6.832607e+00 1.153441e+08
6.951928e+00 1.101208e+08
7.073332e+00 1.050936e+08
7.196857e+00 1.003020e+08
7.322538e+00 9.573837e+07
7.450415e+00 9.139862e+07
7.580524e+00 8.723013e+07
7.712906e+00 8.326327e+07
7.847600e+00 7.945650e+07
7.984645e+00 7.577129e+07
8.124085e+00 7.230685e+07
8.265959e+00 6.900209e+07
8.410311e+00 6.585812e+07
8.557183e+00 6.282613e+07
8.706621e+00 5.995273e+07
8.858668e+00 5.717920e+07
9.013370e+00 5.456415e+07
9.170775e+00 5.205990e+07
9.330927e+00 4.969045e+07
9.493877e+00 4.741320e+07
9.659673e+00 4.523426e+07
9.828363e+00 4.315725e+07
1.000000e+01 4.118672e+07
1.017463e+01 3.932345e+07
1.035232e+01 3.753099e+07
1.053310e+01 3.580470e+07
1.071705e+01 3.416463e+07
1.090420e+01 3.260603e+07
1.109463e+01 3.111351e+07
1.128838e+01 2.968214e+07
1.148551e+01 2.831125e+07
1.168609e+01 2.700330e+07
1.189017e+01 2.576350e+07
1.209781e+01 2.458802e+07
1.230908e+01 2.346187e+07
1.252404e+01 2.238016e+07
1.274275e+01 2.135712e+07
1.296528e+01 2.038043e+07
1.319170e+01 1.944833e+07
1.342207e+01 1.856121e+07
1.365647e+01 1.771315e+07
1.389495e+01 1.690099e+07
1.413761e+01 1.612496e+07
1.438450e+01 1.538714e+07
1.463570e+01 1.469029e+07
1.489129e+01 1.401695e+07
1.515134e+01 1.337656e+07
1.541594e+01 1.275847e+07
1.568515e+01 1.217063e+07
1.595907e+01 1.161191e+07
1.623777e+01 1.107399e+07
1.652133e+01 1.056144e+07
1.680985e+01 1.007332e+07
1.710341e+01 9.607151e+06
1.740209e+01 9.163379e+06
1.770599e+01 8.741200e+06
1.801520e+01 8.340597e+06
1.832981e+01 7.958716e+06
1.864991e+01 7.593308e+06
1.897560e+01 7.243059e+06
1.930698e+01 6.910475e+06
1.964414e+01 6.594515e+06
1.998720e+01 6.289324e+06
2.033624e+01 5.999565e+06
2.069138e+01 5.722925e+06
2.105272e+01 5.460713e+06
2.142037e+01 5.211327e+06
2.179445e+01 4.971230e+06
2.217505e+01 4.740783e+06
2.256230e+01 4.520224e+06
2.295632e+01 4.312943e+06
2.335721e+01 4.114857e+06
2.376511e+01 3.923933e+06
2.418013e+01 3.742187e+06
2.460240e+01 3.568997e+06
2.503204e+01 3.403782e+06
2.546918e+01 3.245954e+06
2.591396e+01 3.096113e+06
2.636651e+01 2.954275e+06
2.682696e+01 2.817217e+06
2.729545e+01 2.687234e+06
2.777212e+01 2.564229e+06
2.825712e+01 2.445819e+06
2.875058e+01 2.331741e+06
2.925266e+01 2.223237e+06
2.976351e+01 2.119515e+06
3.028329e+01 2.020475e+06
3.081214e+01 1.926458e+06
3.135022e+01 1.837653e+06
3.189770e+01 1.752499e+06
3.245474e+01 1.671164e+06
3.302151e+01 1.593531e+06
3.359818e+01 1.519156e+06
3.418492e+01 1.448801e+06
3.478191e+01 1.381578e+06
3.538932e+01 1.317838e+06
3.600733e+01 1.255763e+06
3.663615e+01 1.197249e+06
3.727594e+01 1.141409e+06
3.792690e+01 1.088213e+06
3.858923e+01 1.037117e+06
3.926313e+01 9.886308e+05
3.994880e+01 9.428069e+05
4.064644e+01 8.985996e+05
4.135627e+01 8.570263e+05
4.207849e+01 8.168833e+05
4.281332e+01 7.788059e+05
4.356099e+01 7.422846e+05
4.432171e+01 7.075957e+05
4.509572e+01 6.745531e+05
4.588325e+01 6.431534e+05
4.668452e+01 6.129123e+05
4.749979e+01 5.844010e+05
4.832930e+01 5.566144e+05
4.917330e+01 5.302875e+05
5.003203e+01 5.054938e+05
5.090576e+01 4.816509e+05
5.179475e+01 4.589399e+05
5.269926e+01 4.371936e+05
5.361957e+01 4.165679e+05
5.455595e+01 3.967920e+05
5.550868e+01 3.779674e+05
5.647805e+01 3.601805e+05
5.746435e+01 3.430796e+05
5.846787e+01 3.268615e+05
5.948892e+01 3.113050e+05
6.052780e+01 2.966210e+05
6.158482e+01 2.825637e+05
6.266030e+01 2.691800e+05
6.375456e+01 2.561619e+05
6.486794e+01 2.439784e+05
6.600075e+01 2.322648e+05
6.715335e+01 2.212167e+05
6.832607e+01 2.107245e+05
6.951928e+01 2.007332e+05
7.073332e+01 1.911427e+05
7.196857e+01 1.820294e+05
7.322538e+01 1.731988e+05
7.450415e+01 1.649145e+05
7.580524e+01 1.569396e+05
7.712906e+01 1.494566e+05
7.847600e+01 1.423968e+05
7.984645e+01 1.355341e+05
8.124085e+01 1.290832e+05
8.265959e+01 1.228324e+05
8.410311e+01 1.170017e+05
8.557183e+01 1.114054e+05
8.706621e+01 1.060172e+05
8.858668e+01 1.008922e+05
9.013370e+01 9.602088e+04
9.170775e+01 9.144736e+04
9.330927e+01 8.705741e+04
9.493877e+01 8.293026e+04
9.659673e+01 7.895353e+04
9.828363e+01 7.509950e+04
1.000000e+02 7.149809e+04
1.017463e+02 6.803047e+04
1.035232e+02 6.472144e+04
1.053310e+02 6.153769e+04
1.071705e+02 5.853767e+04
1.090420e+02 5.566126e+04
1.109463e+02 5.293306e+04
1.128838e+02 5.033853e+04
1.148551e+02 4.787933e+04
1.168609e+02 4.553589e+04
1.189017e+02 4.327899e+04
1.209781e+02 4.115808e+04
1.230908e+02 3.912532e+04
1.252404e+02 3.717494e+04
1.274275e+02 3.531888e+04
1.296528e+02 3.355998e+04
1.319170e+02 3.189824e+04
1.342207e+02 3.030757e+04
1.365647e+02 2.879207e+04
1.389495e+02 2.736075e+04
1.413761e+02 2.599354e+04
1.438450e+02 2.468766e+04
1.463570e+02 2.344598e+04
1.489129e+02 2.225225e+04
1.515134e+02 2.112395e+04
1.541594e+02 2.004880e+04
1.568515e+02 1.902789e+04
1.595907e+02 1.806437e+04
1.623777e+02 1.714497e+04
1.652133e+02 1.627586e+04
1.680985e+02 1.545667e+04
1.710341e+02 1.467252e+04
1.740209e+02 1.390118e+04
1.770599e+02 1.318281e+04
1.801520e+02 1.250753e+04
1.832981e+02 1.185826e+04
1.864991e+02 1.122715e+04
1.897560e+02 1.065594e+04
1.930698e+02 1.010272e+04
1.964414e+02 9.575289e+03
1.998720e+02 9.073824e+03
2.033624e+02 8.597065e+03
2.069138e+02 8.146694e+03
2.105272e+02 7.718276e+03
2.142037e+02 7.310517e+03
2.179445e+02 6.923519e+03
2.217505e+02 6.563279e+03
2.256230e+02 6.215658e+03
2.295632e+02 5.886836e+03
2.335721e+02 5.574195e+03
2.376511e+02 5.275476e+03
2.418013e+02 4.994911e+03
2.460240e+02 4.728901e+03
2.503204e+02 4.474557e+03
2.546918e+02 4.233355e+03
2.591396e+02 4.006342e+03
2.636651e+02 3.796199e+03
2.682696e+02 3.590863e+03
2.729545e+02 3.399009e+03
2.777212e+02 3.213150e+03
2.825712e+02 3.036822e+03
2.875058e+02 2.869169e+03
2.925266e+02 2.711838e+03
2.976351e+02 2.563200e+03
3.028329e+02 2.419908e+03
3.081214e+02 2.286334e+03
3.135022e+02 2.159395e+03
3.189770e+02 2.037939e+03
3.245474e+02 1.922271e+03
3.302151e+02 1.814414e+03
3.359818e+02 1.712685e+03
3.418492e+02 1.615828e+03
3.478191e+02 1.524680e+03
3.538932e+02 1.436473e+03
3.600733e+02 1.354228e+03
3.663615e+02 1.276721e+03
3.727594e+02 1.203525e+03
3.792690e+02 1.136193e+03
3.858923e+02 1.069984e+03
3.926313e+02 1.007866e+03
3.994880e+02 9.486133e+02
4.064644e+02 8.934119e+02
4.135627e+02 8.398017e+02
4.207849e+02 7.895132e+02
4.281332e+02 7.428238e+02
4.356099e+02 6.977704e+02
4.432171e+02 6.550457e+02
4.509572e+02 6.148907e+02
4.588325e+02 5.770553e+02
4.668452e+02 5.426006e+02
4.749979e+02 5.096499e+02
4.832930e+02 4.778988e+02
4.917330e+02 4.480244e+02
5.003203e+02 4.197617e+02
5.090576e+02 3.932630e+02
5.179475e+02 3.688631e+02
5.269926e+02 3.454111e+02
5.361957e+02 3.233232e+02
5.455595e+02 3.029508e+02
5.550868e+02 2.836862e+02
5.647805e+02 2.653807e+02
5.746435e+02 2.481159e+02
5.846787e+02 2.317012e+02
5.948892e+02 2.165248e+02
6.052780e+02 2.023224e+02
6.158482e+02 1.887605e+02
6.266030e+02 1.763725e+02
6.375456e+02 1.645170e+02
6.486794e+02 1.535680e+02
6.600075e+02 1.432486e+02
6.715335e+02 1.334244e+02
6.832607e+02 1.243157e+02
6.951928e+02 1.156561e+02
7.073332e+02 1.075705e+02
7.196857e+02 9.997245e+01
7.322538e+02 9.283964e+01
7.450415e+02 8.623430e+01
7.580524e+02 8.001753e+01
7.712906e+02 7.426354e+01
7.847600e+02 6.897961e+01
7.984645e+02 6.390057e+01
8.124085e+02 5.922587e+01
8.265959e+02 5.489336e+01
8.410311e+02 5.089992e+01
8.557183e+02 4.704506e+01
8.706621e+02 4.348541e+01
8.858668e+02 4.014049e+01
9.013370e+02 3.704444e+01
9.170775e+02 3.415246e+01
9.330927e+02 3.154097e+01
9.493877e+02 2.906446e+01
9.659673e+02 2.675933e+01
9.828363e+02 2.466845e+01
1.000000e+03 2.273538e+01
