1.000000e+00 7.343296e+09 1.237222e+10
1.013939e+00 7.171919e+09 1.200298e+10
1.028073e+00 7.009380e+09 1.164360e+10
1.042404e+00 6.850760e+09 1.128176e+10
1.056935e+00 6.685387e+09 1.094069e+10
1.071668e+00 6.528763e+09 1.062655e+10
1.086606e+00 6.355640e+09 1.031038e+10
1.101753e+00 6.181385e+09 1.001468e+10
1.117111e+00 6.025709e+09 9.722111e+09
1.132683e+00 5.870481e+09 9.423374e+09
1.148472e+00 5.724513e+09 9.147200e+09
1.164481e+00 5.590853e+09 8.870670e+09
1.180713e+00 5.452324e+09 8.600731e+09
1.197171e+00 5.316860e+09 8.345431e+09
1.213859e+00 5.184398e+09 8.087247e+09
1.230780e+00 5.054878e+09 7.847386e+09
1.247936e+00 4.926658e+09 7.614522e+09
1.265332e+00 4.798279e+09 7.392331e+09
1.282970e+00 4.677714e+09 7.164909e+09
1.300854e+00 4.560873e+09 6.945828e+09
1.318987e+00 4.447911e+09 6.739543e+09
1.337373e+00 4.336258e+09 6.550931e+09
1.356015e+00 4.227625e+09 6.364245e+09
1.374917e+00 4.121109e+09 6.185356e+09
1.394083e+00 4.017268e+09 6.003944e+09
1.413516e+00 3.915891e+09 5.831244e+09
1.433219e+00 3.817677e+09 5.659620e+09
1.453198e+00 3.722995e+09 5.485334e+09
1.473454e+00 3.629459e+09 5.329002e+09
1.493993e+00 3.536033e+09 5.167808e+09
1.514819e+00 3.446336e+09 5.019517e+09
1.535935e+00 3.354583e+09 4.872633e+09
1.557345e+00 3.267682e+09 4.729977e+09
1.579053e+00 3.185250e+09 4.596924e+09
1.601064e+00 3.105265e+09 4.464997e+09
1.623382e+00 3.026717e+09 4.338619e+09
1.646012e+00 2.948803e+09 4.213646e+09
1.668956e+00 2.871245e+09 4.097853e+09
1.692220e+00 2.787013e+09 3.982467e+09
1.715809e+00 2.710994e+09 3.869287e+09
1.739726e+00 2.638337e+09 3.756249e+09
1.763977e+00 2.565724e+09 3.652057e+09
1.788566e+00 2.495350e+09 3.548584e+09
1.813498e+00 2.425772e+09 3.450395e+09
1.838777e+00 2.355433e+09 3.350663e+09
1.864409e+00 2.281667e+09 3.258291e+09
1.890397e+00 2.207196e+09 3.168573e+09
1.916748e+00 2.145282e+09 3.080025e+09
1.943467e+00 2.086168e+09 2.994776e+09
1.970558e+00 2.024345e+09 2.912125e+09
1.998026e+00 1.961841e+09 2.828892e+09
2.025878e+00 1.902694e+09 2.749209e+09
2.054117e+00 1.841111e+09 2.670963e+09
2.082751e+00 1.786840e+09 2.594002e+09
2.111783e+00 1.733171e+09 2.520751e+09
2.141220e+00 1.677017e+09 2.448612e+09
2.171068e+00 1.623578e+09 2.378690e+09
2.201331e+00 1.569596e+09 2.311072e+09
2.232016e+00 1.519920e+09 2.246071e+09
2.263130e+00 1.471312e+09 2.180943e+09
2.294676e+00 1.422706e+09 2.118066e+09
2.326663e+00 1.376271e+09 2.055377e+09
2.359095e+00 1.330777e+09 1.998683e+09
2.391980e+00 1.285704e+09 1.941817e+09
2.425323e+00 1.243108e+09 1.887289e+09
2.459130e+00 1.201792e+09 1.833759e+09
2.493409e+00 1.160900e+09 1.781895e+09
2.528166e+00 1.121213e+09 1.729412e+09
2.563407e+00 1.082472e+09 1.680260e+09
2.599140e+00 1.042766e+09 1.631595e+09
2.635371e+00 1.004473e+09 1.584539e+09
2.672106e+00 9.678456e+08 1.538743e+09
2.709354e+00 9.353276e+08 1.494447e+09
2.747121e+00 9.049948e+08 1.451917e+09
2.785414e+00 8.737875e+08 1.411635e+09
2.824241e+00 8.448721e+08 1.371854e+09
2.863610e+00 8.153446e+08 1.332668e+09
2.903527e+00 7.865761e+08 1.293236e+09
2.944000e+00 7.582965e+08 1.255669e+09
2.985038e+00 7.309110e+08 1.219471e+09
3.026648e+00 7.044041e+08 1.184544e+09
3.068838e+00 6.789360e+08 1.151044e+09
3.111616e+00 6.543412e+08 1.118399e+09
3.154990e+00 6.306226e+08 1.086200e+09
3.198969e+00 6.081439e+08 1.053562e+09
3.243561e+00 5.863603e+08 1.022768e+09
3.288774e+00 5.652533e+08 9.919525e+08
3.334618e+00 5.448047e+08 9.626109e+08
3.381101e+00 5.249968e+08 9.341413e+08
3.428231e+00 5.058123e+08 9.061958e+08
3.476019e+00 4.872343e+08 8.804583e+08
3.524473e+00 4.692464e+08 8.540107e+08
3.573602e+00 4.518325e+08 8.281154e+08
3.623416e+00 4.350384e+08 8.038614e+08
3.673925e+00 4.190968e+08 7.793775e+08
3.725137e+00 4.037235e+08 7.558689e+08
3.777064e+00 3.888985e+08 7.335458e+08
3.829714e+00 3.746027e+08 7.110163e+08
3.883098e+00 3.608175e+08 6.899214e+08
3.937226e+00 3.475251e+08 6.689456e+08
3.992109e+00 3.348010e+08 6.486838e+08
4.047757e+00 3.225637e+08 6.293073e+08
4.104181e+00 3.107723e+08 6.107256e+08
4.161391e+00 2.994105e+08 5.926863e+08
4.219398e+00 2.884628e+08 5.749077e+08
4.278214e+00 2.779140e+08 5.569157e+08
4.337850e+00 2.677497e+08 5.400006e+08
4.398317e+00 2.579559e+08 5.232499e+08
4.459628e+00 2.485191e+08 5.068778e+08
4.521792e+00 2.394263e+08 4.910061e+08
4.584824e+00 2.302804e+08 4.758017e+08
4.648734e+00 2.211906e+08 4.614106e+08
4.713535e+00 2.124585e+08 4.472730e+08
4.779239e+00 2.040700e+08 4.334746e+08
4.845859e+00 1.960117e+08 4.198965e+08
4.913407e+00 1.882705e+08 4.067069e+08
4.981898e+00 1.808340e+08 3.938105e+08
5.051342e+00 1.736902e+08 3.812338e+08
5.121755e+00 1.668276e+08 3.692305e+08
5.193150e+00 1.604724e+08 3.577762e+08
5.265540e+00 1.544183e+08 3.467845e+08
5.338938e+00 1.486124e+08 3.356195e+08
5.413360e+00 1.430202e+08 3.246557e+08
5.488820e+00 1.377402e+08 3.141568e+08
5.565331e+00 1.325138e+08 3.038640e+08
5.642908e+00 1.273744e+08 2.944169e+08
5.721568e+00 1.225979e+08 2.845499e+08
5.801323e+00 1.183625e+08 2.755406e+08
5.882190e+00 1.141182e+08 2.665188e+08
5.964185e+00 1.099022e+08 2.580682e+08
6.047322e+00 1.057588e+08 2.492489e+08
6.131619e+00 1.016947e+08 2.407062e+08
6.217090e+00 9.778603e+07 2.328984e+08
6.303753e+00 9.402697e+07 2.252908e+08
6.391624e+00 9.041178e+07 2.179932e+08
6.480720e+00 8.693497e+07 2.110262e+08
6.571058e+00 8.359126e+07 2.041671e+08
6.662655e+00 8.037557e+07 1.972846e+08
6.755528e+00 7.728302e+07 1.907025e+08
6.849697e+00 7.430889e+07 1.843731e+08
6.945178e+00 7.144868e+07 1.781522e+08
7.041990e+00 6.869804e+07 1.720813e+08
7.140151e+00 6.605277e+07 1.662011e+08
7.239681e+00 6.350885e+07 1.602440e+08
7.340598e+00 6.106242e+07 1.549450e+08
7.442922e+00 5.870975e+07 1.499550e+08
7.546673e+00 5.644726e+07 1.447400e+08
7.651869e+00 5.427150e+07 1.397972e+08
7.758532e+00 5.217917e+07 1.349083e+08
7.866682e+00 5.016707e+07 1.303519e+08
7.976339e+00 4.823213e+07 1.256195e+08
8.087525e+00 4.637142e+07 1.211557e+08
8.200261e+00 4.458209e+07 1.168416e+08
8.314568e+00 4.286783e+07 1.127663e+08
8.430468e+00 4.118461e+07 1.087929e+08
8.547985e+00 3.956627e+07 1.049869e+08
8.667139e+00 3.800942e+07 1.011957e+08
8.787954e+00 3.653781e+07 9.740792e+07
8.910453e+00 3.519648e+07 9.390135e+07
9.034660e+00 3.390441e+07 9.049763e+07
9.160598e+00 3.261820e+07 8.718995e+07
9.288292e+00 3.136123e+07 8.387967e+07
9.417766e+00 3.014118e+07 8.073260e+07
9.549045e+00 2.896861e+07 7.775731e+07
9.682153e+00 2.784167e+07 7.479776e+07
9.817117e+00 2.671219e+07 7.203887e+07
9.953962e+00 2.559605e+07 6.933490e+07
1.009272e+01 2.453923e+07 6.670742e+07
1.023340e+01 2.352903e+07 6.420588e+07
1.037605e+01 2.256831e+07 6.182759e+07
1.052069e+01 2.170995e+07 5.945248e+07
1.066734e+01 2.088423e+07 5.720792e+07
1.081604e+01 2.008993e+07 5.502267e+07
1.096681e+01 1.932583e+07 5.297932e+07
1.111968e+01 1.856850e+07 5.097362e+07
1.127468e+01 1.781256e+07 4.906296e+07
1.143184e+01 1.708621e+07 4.723283e+07
1.159120e+01 1.638832e+07 4.544233e+07
1.175277e+01 1.571781e+07 4.370374e+07
1.191660e+01 1.507364e+07 4.203217e+07
1.208271e+01 1.445482e+07 4.040254e+07
1.225114e+01 1.386036e+07 3.884650e+07
1.242191e+01 1.328935e+07 3.735748e+07
1.259506e+01 1.274089e+07 3.592911e+07
1.277063e+01 1.221411e+07 3.453300e+07
1.294865e+01 1.170907e+07 3.318042e+07
1.312915e+01 1.122488e+07 3.187166e+07
1.331216e+01 1.075983e+07 3.064828e+07
1.349772e+01 1.032967e+07 2.944978e+07
1.368587e+01 9.922829e+06 2.832583e+07
1.387665e+01 9.533471e+06 2.724797e+07
1.407008e+01 9.159386e+06 2.618436e+07
1.426621e+01 8.799976e+06 2.512211e+07
1.446507e+01 8.454666e+06 2.413658e+07
1.466671e+01 8.122902e+06 2.317457e+07
1.487115e+01 7.804154e+06 2.227061e+07
1.507845e+01 7.497909e+06 2.137040e+07
1.528864e+01 7.204782e+06 2.052601e+07
1.550175e+01 6.905110e+06 1.973154e+07
1.571784e+01 6.617335e+06 1.897260e+07
1.593694e+01 6.362412e+06 1.822940e+07
1.615909e+01 6.119097e+06 1.749262e+07
1.638434e+01 5.886059e+06 1.678054e+07
1.661273e+01 5.663310e+06 1.612941e+07
1.684430e+01 5.444135e+06 1.550112e+07
1.707910e+01 5.233090e+06 1.487790e+07
1.731717e+01 5.030225e+06 1.429151e+07
1.755856e+01 4.834665e+06 1.371937e+07
1.780332e+01 4.630136e+06 1.316746e+07
1.805149e+01 4.442134e+06 1.263078e+07
1.830312e+01 4.276912e+06 1.212736e+07
1.855825e+01 4.118426e+06 1.163011e+07
1.881694e+01 3.962230e+06 1.118797e+07
1.907924e+01 3.802441e+06 1.075467e+07
1.934520e+01 3.658364e+06 1.034351e+07
1.961486e+01 3.513728e+06 9.944988e+06
1.988828e+01 3.380939e+06 9.564728e+06
2.016551e+01 3.248281e+06 9.192266e+06
2.044661e+01 3.120723e+06 8.819657e+06
2.073162e+01 2.998173e+06 8.474608e+06
2.102061e+01 2.880433e+06 8.133834e+06
2.131362e+01 2.768144e+06 7.810283e+06
2.161073e+01 2.661082e+06 7.491622e+06
2.191197e+01 2.558160e+06 7.197970e+06
2.221741e+01 2.463219e+06 6.912932e+06
2.252711e+01 2.372512e+06 6.646997e+06
2.284112e+01 2.285145e+06 6.386214e+06
2.315951e+01 2.200995e+06 6.129131e+06
2.348235e+01 2.119944e+06 5.892191e+06
2.380968e+01 2.041878e+06 5.653858e+06
2.414157e+01 1.966687e+06 5.435061e+06
2.447809e+01 1.886680e+06 5.231325e+06
2.481930e+01 1.806227e+06 5.028319e+06
2.516527e+01 1.729204e+06 4.839222e+06
2.551606e+01 1.655465e+06 4.651048e+06
2.587174e+01 1.584907e+06 4.468708e+06
2.623238e+01 1.521837e+06 4.298342e+06
2.659804e+01 1.461277e+06 4.128058e+06
2.696881e+01 1.403125e+06 3.969293e+06
2.734474e+01 1.345417e+06 3.808036e+06
2.772591e+01 1.288685e+06 3.656536e+06
2.811239e+01 1.234346e+06 3.511527e+06
2.850426e+01 1.182449e+06 3.371587e+06
2.890160e+01 1.133527e+06 3.241010e+06
2.930447e+01 1.085275e+06 3.109812e+06
2.971296e+01 1.042240e+06 2.986712e+06
3.012714e+01 9.981995e+05 2.868767e+06
3.054710e+01 9.559946e+05 2.756523e+06
3.097291e+01 9.158922e+05 2.646056e+06
3.140465e+01 8.753720e+05 2.540509e+06
3.184242e+01 8.380617e+05 2.441219e+06
3.228628e+01 8.043083e+05 2.347326e+06
3.273634e+01 7.721637e+05 2.254793e+06
3.319266e+01 7.404268e+05 2.166092e+06
3.365535e+01 7.111254e+05 2.076917e+06
3.412449e+01 6.825600e+05 1.996408e+06
3.460016e+01 6.552772e+05 1.921699e+06
3.508247e+01 6.292031e+05 1.847650e+06
3.557150e+01 6.041750e+05 1.775066e+06
3.606735e+01 5.796282e+05 1.705503e+06
3.657011e+01 5.551884e+05 1.638850e+06
3.707988e+01 5.316152e+05 1.574636e+06
3.759675e+01 5.090428e+05 1.511162e+06
3.812083e+01 4.874287e+05 1.450967e+06
3.865221e+01 4.668374e+05 1.394478e+06
3.919100e+01 4.473833e+05 1.339438e+06
3.973730e+01 4.292969e+05 1.286620e+06
4.029122e+01 4.128417e+05 1.235442e+06
4.085286e+01 3.968092e+05 1.188655e+06
4.142232e+01 3.807853e+05 1.141238e+06
4.199973e+01 3.657048e+05 1.096743e+06
4.258518e+01 3.501739e+05 1.054150e+06
4.317880e+01 3.361472e+05 1.012693e+06
4.378069e+01 3.226503e+05 9.742129e+05
4.439097e+01 3.083376e+05 9.358504e+05
4.500975e+01 2.949778e+05 8.993743e+05
4.563716e+01 2.829370e+05 8.653200e+05
4.627332e+01 2.714902e+05 8.326522e+05
4.691835e+01 2.606881e+05 7.996353e+05
4.757236e+01 2.503155e+05 7.672710e+05
4.823549e+01 2.403554e+05 7.363727e+05
4.890787e+01 2.307914e+05 7.084569e+05
4.958962e+01 2.213594e+05 6.812834e+05
5.028087e+01 2.125931e+05 6.546531e+05
5.098176e+01 2.039830e+05 6.273733e+05
5.169242e+01 1.957214e+05 6.044295e+05
5.241298e+01 1.877943e+05 5.799439e+05
5.314359e+01 1.801881e+05 5.580664e+05
5.388438e+01 1.728898e+05 5.366322e+05
5.463550e+01 1.660349e+05 5.161810e+05
5.539709e+01 1.595278e+05 4.969379e+05
5.616930e+01 1.532588e+05 4.781436e+05
5.695227e+01 1.470429e+05 4.587954e+05
5.774615e+01 1.411716e+05 4.418717e+05
5.855110e+01 1.354788e+05 4.253921e+05
5.936727e+01 1.300895e+05 4.087076e+05
6.019482e+01 1.249145e+05 3.931006e+05
6.103390e+01 1.199453e+05 3.783993e+05
6.188468e+01 1.151736e+05 3.641852e+05
6.274732e+01 1.105916e+05 3.502798e+05
6.362198e+01 1.061919e+05 3.364612e+05
6.450884e+01 1.020043e+05 3.231598e+05
6.540806e+01 9.806245e+04 3.111149e+05
6.631981e+01 9.427285e+04 2.994598e+05
6.724427e+01 9.062961e+04 2.882419e+05
6.818162e+01 8.712706e+04 2.772915e+05
6.913204e+01 8.375978e+04 2.664707e+05
7.009570e+01 8.052255e+04 2.560215e+05
7.107280e+01 7.745433e+04 2.461161e+05
7.206351e+01 7.451968e+04 2.367131e+05
7.306804e+01 7.151547e+04 2.275681e+05
7.408657e+01 6.878416e+04 2.192110e+05
7.511929e+01 6.600871e+04 2.111636e+05
7.616642e+01 6.337818e+04 2.030660e+05
7.722814e+01 6.085217e+04 1.951849e+05
7.830465e+01 5.842654e+04 1.875930e+05
7.939618e+01 5.607526e+04 1.803335e+05
8.050292e+01 5.368500e+04 1.736877e+05
8.162509e+01 5.129067e+04 1.670157e+05
8.276289e+01 4.905671e+04 1.606794e+05
8.391656e+01 4.694454e+04 1.546834e+05
8.508632e+01 4.495498e+04 1.488537e+05
8.627237e+01 4.304296e+04 1.435215e+05
8.747496e+01 4.133558e+04 1.381075e+05
8.869432e+01 3.961962e+04 1.329139e+05
8.993067e+01 3.801285e+04 1.278216e+05
9.118425e+01 3.662028e+04 1.229748e+05
9.245531e+01 3.513350e+04 1.183534e+05
9.374409e+01 3.370705e+04 1.139082e+05
9.505083e+01 3.235083e+04 1.096326e+05
9.637579e+01 3.106643e+04 1.055200e+05
9.771921e+01 2.975439e+04 1.015641e+05
9.908137e+01 2.845492e+04 9.775891e+04
1.004625e+02 2.730360e+04 9.407862e+04
1.018629e+02 2.624366e+04 9.052166e+04
1.032828e+02 2.522491e+04 8.707534e+04
1.047225e+02 2.417508e+04 8.375577e+04
1.061823e+02 2.317057e+04 8.055225e+04
1.076624e+02 2.221652e+04 7.746211e+04
1.091632e+02 2.130173e+04 7.451848e+04
1.106848e+02 2.051995e+04 7.168276e+04
1.122277e+02 1.969041e+04 6.900785e+04
1.137921e+02 1.887908e+04 6.644215e+04
1.153783e+02 1.810116e+04 6.394228e+04
1.169866e+02 1.731039e+04 6.153184e+04
1.186174e+02 1.643097e+04 5.921160e+04
1.202708e+02 1.570148e+04 5.696985e+04
1.219473e+02 1.503032e+04 5.481339e+04
1.236472e+02 1.439807e+04 5.273894e+04
1.253708e+02 1.379240e+04 5.073987e+04
1.271184e+02 1.321219e+04 4.881703e+04
1.288904e+02 1.265636e+04 4.696477e+04
1.306870e+02 1.213001e+04 4.517746e+04
1.325087e+02 1.163986e+04 4.348441e+04
1.343558e+02 1.116948e+04 4.189402e+04
1.362287e+02 1.071810e+04 4.032610e+04
1.381276e+02 1.028493e+04 3.880579e+04
1.400531e+02 9.870536e+03 3.734024e+04
1.420053e+02 9.431559e+03 3.592555e+04
1.439848e+02 9.034019e+03 3.454795e+04
1.459919e+02 8.680060e+03 3.322956e+04
1.480269e+02 8.340256e+03 3.196147e+04
1.500903e+02 8.017914e+03 3.079219e+04
1.521825e+02 7.704741e+03 2.962554e+04
1.543038e+02 7.386996e+03 2.850317e+04
1.564548e+02 7.002010e+03 2.744595e+04
1.586357e+02 6.649715e+03 2.640350e+04
1.608469e+02 6.389529e+03 2.538531e+04
1.630891e+02 6.144583e+03 2.442391e+04
1.653624e+02 5.909062e+03 2.350358e+04
1.676675e+02 5.682600e+03 2.261858e+04
1.700047e+02 5.464857e+03 2.176713e+04
1.723745e+02 5.240489e+03 2.094796e+04
1.747773e+02 5.020833e+03 2.015771e+04
1.772136e+02 4.810397e+03 1.939550e+04
1.796838e+02 4.608793e+03 1.866573e+04
1.821885e+02 4.408856e+03 1.797625e+04
1.847281e+02 4.206071e+03 1.730594e+04
1.873032e+02 4.011563e+03 1.666085e+04
1.899141e+02 3.833853e+03 1.603962e+04
1.925614e+02 3.665767e+03 1.543739e+04
1.952456e+02 3.505708e+03 1.485797e+04
1.979672e+02 3.356787e+03 1.430760e+04
2.007267e+02 3.232250e+03 1.377776e+04
2.035248e+02 3.113111e+03 1.326766e+04
2.063618e+02 2.979405e+03 1.277652e+04
2.092383e+02 2.850441e+03 1.228598e+04
2.121550e+02 2.728220e+03 1.182755e+04
2.151123e+02 2.614313e+03 1.138178e+04
2.181109e+02 2.508322e+03 1.096606e+04
2.211512e+02 2.406600e+03 1.056082e+04
2.242340e+02 2.308974e+03 1.016719e+04
2.273597e+02 2.215443e+03 9.804706e+03
2.305289e+02 2.126827e+03 9.445040e+03
2.337424e+02 2.042139e+03 9.089319e+03
2.370006e+02 1.948843e+03 8.747093e+03
2.403043e+02 1.878254e+03 8.417848e+03
2.436540e+02 1.804189e+03 8.105432e+03
2.470504e+02 1.726718e+03 7.803737e+03
2.504942e+02 1.652573e+03 7.510990e+03
2.539859e+02 1.579747e+03 7.235886e+03
2.575263e+02 1.509223e+03 6.972253e+03
2.611161e+02 1.444427e+03 6.718259e+03
2.647559e+02 1.386622e+03 6.469908e+03
2.684465e+02 1.339194e+03 6.229619e+03
2.721885e+02 1.283016e+03 5.998207e+03
2.759826e+02 1.228005e+03 5.774184e+03
2.798297e+02 1.175350e+03 5.558547e+03
2.837304e+02 1.124950e+03 5.350982e+03
2.876854e+02 1.076708e+03 5.160672e+03
2.916956e+02 1.030532e+03 4.966203e+03
2.957617e+02 9.868553e+02 4.781171e+03
2.998844e+02 9.449831e+02 4.602039e+03
3.040646e+02 9.027828e+02 4.442219e+03
3.083031e+02 8.624676e+02 4.283230e+03
3.126007e+02 8.254608e+02 4.122398e+03
3.169582e+02 7.858599e+02 3.965295e+03
3.213764e+02 7.487922e+02 3.813826e+03
3.258562e+02 7.149023e+02 3.669581e+03
3.303985e+02 6.825452e+02 3.534210e+03
3.350041e+02 6.516516e+02 3.403914e+03
3.396739e+02 6.224996e+02 3.278502e+03
3.444087e+02 5.980066e+02 3.157789e+03
3.492096e+02 5.750435e+02 3.040953e+03
3.540774e+02 5.533661e+02 2.926085e+03
3.590130e+02 5.325143e+02 2.815580e+03
3.640175e+02 5.124565e+02 2.709957e+03
3.690917e+02 4.913518e+02 2.611408e+03
3.742366e+02 4.706049e+02 2.516484e+03
3.794533e+02 4.502216e+02 2.422275e+03
3.847427e+02 4.311115e+02 2.331619e+03
3.901058e+02 4.124502e+02 2.244375e+03
3.955436e+02 3.945952e+02 2.159759e+03
4.010573e+02 3.775119e+02 2.078352e+03
4.066478e+02 3.610642e+02 2.000032e+03
4.123163e+02 3.450041e+02 1.924680e+03
4.180637e+02 3.296576e+02 1.852185e+03
4.238913e+02 3.149929e+02 1.782437e+03
4.298001e+02 3.010239e+02 1.715331e+03
4.357913e+02 2.879075e+02 1.650769e+03
4.418660e+02 2.753616e+02 1.589755e+03
4.480254e+02 2.633614e+02 1.533471e+03
4.542706e+02 2.518833e+02 1.475915e+03
4.606029e+02 2.408185e+02 1.420209e+03
4.670234e+02 2.315373e+02 1.366619e+03
4.735335e+02 2.222914e+02 1.315063e+03
4.801343e+02 2.122719e+02 1.265480e+03
4.868271e+02 2.037702e+02 1.218349e+03
4.936132e+02 1.953939e+02 1.172979e+03
5.004939e+02 1.869700e+02 1.129305e+03
5.074705e+02 1.783328e+02 1.087118e+03
5.145444e+02 1.700417e+02 1.046924e+03
5.217169e+02 1.621355e+02 1.008604e+03
5.289893e+02 1.555092e+02 9.716585e+02
5.363631e+02 1.491147e+02 9.354564e+02
5.438397e+02 1.424970e+02 9.025593e+02
5.514206e+02 1.365463e+02 8.703648e+02
5.591071e+02 1.308794e+02 8.405295e+02
5.669007e+02 1.254463e+02 8.106976e+02
5.748030e+02 1.199787e+02 7.856283e+02
5.828155e+02 1.141333e+02 7.613331e+02
5.909396e+02 1.085555e+02 7.372684e+02
5.991770e+02 1.032335e+02 7.105670e+02
6.075292e+02 9.920452e+01 6.845475e+02
6.159978e+02 9.544618e+01 6.595434e+02
6.245845e+02 9.183161e+01 6.347447e+02
6.332908e+02 8.825652e+01 6.109724e+02
6.421186e+02 8.430856e+01 5.882672e+02
6.510694e+02 8.052724e+01 5.664149e+02
6.601449e+02 7.691527e+01 5.455233e+02
6.693470e+02 7.346509e+01 5.256942e+02
6.786773e+02 7.016945e+01 5.062363e+02
6.881377e+02 6.702673e+01 4.883306e+02
6.977300e+02 6.404306e+01 4.721194e+02
7.074559e+02 6.119196e+01 4.552178e+02
7.173175e+02 5.846755e+01 4.388538e+02
7.273165e+02 5.586420e+01 4.234804e+02
7.374549e+02 5.322505e+01 4.080598e+02
7.477346e+02 5.035958e+01 3.930902e+02
7.581576e+02 4.807081e+01 3.793294e+02
7.687260e+02 4.611765e+01 3.656888e+02
7.794416e+02 4.380011e+01 3.520276e+02
7.903066e+02 4.181942e+01 3.388726e+02
8.013230e+02 4.001211e+01 3.269163e+02
8.124930e+02 3.828258e+01 3.148544e+02
8.238187e+02 3.661923e+01 3.030958e+02
8.353023e+02 3.454383e+01 2.920000e+02
8.469460e+02 3.274298e+01 2.813270e+02
8.587519e+02 3.149643e+01 2.710492e+02
8.707225e+02 3.030296e+01 2.611520e+02
8.828599e+02 2.890043e+01 2.515113e+02
8.951665e+02 2.736545e+01 2.425231e+02
9.076446e+02 2.618195e+01 2.339313e+02
9.202967e+02 2.504977e+01 2.254004e+02
9.331251e+02 2.394052e+01 2.179088e+02
9.461324e+02 2.289667e+01 2.101841e+02
9.593209e+02 2.190003e+01 2.029440e+02
9.726934e+02 2.095300e+01 1.956907e+02
9.862522e+02 2.004680e+01 1.886739e+02
1.000000e+03 1.917967e+01 1.821368e+02
