1.000000e+00 1.041402e+10
1.013939e+00 1.014573e+10
1.028073e+00 9.879955e+09
1.042404e+00 9.624331e+09
1.056935e+00 9.370854e+09
1.071668e+00 9.110828e+09
1.086606e+00 8.857369e+09
1.101753e+00 8.611667e+09
1.117111e+00 8.386362e+09
1.132683e+00 8.167674e+09
1.148472e+00 7.945551e+09
1.164481e+00 7.729275e+09
1.180713e+00 7.517808e+09
1.197171e+00 7.312534e+09
1.213859e+00 7.106812e+09
1.230780e+00 6.915811e+09
1.247936e+00 6.720776e+09
1.265332e+00 6.538522e+09
1.282970e+00 6.355908e+09
1.300854e+00 6.183511e+09
1.318987e+00 6.008569e+09
1.337373e+00 5.845956e+09
1.356015e+00 5.687459e+09
1.374917e+00 5.536311e+09
1.394083e+00 5.385710e+09
1.413516e+00 5.240685e+09
1.433219e+00 5.096173e+09
1.453198e+00 4.953582e+09
1.473454e+00 4.804256e+09
1.493993e+00 4.676434e+09
1.514819e+00 4.545211e+09
1.535935e+00 4.418231e+09
1.557345e+00 4.299443e+09
1.579053e+00 4.177708e+09
1.601064e+00 4.063192e+09
1.623382e+00 3.950012e+09
1.646012e+00 3.838688e+09
1.668956e+00 3.732208e+09
1.692220e+00 3.622137e+09
1.715809e+00 3.523544e+09
1.739726e+00 3.423518e+09
1.763977e+00 3.329178e+09
1.788566e+00 3.237730e+09
1.813498e+00 3.145233e+09
1.838777e+00 3.056641e+09
1.864409e+00 2.966456e+09
1.890397e+00 2.881644e+09
1.916748e+00 2.796855e+09
1.943467e+00 2.717258e+09
1.970558e+00 2.640616e+09
1.998026e+00 2.564394e+09
2.025878e+00 2.493519e+09
2.054117e+00 2.419793e+09
2.082751e+00 2.350859e+09
2.111783e+00 2.283788e+09
2.141220e+00 2.215170e+09
2.171068e+00 2.151735e+09
2.201331e+00 2.087490e+09
2.232016e+00 2.024338e+09
2.263130e+00 1.964365e+09
2.294676e+00 1.909126e+09
2.326663e+00 1.851791e+09
2.359095e+00 1.802216e+09
2.391980e+00 1.752600e+09
2.425323e+00 1.702403e+09
2.459130e+00 1.651962e+09
2.493409e+00 1.604090e+09
2.528166e+00 1.557995e+09
2.563407e+00 1.511152e+09
2.599140e+00 1.466905e+09
2.635371e+00 1.422850e+09
2.672106e+00 1.381214e+09
2.709354e+00 1.340521e+09
2.747121e+00 1.301552e+09
2.785414e+00 1.262593e+09
2.824241e+00 1.225434e+09
2.863610e+00 1.188797e+09
2.903527e+00 1.153089e+09
2.944000e+00 1.118911e+09
2.985038e+00 1.085768e+09
3.026648e+00 1.053292e+09
3.068838e+00 1.021791e+09
3.111616e+00 9.910357e+08
3.154990e+00 9.606278e+08
3.198969e+00 9.308345e+08
3.243561e+00 9.024406e+08
3.288774e+00 8.747181e+08
3.334618e+00 8.479706e+08
3.381101e+00 8.224109e+08
3.428231e+00 7.974861e+08
3.476019e+00 7.741938e+08
3.524473e+00 7.512474e+08
3.573602e+00 7.284323e+08
3.623416e+00 7.063871e+08
3.673925e+00 6.856325e+08
3.725137e+00 6.638458e+08
3.777064e+00 6.432872e+08
3.829714e+00 6.236005e+08
3.883098e+00 6.042338e+08
3.937226e+00 5.852511e+08
3.992109e+00 5.663038e+08
4.047757e+00 5.483072e+08
4.104181e+00 5.306790e+08
4.161391e+00 5.140773e+08
4.219398e+00 4.977461e+08
4.278214e+00 4.816254e+08
4.337850e+00 4.658691e+08
4.398317e+00 4.508158e+08
4.459628e+00 4.362714e+08
4.521792e+00 4.221323e+08
4.584824e+00 4.086270e+08
4.648734e+00 3.953807e+08
4.713535e+00 3.825109e+08
4.779239e+00 3.703979e+08
4.845859e+00 3.585803e+08
4.913407e+00 3.467603e+08
4.981898e+00 3.353405e+08
5.051342e+00 3.238210e+08
5.121755e+00 3.131434e+08
5.193150e+00 3.024800e+08
5.265540e+00 2.921009e+08
5.338938e+00 2.825100e+08
5.413360e+00 2.732099e+08
5.488820e+00 2.641304e+08
5.565331e+00 2.549986e+08
5.642908e+00 2.460852e+08
5.721568e+00 2.376349e+08
5.801323e+00 2.292255e+08
5.882190e+00 2.210782e+08
5.964185e+00 2.133208e+08
6.047322e+00 2.059641e+08
6.131619e+00 1.990872e+08
6.217090e+00 1.923045e+08
6.303753e+00 1.854969e+08
6.391624e+00 1.790907e+08
6.480720e+00 1.729822e+08
6.571058e+00 1.672104e+08
6.662655e+00 1.613177e+08
6.755528e+00 1.558790e+08
6.849697e+00 1.504319e+08
6.945178e+00 1.450687e+08
7.041990e+00 1.396777e+08
7.140151e+00 1.347858e+08
7.239681e+00 1.300868e+08
7.340598e+00 1.254582e+08
7.442922e+00 1.210015e+08
7.546673e+00 1.166888e+08
7.651869e+00 1.125269e+08
7.758532e+00 1.084416e+08
7.866682e+00 1.046476e+08
7.976339e+00 1.009933e+08
8.087525e+00 9.729988e+07
8.200261e+00 9.371232e+07
8.314568e+00 9.035384e+07
8.430468e+00 8.706761e+07
8.547985e+00 8.393130e+07
8.667139e+00 8.086835e+07
8.787954e+00 7.796203e+07
8.910453e+00 7.516023e+07
9.034660e+00 7.243451e+07
9.160598e+00 6.973915e+07
9.288292e+00 6.717670e+07
9.417766e+00 6.467125e+07
9.549045e+00 6.219886e+07
9.682153e+00 5.985021e+07
9.817117e+00 5.764431e+07
9.953962e+00 5.550547e+07
1.009272e+01 5.337007e+07
1.023340e+01 5.134082e+07
1.037605e+01 4.934490e+07
1.052069e+01 4.749900e+07
1.066734e+01 4.572574e+07
1.081604e+01 4.397426e+07
1.096681e+01 4.230186e+07
1.111968e+01 4.067517e+07
1.127468e+01 3.907885e+07
1.143184e+01 3.756664e+07
1.159120e+01 3.615646e+07
1.175277e+01 3.481582e+07
1.191660e+01 3.351683e+07
1.208271e+01 3.227187e+07
1.225114e+01 3.104025e+07
1.242191e+01 2.985328e+07
1.259506e+01 2.871621e+07
1.277063e+01 2.761959e+07
1.294865e+01 2.656319e+07
1.312915e+01 2.552312e+07
1.331216e+01 2.452623e+07
1.349772e+01 2.359114e+07
1.368587e+01 2.265847e+07
1.387665e+01 2.177813e+07
1.407008e+01 2.092040e+07
1.426621e+01 2.008456e+07
1.446507e+01 1.932809e+07
1.466671e+01 1.860639e+07
1.487115e+01 1.788207e+07
1.507845e+01 1.719816e+07
1.528864e+01 1.655565e+07
1.550175e+01 1.593836e+07
1.571784e+01 1.533641e+07
1.593694e+01 1.473550e+07
1.615909e+01 1.415364e+07
1.638434e+01 1.361064e+07
1.661273e+01 1.306478e+07
1.684430e+01 1.254276e+07
1.707910e+01 1.203878e+07
1.731717e+01 1.156756e+07
1.755856e+01 1.111354e+07
1.780332e+01 1.067115e+07
1.805149e+01 1.024578e+07
1.830312e+01 9.832518e+06
1.855825e+01 9.432361e+06
1.881694e+01 9.058095e+06
1.907924e+01 8.705672e+06
1.934520e+01 8.361714e+06
1.961486e+01 8.039635e+06
1.988828e+01 7.723493e+06
2.016551e+01 7.405025e+06
2.044661e+01 7.120592e+06
2.073162e+01 6.838432e+06
2.102061e+01 6.569811e+06
2.131362e+01 6.313692e+06
2.161073e+01 6.055646e+06
2.191197e+01 5.808770e+06
2.221741e+01 5.571635e+06
2.252711e+01 5.355721e+06
2.284112e+01 5.136867e+06
2.315951e+01 4.936166e+06
2.348235e+01 4.743306e+06
2.380968e+01 4.562659e+06
2.414157e+01 4.385924e+06
2.447809e+01 4.206387e+06
2.481930e+01 4.037760e+06
2.516527e+01 3.874085e+06
2.551606e+01 3.716819e+06
2.587174e+01 3.567745e+06
2.623238e+01 3.419416e+06
2.659804e+01 3.281169e+06
2.696881e+01 3.153115e+06
2.734474e+01 3.026778e+06
2.772591e+01 2.903856e+06
2.811239e+01 2.789327e+06
2.850426e+01 2.680353e+06
2.890160e+01 2.568870e+06
2.930447e+01 2.463547e+06
2.971296e+01 2.368302e+06
3.012714e+01 2.272154e+06
3.054710e+01 2.180417e+06
3.097291e+01 2.090156e+06
3.140465e+01 2.005539e+06
3.184242e+01 1.925489e+06
3.228628e+01 1.847551e+06
3.273634e+01 1.772195e+06
3.319266e+01 1.700249e+06
3.365535e+01 1.632608e+06
3.412449e+01 1.567992e+06
3.460016e+01 1.503927e+06
3.508247e+01 1.442307e+06
3.557150e+01 1.381726e+06
3.606735e+01 1.327872e+06
3.657011e+01 1.274854e+06
3.707988e+01 1.223944e+06
3.759675e+01 1.174577e+06
3.812083e+01 1.127198e+06
3.865221e+01 1.084069e+06
3.919100e+01 1.041699e+06
3.973730e+01 9.999460e+05
4.029122e+01 9.587029e+05
4.085286e+01 9.192216e+05
4.142232e+01 8.826469e+05
4.199973e+01 8.467672e+05
4.258518e+01 8.134190e+05
4.317880e+01 7.800996e+05
4.378069e+01 7.487483e+05
4.439097e+01 7.187384e+05
4.500975e+01 6.905599e+05
4.563716e+01 6.623302e+05
4.627332e+01 6.352502e+05
4.691835e+01 6.092640e+05
4.757236e+01 5.847121e+05
4.823549e+01 5.614533e+05
4.890787e+01 5.388334e+05
4.958962e+01 5.167268e+05
5.028087e+01 4.960416e+05
5.098176e+01 4.759524e+05
5.169242e+01 4.563291e+05
5.241298e+01 4.382018e+05
5.314359e+01 4.204031e+05
5.388438e+01 4.038433e+05
5.463550e+01 3.879209e+05
5.539709e+01 3.716219e+05
5.616930e+01 3.563123e+05
5.695227e+01 3.419322e+05
5.774615e+01 3.277160e+05
5.855110e+01 3.140216e+05
5.936727e+01 3.012159e+05
6.019482e+01 2.892089e+05
6.103390e+01 2.775396e+05
6.188468e+01 2.661421e+05
6.274732e+01 2.550647e+05
6.362198e+01 2.445310e+05
6.450884e+01 2.349422e+05
6.540806e+01 2.255571e+05
6.631981e+01 2.163740e+05
6.724427e+01 2.078294e+05
6.818162e+01 1.997599e+05
6.913204e+01 1.915628e+05
7.009570e+01 1.837573e+05
7.107280e+01 1.763242e+05
7.206351e+01 1.692064e+05
7.306804e+01 1.623383e+05
7.408657e+01 1.557689e+05
7.511929e+01 1.494701e+05
7.616642e+01 1.434805e+05
7.722814e+01 1.377603e+05
7.830465e+01 1.320766e+05
7.939618e+01 1.267871e+05
8.050292e+01 1.217355e+05
8.162509e+01 1.169203e+05
8.276289e+01 1.121625e+05
8.391656e+01 1.076620e+05
8.508632e+01 1.032353e+05
8.627237e+01 9.892837e+04
8.747496e+01 9.489973e+04
8.869432e+01 9.104064e+04
8.993067e+01 8.725475e+04
9.118425e+01 8.354854e+04
9.245531e+01 8.015900e+04
9.374409e+01 7.690667e+04
9.505083e+01 7.379640e+04
9.637579e+01 7.108904e+04
9.771921e+01 6.827067e+04
9.908137e+01 6.540204e+04
1.004625e+02 6.265388e+04
1.018629e+02 6.009079e+04
1.032828e+02 5.754751e+04
1.047225e+02 5.518696e+04
1.061823e+02 5.288716e+04
1.076624e+02 5.075275e+04
1.091632e+02 4.864518e+04
1.106848e+02 4.660971e+04
1.122277e+02 4.467227e+04
1.137921e+02 4.276977e+04
1.153783e+02 4.102027e+04
1.169866e+02 3.938278e+04
1.186174e+02 3.779082e+04
1.202708e+02 3.627545e+04
1.219473e+02 3.481006e+04
1.236472e+02 3.338303e+04
1.253708e+02 3.199401e+04
1.271184e+02 3.072426e+04
1.288904e+02 2.950608e+04
1.306870e+02 2.827846e+04
1.325087e+02 2.713778e+04
1.343558e+02 2.605299e+04
1.362287e+02 2.496821e+04
1.381276e+02 2.394517e+04
1.400531e+02 2.297211e+04
1.420053e+02 2.205621e+04
1.439848e+02 2.115468e+04
1.459919e+02 2.030207e+04
1.480269e+02 1.948493e+04
1.500903e+02 1.866892e+04
1.521825e+02 1.788905e+04
1.543038e+02 1.716415e+04
1.564548e+02 1.646637e+04
1.586357e+02 1.581835e+04
1.608469e+02 1.516580e+04
1.630891e+02 1.454366e+04
1.653624e+02 1.394697e+04
1.676675e+02 1.339210e+04
1.700047e+02 1.284681e+04
1.723745e+02 1.230820e+04
1.747773e+02 1.182890e+04
1.772136e+02 1.136556e+04
1.796838e+02 1.089953e+04
1.821885e+02 1.046784e+04
1.847281e+02 1.004659e+04
1.873032e+02 9.634058e+03
1.899141e+02 9.238375e+03
1.925614e+02 8.858474e+03
1.952456e+02 8.491928e+03
1.979672e+02 8.145176e+03
2.007267e+02 7.816339e+03
2.035248e+02 7.498768e+03
2.063618e+02 7.196065e+03
2.092383e+02 6.904529e+03
2.121550e+02 6.624734e+03
2.151123e+02 6.356209e+03
2.181109e+02 6.101194e+03
2.211512e+02 5.848009e+03
2.242340e+02 5.609328e+03
2.273597e+02 5.385397e+03
2.305289e+02 5.166037e+03
2.337424e+02 4.960716e+03
2.370006e+02 4.760563e+03
2.403043e+02 4.568071e+03
2.436540e+02 4.383278e+03
2.470504e+02 4.205878e+03
2.504942e+02 4.035578e+03
2.539859e+02 3.873403e+03
2.575263e+02 3.715161e+03
2.611161e+02 3.561787e+03
2.647559e+02 3.413040e+03
2.684465e+02 3.273249e+03
2.721885e+02 3.145885e+03
2.759826e+02 3.020874e+03
2.798297e+02 2.897171e+03
2.837304e+02 2.779330e+03
2.876854e+02 2.666222e+03
2.916956e+02 2.557658e+03
2.957617e+02 2.453458e+03
2.998844e+02 2.350377e+03
3.040646e+02 2.260522e+03
3.083031e+02 2.171440e+03
3.126007e+02 2.085616e+03
3.169582e+02 2.002351e+03
3.213764e+02 1.918672e+03
3.258562e+02 1.842472e+03
3.303985e+02 1.770548e+03
3.350041e+02 1.699563e+03
3.396739e+02 1.631106e+03
3.444087e+02 1.564581e+03
3.492096e+02 1.500771e+03
3.540774e+02 1.436981e+03
3.590130e+02 1.376055e+03
3.640175e+02 1.319110e+03
3.690917e+02 1.264169e+03
3.742366e+02 1.212278e+03
3.794533e+02 1.163018e+03
3.847427e+02 1.116428e+03
3.901058e+02 1.071697e+03
3.955436e+02 1.028753e+03
4.010573e+02 9.873481e+02
4.066478e+02 9.470543e+02
4.123163e+02 9.083971e+02
4.180637e+02 8.710127e+02
4.238913e+02 8.357604e+02
4.298001e+02 8.023517e+02
4.357913e+02 7.703281e+02
4.418660e+02 7.389126e+02
4.480254e+02 7.088484e+02
4.542706e+02 6.802304e+02
4.606029e+02 6.529770e+02
4.670234e+02 6.275192e+02
4.735335e+02 6.027978e+02
4.801343e+02 5.778462e+02
4.868271e+02 5.540320e+02
4.936132e+02 5.313648e+02
5.004939e+02 5.096169e+02
5.074705e+02 4.889408e+02
5.145444e+02 4.691041e+02
5.217169e+02 4.496925e+02
5.289893e+02 4.302898e+02
5.363631e+02 4.122770e+02
5.438397e+02 3.952824e+02
5.514206e+02 3.801650e+02
5.591071e+02 3.646852e+02
5.669007e+02 3.498329e+02
5.748030e+02 3.355331e+02
5.828155e+02 3.222101e+02
5.909396e+02 3.092190e+02
5.991770e+02 2.964254e+02
6.075292e+02 2.837098e+02
6.159978e+02 2.721434e+02
6.245845e+02 2.609207e+02
6.332908e+02 2.497876e+02
6.421186e+02 2.399365e+02
6.510694e+02 2.299550e+02
6.601449e+02 2.203379e+02
6.693470e+02 2.107315e+02
6.786773e+02 2.019979e+02
6.881377e+02 1.936837e+02
6.977300e+02 1.860978e+02
7.074559e+02 1.783705e+02
7.173175e+02 1.709615e+02
7.273165e+02 1.638630e+02
7.374549e+02 1.570532e+02
7.477346e+02 1.506271e+02
7.581576e+02 1.443193e+02
7.687260e+02 1.382058e+02
7.794416e+02 1.323189e+02
7.903066e+02 1.266060e+02
8.013230e+02 1.211961e+02
8.124930e+02 1.160145e+02
8.238187e+02 1.111316e+02
8.353023e+02 1.067559e+02
8.469460e+02 1.023686e+02
8.587519e+02 9.809578e+01
8.707225e+02 9.392117e+01
8.828599e+02 8.991308e+01
8.951665e+02 8.607293e+01
9.076446e+02 8.237135e+01
9.202967e+02 7.883038e+01
9.331251e+02 7.544079e+01
9.461324e+02 7.227193e+01
9.593209e+02 6.923507e+01
9.726934e+02 6.632476e+01
9.862522e+02 6.353574e+01
1.000000e+03 6.089135e+01
