# Energy(MeV) Planare_Fluence(cm^-2*MeV^-1)
1.000000e-01 2.375851e+12
1.018629e-01 2.262704e+12
1.037605e-01 2.154945e+12
1.056935e-01 2.052318e+12
1.076624e-01 1.954646e+12
1.096681e-01 1.861738e+12
1.117111e-01 1.773246e+12
1.137921e-01 1.688680e+12
1.159120e-01 1.608117e+12
1.180713e-01 1.531397e+12
1.202708e-01 1.458273e+12
1.225114e-01 1.387769e+12
1.247936e-01 1.321433e+12
1.271184e-01 1.257477e+12
1.294865e-01 1.196297e+12
1.318987e-01 1.138650e+12
1.343558e-01 1.083949e+12
1.368587e-01 1.031875e+12
1.394083e-01 9.823033e+11
1.420053e-01 9.350050e+11
1.446507e-01 8.899212e+11
1.473454e-01 8.470111e+11
1.500903e-01 8.061700e+11
1.528864e-01 7.676415e+11
1.557345e-01 7.311027e+11
1.586357e-01 6.963390e+11
1.615909e-01 6.632277e+11
1.646012e-01 6.316903e+11
1.676675e-01 6.013931e+11
1.707910e-01 5.724827e+11
1.739726e-01 5.448808e+11
1.772136e-01 5.188168e+11
1.805149e-01 4.938568e+11
1.838777e-01 4.701535e+11
1.873032e-01 4.476356e+11
1.907924e-01 4.262949e+11
1.943467e-01 4.059760e+11
1.979672e-01 3.866255e+11
2.016551e-01 3.681973e+11
2.054117e-01 3.506676e+11
2.092383e-01 3.341261e+11
2.131362e-01 3.183087e+11
2.171068e-01 3.031086e+11
2.211512e-01 2.886848e+11
2.252711e-01 2.750904e+11
2.294676e-01 2.620288e+11
2.337424e-01 2.495661e+11
2.380968e-01 2.375812e+11
2.425323e-01 2.261751e+11
2.470504e-01 2.152855e+11
2.516527e-01 2.048995e+11
2.563407e-01 1.950614e+11
2.611161e-01 1.856978e+11
2.659804e-01 1.767837e+11
2.709354e-01 1.683006e+11
2.759826e-01 1.602265e+11
2.811239e-01 1.526038e+11
2.863610e-01 1.452924e+11
2.916956e-01 1.383284e+11
2.971296e-01 1.317755e+11
3.026648e-01 1.255456e+11
3.083031e-01 1.195569e+11
3.140465e-01 1.139134e+11
3.198969e-01 1.085379e+11
3.258562e-01 1.033284e+11
3.319266e-01 9.838404e+10
3.381101e-01 9.372439e+10
3.444087e-01 8.929019e+10
3.508247e-01 8.506557e+10
3.573602e-01 8.101594e+10
3.640175e-01 7.715172e+10
3.707988e-01 7.342209e+10
3.777064e-01 6.989601e+10
3.847427e-01 6.656523e+10
3.919100e-01 6.340647e+10
3.992109e-01 6.039153e+10
4.066478e-01 5.751320e+10
4.142232e-01 5.478661e+10
4.219398e-01 5.215488e+10
4.298001e-01 4.966241e+10
4.378069e-01 4.728862e+10
4.459628e-01 4.502157e+10
4.542706e-01 4.285626e+10
4.627332e-01 4.079220e+10
4.713535e-01 3.884411e+10
4.801343e-01 3.697292e+10
4.890787e-01 3.518790e+10
4.981898e-01 3.350271e+10
5.074705e-01 3.188903e+10
5.169242e-01 3.033731e+10
5.265540e-01 2.888092e+10
5.363631e-01 2.749454e+10
5.463550e-01 2.618275e+10
5.565331e-01 2.493069e+10
5.669007e-01 2.372077e+10
5.774615e-01 2.256842e+10
5.882190e-01 2.147617e+10
5.991770e-01 2.044325e+10
6.103390e-01 1.946887e+10
6.217090e-01 1.854235e+10
6.332908e-01 1.766850e+10
6.450884e-01 1.682776e+10
6.571058e-01 1.601939e+10
6.693470e-01 1.524458e+10
6.818162e-01 1.451220e+10
6.945178e-01 1.382219e+10
7.074559e-01 1.316145e+10
7.206351e-01 1.252603e+10
7.340598e-01 1.191829e+10
7.477346e-01 1.134003e+10
7.616642e-01 1.079117e+10
7.758532e-01 1.027373e+10
7.903066e-01 9.777283e+09
8.050292e-01 9.309178e+09
8.200261e-01 8.867424e+09
8.353023e-01 8.439894e+09
8.508632e-01 8.032765e+09
8.667139e-01 7.650695e+09
8.828599e-01 7.285687e+09
8.993067e-01 6.940215e+09
9.160598e-01 6.609150e+09
9.331251e-01 6.290649e+09
9.505083e-01 5.985959e+09
9.682153e-01 5.695877e+09
9.862522e-01 5.420930e+09
1.004625e+00 5.159651e+09
1.023340e+00 4.908333e+09
1.042404e+00 4.673187e+09
1.061823e+00 4.448609e+09
1.081604e+00 4.234816e+09
1.101753e+00 4.034674e+09
1.122277e+00 3.844053e+09
1.143184e+00 3.661137e+09
1.164481e+00 3.485808e+09
1.186174e+00 3.317440e+09
1.208271e+00 3.154326e+09
1.230780e+00 3.001271e+09
1.253708e+00 2.853705e+09
1.277063e+00 2.714258e+09
1.300854e+00 2.581382e+09
1.325087e+00 2.456837e+09
1.349772e+00 2.339686e+09
1.374917e+00 2.225946e+09
1.400531e+00 2.120375e+09
1.426621e+00 2.018405e+09
1.453198e+00 1.922581e+09
1.480269e+00 1.830005e+09
1.507845e+00 1.741606e+09
1.535935e+00 1.656916e+09
1.564548e+00 1.576545e+09
1.593694e+00 1.500790e+09
1.623382e+00 1.428621e+09
1.653624e+00 1.359578e+09
1.684430e+00 1.293795e+09
1.715809e+00 1.230603e+09
1.747773e+00 1.171048e+09
1.780332e+00 1.114567e+09
1.813498e+00 1.059913e+09
1.847281e+00 1.008817e+09
1.881694e+00 9.601611e+08
1.916748e+00 9.137362e+08
1.952456e+00 8.696354e+08
1.988828e+00 8.280123e+08
2.025878e+00 7.879318e+08
2.063618e+00 7.502564e+08
2.102061e+00 7.143226e+08
2.141220e+00 6.800714e+08
2.181109e+00 6.475788e+08
2.221741e+00 6.166086e+08
2.263130e+00 5.857684e+08
2.305289e+00 5.574170e+08
2.348235e+00 5.303545e+08
2.391980e+00 5.050375e+08
2.436540e+00 4.809715e+08
2.481930e+00 4.581121e+08
2.528166e+00 4.359587e+08
2.575263e+00 4.152848e+08
2.623238e+00 3.950541e+08
2.672106e+00 3.761572e+08
2.721885e+00 3.579013e+08
2.772591e+00 3.405200e+08
2.824241e+00 3.240813e+08
2.876854e+00 3.081683e+08
2.930447e+00 2.932334e+08
2.985038e+00 2.790166e+08
3.040646e+00 2.653594e+08
3.097291e+00 2.525060e+08
3.154990e+00 2.403901e+08
3.213764e+00 2.288438e+08
3.273634e+00 2.175685e+08
3.334618e+00 2.071440e+08
3.396739e+00 1.970439e+08
3.460016e+00 1.873354e+08
3.524473e+00 1.782579e+08
3.590130e+00 1.696248e+08
3.657011e+00 1.613606e+08
3.725137e+00 1.536609e+08
3.794533e+00 1.462451e+08
3.865221e+00 1.391751e+08
3.937226e+00 1.324770e+08
4.010573e+00 1.261161e+08
4.085286e+00 1.200573e+08
4.161391e+00 1.141312e+08
4.238913e+00 1.086611e+08
4.317880e+00 1.034173e+08
4.398317e+00 9.838869e+07
4.480254e+00 9.361645e+07
4.563716e+00 8.905446e+07
4.648734e+00 8.469364e+07
4.735335e+00 8.055269e+07
4.823549e+00 7.667113e+07
4.913407e+00 7.293118e+07
5.004939e+00 6.935848e+07
5.098176e+00 6.599760e+07
5.193150e+00 6.280458e+07
5.289893e+00 5.969917e+07
5.388438e+00 5.680836e+07
5.488820e+00 5.403426e+07
5.591071e+00 5.140653e+07
5.695227e+00 4.890091e+07
5.801323e+00 4.652950e+07
5.909396e+00 4.427321e+07
6.019482e+00 4.209523e+07
6.131619e+00 4.006745e+07
6.245845e+00 3.810907e+07
6.362198e+00 3.625395e+07
6.480720e+00 3.446898e+07
6.601449e+00 3.278801e+07
6.724427e+00 3.118798e+07
6.849697e+00 2.968072e+07
6.977300e+00 2.824886e+07
7.107280e+00 2.688873e+07
7.239681e+00 2.557482e+07
7.374549e+00 2.432043e+07
7.511929e+00 2.314570e+07
7.651869e+00 2.201150e+07
7.794416e+00 2.092995e+07
7.939618e+00 1.991412e+07
8.087525e+00 1.895795e+07
8.238187e+00 1.802566e+07
8.391656e+00 1.714946e+07
8.547985e+00 1.631135e+07
8.707225e+00 1.550589e+07
8.869432e+00 1.474258e+07
9.034660e+00 1.402698e+07
9.202967e+00 1.334292e+07
9.374409e+00 1.268609e+07
9.549045e+00 1.206378e+07
9.726934e+00 1.146350e+07
9.908137e+00 1.090269e+07
1.009272e+01 1.036372e+07
1.028073e+01 9.855867e+06
1.047225e+01 9.374769e+06
1.066734e+01 8.915424e+06
1.086606e+01 8.474361e+06
1.106848e+01 8.054752e+06
1.127468e+01 7.660311e+06
1.148472e+01 7.287327e+06
1.169866e+01 6.929380e+06
1.191660e+01 6.588596e+06
1.213859e+01 6.262859e+06
1.236472e+01 5.953754e+06
1.259506e+01 5.662667e+06
1.282970e+01 5.385186e+06
1.306870e+01 5.119411e+06
1.331216e+01 4.867752e+06
1.356015e+01 4.629494e+06
1.381276e+01 4.403801e+06
1.407008e+01 4.185551e+06
1.433219e+01 3.976289e+06
1.459919e+01 3.779692e+06
1.487115e+01 3.593809e+06
1.514819e+01 3.417345e+06
1.543038e+01 3.247860e+06
1.571784e+01 3.087471e+06
1.601064e+01 2.935521e+06
1.630891e+01 2.789632e+06
1.661273e+01 2.650600e+06
1.692220e+01 2.518461e+06
1.723745e+01 2.394915e+06
1.755856e+01 2.275723e+06
1.788566e+01 2.164051e+06
1.821885e+01 2.056754e+06
1.855825e+01 1.955440e+06
1.890397e+01 1.857407e+06
1.925614e+01 1.767055e+06
1.961486e+01 1.679562e+06
1.998026e+01 1.595577e+06
2.035248e+01 1.516085e+06
2.073162e+01 1.440281e+06
2.111783e+01 1.368526e+06
2.151123e+01 1.300316e+06
2.191197e+01 1.236291e+06
2.232016e+01 1.173512e+06
2.273597e+01 1.114015e+06
2.315951e+01 1.058299e+06
2.359095e+01 1.005295e+06
2.403043e+01 9.541755e+05
2.447809e+01 9.064858e+05
2.493409e+01 8.611864e+05
2.539859e+01 8.186430e+05
2.587174e+01 7.775515e+05
2.635371e+01 7.395568e+05
2.684465e+01 7.026105e+05
2.734474e+01 6.673575e+05
2.785414e+01 6.346589e+05
2.837304e+01 6.026563e+05
2.890160e+01 5.725612e+05
2.944000e+01 5.437564e+05
2.998844e+01 5.164302e+05
3.054710e+01 4.902534e+05
3.111616e+01 4.653700e+05
3.169582e+01 4.422120e+05
3.228628e+01 4.197601e+05
3.288774e+01 3.986190e+05
3.350041e+01 3.785347e+05
3.412449e+01 3.593435e+05
3.476019e+01 3.411649e+05
3.540774e+01 3.235844e+05
3.606735e+01 3.069238e+05
3.673925e+01 2.909400e+05
3.742366e+01 2.761666e+05
3.812083e+01 2.623667e+05
3.883098e+01 2.490293e+05
3.955436e+01 2.365390e+05
4.029122e+01 2.247377e+05
4.104181e+01 2.133656e+05
4.180637e+01 2.024175e+05
4.258518e+01 1.921899e+05
4.337850e+01 1.826284e+05
4.418660e+01 1.734736e+05
4.500975e+01 1.645758e+05
4.584824e+01 1.561653e+05
4.670234e+01 1.482804e+05
4.757236e+01 1.407797e+05
4.845859e+01 1.336082e+05
4.936132e+01 1.267157e+05
5.028087e+01 1.202703e+05
5.121755e+01 1.141508e+05
5.217169e+01 1.082761e+05
5.314359e+01 1.027902e+05
5.413360e+01 9.759356e+04
5.514206e+01 9.264368e+04
5.616930e+01 8.786435e+04
5.721568e+01 8.331793e+04
5.828155e+01 7.898194e+04
5.936727e+01 7.486153e+04
6.047322e+01 7.095384e+04
6.159978e+01 6.732185e+04
6.274732e+01 6.386957e+04
6.391624e+01 6.053169e+04
6.510694e+01 5.739451e+04
6.631981e+01 5.441884e+04
6.755528e+01 5.155577e+04
6.881377e+01 4.883028e+04
7.009570e+01 4.633138e+04
7.140151e+01 4.393295e+04
7.273165e+01 4.168207e+04
7.408657e+01 3.953601e+04
7.546673e+01 3.747074e+04
7.687260e+01 3.551715e+04
7.830465e+01 3.369158e+04
7.976339e+01 3.194111e+04
8.124930e+01 3.024053e+04
8.276289e+01 2.862186e+04
8.430468e+01 2.707587e+04
8.587519e+01 2.562644e+04
8.747496e+01 2.428302e+04
8.910453e+01 2.301323e+04
9.076446e+01 2.180061e+04
9.245531e+01 2.067242e+04
9.417766e+01 1.958855e+04
9.593209e+01 1.856616e+04
9.771921e+01 1.759272e+04
9.953962e+01 1.666240e+04
1.013939e+02 1.579634e+04
1.032828e+02 1.495585e+04
1.052069e+02 1.417101e+04
1.071668e+02 1.342975e+04
1.091632e+02 1.270794e+04
1.111968e+02 1.202069e+04
1.132683e+02 1.138360e+04
1.153783e+02 1.078139e+04
1.175277e+02 1.020812e+04
1.197171e+02 9.647092e+03
1.219473e+02 9.141686e+03
1.242191e+02 8.661825e+03
1.265332e+02 8.197984e+03
1.288904e+02 7.760004e+03
1.312915e+02 7.339549e+03
1.337373e+02 6.945522e+03
1.362287e+02 6.570937e+03
1.387665e+02 6.217638e+03
1.413516e+02 5.881260e+03
1.439848e+02 5.568274e+03
1.466671e+02 5.267651e+03
1.493993e+02 4.982040e+03
1.521825e+02 4.714225e+03
1.550175e+02 4.467613e+03
1.579053e+02 4.229718e+03
1.608469e+02 4.004025e+03
1.638434e+02 3.791581e+03
1.668956e+02 3.587985e+03
1.700047e+02 3.394374e+03
1.731717e+02 3.209284e+03
1.763977e+02 3.041804e+03
1.796838e+02 2.876116e+03
1.830312e+02 2.721910e+03
1.864409e+02 2.575548e+03
1.899141e+02 2.434852e+03
1.934520e+02 2.301201e+03
1.970558e+02 2.178993e+03
2.007267e+02 2.061817e+03
2.044661e+02 1.949555e+03
2.082751e+02 1.844929e+03
2.121550e+02 1.751046e+03
2.161073e+02 1.656232e+03
2.201331e+02 1.567758e+03
2.242340e+02 1.482708e+03
2.284112e+02 1.400923e+03
2.326663e+02 1.325307e+03
2.370006e+02 1.253728e+03
2.414157e+02 1.187008e+03
2.459130e+02 1.122830e+03
2.504942e+02 1.061274e+03
2.551606e+02 1.003722e+03
2.599140e+02 9.493150e+02
2.647559e+02 8.984347e+02
2.696881e+02 8.505944e+02
2.747121e+02 8.030992e+02
2.798297e+02 7.593921e+02
2.850426e+02 7.178434e+02
2.903527e+02 6.790749e+02
2.957617e+02 6.421057e+02
3.012714e+02 6.078228e+02
3.068838e+02 5.742749e+02
3.126007e+02 5.434432e+02
3.184242e+02 5.137729e+02
3.243561e+02 4.859577e+02
3.303985e+02 4.588470e+02
3.365535e+02 4.333977e+02
3.428231e+02 4.093393e+02
3.492096e+02 3.869484e+02
3.557150e+02 3.656369e+02
3.623416e+02 3.455688e+02
3.690917e+02 3.267022e+02
3.759675e+02 3.086313e+02
3.829714e+02 2.913235e+02
3.901058e+02 2.750039e+02
3.973730e+02 2.599271e+02
4.047757e+02 2.456753e+02
4.123163e+02 2.322090e+02
4.199973e+02 2.193981e+02
4.278214e+02 2.071872e+02
4.357913e+02 1.957135e+02
4.439097e+02 1.847452e+02
4.521792e+02 1.744935e+02
4.606029e+02 1.647696e+02
4.691835e+02 1.555397e+02
4.779239e+02 1.470787e+02
4.868271e+02 1.391561e+02
4.958962e+02 1.314258e+02
5.051342e+02 1.240501e+02
5.145444e+02 1.171167e+02
5.241298e+02 1.107569e+02
5.338938e+02 1.046424e+02
5.438397e+02 9.882042e+01
5.539709e+02 9.337460e+01
5.642908e+02 8.819226e+01
5.748030e+02 8.336999e+01
5.855110e+02 7.876202e+01
5.964185e+02 7.431874e+01
6.075292e+02 7.030852e+01
6.188468e+02 6.639567e+01
6.303753e+02 6.269053e+01
6.421186e+02 5.919861e+01
6.540806e+02 5.602275e+01
6.662655e+02 5.292919e+01
6.786773e+02 5.009619e+01
6.913204e+02 4.734195e+01
7.041990e+02 4.471472e+01
7.173175e+02 4.229716e+01
7.306804e+02 4.003020e+01
7.442922e+02 3.785011e+01
7.581576e+02 3.575202e+01
7.722814e+02 3.375722e+01
7.866682e+02 3.186880e+01
8.013230e+02 3.007759e+01
8.162509e+02 2.841162e+01
8.314568e+02 2.689140e+01
8.469460e+02 2.541303e+01
8.627237e+02 2.399281e+01
8.787954e+02 2.264770e+01
8.951665e+02 2.139165e+01
9.118425e+02 2.025393e+01
9.288292e+02 1.914493e+01
9.461324e+02 1.806562e+01
9.637579e+02 1.708428e+01
9.817117e+02 1.616022e+01
1.000000e+03 1.527610e+01
