# Energy(MeV) Phi16 Phi84
5.000000e-02 6.603048e+11 9.799493e+11
5.100225e-02 6.445861e+11 9.548791e+11
5.202458e-02 6.295485e+11 9.303053e+11
5.306741e-02 6.148498e+11 9.064943e+11
5.413114e-02 6.003500e+11 8.820218e+11
5.521620e-02 5.858115e+11 8.581670e+11
5.632300e-02 5.721178e+11 8.353708e+11
5.745199e-02 5.583914e+11 8.142706e+11
5.860361e-02 5.453168e+11 7.933779e+11
5.977832e-02 5.330628e+11 7.728832e+11
6.097657e-02 5.202128e+11 7.529393e+11
6.219884e-02 5.073268e+11 7.335677e+11
6.344561e-02 4.947673e+11 7.146929e+11
6.471737e-02 4.826401e+11 6.962759e+11
6.601463e-02 4.710071e+11 6.782726e+11
6.733789e-02 4.594716e+11 6.596979e+11
6.868767e-02 4.482229e+11 6.413775e+11
7.006451e-02 4.372916e+11 6.236912e+11
7.146895e-02 4.265687e+11 6.072047e+11
7.290154e-02 4.161699e+11 5.916898e+11
7.436284e-02 4.058972e+11 5.770586e+11
7.585344e-02 3.960336e+11 5.626515e+11
7.737392e-02 3.866273e+11 5.473562e+11
7.892487e-02 3.774068e+11 5.314640e+11
8.050691e-02 3.684391e+11 5.166448e+11
8.212067e-02 3.597574e+11 5.030562e+11
8.376677e-02 3.511565e+11 4.898805e+11
8.544587e-02 3.427624e+11 4.770807e+11
8.715862e-02 3.347147e+11 4.646204e+11
8.890571e-02 3.268547e+11 4.524737e+11
9.068782e-02 3.189294e+11 4.396193e+11
9.250565e-02 3.112804e+11 4.276392e+11
9.435992e-02 3.036028e+11 4.162777e+11
9.625136e-02 2.963234e+11 4.056462e+11
9.818071e-02 2.889748e+11 3.948958e+11
1.001487e-01 2.820450e+11 3.847089e+11
1.021562e-01 2.752787e+11 3.750976e+11
1.042039e-01 2.686872e+11 3.650708e+11
1.062927e-01 2.622565e+11 3.555642e+11
1.084233e-01 2.559091e+11 3.466044e+11
1.105966e-01 2.500107e+11 3.376940e+11
1.128135e-01 2.438936e+11 3.284615e+11
1.150749e-01 2.378785e+11 3.198363e+11
1.173816e-01 2.321536e+11 3.115425e+11
1.197345e-01 2.266405e+11 3.035987e+11
1.221345e-01 2.210372e+11 2.961022e+11
1.245827e-01 2.157726e+11 2.886063e+11
1.270800e-01 2.105852e+11 2.807161e+11
1.296273e-01 2.052783e+11 2.734075e+11
1.322256e-01 2.004238e+11 2.663105e+11
1.348761e-01 1.957186e+11 2.594058e+11
1.375797e-01 1.910053e+11 2.526508e+11
1.403374e-01 1.861369e+11 2.459135e+11
1.431505e-01 1.814692e+11 2.395350e+11
1.460199e-01 1.769856e+11 2.333257e+11
1.489469e-01 1.725687e+11 2.272920e+11
1.519325e-01 1.684419e+11 2.213887e+11
1.549780e-01 1.644534e+11 2.156380e+11
1.580845e-01 1.602917e+11 2.099521e+11
1.612533e-01 1.564675e+11 2.044563e+11
1.644856e-01 1.526366e+11 1.991534e+11
1.677827e-01 1.487282e+11 1.938154e+11
1.711459e-01 1.451826e+11 1.888368e+11
1.745765e-01 1.414034e+11 1.839143e+11
1.780759e-01 1.378524e+11 1.790381e+11
1.816454e-01 1.344893e+11 1.743745e+11
1.852865e-01 1.310734e+11 1.698716e+11
1.890005e-01 1.278011e+11 1.654141e+11
1.927890e-01 1.248482e+11 1.610836e+11
1.966535e-01 1.218318e+11 1.569168e+11
2.005954e-01 1.189682e+11 1.528216e+11
2.046163e-01 1.160070e+11 1.487611e+11
2.087178e-01 1.128798e+11 1.448954e+11
2.129015e-01 1.101014e+11 1.411600e+11
2.171691e-01 1.074348e+11 1.373985e+11
2.215223e-01 1.049087e+11 1.338123e+11
2.259627e-01 1.022918e+11 1.302174e+11
2.304921e-01 9.958677e+10 1.268274e+11
2.351123e-01 9.700088e+10 1.234114e+11
2.398251e-01 9.461790e+10 1.202302e+11
2.446324e-01 9.228933e+10 1.170618e+11
2.495360e-01 8.994977e+10 1.140375e+11
2.545379e-01 8.771568e+10 1.110986e+11
2.596401e-01 8.546810e+10 1.083127e+11
2.648446e-01 8.328240e+10 1.054551e+11
2.701534e-01 8.120493e+10 1.026803e+11
2.755686e-01 7.908923e+10 9.999380e+10
2.810923e-01 7.708217e+10 9.737516e+10
2.867268e-01 7.510028e+10 9.491776e+10
2.924742e-01 7.311790e+10 9.248354e+10
2.983368e-01 7.119374e+10 9.007961e+10
3.043170e-01 6.942912e+10 8.770355e+10
3.104170e-01 6.770518e+10 8.540767e+10
3.166393e-01 6.603791e+10 8.321083e+10
3.229863e-01 6.435274e+10 8.101501e+10
3.294605e-01 6.273829e+10 7.892023e+10
3.360645e-01 6.111950e+10 7.689131e+10
3.428009e-01 5.952986e+10 7.486812e+10
3.496723e-01 5.798476e+10 7.298512e+10
3.566815e-01 5.648859e+10 7.114639e+10
3.638311e-01 5.500596e+10 6.932198e+10
3.711241e-01 5.355577e+10 6.753459e+10
3.785633e-01 5.218380e+10 6.586162e+10
3.861515e-01 5.080539e+10 6.415587e+10
3.938919e-01 4.948546e+10 6.246172e+10
4.017874e-01 4.818652e+10 6.087521e+10
4.098412e-01 4.694281e+10 5.928425e+10
4.180565e-01 4.576390e+10 5.776430e+10
4.264364e-01 4.461939e+10 5.630810e+10
4.349843e-01 4.340062e+10 5.491711e+10
4.437035e-01 4.226911e+10 5.352655e+10
4.525975e-01 4.117343e+10 5.217098e+10
4.616698e-01 4.006868e+10 5.087722e+10
4.709239e-01 3.901589e+10 4.958771e+10
4.803635e-01 3.801828e+10 4.833062e+10
4.899924e-01 3.704411e+10 4.708993e+10
4.998143e-01 3.602414e+10 4.588709e+10
5.098330e-01 3.510481e+10 4.469486e+10
5.200526e-01 3.416407e+10 4.356585e+10
5.304770e-01 3.324655e+10 4.243689e+10
5.411103e-01 3.236680e+10 4.133597e+10
5.519569e-01 3.150782e+10 4.024221e+10
5.630208e-01 3.066432e+10 3.922271e+10
5.743065e-01 2.982213e+10 3.821871e+10
5.858184e-01 2.904594e+10 3.723972e+10
5.975611e-01 2.827924e+10 3.629475e+10
6.095392e-01 2.752032e+10 3.535756e+10
6.217573e-01 2.677056e+10 3.446434e+10
6.342204e-01 2.604758e+10 3.356148e+10
6.469333e-01 2.534528e+10 3.267843e+10
6.599011e-01 2.465685e+10 3.184049e+10
6.731287e-01 2.400482e+10 3.102096e+10
6.866215e-01 2.337313e+10 3.021344e+10
7.003848e-01 2.274871e+10 2.941999e+10
7.144240e-01 2.215616e+10 2.863389e+10
7.287445e-01 2.156070e+10 2.790286e+10
7.433522e-01 2.098552e+10 2.718260e+10
7.582526e-01 2.042413e+10 2.648776e+10
7.734517e-01 1.985115e+10 2.581362e+10
7.889555e-01 1.931916e+10 2.513763e+10
8.047701e-01 1.879567e+10 2.447297e+10
8.209016e-01 1.825906e+10 2.383238e+10
8.373565e-01 1.775888e+10 2.322311e+10
8.541413e-01 1.730203e+10 2.260555e+10
8.712625e-01 1.682587e+10 2.200409e+10
8.887268e-01 1.636521e+10 2.143546e+10
9.065413e-01 1.592160e+10 2.085756e+10
9.247129e-01 1.549701e+10 2.030302e+10
9.432487e-01 1.507312e+10 1.977190e+10
9.621560e-01 1.465444e+10 1.923419e+10
9.814423e-01 1.425164e+10 1.872852e+10
1.001115e+00 1.385248e+10 1.822448e+10
1.021183e+00 1.346862e+10 1.773353e+10
1.041652e+00 1.310184e+10 1.727075e+10
1.062532e+00 1.274168e+10 1.680234e+10
1.083830e+00 1.237210e+10 1.635760e+10
1.105556e+00 1.202528e+10 1.590121e+10
1.127716e+00 1.169476e+10 1.548093e+10
1.150321e+00 1.136982e+10 1.505553e+10
1.173379e+00 1.104967e+10 1.465255e+10
1.196900e+00 1.073849e+10 1.426183e+10
1.220892e+00 1.043472e+10 1.387525e+10
1.245364e+00 1.014292e+10 1.351032e+10
1.270327e+00 9.848618e+09 1.315699e+10
1.295791e+00 9.551418e+09 1.280007e+10
1.321765e+00 9.276921e+09 1.245271e+10
1.348260e+00 8.990467e+09 1.212405e+10
1.375286e+00 8.720389e+09 1.179117e+10
1.402853e+00 8.454233e+09 1.147715e+10
1.430973e+00 8.207690e+09 1.117094e+10
1.459657e+00 7.960057e+09 1.084614e+10
1.488916e+00 7.732595e+09 1.056815e+10
1.518761e+00 7.512231e+09 1.028993e+10
1.549204e+00 7.290189e+09 1.000090e+10
1.580258e+00 7.076674e+09 9.736813e+09
1.611934e+00 6.860904e+09 9.469198e+09
1.644245e+00 6.661105e+09 9.210772e+09
1.677204e+00 6.467928e+09 8.951337e+09
1.710823e+00 6.286233e+09 8.707890e+09
1.745117e+00 6.107882e+09 8.471592e+09
1.780097e+00 5.927922e+09 8.236040e+09
1.815779e+00 5.753396e+09 8.008036e+09
1.852176e+00 5.585599e+09 7.788222e+09
1.889303e+00 5.420672e+09 7.565001e+09
1.927174e+00 5.262872e+09 7.357339e+09
1.965804e+00 5.106009e+09 7.154927e+09
2.005209e+00 4.959983e+09 6.958470e+09
2.045403e+00 4.816385e+09 6.768859e+09
2.086403e+00 4.677048e+09 6.581012e+09
2.128224e+00 4.534120e+09 6.398746e+09
2.170885e+00 4.381389e+09 6.220074e+09
2.214400e+00 4.242065e+09 6.043303e+09
2.258787e+00 4.108290e+09 5.872094e+09
2.304064e+00 3.965721e+09 5.703186e+09
2.350249e+00 3.842300e+09 5.538393e+09
2.397360e+00 3.727263e+09 5.379994e+09
2.445415e+00 3.606438e+09 5.225846e+09
2.494433e+00 3.486992e+09 5.078965e+09
2.544434e+00 3.376000e+09 4.925766e+09
2.595437e+00 3.260426e+09 4.784581e+09
2.647462e+00 3.153834e+09 4.639897e+09
2.700530e+00 3.050641e+09 4.498874e+09
2.754662e+00 2.957251e+09 4.367457e+09
2.809879e+00 2.857526e+09 4.238354e+09
2.866203e+00 2.761587e+09 4.120605e+09
2.923656e+00 2.669591e+09 3.997028e+09
2.982260e+00 2.578978e+09 3.877757e+09
3.042039e+00 2.496331e+09 3.759723e+09
3.103017e+00 2.413062e+09 3.645770e+09
3.165216e+00 2.329587e+09 3.534887e+09
3.228663e+00 2.245879e+09 3.432634e+09
3.293381e+00 2.164929e+09 3.332559e+09
3.359397e+00 2.086621e+09 3.231398e+09
3.426736e+00 2.011933e+09 3.137343e+09
3.495424e+00 1.939503e+09 3.045306e+09
3.565490e+00 1.869799e+09 2.954770e+09
3.636960e+00 1.806272e+09 2.868186e+09
3.709862e+00 1.743050e+09 2.778585e+09
3.784226e+00 1.683950e+09 2.691955e+09
3.860081e+00 1.624619e+09 2.606058e+09
3.937456e+00 1.569285e+09 2.522743e+09
4.016382e+00 1.511626e+09 2.443666e+09
4.096890e+00 1.449006e+09 2.369204e+09
4.179012e+00 1.390917e+09 2.293511e+09
4.262780e+00 1.338230e+09 2.221349e+09
4.348227e+00 1.289830e+09 2.149733e+09
4.435387e+00 1.239561e+09 2.082119e+09
4.524294e+00 1.190218e+09 2.015230e+09
4.614983e+00 1.146686e+09 1.953922e+09
4.707490e+00 1.099905e+09 1.890040e+09
4.801851e+00 1.054819e+09 1.828873e+09
4.898104e+00 1.011501e+09 1.771723e+09
4.996286e+00 9.721433e+08 1.717227e+09
5.096436e+00 9.317762e+08 1.662579e+09
5.198594e+00 8.926271e+08 1.608406e+09
5.302799e+00 8.561227e+08 1.557208e+09
5.409093e+00 8.215681e+08 1.506154e+09
5.517518e+00 7.870977e+08 1.455952e+09
5.628116e+00 7.548316e+08 1.408117e+09
5.740932e+00 7.206291e+08 1.361574e+09
5.856008e+00 6.889818e+08 1.317080e+09
5.973391e+00 6.580274e+08 1.273421e+09
6.093127e+00 6.291112e+08 1.229797e+09
6.215264e+00 6.013792e+08 1.186548e+09
6.339848e+00 5.748559e+08 1.146215e+09
6.466930e+00 5.488982e+08 1.108759e+09
6.596559e+00 5.242523e+08 1.071942e+09
6.728787e+00 5.006155e+08 1.034098e+09
6.863665e+00 4.787093e+08 9.982708e+08
7.001246e+00 4.551366e+08 9.638537e+08
7.141586e+00 4.337936e+08 9.297660e+08
7.284738e+00 4.126540e+08 8.987170e+08
7.430760e+00 3.916983e+08 8.670414e+08
7.579709e+00 3.740200e+08 8.354621e+08
7.731644e+00 3.546437e+08 8.063904e+08
7.886624e+00 3.360825e+08 7.767416e+08
8.044711e+00 3.183754e+08 7.485702e+08
8.205967e+00 3.013704e+08 7.218123e+08
8.370455e+00 2.846715e+08 6.961581e+08
8.538240e+00 2.700188e+08 6.703345e+08
8.709388e+00 2.554689e+08 6.456805e+08
8.883967e+00 2.423821e+08 6.218061e+08
9.062045e+00 2.295086e+08 5.990518e+08
9.243693e+00 2.172484e+08 5.758047e+08
9.428983e+00 2.050421e+08 5.544961e+08
9.617986e+00 1.932069e+08 5.326977e+08
9.810778e+00 1.821152e+08 5.120588e+08
1.000743e+01 1.722395e+08 4.921860e+08
1.020803e+01 1.631291e+08 4.735117e+08
1.041265e+01 1.548428e+08 4.553930e+08
1.062137e+01 1.467581e+08 4.382796e+08
1.083428e+01 1.389388e+08 4.219486e+08
1.105145e+01 1.305519e+08 4.053513e+08
1.127297e+01 1.231986e+08 3.904627e+08
1.149894e+01 1.168236e+08 3.746852e+08
1.172944e+01 1.099319e+08 3.601113e+08
1.196455e+01 1.036542e+08 3.456587e+08
1.220438e+01 9.753071e+07 3.316148e+08
1.244902e+01 9.174593e+07 3.178556e+08
1.269856e+01 8.599202e+07 3.054096e+08
1.295310e+01 8.070081e+07 2.927203e+08
1.321274e+01 7.680304e+07 2.807867e+08
1.347759e+01 7.225711e+07 2.683869e+08
1.374775e+01 6.793797e+07 2.567685e+08
1.402332e+01 6.355483e+07 2.458415e+08
1.430442e+01 5.944003e+07 2.358540e+08
1.459115e+01 5.608258e+07 2.259901e+08
1.488362e+01 5.262914e+07 2.163738e+08
1.518197e+01 4.956766e+07 2.072848e+08
1.548629e+01 4.652758e+07 1.988506e+08
1.579671e+01 4.352955e+07 1.904966e+08
1.611335e+01 4.066130e+07 1.819832e+08
1.643634e+01 3.802174e+07 1.736305e+08
1.676581e+01 3.556843e+07 1.659915e+08
1.710188e+01 3.321640e+07 1.583688e+08
1.744468e+01 3.119335e+07 1.511663e+08
1.779436e+01 2.905933e+07 1.440713e+08
1.815105e+01 2.705234e+07 1.373533e+08
1.851488e+01 2.516596e+07 1.309988e+08
1.888601e+01 2.339407e+07 1.249389e+08
1.926458e+01 2.173077e+07 1.190987e+08
1.965074e+01 2.018985e+07 1.135958e+08
2.004464e+01 1.874891e+07 1.082478e+08
2.044643e+01 1.739768e+07 1.029443e+08
2.085628e+01 1.613171e+07 9.803526e+07
2.127434e+01 1.495672e+07 9.330111e+07
2.170078e+01 1.384264e+07 8.882724e+07
2.213577e+01 1.279250e+07 8.455198e+07
2.257948e+01 1.182567e+07 8.044962e+07
2.303209e+01 1.092446e+07 7.660531e+07
2.349376e+01 1.008278e+07 7.284697e+07
2.396469e+01 9.301743e+06 6.926791e+07
2.444506e+01 8.571656e+06 6.589383e+07
2.493506e+01 7.888785e+06 6.267155e+07
2.543488e+01 7.253890e+06 5.958861e+07
2.594472e+01 6.790276e+06 5.678716e+07
2.646478e+01 6.272346e+06 5.393748e+07
2.699527e+01 5.723754e+06 5.134664e+07
2.753639e+01 5.208727e+06 4.877792e+07
2.808835e+01 4.734964e+06 4.634716e+07
2.865138e+01 4.377436e+06 4.401714e+07
2.922570e+01 4.072348e+06 4.185291e+07
2.981152e+01 3.739874e+06 3.979900e+07
3.040909e+01 3.499418e+06 3.784906e+07
3.101864e+01 3.270826e+06 3.600803e+07
3.164041e+01 2.979980e+06 3.422266e+07
3.227464e+01 2.711755e+06 3.250738e+07
3.292158e+01 2.464667e+06 3.088459e+07
3.358149e+01 2.237312e+06 2.934763e+07
3.425463e+01 2.036583e+06 2.788297e+07
3.494126e+01 1.914475e+06 2.655400e+07
3.564165e+01 1.823584e+06 2.528450e+07
3.635609e+01 1.736973e+06 2.410570e+07
3.708484e+01 1.654441e+06 2.288089e+07
3.782820e+01 1.575797e+06 2.175209e+07
3.858647e+01 1.500858e+06 2.069175e+07
3.935993e+01 1.429451e+06 1.968690e+07
4.014890e+01 1.361411e+06 1.872635e+07
4.095368e+01 1.296578e+06 1.781190e+07
4.177459e+01 1.210690e+06 1.694168e+07
4.261196e+01 1.114563e+06 1.610017e+07
4.346611e+01 1.061953e+06 1.526613e+07
4.433739e+01 1.011801e+06 1.448734e+07
4.522613e+01 9.639927e+05 1.376683e+07
4.613268e+01 9.184190e+05 1.308472e+07
4.705741e+01 8.749761e+05 1.243418e+07
4.800067e+01 8.335650e+05 1.182859e+07
4.896284e+01 7.940912e+05 1.123237e+07
4.994430e+01 7.564647e+05 1.067064e+07
5.094543e+01 7.205996e+05 1.015029e+07
5.196662e+01 6.661515e+05 9.656458e+06
5.300829e+01 6.168258e+05 9.181216e+06
5.407084e+01 5.806359e+05 8.705720e+06
5.515468e+01 5.503944e+05 8.263610e+06
5.626026e+01 5.007536e+05 7.840214e+06
5.738799e+01 4.669291e+05 7.453756e+06
5.853833e+01 4.377978e+05 7.084298e+06
5.971172e+01 3.940805e+05 6.728281e+06
6.090864e+01 3.557758e+05 6.392815e+06
6.212955e+01 3.227431e+05 6.081323e+06
6.337493e+01 3.051073e+05 5.779747e+06
6.464528e+01 2.884824e+05 5.492529e+06
6.594109e+01 2.728076e+05 5.214913e+06
6.726287e+01 2.490041e+05 4.939374e+06
6.861115e+01 2.237832e+05 4.687872e+06
6.998645e+01 2.014313e+05 4.446265e+06
7.138933e+01 1.811891e+05 4.226643e+06
7.282032e+01 1.676958e+05 4.019338e+06
7.428000e+01 1.599547e+05 3.816580e+06
7.576894e+01 1.525603e+05 3.636273e+06
7.728772e+01 1.422295e+05 3.460154e+06
7.883694e+01 1.311695e+05 3.281588e+06
8.041722e+01 1.166552e+05 3.119010e+06
8.202918e+01 1.035880e+05 2.961855e+06
8.367345e+01 9.184081e+04 2.820183e+06
8.535068e+01 8.129594e+04 2.670413e+06
8.706153e+01 7.184479e+04 2.533486e+06
8.880667e+01 6.338708e+04 2.406997e+06
9.058679e+01 5.868516e+04 2.283677e+06
9.240260e+01 5.507224e+04 2.169455e+06
9.425480e+01 5.207664e+04 2.057417e+06
9.614413e+01 4.943679e+04 1.948644e+06
9.807133e+01 4.498270e+04 1.852112e+06
1.000372e+02 4.003378e+04 1.760380e+06
1.020424e+02 3.712613e+04 1.671754e+06
1.040878e+02 3.512141e+04 1.585973e+06
1.061743e+02 3.326780e+04 1.504152e+06
1.083025e+02 2.970037e+04 1.426114e+06
1.104734e+02 2.729068e+04 1.352605e+06
1.126879e+02 2.561178e+04 1.281899e+06
1.149467e+02 2.431815e+04 1.214094e+06
1.172508e+02 2.308514e+04 1.151512e+06
1.196011e+02 2.104137e+04 1.092542e+06
1.219985e+02 1.904311e+04 1.036946e+06
1.244439e+02 1.805960e+04 9.832686e+05
1.269384e+02 1.719231e+04 9.323072e+05
1.294828e+02 1.636448e+04 8.827630e+05
1.320783e+02 1.557438e+04 8.370731e+05
1.347258e+02 1.482037e+04 7.941803e+05
1.374264e+02 1.410088e+04 7.533018e+05
1.401811e+02 1.341438e+04 7.137110e+05
1.429910e+02 1.275944e+04 6.772184e+05
1.458573e+02 1.138271e+04 6.415201e+05
1.487810e+02 1.028701e+04 6.074247e+05
1.517633e+02 9.152134e+03 5.754150e+05
1.548053e+02 8.690432e+03 5.442307e+05
1.579084e+02 8.270152e+03 5.146288e+05
1.610737e+02 7.869278e+03 4.868871e+05
1.643024e+02 7.370329e+03 4.615098e+05
1.675958e+02 6.919999e+03 4.361322e+05
1.709552e+02 6.547054e+03 4.127694e+05
1.743820e+02 6.212178e+03 3.906189e+05
1.778775e+02 5.893688e+03 3.702402e+05
1.814430e+02 5.565580e+03 3.505382e+05
1.850801e+02 5.097489e+03 3.315469e+05
1.887900e+02 4.509703e+03 3.136298e+05
1.925743e+02 3.996171e+03 2.964026e+05
1.964344e+02 3.781510e+03 2.804292e+05
2.003719e+02 3.570655e+03 2.640971e+05
2.043883e+02 3.374596e+03 2.494585e+05
2.084853e+02 3.088205e+03 2.357360e+05
2.126644e+02 2.924328e+03 2.227921e+05
2.169272e+02 2.770996e+03 2.104063e+05
2.212755e+02 2.625186e+03 1.989392e+05
2.257109e+02 2.486548e+03 1.880391e+05
2.302353e+02 2.354747e+03 1.776808e+05
2.348503e+02 2.229466e+03 1.677212e+05
2.395579e+02 2.011874e+03 1.579642e+05
2.443598e+02 1.871231e+03 1.487763e+05
2.492580e+02 1.692709e+03 1.404795e+05
2.542544e+02 1.521290e+03 1.322945e+05
2.593509e+02 1.442451e+03 1.246911e+05
2.645495e+02 1.367490e+03 1.177319e+05
2.698524e+02 1.296223e+03 1.112078e+05
2.752616e+02 1.228475e+03 1.048850e+05
2.807792e+02 1.164079e+03 9.903011e+04
2.864074e+02 1.098935e+03 9.342409e+04
2.921484e+02 9.977074e+02 8.807005e+04
2.980045e+02 8.967149e+02 8.290607e+04
3.039780e+02 7.703851e+02 7.794340e+04
3.100712e+02 6.605978e+02 7.332551e+04
3.162865e+02 5.734203e+02 6.911453e+04
3.226265e+02 5.138753e+02 6.509774e+04
3.290935e+02 4.748817e+02 6.131512e+04
3.356901e+02 4.323053e+02 5.765596e+04
3.424190e+02 3.708180e+02 5.424281e+04
3.492828e+02 3.245457e+02 5.097476e+04
3.562841e+02 2.715545e+02 4.788488e+04
3.634258e+02 2.265938e+02 4.505701e+04
3.707107e+02 1.885494e+02 4.218719e+04
3.781415e+02 1.623750e+02 3.957109e+04
3.857213e+02 1.435206e+02 3.707553e+04
3.934531e+02 1.267441e+02 3.487066e+04
4.013398e+02 1.118267e+02 3.278996e+04
4.093847e+02 9.862463e+01 3.082654e+04
4.175907e+02 8.689647e+01 2.899964e+04
4.259613e+02 7.653215e+01 2.722819e+04
4.344997e+02 6.824837e+01 2.548282e+04
4.432092e+02 6.079257e+01 2.379987e+04
4.520933e+02 5.409086e+01 2.231622e+04
4.611555e+02 4.807498e+01 2.092732e+04
4.703993e+02 4.268199e+01 1.962775e+04
4.798284e+02 3.612717e+01 1.837067e+04
4.894465e+02 3.121129e+01 1.720169e+04
4.992574e+02 2.866254e+01 1.611411e+04
5.092650e+02 2.489977e+01 1.506474e+04
5.194732e+02 2.135109e+01 1.408679e+04
5.298860e+02 1.730893e+01 1.314289e+04
5.405075e+02 1.398575e+01 1.228359e+04
5.513420e+02 1.126258e+01 1.147213e+04
5.623936e+02 9.038547e+00 1.072551e+04
5.736667e+02 7.249378e+00 1.003371e+04
5.851658e+02 5.898863e+00 9.365162e+03
5.968954e+02 4.798556e+00 8.751144e+03
6.088601e+02 4.064634e+00 8.162267e+03
6.210647e+02 3.243477e+00 7.623845e+03
6.335139e+02 2.547008e+00 7.119423e+03
6.462126e+02 1.992098e+00 6.629839e+03
6.591659e+02 1.551733e+00 6.171209e+03
6.723788e+02 1.203689e+00 5.746754e+03
6.858566e+02 9.297487e-01 5.332847e+03
6.996046e+02 7.150466e-01 4.946448e+03
7.136281e+02 5.474984e-01 4.603687e+03
7.279327e+02 4.173233e-01 4.280206e+03
7.425240e+02 3.166390e-01 3.976095e+03
7.574079e+02 2.391213e-01 3.687453e+03
7.725901e+02 1.797187e-01 3.412558e+03
7.880766e+02 1.344150e-01 3.167884e+03
8.038735e+02 1.000321e-01 2.941123e+03
8.199871e+02 7.406707e-02 2.728265e+03
8.364237e+02 5.455825e-02 2.533776e+03
8.531897e+02 3.997610e-02 2.346385e+03
8.702918e+02 2.913393e-02 2.171022e+03
8.877368e+02 2.111590e-02 2.013565e+03
9.055314e+02 1.521893e-02 1.859865e+03
9.236827e+02 1.090621e-02 1.719691e+03
9.421978e+02 7.770149e-03 1.589622e+03
9.610841e+02 5.503002e-03 1.466662e+03
9.803490e+02 3.879917e-03 1.356180e+03
1.000000e+03 2.723156e-03 1.254215e+03
