1.378405e+00 2.665234e+06
1.396721e+00 2.603610e+06
1.415280e+00 2.542198e+06
1.434085e+00 2.482125e+06
1.453141e+00 2.423078e+06
1.472449e+00 2.365098e+06
1.492015e+00 2.309275e+06
1.511840e+00 2.254059e+06
1.531928e+00 2.200393e+06
1.552284e+00 2.146399e+06
1.572910e+00 2.095804e+06
1.593810e+00 2.045091e+06
1.614988e+00 1.996369e+06
1.636447e+00 1.948316e+06
1.658192e+00 1.901250e+06
1.680225e+00 1.855612e+06
1.702551e+00 1.811709e+06
1.725174e+00 1.767413e+06
1.748097e+00 1.724765e+06
1.771325e+00 1.683841e+06
1.794862e+00 1.643266e+06
1.818711e+00 1.603151e+06
1.842877e+00 1.564667e+06
1.867365e+00 1.526836e+06
1.892177e+00 1.489373e+06
1.917320e+00 1.452758e+06
1.942796e+00 1.416843e+06
1.968611e+00 1.382992e+06
1.994770e+00 1.349793e+06
2.021275e+00 1.317407e+06
2.048133e+00 1.285836e+06
2.075348e+00 1.254674e+06
2.102924e+00 1.224600e+06
2.130867e+00 1.194746e+06
2.159181e+00 1.165683e+06
2.187871e+00 1.136968e+06
2.216942e+00 1.109545e+06
2.246400e+00 1.081653e+06
2.276249e+00 1.054852e+06
2.306495e+00 1.028960e+06
2.337143e+00 1.003613e+06
2.368198e+00 9.785725e+05
2.399665e+00 9.553185e+05
2.431551e+00 9.316799e+05
2.463861e+00 9.077502e+05
2.496599e+00 8.851329e+05
2.529773e+00 8.626069e+05
2.563387e+00 8.412876e+05
2.597449e+00 8.201764e+05
2.631962e+00 8.001756e+05
2.666935e+00 7.799780e+05
2.702372e+00 7.603231e+05
2.738280e+00 7.409265e+05
2.774665e+00 7.221876e+05
2.811533e+00 7.038757e+05
2.848892e+00 6.860774e+05
2.886747e+00 6.685768e+05
2.925104e+00 6.519841e+05
2.963972e+00 6.356207e+05
3.003356e+00 6.197143e+05
3.043263e+00 6.040533e+05
3.083701e+00 5.888986e+05
3.124676e+00 5.740670e+05
3.166195e+00 5.593243e+05
3.208266e+00 5.449345e+05
3.250896e+00 5.308549e+05
3.294092e+00 5.172255e+05
3.337863e+00 5.038086e+05
3.382215e+00 4.908169e+05
3.427156e+00 4.781975e+05
3.472694e+00 4.661289e+05
3.518839e+00 4.541827e+05
3.565595e+00 4.424071e+05
3.612974e+00 4.303475e+05
3.660981e+00 4.195003e+05
3.709627e+00 4.084489e+05
3.758918e+00 3.976147e+05
3.808866e+00 3.872507e+05
3.859476e+00 3.770970e+05
3.910759e+00 3.671723e+05
3.962723e+00 3.576274e+05
4.015378e+00 3.480944e+05
4.068733e+00 3.387847e+05
4.122796e+00 3.298439e+05
4.177578e+00 3.210924e+05
4.233088e+00 3.125919e+05
4.289336e+00 3.042514e+05
4.346330e+00 2.961837e+05
4.404083e+00 2.882565e+05
4.462602e+00 2.804326e+05
4.521899e+00 2.728406e+05
4.581984e+00 2.656408e+05
4.642868e+00 2.584013e+05
4.704559e+00 2.513804e+05
4.767072e+00 2.445653e+05
4.830414e+00 2.379444e+05
4.894599e+00 2.315150e+05
4.959636e+00 2.252245e+05
5.025538e+00 2.191197e+05
5.092315e+00 2.130319e+05
5.159980e+00 2.071567e+05
5.228543e+00 2.015121e+05
5.298017e+00 1.958889e+05
5.368415e+00 1.903955e+05
5.439748e+00 1.850391e+05
5.512030e+00 1.799011e+05
5.585270e+00 1.749134e+05
5.659486e+00 1.700916e+05
5.734686e+00 1.652743e+05
5.810887e+00 1.606019e+05
5.888099e+00 1.559312e+05
5.966338e+00 1.513771e+05
6.045615e+00 1.469686e+05
6.125947e+00 1.428280e+05
6.207345e+00 1.387316e+05
6.289827e+00 1.347210e+05
6.373403e+00 1.308645e+05
6.458091e+00 1.271308e+05
6.543902e+00 1.234628e+05
6.630854e+00 1.198830e+05
6.718963e+00 1.163255e+05
6.808240e+00 1.129064e+05
6.898706e+00 1.095841e+05
6.990372e+00 1.063398e+05
7.083258e+00 1.031768e+05
7.177377e+00 1.001150e+05
7.272748e+00 9.713915e+04
7.369384e+00 9.423883e+04
7.467306e+00 9.142468e+04
7.566527e+00 8.866080e+04
7.667069e+00 8.596696e+04
7.768945e+00 8.335048e+04
7.872176e+00 8.082622e+04
7.976777e+00 7.836946e+04
8.082770e+00 7.596908e+04
8.190169e+00 7.359714e+04
8.298998e+00 7.135014e+04
8.409270e+00 6.921434e+04
8.521008e+00 6.709285e+04
8.634233e+00 6.499097e+04
8.748960e+00 6.297499e+04
8.865213e+00 6.099367e+04
8.983009e+00 5.908694e+04
9.102372e+00 5.726244e+04
9.223320e+00 5.546368e+04
9.345877e+00 5.370377e+04
9.470059e+00 5.197417e+04
9.595895e+00 5.026601e+04
9.723399e+00 4.861080e+04
9.852601e+00 4.704067e+04
9.983517e+00 4.554440e+04
1.011617e+01 4.405436e+04
1.025059e+01 4.260214e+04
1.038680e+01 4.116189e+04
1.052481e+01 3.977840e+04
1.066466e+01 3.843550e+04
1.080637e+01 3.716403e+04
1.094996e+01 3.593559e+04
1.109546e+01 3.471502e+04
1.124289e+01 3.352815e+04
1.139228e+01 3.239849e+04
1.154366e+01 3.130236e+04
1.169704e+01 3.022342e+04
1.185247e+01 2.920649e+04
1.200996e+01 2.822218e+04
1.216954e+01 2.725774e+04
1.233125e+01 2.631240e+04
1.249510e+01 2.538395e+04
1.266113e+01 2.449281e+04
1.282936e+01 2.363182e+04
1.299984e+01 2.279480e+04
1.317257e+01 2.197666e+04
1.334760e+01 2.118998e+04
1.352496e+01 2.041903e+04
1.370467e+01 1.967871e+04
1.388677e+01 1.895167e+04
1.407129e+01 1.825618e+04
1.425827e+01 1.757723e+04
1.444772e+01 1.694240e+04
1.463970e+01 1.632202e+04
1.483423e+01 1.572091e+04
1.503134e+01 1.513750e+04
1.523107e+01 1.458844e+04
1.543345e+01 1.403159e+04
1.563852e+01 1.349447e+04
1.584632e+01 1.297579e+04
1.605688e+01 1.248175e+04
1.627024e+01 1.201140e+04
1.648643e+01 1.154773e+04
1.670549e+01 1.111180e+04
1.692747e+01 1.067245e+04
1.715239e+01 1.024005e+04
1.738031e+01 9.827993e+03
1.761125e+01 9.439143e+03
1.784526e+01 9.057553e+03
1.808238e+01 8.697890e+03
1.832265e+01 8.349674e+03
1.856611e+01 8.013731e+03
1.881281e+01 7.688523e+03
1.906279e+01 7.374249e+03
1.931609e+01 7.066477e+03
1.957275e+01 6.773595e+03
1.983282e+01 6.483092e+03
2.009635e+01 6.197290e+03
2.036338e+01 5.943456e+03
2.063397e+01 5.700511e+03
2.090814e+01 5.453944e+03
2.118596e+01 5.218201e+03
2.146747e+01 4.990037e+03
2.175272e+01 4.769517e+03
2.204176e+01 4.556162e+03
2.233464e+01 4.353820e+03
2.263141e+01 4.162010e+03
2.293213e+01 3.978732e+03
2.323684e+01 3.797535e+03
2.354560e+01 3.625257e+03
2.385847e+01 3.461186e+03
2.417549e+01 3.301241e+03
2.449672e+01 3.149511e+03
2.482223e+01 3.005868e+03
2.515205e+01 2.862149e+03
2.548626e+01 2.724431e+03
2.582491e+01 2.593462e+03
2.616806e+01 2.470760e+03
2.651577e+01 2.351267e+03
2.686810e+01 2.237104e+03
2.722511e+01 2.129329e+03
2.758686e+01 2.025028e+03
2.795343e+01 1.925451e+03
2.832486e+01 1.827599e+03
2.870123e+01 1.733433e+03
2.908260e+01 1.647218e+03
2.946904e+01 1.562013e+03
2.986061e+01 1.486088e+03
3.025739e+01 1.415289e+03
3.065943e+01 1.344857e+03
3.106682e+01 1.275918e+03
3.147962e+01 1.209050e+03
3.189790e+01 1.146864e+03
3.232175e+01 1.088551e+03
3.275122e+01 1.034908e+03
3.318641e+01 9.824817e+02
3.362738e+01 9.300785e+02
3.407421e+01 8.821093e+02
3.452697e+01 8.355398e+02
3.498575e+01 7.923335e+02
3.545062e+01 7.504779e+02
3.592168e+01 7.103365e+02
3.639899e+01 6.724590e+02
3.688264e+01 6.356878e+02
3.737272e+01 6.026627e+02
3.786932e+01 5.697024e+02
3.837251e+01 5.386219e+02
3.888239e+01 5.103637e+02
3.939903e+01 4.840235e+02
3.992256e+01 4.590438e+02
4.045303e+01 4.336451e+02
4.099054e+01 4.106981e+02
4.153521e+01 3.900355e+02
4.208711e+01 3.686459e+02
4.264635e+01 3.493141e+02
4.321301e+01 3.319839e+02
4.378721e+01 3.151900e+02
4.436903e+01 2.993426e+02
4.495860e+01 2.843948e+02
4.555598e+01 2.701430e+02
4.616131e+01 2.566042e+02
4.677468e+01 2.435386e+02
4.739621e+01 2.305923e+02
4.802598e+01 2.185069e+02
4.866413e+01 2.074200e+02
4.931076e+01 1.970388e+02
4.996598e+01 1.867351e+02
5.062990e+01 1.769627e+02
5.130266e+01 1.678900e+02
5.198434e+01 1.595435e+02
5.267508e+01 1.516120e+02
5.337501e+01 1.440655e+02
5.408422e+01 1.367603e+02
5.480288e+01 1.298252e+02
5.553107e+01 1.231615e+02
5.626895e+01 1.167893e+02
5.701662e+01 1.107187e+02
5.777424e+01 1.048893e+02
5.854191e+01 9.941780e+01
5.931980e+01 9.432559e+01
6.010801e+01 8.932347e+01
6.090670e+01 8.458659e+01
6.171600e+01 8.010109e+01
6.253606e+01 7.592536e+01
6.336701e+01 7.205461e+01
6.420901e+01 6.838069e+01
6.506218e+01 6.490503e+01
6.592669e+01 6.161049e+01
6.680270e+01 5.848296e+01
6.769035e+01 5.546174e+01
6.858979e+01 5.257623e+01
6.950117e+01 4.993487e+01
7.042468e+01 4.737433e+01
7.136045e+01 4.491969e+01
7.230866e+01 4.259211e+01
7.326946e+01 4.040943e+01
7.424304e+01 3.835869e+01
7.522955e+01 3.637588e+01
7.622917e+01 3.446172e+01
7.724207e+01 3.264573e+01
7.826843e+01 3.093173e+01
7.930842e+01 2.930794e+01
8.036224e+01 2.777650e+01
8.143005e+01 2.632534e+01
8.251207e+01 2.495019e+01
8.360844e+01 2.366416e+01
8.471939e+01 2.243352e+01
8.584512e+01 2.125253e+01
8.698578e+01 2.013386e+01
8.814162e+01 1.907482e+01
8.931279e+01 1.807897e+01
9.049956e+01 1.713514e+01
9.170206e+01 1.624064e+01
9.292057e+01 1.539287e+01
9.415525e+01 1.458941e+01
9.540636e+01 1.382790e+01
9.667406e+01 1.310620e+01
9.795863e+01 1.242219e+01
9.926025e+01 1.177392e+01
1.005792e+02 1.115950e+01
1.019157e+02 1.057718e+01
1.032699e+02 1.002528e+01
1.046421e+02 9.495035e+00
1.060325e+02 8.991392e+00
1.074414e+02 8.514417e+00
1.088690e+02 8.062717e+00
1.103156e+02 7.634920e+00
1.117815e+02 7.229779e+00
1.132668e+02 6.846097e+00
1.147718e+02 6.482754e+00
1.162969e+02 6.138645e+00
1.178422e+02 5.815436e+00
1.194080e+02 5.510258e+00
1.209946e+02 5.224255e+00
1.226024e+02 4.953102e+00
1.242315e+02 4.696036e+00
1.258822e+02 4.452326e+00
1.275548e+02 4.217208e+00
1.292497e+02 3.994275e+00
1.309672e+02 3.783086e+00
1.327074e+02 3.583026e+00
1.344707e+02 3.394049e+00
1.362575e+02 3.217129e+00
1.380681e+02 3.045401e+00
1.399027e+02 2.883634e+00
1.417616e+02 2.730488e+00
1.436453e+02 2.583897e+00
1.455540e+02 2.445612e+00
1.474881e+02 2.314659e+00
1.494478e+02 2.190368e+00
1.514336e+02 2.072680e+00
1.534458e+02 1.961283e+00
1.554848e+02 1.856981e+00
1.575507e+02 1.758394e+00
1.596442e+02 1.663652e+00
1.617655e+02 1.573995e+00
1.639150e+02 1.489150e+00
1.660930e+02 1.408864e+00
1.683000e+02 1.332885e+00
1.705363e+02 1.260987e+00
1.728022e+02 1.192954e+00
1.750984e+02 1.128573e+00
1.774250e+02 1.068844e+00
1.797826e+02 1.011189e+00
1.821714e+02 9.562124e-01
1.845920e+02 9.042389e-01
1.870448e+02 8.561169e-01
1.895302e+02 8.111926e-01
1.920486e+02 7.686263e-01
1.946004e+02 7.282908e-01
1.971862e+02 6.900708e-01
1.998064e+02 6.538556e-01
2.024612e+02 6.195414e-01
2.051515e+02 5.874505e-01
2.078775e+02 5.570843e-01
2.106397e+02 5.284763e-01
2.134385e+02 5.015195e-01
2.162746e+02 4.759353e-01
2.191484e+02 4.516552e-01
2.220603e+02 4.286135e-01
2.250109e+02 4.067452e-01
2.280008e+02 3.859917e-01
2.310304e+02 3.662961e-01
2.341001e+02 3.476052e-01
2.372108e+02 3.298664e-01
2.403628e+02 3.130319e-01
2.435567e+02 2.970557e-01
2.467928e+02 2.818947e-01
2.500721e+02 2.674519e-01
2.533950e+02 2.536187e-01
2.567621e+02 2.405026e-01
2.601737e+02 2.280666e-01
2.636308e+02 2.162746e-01
2.671339e+02 2.050937e-01
2.706835e+02 1.944920e-01
2.742801e+02 1.844400e-01
2.779247e+02 1.749083e-01
2.816176e+02 1.658702e-01
2.853595e+02 1.571784e-01
2.891513e+02 1.489009e-01
2.929934e+02 1.410600e-01
2.968867e+02 1.336328e-01
3.008315e+02 1.265976e-01
3.048288e+02 1.199331e-01
3.088793e+02 1.136201e-01
3.129836e+02 1.076401e-01
3.171422e+02 1.019755e-01
3.213563e+02 9.660945e-02
3.256264e+02 9.152627e-02
3.299532e+02 8.671107e-02
3.343374e+02 8.214987e-02
3.387800e+02 7.782892e-02
3.432816e+02 7.373571e-02
3.478430e+02 6.985821e-02
3.524648e+02 6.618520e-02
3.571483e+02 6.270558e-02
3.618940e+02 5.940929e-02
3.667025e+02 5.628680e-02
3.715752e+02 5.334761e-02
3.765125e+02 5.058746e-02
3.815155e+02 4.797034e-02
3.865848e+02 4.548892e-02
3.917216e+02 4.313597e-02
3.969267e+02 4.090493e-02
4.022009e+02 3.878946e-02
4.075450e+02 3.678365e-02
4.129604e+02 3.488167e-02
4.184477e+02 3.307819e-02
4.240079e+02 3.136811e-02
4.296418e+02 2.974666e-02
4.353507e+02 2.820912e-02
4.411355e+02 2.675118e-02
4.469972e+02 2.536872e-02
4.529365e+02 2.405528e-02
4.589550e+02 2.277522e-02
4.650535e+02 2.156254e-02
4.712327e+02 2.041374e-02
4.774943e+02 1.932542e-02
4.838391e+02 1.829446e-02
4.902682e+02 1.732905e-02
4.967825e+02 1.639321e-02
5.033836e+02 1.550743e-02
5.100724e+02 1.469730e-02
5.168501e+02 1.393804e-02
5.237176e+02 1.321811e-02
5.306766e+02 1.253542e-02
5.377280e+02 1.188806e-02
5.448732e+02 1.127421e-02
5.521130e+02 1.069216e-02
5.594493e+02 1.014019e-02
5.668832e+02 9.616792e-03
5.744157e+02 9.120467e-03
5.820481e+02 8.649839e-03
5.897822e+02 8.203538e-03
5.976190e+02 7.780320e-03
6.055597e+02 7.379004e-03
6.136062e+02 6.998427e-03
6.217596e+02 6.635585e-03
6.300214e+02 6.290475e-03
6.383925e+02 5.963240e-03
6.468753e+02 5.659457e-03
6.554708e+02 5.377735e-03
6.641805e+02 5.110321e-03
6.730056e+02 4.848114e-03
6.819483e+02 4.597452e-03
6.910098e+02 4.359755e-03
7.001918e+02 4.122848e-03
7.094953e+02 3.888287e-03
7.189229e+02 3.684460e-03
7.284757e+02 3.492250e-03
7.381551e+02 3.310020e-03
7.479634e+02 3.137240e-03
7.579022e+02 2.973429e-03
7.679730e+02 2.818123e-03
7.781771e+02 2.670888e-03
7.885173e+02 2.531295e-03
7.989949e+02 2.398956e-03
8.096118e+02 2.273495e-03
8.203692e+02 2.150230e-03
8.312700e+02 2.032761e-03
8.423157e+02 1.921607e-03
8.535081e+02 1.816432e-03
8.648488e+02 1.716924e-03
8.763407e+02 1.622773e-03
8.879852e+02 1.537457e-03
8.997845e+02 1.457526e-03
9.117401e+02 1.381717e-03
9.238550e+02 1.309814e-03
9.361309e+02 1.241619e-03
9.485695e+02 1.176946e-03
9.611738e+02 1.115608e-03
9.739456e+02 1.056545e-03
9.868871e+02 9.981308e-04
1.000000e+03 9.428861e-04
