1.378405e+00 1.066094e+07
1.396721e+00 1.041444e+07
1.415280e+00 1.016879e+07
1.434085e+00 9.928500e+06
1.453141e+00 9.692311e+06
1.472449e+00 9.460392e+06
1.492015e+00 9.237100e+06
1.511840e+00 9.016236e+06
1.531928e+00 8.801572e+06
1.552284e+00 8.585597e+06
1.572910e+00 8.383216e+06
1.593810e+00 8.180365e+06
1.614988e+00 7.985476e+06
1.636447e+00 7.793263e+06
1.658192e+00 7.604999e+06
1.680225e+00 7.422448e+06
1.702551e+00 7.246837e+06
1.725174e+00 7.069652e+06
1.748097e+00 6.899060e+06
1.771325e+00 6.735365e+06
1.794862e+00 6.573064e+06
1.818711e+00 6.412603e+06
1.842877e+00 6.258667e+06
1.867365e+00 6.107343e+06
1.892177e+00 5.957494e+06
1.917320e+00 5.811032e+06
1.942796e+00 5.667372e+06
1.968611e+00 5.531967e+06
1.994770e+00 5.399172e+06
2.021275e+00 5.269630e+06
2.048133e+00 5.143344e+06
2.075348e+00 5.018695e+06
2.102924e+00 4.898402e+06
2.130867e+00 4.778983e+06
2.159181e+00 4.662731e+06
2.187871e+00 4.547873e+06
2.216942e+00 4.438180e+06
2.246400e+00 4.326611e+06
2.276249e+00 4.219409e+06
2.306495e+00 4.115839e+06
2.337143e+00 4.014452e+06
2.368198e+00 3.914290e+06
2.399665e+00 3.821274e+06
2.431551e+00 3.726720e+06
2.463861e+00 3.631001e+06
2.496599e+00 3.540532e+06
2.529773e+00 3.450428e+06
2.563387e+00 3.365150e+06
2.597449e+00 3.280706e+06
2.631962e+00 3.200702e+06
2.666935e+00 3.119912e+06
2.702372e+00 3.041292e+06
2.738280e+00 2.963706e+06
2.774665e+00 2.888750e+06
2.811533e+00 2.815503e+06
2.848892e+00 2.744310e+06
2.886747e+00 2.674307e+06
2.925104e+00 2.607936e+06
2.963972e+00 2.542483e+06
3.003356e+00 2.478857e+06
3.043263e+00 2.416213e+06
3.083701e+00 2.355594e+06
3.124676e+00 2.296268e+06
3.166195e+00 2.237297e+06
3.208266e+00 2.179738e+06
3.250896e+00 2.123419e+06
3.294092e+00 2.068902e+06
3.337863e+00 2.015235e+06
3.382215e+00 1.963268e+06
3.427156e+00 1.912790e+06
3.472694e+00 1.864515e+06
3.518839e+00 1.816731e+06
3.565595e+00 1.769628e+06
3.612974e+00 1.721390e+06
3.660981e+00 1.678001e+06
3.709627e+00 1.633796e+06
3.758918e+00 1.590459e+06
3.808866e+00 1.549003e+06
3.859476e+00 1.508388e+06
3.910759e+00 1.468689e+06
3.962723e+00 1.430510e+06
4.015378e+00 1.392378e+06
4.068733e+00 1.355139e+06
4.122796e+00 1.319376e+06
4.177578e+00 1.284369e+06
4.233088e+00 1.250368e+06
4.289336e+00 1.217006e+06
4.346330e+00 1.184735e+06
4.404083e+00 1.153026e+06
4.462602e+00 1.121731e+06
4.521899e+00 1.091362e+06
4.581984e+00 1.062563e+06
4.642868e+00 1.033605e+06
4.704559e+00 1.005521e+06
4.767072e+00 9.782614e+05
4.830414e+00 9.517775e+05
4.894599e+00 9.260600e+05
4.959636e+00 9.008980e+05
5.025538e+00 8.764789e+05
5.092315e+00 8.521276e+05
5.159980e+00 8.286268e+05
5.228543e+00 8.060485e+05
5.298017e+00 7.835554e+05
5.368415e+00 7.615820e+05
5.439748e+00 7.401564e+05
5.512030e+00 7.196043e+05
5.585270e+00 6.996535e+05
5.659486e+00 6.803665e+05
5.734686e+00 6.610972e+05
5.810887e+00 6.424075e+05
5.888099e+00 6.237246e+05
5.966338e+00 6.055083e+05
6.045615e+00 5.878744e+05
6.125947e+00 5.713120e+05
6.207345e+00 5.549262e+05
6.289827e+00 5.388841e+05
6.373403e+00 5.234582e+05
6.458091e+00 5.085232e+05
6.543902e+00 4.938514e+05
6.630854e+00 4.795319e+05
6.718963e+00 4.653019e+05
6.808240e+00 4.516258e+05
6.898706e+00 4.383365e+05
6.990372e+00 4.253591e+05
7.083258e+00 4.127072e+05
7.177377e+00 4.004600e+05
7.272748e+00 3.885566e+05
7.369384e+00 3.769553e+05
7.467306e+00 3.656987e+05
7.566527e+00 3.546432e+05
7.667069e+00 3.438678e+05
7.768945e+00 3.334019e+05
7.872176e+00 3.233049e+05
7.976777e+00 3.134778e+05
8.082770e+00 3.038763e+05
8.190169e+00 2.943886e+05
8.298998e+00 2.854006e+05
8.409270e+00 2.768574e+05
8.521008e+00 2.683714e+05
8.634233e+00 2.599639e+05
8.748960e+00 2.519000e+05
8.865213e+00 2.439747e+05
8.983009e+00 2.363478e+05
9.102372e+00 2.290497e+05
9.223320e+00 2.218547e+05
9.345877e+00 2.148151e+05
9.470059e+00 2.078967e+05
9.595895e+00 2.010640e+05
9.723399e+00 1.944432e+05
9.852601e+00 1.881627e+05
9.983517e+00 1.821776e+05
1.011617e+01 1.762174e+05
1.025059e+01 1.704086e+05
1.038680e+01 1.646476e+05
1.052481e+01 1.591136e+05
1.066466e+01 1.537420e+05
1.080637e+01 1.486561e+05
1.094996e+01 1.437424e+05
1.109546e+01 1.388601e+05
1.124289e+01 1.341126e+05
1.139228e+01 1.295940e+05
1.154366e+01 1.252094e+05
1.169704e+01 1.208937e+05
1.185247e+01 1.168259e+05
1.200996e+01 1.128887e+05
1.216954e+01 1.090310e+05
1.233125e+01 1.052496e+05
1.249510e+01 1.015358e+05
1.266113e+01 9.797125e+04
1.282936e+01 9.452726e+04
1.299984e+01 9.117918e+04
1.317257e+01 8.790664e+04
1.334760e+01 8.475994e+04
1.352496e+01 8.167612e+04
1.370467e+01 7.871484e+04
1.388677e+01 7.580668e+04
1.407129e+01 7.302471e+04
1.425827e+01 7.030894e+04
1.444772e+01 6.776962e+04
1.463970e+01 6.528808e+04
1.483423e+01 6.288365e+04
1.503134e+01 6.055000e+04
1.523107e+01 5.835377e+04
1.543345e+01 5.612636e+04
1.563852e+01 5.397789e+04
1.584632e+01 5.190317e+04
1.605688e+01 4.992702e+04
1.627024e+01 4.804558e+04
1.648643e+01 4.619092e+04
1.670549e+01 4.444720e+04
1.692747e+01 4.268980e+04
1.715239e+01 4.096020e+04
1.738031e+01 3.931197e+04
1.761125e+01 3.775657e+04
1.784526e+01 3.623021e+04
1.808238e+01 3.479156e+04
1.832265e+01 3.339870e+04
1.856611e+01 3.205492e+04
1.881281e+01 3.075409e+04
1.906279e+01 2.949700e+04
1.931609e+01 2.826591e+04
1.957275e+01 2.709438e+04
1.983282e+01 2.593237e+04
2.009635e+01 2.478916e+04
2.036338e+01 2.377382e+04
2.063397e+01 2.280204e+04
2.090814e+01 2.181578e+04
2.118596e+01 2.087280e+04
2.146747e+01 1.996015e+04
2.175272e+01 1.907807e+04
2.204176e+01 1.822465e+04
2.233464e+01 1.741528e+04
2.263141e+01 1.664804e+04
2.293213e+01 1.591493e+04
2.323684e+01 1.519014e+04
2.354560e+01 1.450103e+04
2.385847e+01 1.384474e+04
2.417549e+01 1.320496e+04
2.449672e+01 1.259804e+04
2.482223e+01 1.202347e+04
2.515205e+01 1.144860e+04
2.548626e+01 1.089773e+04
2.582491e+01 1.037385e+04
2.616806e+01 9.883039e+03
2.651577e+01 9.405068e+03
2.686810e+01 8.948416e+03
2.722511e+01 8.517315e+03
2.758686e+01 8.100111e+03
2.795343e+01 7.701803e+03
2.832486e+01 7.310397e+03
2.870123e+01 6.933731e+03
2.908260e+01 6.588872e+03
2.946904e+01 6.248053e+03
2.986061e+01 5.944351e+03
3.025739e+01 5.661156e+03
3.065943e+01 5.379430e+03
3.106682e+01 5.103672e+03
3.147962e+01 4.836200e+03
3.189790e+01 4.587457e+03
3.232175e+01 4.354206e+03
3.275122e+01 4.139633e+03
3.318641e+01 3.929927e+03
3.362738e+01 3.720314e+03
3.407421e+01 3.528437e+03
3.452697e+01 3.342159e+03
3.498575e+01 3.169334e+03
3.545062e+01 3.001912e+03
3.592168e+01 2.841346e+03
3.639899e+01 2.689836e+03
3.688264e+01 2.542751e+03
3.737272e+01 2.410651e+03
3.786932e+01 2.278810e+03
3.837251e+01 2.154487e+03
3.888239e+01 2.041455e+03
3.939903e+01 1.936094e+03
3.992256e+01 1.836175e+03
4.045303e+01 1.734581e+03
4.099054e+01 1.642792e+03
4.153521e+01 1.560142e+03
4.208711e+01 1.474584e+03
4.264635e+01 1.397257e+03
4.321301e+01 1.327936e+03
4.378721e+01 1.260760e+03
4.436903e+01 1.197370e+03
4.495860e+01 1.137579e+03
4.555598e+01 1.080572e+03
4.616131e+01 1.026417e+03
4.677468e+01 9.741546e+02
4.739621e+01 9.223694e+02
4.802598e+01 8.740276e+02
4.866413e+01 8.296799e+02
4.931076e+01 7.881550e+02
4.996598e+01 7.469406e+02
5.062990e+01 7.078507e+02
5.130266e+01 6.715599e+02
5.198434e+01 6.381741e+02
5.267508e+01 6.064478e+02
5.337501e+01 5.762619e+02
5.408422e+01 5.470413e+02
5.480288e+01 5.193008e+02
5.553107e+01 4.926461e+02
5.626895e+01 4.671573e+02
5.701662e+01 4.428748e+02
5.777424e+01 4.195573e+02
5.854191e+01 3.976712e+02
5.931980e+01 3.773024e+02
6.010801e+01 3.572939e+02
6.090670e+01 3.383464e+02
6.171600e+01 3.204044e+02
6.253606e+01 3.037014e+02
6.336701e+01 2.882184e+02
6.420901e+01 2.735228e+02
6.506218e+01 2.596201e+02
6.592669e+01 2.464420e+02
6.680270e+01 2.339318e+02
6.769035e+01 2.218469e+02
6.858979e+01 2.103049e+02
6.950117e+01 1.997395e+02
7.042468e+01 1.894973e+02
7.136045e+01 1.796788e+02
7.230866e+01 1.703684e+02
7.326946e+01 1.616377e+02
7.424304e+01 1.534348e+02
7.522955e+01 1.455035e+02
7.622917e+01 1.378469e+02
7.724207e+01 1.305829e+02
7.826843e+01 1.237269e+02
7.930842e+01 1.172318e+02
8.036224e+01 1.111060e+02
8.143005e+01 1.053014e+02
8.251207e+01 9.980075e+01
8.360844e+01 9.465665e+01
8.471939e+01 8.973408e+01
8.584512e+01 8.501013e+01
8.698578e+01 8.053543e+01
8.814162e+01 7.629927e+01
8.931279e+01 7.231587e+01
9.049956e+01 6.854055e+01
9.170206e+01 6.496257e+01
9.292057e+01 6.157147e+01
9.415525e+01 5.835763e+01
9.540636e+01 5.531162e+01
9.667406e+01 5.242481e+01
9.795863e+01 4.968876e+01
9.926025e+01 4.709569e+01
1.005792e+02 4.463802e+01
1.019157e+02 4.230873e+01
1.032699e+02 4.010110e+01
1.046421e+02 3.798014e+01
1.060325e+02 3.596557e+01
1.074414e+02 3.405767e+01
1.088690e+02 3.225087e+01
1.103156e+02 3.053968e+01
1.117815e+02 2.891912e+01
1.132668e+02 2.738439e+01
1.147718e+02 2.593102e+01
1.162969e+02 2.455458e+01
1.178422e+02 2.326174e+01
1.194080e+02 2.204103e+01
1.209946e+02 2.089702e+01
1.226024e+02 1.981241e+01
1.242315e+02 1.878414e+01
1.258822e+02 1.780931e+01
1.275548e+02 1.686883e+01
1.292497e+02 1.597710e+01
1.309672e+02 1.513235e+01
1.327074e+02 1.433210e+01
1.344707e+02 1.357619e+01
1.362575e+02 1.286852e+01
1.380681e+02 1.218160e+01
1.399027e+02 1.153454e+01
1.417616e+02 1.092195e+01
1.436453e+02 1.033559e+01
1.455540e+02 9.782449e+00
1.474881e+02 9.258635e+00
1.494478e+02 8.761472e+00
1.514336e+02 8.290721e+00
1.534458e+02 7.845132e+00
1.554848e+02 7.427925e+00
1.575507e+02 7.033577e+00
1.596442e+02 6.654609e+00
1.617655e+02 6.295980e+00
1.639150e+02 5.956601e+00
1.660930e+02 5.635456e+00
1.683000e+02 5.331542e+00
1.705363e+02 5.043950e+00
1.728022e+02 4.771817e+00
1.750984e+02 4.514294e+00
1.774250e+02 4.275376e+00
1.797826e+02 4.044755e+00
1.821714e+02 3.824850e+00
1.845920e+02 3.616955e+00
1.870448e+02 3.424468e+00
1.895302e+02 3.244771e+00
1.920486e+02 3.074505e+00
1.946004e+02 2.913163e+00
1.971862e+02 2.760283e+00
1.998064e+02 2.615422e+00
2.024612e+02 2.478166e+00
2.051515e+02 2.349802e+00
2.078775e+02 2.228337e+00
2.106397e+02 2.113905e+00
2.134385e+02 2.006078e+00
2.162746e+02 1.903741e+00
2.191484e+02 1.806621e+00
2.220603e+02 1.714454e+00
2.250109e+02 1.626981e+00
2.280008e+02 1.543967e+00
2.310304e+02 1.465184e+00
2.341001e+02 1.390421e+00
2.372108e+02 1.319466e+00
2.403628e+02 1.252128e+00
2.435567e+02 1.188223e+00
2.467928e+02 1.127579e+00
2.500721e+02 1.069808e+00
2.533950e+02 1.014475e+00
2.567621e+02 9.620102e-01
2.601737e+02 9.122664e-01
2.636308e+02 8.650986e-01
2.671339e+02 8.203747e-01
2.706835e+02 7.779681e-01
2.742801e+02 7.377601e-01
2.779247e+02 6.996330e-01
2.816176e+02 6.634809e-01
2.853595e+02 6.287135e-01
2.891513e+02 5.956036e-01
2.929934e+02 5.642402e-01
2.968867e+02 5.345313e-01
3.008315e+02 5.063903e-01
3.048288e+02 4.797326e-01
3.088793e+02 4.544805e-01
3.129836e+02 4.305603e-01
3.171422e+02 4.079021e-01
3.213563e+02 3.864378e-01
3.256264e+02 3.661051e-01
3.299532e+02 3.468443e-01
3.343374e+02 3.285995e-01
3.387800e+02 3.113157e-01
3.432816e+02 2.949428e-01
3.478430e+02 2.794328e-01
3.524648e+02 2.647408e-01
3.571483e+02 2.508223e-01
3.618940e+02 2.376372e-01
3.667025e+02 2.251472e-01
3.715752e+02 2.133904e-01
3.765125e+02 2.023498e-01
3.815155e+02 1.918814e-01
3.865848e+02 1.819557e-01
3.917216e+02 1.725439e-01
3.969267e+02 1.636197e-01
4.022009e+02 1.551578e-01
4.075450e+02 1.471346e-01
4.129604e+02 1.395267e-01
4.184477e+02 1.323128e-01
4.240079e+02 1.254724e-01
4.296418e+02 1.189866e-01
4.353507e+02 1.128365e-01
4.411355e+02 1.070047e-01
4.469972e+02 1.014749e-01
4.529365e+02 9.622110e-02
4.589550e+02 9.110090e-02
4.650535e+02 8.625015e-02
4.712327e+02 8.165497e-02
4.774943e+02 7.730167e-02
4.838391e+02 7.317783e-02
4.902682e+02 6.931618e-02
4.967825e+02 6.557283e-02
5.033836e+02 6.202973e-02
5.100724e+02 5.878921e-02
5.168501e+02 5.575216e-02
5.237176e+02 5.287244e-02
5.306766e+02 5.014168e-02
5.377280e+02 4.755225e-02
5.448732e+02 4.509686e-02
5.521130e+02 4.276862e-02
5.594493e+02 4.056078e-02
5.668832e+02 3.846717e-02
5.744157e+02 3.648187e-02
5.820481e+02 3.459936e-02
5.897822e+02 3.281415e-02
5.976190e+02 3.112128e-02
6.055597e+02 2.951602e-02
6.136062e+02 2.799371e-02
6.217596e+02 2.654234e-02
6.300214e+02 2.516190e-02
6.383925e+02 2.385296e-02
6.468753e+02 2.263783e-02
6.554708e+02 2.151094e-02
6.641805e+02 2.044128e-02
6.730056e+02 1.939246e-02
6.819483e+02 1.838981e-02
6.910098e+02 1.743902e-02
7.001918e+02 1.649139e-02
7.094953e+02 1.555315e-02
7.189229e+02 1.473784e-02
7.284757e+02 1.396900e-02
7.381551e+02 1.324008e-02
7.479634e+02 1.254896e-02
7.579022e+02 1.189371e-02
7.679730e+02 1.127249e-02
7.781771e+02 1.068355e-02
7.885173e+02 1.012518e-02
7.989949e+02 9.595824e-03
8.096118e+02 9.093979e-03
8.203692e+02 8.600919e-03
8.312700e+02 8.131043e-03
8.423157e+02 7.686427e-03
8.535081e+02 7.265728e-03
8.648488e+02 6.867695e-03
8.763407e+02 6.491094e-03
8.879852e+02 6.149829e-03
8.997845e+02 5.830104e-03
9.117401e+02 5.526867e-03
9.238550e+02 5.239254e-03
9.361309e+02 4.966475e-03
9.485695e+02 4.707783e-03
9.611738e+02 4.462432e-03
9.739456e+02 4.226181e-03
9.868871e+02 3.992523e-03
1.000000e+03 3.771544e-03
