1.378405e+00 9.972202e+06 1.141542e+07
1.396721e+00 9.741080e+06 1.113028e+07
1.415280e+00 9.515799e+06 1.085856e+07
1.434085e+00 9.293240e+06 1.060261e+07
1.453141e+00 9.078279e+06 1.034479e+07
1.472449e+00 8.859363e+06 1.009392e+07
1.492015e+00 8.651742e+06 9.849748e+06
1.511840e+00 8.449547e+06 9.610931e+06
1.531928e+00 8.250290e+06 9.376862e+06
1.552284e+00 8.059269e+06 9.144400e+06
1.572910e+00 7.871952e+06 8.925573e+06
1.593810e+00 7.682127e+06 8.705705e+06
1.614988e+00 7.499501e+06 8.492352e+06
1.636447e+00 7.321776e+06 8.282227e+06
1.658192e+00 7.147440e+06 8.078069e+06
1.680225e+00 6.979236e+06 7.880840e+06
1.702551e+00 6.810645e+06 7.687878e+06
1.725174e+00 6.646444e+06 7.501760e+06
1.748097e+00 6.490958e+06 7.316638e+06
1.771325e+00 6.334908e+06 7.138123e+06
1.794862e+00 6.181918e+06 6.961718e+06
1.818711e+00 6.031930e+06 6.789708e+06
1.842877e+00 5.889340e+06 6.619582e+06
1.867365e+00 5.743657e+06 6.458201e+06
1.892177e+00 5.604481e+06 6.300283e+06
1.917320e+00 5.467662e+06 6.144343e+06
1.942796e+00 5.334822e+06 5.996705e+06
1.968611e+00 5.204170e+06 5.845640e+06
1.994770e+00 5.076106e+06 5.700830e+06
2.021275e+00 4.954828e+06 5.563102e+06
2.048133e+00 4.831855e+06 5.429789e+06
2.075348e+00 4.711957e+06 5.296599e+06
2.102924e+00 4.598084e+06 5.166599e+06
2.130867e+00 4.486752e+06 5.041293e+06
2.159181e+00 4.373527e+06 4.916683e+06
2.187871e+00 4.263587e+06 4.796107e+06
2.216942e+00 4.156105e+06 4.674965e+06
2.246400e+00 4.052441e+06 4.556867e+06
2.276249e+00 3.948378e+06 4.444883e+06
2.306495e+00 3.847393e+06 4.336940e+06
2.337143e+00 3.749770e+06 4.230966e+06
2.368198e+00 3.654864e+06 4.128053e+06
2.399665e+00 3.562378e+06 4.026023e+06
2.431551e+00 3.473138e+06 3.926923e+06
2.463861e+00 3.386460e+06 3.829999e+06
2.496599e+00 3.301412e+06 3.733993e+06
2.529773e+00 3.214687e+06 3.641786e+06
2.563387e+00 3.133418e+06 3.551912e+06
2.597449e+00 3.054707e+06 3.462678e+06
2.631962e+00 2.977530e+06 3.380063e+06
2.666935e+00 2.901751e+06 3.295079e+06
2.702372e+00 2.825307e+06 3.215739e+06
2.738280e+00 2.752417e+06 3.136334e+06
2.774665e+00 2.681589e+06 3.057667e+06
2.811533e+00 2.614113e+06 2.978887e+06
2.848892e+00 2.545625e+06 2.903732e+06
2.886747e+00 2.478737e+06 2.831361e+06
2.925104e+00 2.415455e+06 2.760922e+06
2.963972e+00 2.353479e+06 2.692386e+06
3.003356e+00 2.292519e+06 2.626084e+06
3.043263e+00 2.231339e+06 2.558442e+06
3.083701e+00 2.173226e+06 2.493680e+06
3.124676e+00 2.116083e+06 2.430667e+06
3.166195e+00 2.061317e+06 2.369885e+06
3.208266e+00 2.006061e+06 2.310287e+06
3.250896e+00 1.953496e+06 2.252203e+06
3.294092e+00 1.901865e+06 2.194371e+06
3.337863e+00 1.851374e+06 2.140462e+06
3.382215e+00 1.802137e+06 2.086256e+06
3.427156e+00 1.751843e+06 2.034391e+06
3.472694e+00 1.704857e+06 1.983522e+06
3.518839e+00 1.659895e+06 1.933030e+06
3.565595e+00 1.616925e+06 1.884161e+06
3.612974e+00 1.574031e+06 1.836559e+06
3.660981e+00 1.531188e+06 1.789894e+06
3.709627e+00 1.489888e+06 1.744370e+06
3.758918e+00 1.449524e+06 1.699991e+06
3.808866e+00 1.410564e+06 1.656959e+06
3.859476e+00 1.371854e+06 1.614549e+06
3.910759e+00 1.333922e+06 1.573052e+06
3.962723e+00 1.297493e+06 1.532636e+06
4.015378e+00 1.261866e+06 1.493454e+06
4.068733e+00 1.227031e+06 1.455689e+06
4.122796e+00 1.193029e+06 1.418290e+06
4.177578e+00 1.160116e+06 1.381974e+06
4.233088e+00 1.128614e+06 1.346155e+06
4.289336e+00 1.097455e+06 1.311853e+06
4.346330e+00 1.066409e+06 1.278085e+06
4.404083e+00 1.036096e+06 1.245116e+06
4.462602e+00 1.006996e+06 1.212871e+06
4.521899e+00 9.781348e+05 1.181476e+06
4.581984e+00 9.499524e+05 1.150565e+06
4.642868e+00 9.236385e+05 1.120261e+06
4.704559e+00 8.971129e+05 1.090941e+06
4.767072e+00 8.712847e+05 1.062279e+06
4.830414e+00 8.461206e+05 1.033737e+06
4.894599e+00 8.219627e+05 1.006836e+06
4.959636e+00 7.980467e+05 9.803081e+05
5.025538e+00 7.745501e+05 9.547496e+05
5.092315e+00 7.521692e+05 9.302035e+05
5.159980e+00 7.302615e+05 9.055394e+05
5.228543e+00 7.083560e+05 8.814779e+05
5.298017e+00 6.875570e+05 8.582099e+05
5.368415e+00 6.678830e+05 8.352597e+05
5.439748e+00 6.484321e+05 8.130605e+05
5.512030e+00 6.292002e+05 7.912956e+05
5.585270e+00 6.106059e+05 7.700634e+05
5.659486e+00 5.922110e+05 7.496610e+05
5.734686e+00 5.745729e+05 7.295213e+05
5.810887e+00 5.572606e+05 7.100784e+05
5.888099e+00 5.405412e+05 6.910783e+05
5.966338e+00 5.245909e+05 6.720221e+05
6.045615e+00 5.089163e+05 6.534799e+05
6.125947e+00 4.937341e+05 6.354757e+05
6.207345e+00 4.790646e+05 6.178687e+05
6.289827e+00 4.648221e+05 6.010278e+05
6.373403e+00 4.505227e+05 5.846337e+05
6.458091e+00 4.368757e+05 5.685978e+05
6.543902e+00 4.236022e+05 5.525704e+05
6.630854e+00 4.107391e+05 5.368231e+05
6.718963e+00 3.982832e+05 5.213950e+05
6.808240e+00 3.860036e+05 5.069398e+05
6.898706e+00 3.741407e+05 4.932217e+05
6.990372e+00 3.626041e+05 4.797970e+05
7.083258e+00 3.512940e+05 4.666746e+05
7.177377e+00 3.402698e+05 4.534385e+05
7.272748e+00 3.295751e+05 4.405220e+05
7.369384e+00 3.191966e+05 4.279275e+05
7.467306e+00 3.091000e+05 4.156243e+05
7.566527e+00 2.992786e+05 4.037234e+05
7.667069e+00 2.897434e+05 3.923032e+05
7.768945e+00 2.806087e+05 3.808473e+05
7.872176e+00 2.715185e+05 3.699690e+05
7.976777e+00 2.626238e+05 3.593617e+05
8.082770e+00 2.540974e+05 3.490305e+05
8.190169e+00 2.459151e+05 3.389581e+05
8.298998e+00 2.379988e+05 3.291294e+05
8.409270e+00 2.302485e+05 3.195796e+05
8.521008e+00 2.225584e+05 3.102323e+05
8.634233e+00 2.150914e+05 3.010783e+05
8.748960e+00 2.078792e+05 2.922931e+05
8.865213e+00 2.009163e+05 2.836412e+05
8.983009e+00 1.941726e+05 2.752202e+05
9.102372e+00 1.877110e+05 2.670265e+05
9.223320e+00 1.814791e+05 2.590468e+05
9.345877e+00 1.753210e+05 2.512753e+05
9.470059e+00 1.693528e+05 2.436899e+05
9.595895e+00 1.634779e+05 2.362817e+05
9.723399e+00 1.577584e+05 2.290682e+05
9.852601e+00 1.521806e+05 2.218523e+05
9.983517e+00 1.468748e+05 2.151480e+05
1.011617e+01 1.418623e+05 2.085107e+05
1.025059e+01 1.370308e+05 2.021063e+05
1.038680e+01 1.322752e+05 1.957122e+05
1.052481e+01 1.276159e+05 1.895041e+05
1.066466e+01 1.230272e+05 1.834093e+05
1.080637e+01 1.186284e+05 1.777117e+05
1.094996e+01 1.141950e+05 1.721984e+05
1.109546e+01 1.100655e+05 1.665852e+05
1.124289e+01 1.061877e+05 1.612266e+05
1.139228e+01 1.023879e+05 1.560233e+05
1.154366e+01 9.847230e+04 1.509347e+05
1.169704e+01 9.469802e+04 1.460998e+05
1.185247e+01 9.117350e+04 1.413169e+05
1.200996e+01 8.777949e+04 1.368414e+05
1.216954e+01 8.440253e+04 1.324076e+05
1.233125e+01 8.113636e+04 1.280368e+05
1.249510e+01 7.801666e+04 1.239191e+05
1.266113e+01 7.501053e+04 1.198373e+05
1.282936e+01 7.219069e+04 1.157839e+05
1.299984e+01 6.947745e+04 1.119702e+05
1.317257e+01 6.686411e+04 1.082417e+05
1.334760e+01 6.433672e+04 1.045262e+05
1.352496e+01 6.186204e+04 1.011460e+05
1.370467e+01 5.943825e+04 9.765572e+04
1.388677e+01 5.707525e+04 9.437327e+04
1.407129e+01 5.483670e+04 9.117824e+04
1.425827e+01 5.258463e+04 8.806048e+04
1.444772e+01 5.043670e+04 8.499038e+04
1.463970e+01 4.841158e+04 8.207433e+04
1.483423e+01 4.645612e+04 7.918512e+04
1.503134e+01 4.454186e+04 7.648395e+04
1.523107e+01 4.277626e+04 7.376247e+04
1.543345e+01 4.098703e+04 7.114630e+04
1.563852e+01 3.926345e+04 6.859974e+04
1.584632e+01 3.763217e+04 6.619750e+04
1.605688e+01 3.603479e+04 6.384967e+04
1.627024e+01 3.452601e+04 6.153506e+04
1.648643e+01 3.306350e+04 5.928991e+04
1.670549e+01 3.159631e+04 5.711453e+04
1.692747e+01 3.019505e+04 5.500482e+04
1.715239e+01 2.893422e+04 5.294853e+04
1.738031e+01 2.764768e+04 5.095944e+04
1.761125e+01 2.641496e+04 4.904007e+04
1.784526e+01 2.525535e+04 4.719957e+04
1.808238e+01 2.413984e+04 4.539476e+04
1.832265e+01 2.306881e+04 4.366150e+04
1.856611e+01 2.203280e+04 4.205985e+04
1.881281e+01 2.102691e+04 4.047212e+04
1.906279e+01 2.002786e+04 3.891923e+04
1.931609e+01 1.907831e+04 3.747608e+04
1.957275e+01 1.817982e+04 3.604005e+04
1.983282e+01 1.730083e+04 3.465613e+04
2.009635e+01 1.646644e+04 3.330606e+04
2.036338e+01 1.566662e+04 3.204239e+04
2.063397e+01 1.492723e+04 3.080039e+04
2.090814e+01 1.420742e+04 2.959625e+04
2.118596e+01 1.352369e+04 2.843004e+04
2.146747e+01 1.287303e+04 2.730452e+04
2.175272e+01 1.222115e+04 2.623332e+04
2.204176e+01 1.162806e+04 2.520969e+04
2.233464e+01 1.103734e+04 2.420772e+04
2.263141e+01 1.047326e+04 2.325281e+04
2.293213e+01 9.963307e+03 2.237067e+04
2.323684e+01 9.452026e+03 2.148285e+04
2.354560e+01 8.978841e+03 2.059874e+04
2.385847e+01 8.521453e+03 1.975663e+04
2.417549e+01 8.061925e+03 1.896434e+04
2.449672e+01 7.630804e+03 1.817289e+04
2.482223e+01 7.214689e+03 1.744436e+04
2.515205e+01 6.832285e+03 1.673022e+04
2.548626e+01 6.457503e+03 1.605042e+04
2.582491e+01 6.097518e+03 1.541726e+04
2.616806e+01 5.756538e+03 1.477921e+04
2.651577e+01 5.432072e+03 1.416564e+04
2.686810e+01 5.123635e+03 1.358536e+04
2.722511e+01 4.831429e+03 1.302521e+04
2.758686e+01 4.564731e+03 1.251646e+04
2.795343e+01 4.305021e+03 1.198646e+04
2.832486e+01 4.063527e+03 1.148656e+04
2.870123e+01 3.834152e+03 1.101296e+04
2.908260e+01 3.610569e+03 1.058703e+04
2.946904e+01 3.397406e+03 1.017701e+04
2.986061e+01 3.203989e+03 9.780748e+03
3.025739e+01 3.019957e+03 9.397005e+03
3.065943e+01 2.843925e+03 9.012179e+03
3.106682e+01 2.680369e+03 8.627102e+03
3.147962e+01 2.521093e+03 8.252068e+03
3.189790e+01 2.376983e+03 7.893572e+03
3.232175e+01 2.236030e+03 7.568164e+03
3.275122e+01 2.095777e+03 7.255568e+03
3.318641e+01 1.964033e+03 6.959983e+03
3.362738e+01 1.843980e+03 6.674384e+03
3.407421e+01 1.735810e+03 6.401712e+03
3.452697e+01 1.629696e+03 6.142190e+03
3.498575e+01 1.526984e+03 5.891629e+03
3.545062e+01 1.432787e+03 5.647061e+03
3.592168e+01 1.344397e+03 5.406377e+03
3.639899e+01 1.257822e+03 5.189762e+03
3.688264e+01 1.179261e+03 4.979497e+03
3.737272e+01 1.102524e+03 4.771497e+03
3.786932e+01 1.030920e+03 4.580435e+03
3.837251e+01 9.666756e+02 4.400724e+03
3.888239e+01 9.028301e+02 4.222373e+03
3.939903e+01 8.456630e+02 4.049535e+03
3.992256e+01 7.896240e+02 3.883772e+03
4.045303e+01 7.399275e+02 3.723113e+03
4.099054e+01 6.932759e+02 3.568341e+03
4.153521e+01 6.494269e+02 3.420001e+03
4.208711e+01 6.087196e+02 3.288236e+03
4.264635e+01 5.708225e+02 3.154436e+03
4.321301e+01 5.357360e+02 3.024482e+03
4.378721e+01 5.030061e+02 2.896886e+03
4.436903e+01 4.721652e+02 2.774678e+03
4.495860e+01 4.409176e+02 2.657624e+03
4.555598e+01 4.133192e+02 2.549330e+03
4.616131e+01 3.870883e+02 2.451610e+03
4.677468e+01 3.625766e+02 2.356585e+03
4.739621e+01 3.394948e+02 2.261581e+03
4.802598e+01 3.175099e+02 2.170412e+03
4.866413e+01 2.975790e+02 2.082919e+03
4.931076e+01 2.780641e+02 1.998958e+03
4.996598e+01 2.586064e+02 1.918382e+03
5.062990e+01 2.406756e+02 1.841058e+03
5.130266e+01 2.252766e+02 1.766685e+03
5.198434e+01 2.114657e+02 1.694781e+03
5.267508e+01 1.975055e+02 1.625551e+03
5.337501e+01 1.852730e+02 1.559149e+03
5.408422e+01 1.735837e+02 1.495461e+03
5.480288e+01 1.621045e+02 1.434373e+03
5.553107e+01 1.515632e+02 1.375783e+03
5.626895e+01 1.415827e+02 1.319585e+03
5.701662e+01 1.322914e+02 1.265684e+03
5.777424e+01 1.229643e+02 1.213984e+03
5.854191e+01 1.143096e+02 1.164397e+03
5.931980e+01 1.067544e+02 1.116835e+03
6.010801e+01 9.995925e+01 1.071217e+03
6.090670e+01 9.362606e+01 1.027461e+03
6.171600e+01 8.769537e+01 9.854944e+02
6.253606e+01 8.214023e+01 9.452410e+02
6.336701e+01 7.693188e+01 9.066329e+02
6.420901e+01 7.202713e+01 8.696010e+02
6.506218e+01 6.747928e+01 8.340829e+02
6.592669e+01 6.328195e+01 8.000157e+02
6.680270e+01 5.915883e+01 7.673396e+02
6.769035e+01 5.533550e+01 7.359989e+02
6.858979e+01 5.189121e+01 7.059379e+02
6.950117e+01 4.857685e+01 6.771056e+02
7.042468e+01 4.547417e+01 6.494503e+02
7.136045e+01 4.256974e+01 6.229254e+02
7.230866e+01 3.985080e+01 5.974836e+02
7.326946e+01 3.730558e+01 5.730815e+02
7.424304e+01 3.493554e+01 5.496758e+02
7.522955e+01 3.271883e+01 5.272266e+02
7.622917e+01 3.065247e+01 5.056939e+02
7.724207e+01 2.866355e+01 4.850414e+02
7.826843e+01 2.678766e+01 4.652320e+02
7.930842e+01 2.503714e+01 4.462322e+02
8.036224e+01 2.348787e+01 4.280082e+02
8.143005e+01 2.195155e+01 4.105289e+02
8.251207e+01 2.049825e+01 3.938035e+02
8.360844e+01 1.914994e+01 3.777724e+02
8.471939e+01 1.789091e+01 3.623941e+02
8.584512e+01 1.669750e+01 3.476340e+02
8.698578e+01 1.558561e+01 3.334965e+02
8.814162e+01 1.455374e+01 3.202660e+02
8.931279e+01 1.359020e+01 3.072133e+02
9.049956e+01 1.269043e+01 2.944501e+02
9.170206e+01 1.185621e+01 2.824162e+02
9.292057e+01 1.111099e+01 2.709204e+02
9.415525e+01 1.044460e+01 2.598928e+02
9.540636e+01 9.785723e+00 2.492636e+02
9.667406e+01 9.133167e+00 2.390203e+02
9.795863e+01 8.525754e+00 2.291978e+02
9.926025e+01 7.956488e+00 2.197793e+02
1.005792e+02 7.426056e+00 2.107747e+02
1.019157e+02 6.942145e+00 2.022749e+02
1.032699e+02 6.492706e+00 1.941268e+02
1.046421e+02 6.076936e+00 1.863073e+02
1.060325e+02 5.687782e+00 1.788027e+02
1.074414e+02 5.314580e+00 1.716004e+02
1.088690e+02 4.961371e+00 1.646886e+02
1.103156e+02 4.628384e+00 1.580292e+02
1.117815e+02 4.319151e+00 1.516221e+02
1.132668e+02 4.040439e+00 1.454749e+02
1.147718e+02 3.784632e+00 1.395772e+02
1.162969e+02 3.536419e+00 1.339185e+02
1.178422e+02 3.305537e+00 1.284893e+02
1.194080e+02 3.091284e+00 1.232802e+02
1.209946e+02 2.897048e+00 1.182827e+02
1.226024e+02 2.715180e+00 1.134875e+02
1.242315e+02 2.546535e+00 1.088869e+02
1.258822e+02 2.388364e+00 1.044728e+02
1.275548e+02 2.237512e+00 1.002380e+02
1.292497e+02 2.093517e+00 9.617464e+01
1.309672e+02 1.962670e+00 9.227609e+01
1.327074e+02 1.831055e+00 8.853565e+01
1.344707e+02 1.702734e+00 8.494703e+01
1.362575e+02 1.583766e+00 8.150379e+01
1.380681e+02 1.474525e+00 7.820017e+01
1.399027e+02 1.382544e+00 7.503053e+01
1.417616e+02 1.296403e+00 7.198953e+01
1.436453e+02 1.215627e+00 6.907171e+01
1.455540e+02 1.139885e+00 6.627222e+01
1.474881e+02 1.068863e+00 6.358022e+01
1.494478e+02 1.002269e+00 6.099609e+01
1.514336e+02 9.398221e-01 5.851694e+01
1.534458e+02 8.812667e-01 5.613859e+01
1.554848e+02 8.263604e-01 5.385696e+01
1.575507e+02 7.741067e-01 5.166818e+01
1.596442e+02 7.231250e-01 4.956832e+01
1.617655e+02 6.755290e-01 4.755383e+01
1.639150e+02 6.310660e-01 4.562125e+01
1.660930e+02 5.895309e-01 4.376733e+01
1.683000e+02 5.508364e-01 4.198870e+01
1.705363e+02 5.148457e-01 4.028239e+01
1.728022e+02 4.812096e-01 3.864553e+01
1.750984e+02 4.501850e-01 3.707514e+01
1.774250e+02 4.224148e-01 3.556860e+01
1.797826e+02 3.963591e-01 3.412331e+01
1.821714e+02 3.719129e-01 3.273684e+01
1.845920e+02 3.489871e-01 3.140667e+01
1.870448e+02 3.275904e-01 3.013058e+01
1.895302e+02 3.075057e-01 2.890637e+01
1.920486e+02 2.886533e-01 2.773197e+01
1.946004e+02 2.701442e-01 2.660527e+01
1.971862e+02 2.525066e-01 2.552436e+01
1.998064e+02 2.355957e-01 2.448740e+01
2.024612e+02 2.198183e-01 2.349263e+01
2.051515e+02 2.050972e-01 2.253741e+01
2.078775e+02 1.913621e-01 2.161674e+01
2.106397e+02 1.785471e-01 2.073371e+01
2.134385e+02 1.665909e-01 1.988680e+01
2.162746e+02 1.554350e-01 1.912774e+01
2.191484e+02 1.450264e-01 1.838663e+01
2.220603e+02 1.356412e-01 1.764200e+01
2.250109e+02 1.268955e-01 1.692751e+01
2.280008e+02 1.187138e-01 1.624198e+01
2.310304e+02 1.110598e-01 1.558424e+01
2.341001e+02 1.038997e-01 1.495317e+01
2.372108e+02 9.720098e-02 1.434765e+01
2.403628e+02 9.094318e-02 1.376667e+01
2.435567e+02 8.513500e-02 1.320923e+01
2.467928e+02 7.969790e-02 1.267440e+01
2.500721e+02 7.460774e-02 1.216122e+01
2.533950e+02 6.984262e-02 1.166884e+01
2.567621e+02 6.538176e-02 1.119641e+01
2.601737e+02 6.120591e-02 1.074313e+01
2.636308e+02 5.729658e-02 1.030821e+01
2.671339e+02 5.363686e-02 9.890904e+00
2.706835e+02 5.021084e-02 9.490507e+00
2.742801e+02 4.700372e-02 9.106348e+00
2.779247e+02 4.400128e-02 8.737737e+00
2.816176e+02 4.119058e-02 8.384059e+00
2.853595e+02 3.855948e-02 8.044723e+00
2.891513e+02 3.609629e-02 7.719120e+00
2.929934e+02 3.379042e-02 7.406707e+00
2.968867e+02 3.161819e-02 7.106949e+00
3.008315e+02 2.951838e-02 6.819346e+00
3.048288e+02 2.755795e-02 6.543381e+00
3.088793e+02 2.572773e-02 6.278593e+00
3.129836e+02 2.401907e-02 6.023789e+00
3.171422e+02 2.242395e-02 5.779004e+00
3.213563e+02 2.093471e-02 5.544166e+00
3.256264e+02 1.956855e-02 5.318881e+00
3.299532e+02 1.831173e-02 5.104016e+00
3.343374e+02 1.714248e-02 4.970423e+00
3.387800e+02 1.605672e-02 4.812712e+00
3.432816e+02 1.503973e-02 4.615328e+00
3.478430e+02 1.408116e-02 4.426048e+00
3.524648e+02 1.317908e-02 4.244545e+00
3.571483e+02 1.233475e-02 4.070485e+00
3.618940e+02 1.154450e-02 3.903570e+00
3.667025e+02 1.080490e-02 3.743513e+00
3.715752e+02 1.011265e-02 3.590020e+00
3.765125e+02 9.464734e-03 3.442745e+00
3.815155e+02 8.858323e-03 3.301342e+00
3.865848e+02 8.290783e-03 3.165758e+00
3.917216e+02 7.759572e-03 3.035743e+00
3.969267e+02 7.262390e-03 2.911072e+00
4.022009e+02 6.792333e-03 2.791527e+00
4.075450e+02 6.350842e-03 2.676900e+00
4.129604e+02 5.938017e-03 2.566980e+00
4.184477e+02 5.552020e-03 2.461579e+00
4.240079e+02 5.191102e-03 2.360510e+00
4.296418e+02 4.853652e-03 2.263599e+00
4.353507e+02 4.538115e-03 2.170668e+00
4.411355e+02 4.243085e-03 2.081555e+00
4.469972e+02 3.967226e-03 1.996106e+00
4.529365e+02 3.709306e-03 1.914171e+00
4.589550e+02 3.468136e-03 1.835600e+00
4.650535e+02 3.242088e-03 1.760258e+00
4.712327e+02 3.027375e-03 1.688015e+00
4.774943e+02 2.826866e-03 1.618737e+00
4.838391e+02 2.639632e-03 1.552306e+00
4.902682e+02 2.464792e-03 1.488605e+00
4.967825e+02 2.301822e-03 1.427523e+00
5.033836e+02 2.149755e-03 1.368949e+00
5.100724e+02 2.007729e-03 1.312781e+00
5.168501e+02 1.875082e-03 1.258920e+00
5.237176e+02 1.751201e-03 1.207275e+00
5.306766e+02 1.635497e-03 1.157748e+00
5.377280e+02 1.527434e-03 1.110256e+00
5.448732e+02 1.426507e-03 1.065647e+00
5.521130e+02 1.332251e-03 1.023143e+00
5.594493e+02 1.244217e-03 9.823355e-01
5.668832e+02 1.161997e-03 9.431594e-01
5.744157e+02 1.085208e-03 9.055488e-01
5.820481e+02 1.013528e-03 8.694427e-01
5.897822e+02 9.467160e-04 8.347781e-01
5.976190e+02 8.843066e-04 8.014984e-01
6.055597e+02 8.260127e-04 7.695498e-01
6.136062e+02 7.715583e-04 7.388764e-01
6.217596e+02 7.206919e-04 7.094283e-01
6.300214e+02 6.734388e-04 6.811566e-01
6.383925e+02 6.302166e-04 6.540154e-01
6.468753e+02 5.897660e-04 6.279571e-01
6.554708e+02 5.513140e-04 6.029395e-01
6.641805e+02 5.114884e-04 5.789213e-01
6.730056e+02 4.781949e-04 5.558629e-01
6.819483e+02 4.470703e-04 5.337244e-01
6.910098e+02 4.179701e-04 5.124699e-01
7.001918e+02 3.907632e-04 4.920640e-01
7.094953e+02 3.653275e-04 4.724734e-01
7.189229e+02 3.415459e-04 4.536643e-01
7.284757e+02 3.193113e-04 4.356058e-01
7.381551e+02 2.985291e-04 4.182689e-01
7.479634e+02 2.791846e-04 4.016232e-01
7.579022e+02 2.610926e-04 3.856418e-01
7.679730e+02 2.441724e-04 3.702981e-01
7.781771e+02 2.283487e-04 3.555673e-01
7.885173e+02 2.135494e-04 3.414236e-01
7.989949e+02 1.997084e-04 3.278441e-01
8.096118e+02 1.867641e-04 3.148063e-01
8.203692e+02 1.746587e-04 3.022892e-01
8.312700e+02 1.633368e-04 2.902707e-01
8.423157e+02 1.527484e-04 2.787316e-01
8.535081e+02 1.428460e-04 2.676527e-01
8.648488e+02 1.335855e-04 2.570159e-01
8.763407e+02 1.249245e-04 2.468028e-01
8.879852e+02 1.168248e-04 2.369969e-01
8.997845e+02 1.092497e-04 2.275818e-01
9.117401e+02 1.021658e-04 2.185425e-01
9.238550e+02 9.554057e-05 2.098630e-01
9.361309e+02 8.934473e-05 2.015294e-01
9.485695e+02 8.355060e-05 1.935282e-01
9.611738e+02 7.813168e-05 1.858455e-01
9.739456e+02 7.306403e-05 1.783736e-01
9.868871e+02 6.832474e-05 1.712018e-01
1.000000e+03 6.389284e-05 1.643196e-01
