Energy(MeV)	Incoming Spectral Fluence(MeV-1 cm-2)	Residual Spectral Fluence(MeV-1 cm-2)
1.0000e-03	0.0000e+00	1.0565e+05
1.5000e-03	0.0000e+00	1.0567e+05
2.0000e-03	0.0000e+00	1.0569e+05
2.5000e-03	0.0000e+00	1.0570e+05
3.0000e-03	0.0000e+00	1.0571e+05
3.5000e-03	0.0000e+00	1.0572e+05
4.0000e-03	0.0000e+00	1.0573e+05
4.5000e-03	0.0000e+00	1.0574e+05
5.0000e-03	0.0000e+00	1.0574e+05
5.5000e-03	0.0000e+00	1.0575e+05
6.0000e-03	0.0000e+00	1.0575e+05
6.5000e-03	0.0000e+00	1.0576e+05
7.0000e-03	0.0000e+00	1.0576e+05
7.5000e-03	0.0000e+00	1.0576e+05
8.0000e-03	0.0000e+00	1.0577e+05
8.5000e-03	0.0000e+00	1.0577e+05
9.0000e-03	0.0000e+00	1.0577e+05
9.5000e-03	0.0000e+00	1.0578e+05
1.0000e-02	0.0000e+00	1.0578e+05
1.5000e-02	0.0000e+00	1.0580e+05
2.0000e-02	0.0000e+00	1.0582e+05
2.5000e-02	0.0000e+00	1.0583e+05
3.0000e-02	0.0000e+00	1.0584e+05
3.5000e-02	0.0000e+00	1.0585e+05
4.0000e-02	0.0000e+00	1.0589e+05
4.5000e-02	0.0000e+00	1.0592e+05
5.0000e-02	9.9041e+10	1.0595e+05
5.1684e-02	9.6019e+10	1.0596e+05
5.3424e-02	9.3061e+10	1.0597e+05
5.5224e-02	9.0304e+10	1.0598e+05
5.7083e-02	8.7564e+10	1.0599e+05
5.9006e-02	8.4949e+10	1.0600e+05
6.0993e-02	8.2340e+10	1.0601e+05
6.3047e-02	7.9837e+10	1.0602e+05
6.5170e-02	7.7428e+10	1.0602e+05
6.7365e-02	7.5084e+10	1.0603e+05
6.9633e-02	7.2827e+10	1.0604e+05
7.1978e-02	7.0604e+10	1.0605e+05
7.4402e-02	6.8490e+10	1.0606e+05
7.6908e-02	6.6454e+10	1.0607e+05
7.9498e-02	6.4430e+10	1.0608e+05
8.2175e-02	6.2525e+10	1.0609e+05
8.4943e-02	6.0601e+10	1.0610e+05
8.7803e-02	5.8833e+10	1.0611e+05
9.0760e-02	5.7057e+10	1.0612e+05
9.3817e-02	5.5293e+10	1.0614e+05
9.6976e-02	5.3621e+10	1.0616e+05
1.0024e-01	5.1989e+10	1.0617e+05
1.0362e-01	5.0460e+10	1.0619e+05
1.0711e-01	4.8985e+10	1.0621e+05
1.1071e-01	4.7503e+10	1.0623e+05
1.1444e-01	4.6093e+10	1.0625e+05
1.1830e-01	4.4731e+10	1.0626e+05
1.2228e-01	4.3381e+10	1.0628e+05
1.2640e-01	4.2073e+10	1.0630e+05
1.3066e-01	4.0800e+10	1.0632e+05
1.3506e-01	3.9579e+10	1.0634e+05
1.3960e-01	3.8405e+10	1.0635e+05
1.4430e-01	3.7208e+10	1.0637e+05
1.4916e-01	3.6063e+10	1.0640e+05
1.5419e-01	3.4981e+10	1.0643e+05
1.5938e-01	3.3889e+10	1.0645e+05
1.6475e-01	3.2846e+10	1.0648e+05
1.7030e-01	3.1848e+10	1.0651e+05
1.7603e-01	3.0899e+10	1.0653e+05
1.8196e-01	2.9983e+10	1.0656e+05
1.8809e-01	2.9012e+10	1.0659e+05
1.9442e-01	2.8125e+10	1.0662e+05
2.0097e-01	2.7268e+10	1.0664e+05
2.0774e-01	2.6424e+10	1.0668e+05
2.1473e-01	2.5586e+10	1.0672e+05
2.2196e-01	2.4805e+10	1.0675e+05
2.2944e-01	2.4038e+10	1.0679e+05
2.3717e-01	2.3292e+10	1.0682e+05
2.4515e-01	2.2582e+10	1.0686e+05
2.5341e-01	2.1903e+10	1.0689e+05
2.6194e-01	2.1246e+10	1.0694e+05
2.7076e-01	2.0593e+10	1.0698e+05
2.7988e-01	1.9954e+10	1.0703e+05
2.8931e-01	1.9331e+10	1.0707e+05
2.9905e-01	1.8721e+10	1.0712e+05
3.0912e-01	1.8156e+10	1.0716e+05
3.1953e-01	1.7572e+10	1.0721e+05
3.3029e-01	1.7036e+10	1.0727e+05
3.4142e-01	1.6522e+10	1.0732e+05
3.5291e-01	1.6014e+10	1.0737e+05
3.6480e-01	1.5520e+10	1.0743e+05
3.7708e-01	1.5031e+10	1.0749e+05
3.8978e-01	1.4560e+10	1.0755e+05
4.0291e-01	1.4110e+10	1.0761e+05
4.1648e-01	1.3681e+10	1.0767e+05
4.3050e-01	1.3267e+10	1.0774e+05
4.4500e-01	1.2846e+10	1.0781e+05
4.5999e-01	1.2450e+10	1.0788e+05
4.7548e-01	1.2078e+10	1.0795e+05
4.9149e-01	1.1702e+10	1.0803e+05
5.0804e-01	1.1342e+10	1.0811e+05
5.2515e-01	1.0989e+10	1.0819e+05
5.4284e-01	1.0652e+10	1.0827e+05
5.6112e-01	1.0320e+10	1.0835e+05
5.8001e-01	9.9935e+09	1.0844e+05
5.9955e-01	9.6812e+09	1.0853e+05
6.1974e-01	9.3735e+09	1.0862e+05
6.4061e-01	9.0679e+09	1.0871e+05
6.6218e-01	8.7831e+09	1.0881e+05
6.8448e-01	8.5156e+09	1.0891e+05
7.0753e-01	8.2410e+09	1.0901e+05
7.3136e-01	7.9757e+09	1.0912e+05
7.5599e-01	7.7223e+09	1.0923e+05
7.8145e-01	7.4741e+09	1.0935e+05
8.0777e-01	7.2342e+09	1.0947e+05
8.3497e-01	7.0102e+09	1.0960e+05
8.6309e-01	6.7802e+09	1.0973e+05
8.9215e-01	6.5592e+09	1.0987e+05
9.2220e-01	6.3487e+09	1.1001e+05
9.5326e-01	6.1466e+09	1.1015e+05
9.8536e-01	5.9423e+09	1.1031e+05
1.0185e+00	5.7510e+09	1.1046e+05
1.0528e+00	5.5657e+09	1.1063e+05
1.0883e+00	5.3883e+09	1.1079e+05
1.1249e+00	5.2149e+09	1.1097e+05
1.1628e+00	5.0490e+09	1.1115e+05
1.2020e+00	4.8802e+09	1.1133e+05
1.2425e+00	4.7214e+09	1.1153e+05
1.2843e+00	4.5717e+09	1.1173e+05
1.3276e+00	4.4198e+09	1.1193e+05
1.3723e+00	4.2731e+09	1.1214e+05
1.4185e+00	4.1316e+09	1.1236e+05
1.4663e+00	3.9935e+09	1.1259e+05
1.5156e+00	3.8621e+09	1.1282e+05
1.5667e+00	3.7367e+09	1.1307e+05
1.6194e+00	3.6151e+09	1.1332e+05
1.6740e+00	3.4917e+09	1.1358e+05
1.7304e+00	3.3770e+09	1.1384e+05
1.7886e+00	3.2636e+09	1.1412e+05
1.8489e+00	3.1553e+09	1.1440e+05
1.9111e+00	3.0503e+09	1.1470e+05
1.9755e+00	2.9482e+09	1.1500e+05
2.0420e+00	2.8468e+09	1.1532e+05
2.1108e+00	2.7505e+09	1.1564e+05
2.1819e+00	2.6556e+09	1.1598e+05
2.2553e+00	2.5626e+09	1.1633e+05
2.3313e+00	2.4746e+09	1.1669e+05
2.4098e+00	2.3892e+09	1.1706e+05
2.4910e+00	2.3068e+09	1.1744e+05
2.5748e+00	2.2248e+09	1.1760e+05
2.6616e+00	2.1449e+09	1.1768e+05
2.7512e+00	2.0680e+09	1.1810e+05
2.8438e+00	1.9954e+09	1.1854e+05
2.9396e+00	1.9231e+09	1.1899e+05
3.0386e+00	1.8526e+09	1.1946e+05
3.1409e+00	1.7857e+09	1.1994e+05
3.2467e+00	1.7206e+09	1.2044e+05
3.3561e+00	1.6572e+09	1.2096e+05
3.4691e+00	1.5967e+09	1.2149e+05
3.5859e+00	1.5383e+09	1.2204e+05
3.7067e+00	1.4790e+09	1.2260e+05
3.8315e+00	1.4226e+09	1.2319e+05
3.9605e+00	1.3685e+09	1.2380e+05
4.0939e+00	1.3176e+09	1.2442e+05
4.2318e+00	1.2668e+09	1.2507e+05
4.3743e+00	1.2175e+09	1.2574e+05
4.5216e+00	1.1701e+09	1.2643e+05
4.6739e+00	1.1223e+09	1.2714e+05
4.8313e+00	1.0775e+09	1.2787e+05
4.9940e+00	1.0341e+09	1.2863e+05
5.1621e+00	9.9309e+08	1.2941e+05
5.3360e+00	9.5320e+08	1.3014e+05
5.5157e+00	9.1394e+08	1.3097e+05
5.7014e+00	8.7676e+08	1.3182e+05
5.8934e+00	8.3941e+08	1.3270e+05
6.0919e+00	8.0388e+08	1.3361e+05
6.2971e+00	7.6919e+08	1.3454e+05
6.5091e+00	7.3665e+08	1.3551e+05
6.7283e+00	7.0464e+08	1.3650e+05
6.9549e+00	6.7350e+08	1.3752e+05
7.1891e+00	6.4356e+08	1.3857e+05
7.4313e+00	6.1424e+08	1.3966e+05
7.6815e+00	5.8596e+08	1.4077e+05
7.9402e+00	5.5850e+08	1.4192e+05
8.2076e+00	5.3202e+08	1.4310e+05
8.4840e+00	5.0645e+08	1.4431e+05
8.7697e+00	4.8181e+08	1.4556e+05
9.0651e+00	4.5802e+08	1.4685e+05
9.3703e+00	4.3514e+08	1.4817e+05
9.6859e+00	4.1364e+08	1.4955e+05
1.0012e+01	3.9273e+08	1.5100e+05
1.0349e+01	3.7267e+08	1.5244e+05
1.0698e+01	3.5314e+08	1.5387e+05
1.1058e+01	3.3471e+08	1.5534e+05
1.1430e+01	3.1693e+08	1.5685e+05
1.1815e+01	2.9952e+08	1.5864e+05
1.2213e+01	2.8314e+08	1.6022e+05
1.2625e+01	2.6753e+08	1.6181e+05
1.3050e+01	2.5213e+08	1.6344e+05
1.3489e+01	2.3778e+08	1.6513e+05
1.3944e+01	2.2374e+08	1.6677e+05
1.4413e+01	2.1050e+08	1.6849e+05
1.4898e+01	1.9781e+08	1.7022e+05
1.5400e+01	1.8560e+08	1.7196e+05
1.5919e+01	1.7369e+08	1.7371e+05
1.6455e+01	1.6299e+08	1.7548e+05
1.7009e+01	1.5230e+08	1.7714e+05
1.7582e+01	1.4226e+08	1.7890e+05
1.8174e+01	1.3268e+08	1.8067e+05
1.8786e+01	1.2394e+08	1.8244e+05
1.9419e+01	1.1514e+08	1.8424e+05
2.0073e+01	1.0715e+08	1.8614e+05
2.0749e+01	9.9507e+07	1.8784e+05
2.1447e+01	9.2193e+07	1.8988e+05
2.2170e+01	8.5327e+07	1.9155e+05
2.2916e+01	7.8847e+07	1.9320e+05
2.3688e+01	7.2887e+07	1.9483e+05
2.4486e+01	6.7294e+07	1.9637e+05
2.5310e+01	6.2010e+07	1.9783e+05
2.6163e+01	5.7026e+07	1.9921e+05
2.7044e+01	5.2134e+07	2.0056e+05
2.7954e+01	4.7868e+07	2.0192e+05
2.8896e+01	4.3771e+07	2.0336e+05
2.9869e+01	4.0100e+07	2.0439e+05
3.0875e+01	3.6470e+07	2.0520e+05
3.1915e+01	3.3227e+07	2.0576e+05
3.2989e+01	3.0149e+07	2.0613e+05
3.4100e+01	2.7319e+07	2.0656e+05
3.5249e+01	2.4696e+07	2.0662e+05
3.6436e+01	2.2288e+07	2.0667e+05
3.7663e+01	2.0098e+07	2.0641e+05
3.8931e+01	1.8069e+07	2.0599e+05
4.0242e+01	1.6182e+07	2.0564e+05
4.1598e+01	1.4478e+07	2.0496e+05
4.2998e+01	1.2973e+07	2.0404e+05
4.4446e+01	1.1597e+07	2.0275e+05
4.5943e+01	1.0358e+07	2.0135e+05
4.7490e+01	9.2191e+06	1.9980e+05
4.9090e+01	8.2344e+06	1.9778e+05
5.0743e+01	7.3332e+06	1.9559e+05
5.2452e+01	6.5089e+06	1.9325e+05
5.4218e+01	5.7854e+06	1.9043e+05
5.6044e+01	5.1216e+06	1.8745e+05
5.7931e+01	4.5529e+06	1.8410e+05
5.9882e+01	4.0288e+06	1.8043e+05
6.1899e+01	3.5805e+06	1.7650e+05
6.3984e+01	3.1587e+06	1.7233e+05
6.6138e+01	2.7977e+06	1.6798e+05
6.8366e+01	2.4861e+06	1.6361e+05
7.0668e+01	2.2039e+06	1.5887e+05
7.3048e+01	1.9468e+06	1.5418e+05
7.5508e+01	1.7196e+06	1.4940e+05
7.8051e+01	1.5203e+06	1.4439e+05
8.0679e+01	1.3419e+06	1.3957e+05
8.3396e+01	1.1842e+06	1.3465e+05
8.6205e+01	1.0407e+06	1.2960e+05
8.9108e+01	9.2203e+05	1.2445e+05
9.2109e+01	8.1706e+05	1.1909e+05
9.5211e+01	7.2255e+05	1.1353e+05
9.8417e+01	6.3839e+05	1.0797e+05
1.0173e+02	5.6501e+05	1.0236e+05
1.0516e+02	5.0054e+05	9.6882e+04
1.0870e+02	4.4042e+05	9.1474e+04
1.1236e+02	3.8954e+05	8.6305e+04
1.1614e+02	3.4467e+05	8.1345e+04
1.2005e+02	3.0447e+05	7.6379e+04
1.2410e+02	2.6807e+05	7.1550e+04
1.2828e+02	2.3668e+05	6.7018e+04
1.3260e+02	2.0956e+05	6.2691e+04
1.3706e+02	1.8637e+05	5.8572e+04
1.4168e+02	1.6550e+05	5.4502e+04
1.4645e+02	1.4609e+05	5.0612e+04
1.5138e+02	1.2873e+05	4.6900e+04
1.5648e+02	1.1337e+05	4.3352e+04
1.6175e+02	1.0026e+05	4.0066e+04
1.6720e+02	8.8328e+04	3.7059e+04
1.7283e+02	7.8081e+04	3.4169e+04
1.7865e+02	6.9187e+04	3.1376e+04
1.8466e+02	6.1071e+04	2.8762e+04
1.9088e+02	5.3977e+04	2.6388e+04
1.9731e+02	4.7705e+04	2.4137e+04
2.0395e+02	4.2343e+04	2.1978e+04
2.1082e+02	3.7495e+04	1.9967e+04
2.1792e+02	3.3039e+04	1.8121e+04
2.2526e+02	2.9253e+04	1.6412e+04
2.3285e+02	2.5848e+04	1.4896e+04
2.4069e+02	2.2755e+04	1.3506e+04
2.4880e+02	2.0052e+04	1.2229e+04
2.5717e+02	1.7622e+04	1.1048e+04
2.6583e+02	1.5562e+04	9.9837e+03
2.7479e+02	1.3739e+04	9.0483e+03
2.8404e+02	1.2128e+04	8.1883e+03
2.9361e+02	1.0719e+04	7.3847e+03
3.0349e+02	9.5176e+03	6.6599e+03
3.1371e+02	8.4386e+03	6.0051e+03
3.2428e+02	7.4563e+03	5.4129e+03
3.3520e+02	6.6128e+03	4.8789e+03
3.4649e+02	5.8668e+03	4.3911e+03
3.5816e+02	5.2064e+03	3.9501e+03
3.7022e+02	4.6133e+03	3.5375e+03
3.8269e+02	4.0961e+03	3.1637e+03
3.9557e+02	3.6201e+03	2.8291e+03
4.0890e+02	3.1947e+03	2.5336e+03
4.2267e+02	2.8204e+03	2.2693e+03
4.3690e+02	2.5004e+03	2.0327e+03
4.5161e+02	2.2165e+03	1.8180e+03
4.6682e+02	1.9642e+03	1.6228e+03
4.8254e+02	1.7373e+03	1.4501e+03
4.9879e+02	1.5375e+03	1.2994e+03
5.1559e+02	1.3642e+03	1.1653e+03
5.3295e+02	1.2152e+03	1.0425e+03
5.5090e+02	1.0799e+03	9.3016e+02
5.6946e+02	9.5598e+02	8.3022e+02
5.8863e+02	8.4748e+02	7.4392e+02
6.0846e+02	7.5470e+02	6.6627e+02
6.2895e+02	6.7205e+02	5.9388e+02
6.5013e+02	5.9555e+02	5.2841e+02
6.7202e+02	5.2674e+02	4.6912e+02
6.9465e+02	4.6517e+02	4.1651e+02
7.1805e+02	4.1074e+02	3.6947e+02
7.4223e+02	3.6262e+02	3.2765e+02
7.6722e+02	3.2008e+02	2.9042e+02
7.9306e+02	2.8248e+02	2.5738e+02
8.1977e+02	2.4926e+02	2.2814e+02
8.4738e+02	2.2014e+02	2.0253e+02
8.7591e+02	1.9480e+02	1.7957e+02
9.0541e+02	1.7198e+02	1.5920e+02
9.3590e+02	1.5202e+02	1.4122e+02
9.6742e+02	1.3447e+02	1.2545e+02
1.0000e+03	1.1919e+02	1.1150e+02