Energy(MeV)  SpectralFluence(cm^-2 MeV^-1)
5.000000e-02 9.904085e+10
5.168383e-02 9.601862e+10
5.342437e-02 9.306119e+10
5.522353e-02 9.030427e+10
5.708327e-02 8.756381e+10
5.900565e-02 8.494876e+10
6.099276e-02 8.233986e+10
6.304680e-02 7.983674e+10
6.517000e-02 7.742809e+10
6.736471e-02 7.508434e+10
6.963333e-02 7.282661e+10
7.197835e-02 7.060435e+10
7.440234e-02 6.848986e+10
7.690796e-02 6.645396e+10
7.949797e-02 6.443013e+10
8.217519e-02 6.252498e+10
8.494258e-02 6.060083e+10
8.780317e-02 5.883282e+10
9.076008e-02 5.705732e+10
9.381658e-02 5.529346e+10
9.697601e-02 5.362108e+10
1.002418e-01 5.198947e+10
1.036177e-01 5.046031e+10
1.071072e-01 4.898532e+10
1.107142e-01 4.750258e+10
1.144426e-01 4.609312e+10
1.182967e-01 4.473099e+10
1.222805e-01 4.338064e+10
1.263985e-01 4.207319e+10
1.306552e-01 4.080031e+10
1.350553e-01 3.957942e+10
1.396035e-01 3.840491e+10
1.443048e-01 3.720801e+10
1.491646e-01 3.606348e+10
1.541879e-01 3.498070e+10
1.593805e-01 3.388885e+10
1.647479e-01 3.284582e+10
1.702960e-01 3.184750e+10
1.760310e-01 3.089879e+10
1.819592e-01 2.998301e+10
1.880869e-01 2.901231e+10
1.944211e-01 2.812478e+10
2.009685e-01 2.726787e+10
2.077365e-01 2.642372e+10
2.147324e-01 2.558587e+10
2.219638e-01 2.480510e+10
2.294388e-01 2.403821e+10
2.371656e-01 2.329153e+10
2.451525e-01 2.258222e+10
2.534084e-01 2.190280e+10
2.619424e-01 2.124583e+10
2.707637e-01 2.059279e+10
2.798822e-01 1.995425e+10
2.893077e-01 1.933116e+10
2.990506e-01 1.872051e+10
3.091216e-01 1.815564e+10
3.195318e-01 1.757194e+10
3.302926e-01 1.703604e+10
3.414157e-01 1.652184e+10
3.529135e-01 1.601374e+10
3.647984e-01 1.552038e+10
3.770836e-01 1.503134e+10
3.897825e-01 1.455951e+10
4.029091e-01 1.411023e+10
4.164778e-01 1.368135e+10
4.305033e-01 1.326694e+10
4.450013e-01 1.284610e+10
4.599874e-01 1.244983e+10
4.754783e-01 1.207773e+10
4.914908e-01 1.170203e+10
5.080426e-01 1.134199e+10
5.251518e-01 1.098910e+10
5.428371e-01 1.065216e+10
5.611181e-01 1.031981e+10
5.800147e-01 9.993473e+09
5.995476e-01 9.681192e+09
6.197384e-01 9.373513e+09
6.406091e-01 9.067913e+09
6.621827e-01 8.783104e+09
6.844828e-01 8.515629e+09
7.075339e-01 8.240978e+09
7.313613e-01 7.975740e+09
7.559911e-01 7.722261e+09
7.814504e-01 7.474144e+09
8.077670e-01 7.234180e+09
8.349699e-01 7.010247e+09
8.630889e-01 6.780192e+09
8.921549e-01 6.559230e+09
9.221997e-01 6.348671e+09
9.532563e-01 6.146580e+09
9.853588e-01 5.942309e+09
1.018542e+00 5.750957e+09
1.052844e+00 5.565718e+09
1.088300e+00 5.388326e+09
1.124950e+00 5.214868e+09
1.162835e+00 5.049045e+09
1.201995e+00 4.880163e+09
1.242474e+00 4.721366e+09
1.284317e+00 4.571724e+09
1.327568e+00 4.419824e+09
1.372276e+00 4.273094e+09
1.418490e+00 4.131628e+09
1.466260e+00 3.993523e+09
1.515639e+00 3.862075e+09
1.566680e+00 3.736724e+09
1.619441e+00 3.615143e+09
1.673978e+00 3.491712e+09
1.730352e+00 3.377039e+09
1.788625e+00 3.263561e+09
1.848860e+00 3.155317e+09
1.911123e+00 3.050291e+09
1.975484e+00 2.948236e+09
2.042011e+00 2.846816e+09
2.110780e+00 2.750474e+09
2.181864e+00 2.655582e+09
2.255341e+00 2.562621e+09
2.331294e+00 2.474580e+09
2.409804e+00 2.389174e+09
2.490958e+00 2.306799e+09
2.574845e+00 2.224795e+09
2.661558e+00 2.144869e+09
2.751190e+00 2.068019e+09
2.843841e+00 1.995355e+09
2.939612e+00 1.923072e+09
3.038609e+00 1.852614e+09
3.140939e+00 1.785677e+09
3.246715e+00 1.720609e+09
3.356054e+00 1.657183e+09
3.469074e+00 1.596708e+09
3.585901e+00 1.538291e+09
3.706663e+00 1.479050e+09
3.831491e+00 1.422644e+09
3.960522e+00 1.368467e+09
4.093900e+00 1.317623e+09
4.231769e+00 1.266822e+09
4.374280e+00 1.217494e+09
4.521592e+00 1.170106e+09
4.673864e+00 1.122335e+09
4.831264e+00 1.077477e+09
4.993965e+00 1.034075e+09
5.162145e+00 9.930909e+08
5.335989e+00 9.531953e+08
5.515687e+00 9.139413e+08
5.701437e+00 8.767573e+08
5.893443e+00 8.394095e+08
6.091914e+00 8.038809e+08
6.297070e+00 7.691900e+08
6.509134e+00 7.366472e+08
6.728340e+00 7.046400e+08
6.954928e+00 6.735005e+08
7.189147e+00 6.435589e+08
7.431253e+00 6.142399e+08
7.681513e+00 5.859566e+08
7.940201e+00 5.584957e+08
8.207601e+00 5.320167e+08
8.484005e+00 5.064480e+08
8.769719e+00 4.818051e+08
9.065053e+00 4.580239e+08
9.370334e+00 4.351384e+08
9.685896e+00 4.136355e+08
1.001208e+01 3.927345e+08
1.034926e+01 3.726704e+08
1.069779e+01 3.531388e+08
1.105805e+01 3.347130e+08
1.143045e+01 3.169263e+08
1.181539e+01 2.995201e+08
1.221329e+01 2.831363e+08
1.262460e+01 2.675276e+08
1.304975e+01 2.521285e+08
1.348922e+01 2.377819e+08
1.394350e+01 2.237363e+08
1.441307e+01 2.104964e+08
1.489845e+01 1.978127e+08
1.540018e+01 1.856050e+08
1.591881e+01 1.736931e+08
1.645490e+01 1.629896e+08
1.700905e+01 1.522971e+08
1.758185e+01 1.422633e+08
1.817395e+01 1.326809e+08
1.878599e+01 1.239392e+08
1.941864e+01 1.151438e+08
2.007260e+01 1.071480e+08
2.074857e+01 9.950733e+07
2.144732e+01 9.219309e+07
2.216959e+01 8.532688e+07
2.291619e+01 7.884651e+07
2.368793e+01 7.288682e+07
2.448566e+01 6.729350e+07
2.531026e+01 6.200990e+07
2.616262e+01 5.702565e+07
2.704369e+01 5.213406e+07
2.795443e+01 4.786839e+07
2.889585e+01 4.377053e+07
2.986896e+01 4.010002e+07
3.087485e+01 3.646961e+07
3.191461e+01 3.322669e+07
3.298939e+01 3.014902e+07
3.410036e+01 2.731856e+07
3.524875e+01 2.469620e+07
3.643581e+01 2.228826e+07
3.766285e+01 2.009848e+07
3.893121e+01 1.806920e+07
4.024228e+01 1.618163e+07
4.159751e+01 1.447812e+07
4.299837e+01 1.297274e+07
4.444641e+01 1.159729e+07
4.594322e+01 1.035821e+07
4.749044e+01 9.219128e+06
4.908976e+01 8.234375e+06
5.074294e+01 7.333192e+06
5.245179e+01 6.508926e+06
5.421819e+01 5.785385e+06
5.604408e+01 5.121639e+06
5.793146e+01 4.552912e+06
5.988240e+01 4.028793e+06
6.189904e+01 3.580511e+06
6.398359e+01 3.158692e+06
6.613834e+01 2.797651e+06
6.836566e+01 2.486112e+06
7.066799e+01 2.203891e+06
7.304785e+01 1.946773e+06
7.550786e+01 1.719632e+06
7.805072e+01 1.520343e+06
8.067920e+01 1.341900e+06
8.339621e+01 1.184225e+06
8.620472e+01 1.040651e+06
8.910781e+01 9.220258e+05
9.210866e+01 8.170583e+05
9.521057e+01 7.225501e+05
9.841695e+01 6.383854e+05
1.017313e+02 5.650059e+05
1.051573e+02 5.005426e+05
1.086986e+02 4.404228e+05
1.123592e+02 3.895429e+05
1.161431e+02 3.446738e+05
1.200544e+02 3.044718e+05
1.240975e+02 2.680747e+05
1.282767e+02 2.366828e+05
1.325966e+02 2.095569e+05
1.370620e+02 1.863702e+05
1.416778e+02 1.655039e+05
1.464490e+02 1.460881e+05
1.513809e+02 1.287291e+05
1.564789e+02 1.133742e+05
1.617486e+02 1.002587e+05
1.671958e+02 8.832849e+04
1.728264e+02 7.808070e+04
1.786466e+02 6.918661e+04
1.846628e+02 6.107123e+04
1.908817e+02 5.397721e+04
1.973099e+02 4.770453e+04
2.039547e+02 4.234265e+04
2.108232e+02 3.749473e+04
2.179230e+02 3.303873e+04
2.252619e+02 2.925329e+04
2.328480e+02 2.584762e+04
2.406895e+02 2.275546e+04
2.487952e+02 2.005241e+04
2.571738e+02 1.762214e+04
2.658345e+02 1.556222e+04
2.747869e+02 1.373917e+04
2.840408e+02 1.212812e+04
2.936064e+02 1.071901e+04
3.034941e+02 9.517590e+03
3.137148e+02 8.438583e+03
3.242796e+02 7.456311e+03
3.352003e+02 6.612820e+03
3.464887e+02 5.866847e+03
3.581573e+02 5.206373e+03
3.702189e+02 4.613253e+03
3.826866e+02 4.096067e+03
3.955742e+02 3.620127e+03
4.088958e+02 3.194680e+03
4.226661e+02 2.820395e+03
4.369001e+02 2.500446e+03
4.516134e+02 2.216542e+03
4.668222e+02 1.964224e+03
4.825433e+02 1.737265e+03
4.987937e+02 1.537529e+03
5.155914e+02 1.364151e+03
5.329548e+02 1.215242e+03
5.509030e+02 1.079876e+03
5.694556e+02 9.559763e+02
5.886329e+02 8.474810e+02
6.084561e+02 7.546985e+02
6.289469e+02 6.720492e+02
6.501277e+02 5.955542e+02
6.720219e+02 5.267423e+02
6.946533e+02 4.651737e+02
7.180470e+02 4.107382e+02
7.422284e+02 3.626150e+02
7.672242e+02 3.200773e+02
7.930617e+02 2.824815e+02
8.197694e+02 2.492578e+02
8.473765e+02 2.201407e+02
8.759133e+02 1.948020e+02
9.054112e+02 1.719848e+02
9.359024e+02 1.520192e+02
9.674205e+02 1.344663e+02
1.000000e+03 1.191939e+02
