# Energy(MeV) Sferica_Fluence(cm^-2*MeV^-1)
5.000000e-02 8.290277e+11
5.100225e-02 8.075509e+11
5.202458e-02 7.875483e+11
5.306741e-02 7.676934e+11
5.413114e-02 7.473907e+11
5.521620e-02 7.280307e+11
5.632300e-02 7.093918e+11
5.745199e-02 6.913799e+11
5.860361e-02 6.735040e+11
5.977832e-02 6.564079e+11
6.097657e-02 6.399120e+11
6.219884e-02 6.235957e+11
6.344561e-02 6.077347e+11
6.471737e-02 5.923433e+11
6.601463e-02 5.773981e+11
6.733789e-02 5.627229e+11
6.868767e-02 5.484600e+11
7.006451e-02 5.344825e+11
7.146895e-02 5.206666e+11
7.290154e-02 5.076099e+11
7.436284e-02 4.947070e+11
7.585344e-02 4.822708e+11
7.737392e-02 4.700141e+11
7.892487e-02 4.580585e+11
8.050691e-02 4.463042e+11
8.212067e-02 4.349801e+11
8.376677e-02 4.240336e+11
8.544587e-02 4.132993e+11
8.715862e-02 4.022698e+11
8.890571e-02 3.918234e+11
9.068782e-02 3.818550e+11
9.250565e-02 3.720232e+11
9.435992e-02 3.624926e+11
9.625136e-02 3.533789e+11
9.818071e-02 3.445392e+11
1.001487e-01 3.357487e+11
1.021562e-01 3.272481e+11
1.042039e-01 3.190196e+11
1.062927e-01 3.110702e+11
1.084233e-01 3.031975e+11
1.105966e-01 2.956088e+11
1.128135e-01 2.879854e+11
1.150749e-01 2.806318e+11
1.173816e-01 2.735512e+11
1.197345e-01 2.665112e+11
1.221345e-01 2.595605e+11
1.245827e-01 2.528940e+11
1.270800e-01 2.464737e+11
1.296273e-01 2.401633e+11
1.322256e-01 2.340813e+11
1.348761e-01 2.281798e+11
1.375797e-01 2.223043e+11
1.403374e-01 2.167342e+11
1.431505e-01 2.111766e+11
1.460199e-01 2.057574e+11
1.489469e-01 2.005248e+11
1.519325e-01 1.955480e+11
1.549780e-01 1.906023e+11
1.580845e-01 1.857801e+11
1.612533e-01 1.810429e+11
1.644856e-01 1.764229e+11
1.677827e-01 1.719488e+11
1.711459e-01 1.674735e+11
1.745765e-01 1.631933e+11
1.780759e-01 1.591298e+11
1.816454e-01 1.551188e+11
1.852865e-01 1.513039e+11
1.890005e-01 1.475352e+11
1.927890e-01 1.437649e+11
1.966535e-01 1.401275e+11
2.005954e-01 1.364665e+11
2.046163e-01 1.329971e+11
2.087178e-01 1.296213e+11
2.129015e-01 1.262294e+11
2.171691e-01 1.230428e+11
2.215223e-01 1.198626e+11
2.259627e-01 1.167700e+11
2.304921e-01 1.137615e+11
2.351123e-01 1.108221e+11
2.398251e-01 1.079883e+11
2.446324e-01 1.052388e+11
2.495360e-01 1.025726e+11
2.545379e-01 9.989747e+10
2.596401e-01 9.727549e+10
2.648446e-01 9.478064e+10
2.701534e-01 9.238004e+10
2.755686e-01 8.998024e+10
2.810923e-01 8.768342e+10
2.867268e-01 8.545452e+10
2.924742e-01 8.324170e+10
2.983368e-01 8.114003e+10
3.043170e-01 7.902449e+10
3.104170e-01 7.694765e+10
3.166393e-01 7.497108e+10
3.229863e-01 7.311471e+10
3.294605e-01 7.124708e+10
3.360645e-01 6.940628e+10
3.428009e-01 6.757598e+10
3.496723e-01 6.583500e+10
3.566815e-01 6.418364e+10
3.638311e-01 6.249786e+10
3.711241e-01 6.088501e+10
3.785633e-01 5.932097e+10
3.861515e-01 5.782462e+10
3.938919e-01 5.631602e+10
4.017874e-01 5.488097e+10
4.098412e-01 5.347137e+10
4.180565e-01 5.208375e+10
4.264364e-01 5.072024e+10
4.349843e-01 4.939703e+10
4.437035e-01 4.814251e+10
4.525975e-01 4.690574e+10
4.616698e-01 4.568760e+10
4.709239e-01 4.452769e+10
4.803635e-01 4.340383e+10
4.899924e-01 4.228181e+10
4.998143e-01 4.117046e+10
5.098330e-01 4.009657e+10
5.200526e-01 3.905982e+10
5.304770e-01 3.803384e+10
5.411103e-01 3.703225e+10
5.519569e-01 3.606714e+10
5.630208e-01 3.511365e+10
5.743065e-01 3.419630e+10
5.858184e-01 3.330539e+10
5.975611e-01 3.247401e+10
6.095392e-01 3.163564e+10
6.217573e-01 3.080872e+10
6.342204e-01 3.000356e+10
6.469333e-01 2.921638e+10
6.599011e-01 2.843696e+10
6.731287e-01 2.769289e+10
6.866215e-01 2.697578e+10
7.003848e-01 2.628030e+10
7.144240e-01 2.559298e+10
7.287445e-01 2.494646e+10
7.433522e-01 2.428966e+10
7.582526e-01 2.365148e+10
7.734517e-01 2.302298e+10
7.889555e-01 2.240891e+10
8.047701e-01 2.181545e+10
8.209016e-01 2.123920e+10
8.373565e-01 2.067334e+10
8.541413e-01 2.012435e+10
8.712625e-01 1.959451e+10
8.887268e-01 1.907216e+10
9.065413e-01 1.855555e+10
9.247129e-01 1.805839e+10
9.432487e-01 1.758374e+10
9.621560e-01 1.712022e+10
9.814423e-01 1.667147e+10
1.001115e+00 1.622874e+10
1.021183e+00 1.580158e+10
1.041652e+00 1.537653e+10
1.062532e+00 1.496516e+10
1.083830e+00 1.456284e+10
1.105556e+00 1.416783e+10
1.127716e+00 1.379621e+10
1.150321e+00 1.342336e+10
1.173379e+00 1.305890e+10
1.196900e+00 1.270214e+10
1.220892e+00 1.236435e+10
1.245364e+00 1.203676e+10
1.270327e+00 1.171229e+10
1.295791e+00 1.139296e+10
1.321765e+00 1.108483e+10
1.348260e+00 1.079080e+10
1.375286e+00 1.049679e+10
1.402853e+00 1.021419e+10
1.430973e+00 9.935241e+09
1.459657e+00 9.659591e+09
1.488916e+00 9.395703e+09
1.518761e+00 9.138975e+09
1.549204e+00 8.887845e+09
1.580258e+00 8.645478e+09
1.611934e+00 8.410236e+09
1.644245e+00 8.182262e+09
1.677204e+00 7.958855e+09
1.710823e+00 7.742886e+09
1.745117e+00 7.525961e+09
1.780097e+00 7.320693e+09
1.815779e+00 7.116798e+09
1.852176e+00 6.916762e+09
1.889303e+00 6.724150e+09
1.927174e+00 6.536891e+09
1.965804e+00 6.355010e+09
2.005209e+00 6.178534e+09
2.045403e+00 6.005520e+09
2.086403e+00 5.836803e+09
2.128224e+00 5.675449e+09
2.170885e+00 5.516135e+09
2.214400e+00 5.359976e+09
2.258787e+00 5.204996e+09
2.304064e+00 5.059056e+09
2.350249e+00 4.914977e+09
2.397360e+00 4.774435e+09
2.445415e+00 4.637858e+09
2.494433e+00 4.506822e+09
2.544434e+00 4.380917e+09
2.595437e+00 4.258803e+09
2.647462e+00 4.136742e+09
2.700530e+00 4.017483e+09
2.754662e+00 3.902328e+09
2.809879e+00 3.788725e+09
2.866203e+00 3.676642e+09
2.923656e+00 3.566600e+09
2.982260e+00 3.463946e+09
3.042039e+00 3.365654e+09
3.103017e+00 3.268777e+09
3.165216e+00 3.173437e+09
3.228663e+00 3.081326e+09
3.293381e+00 2.993905e+09
3.359397e+00 2.903632e+09
3.426736e+00 2.817898e+09
3.495424e+00 2.733251e+09
3.565490e+00 2.653066e+09
3.636960e+00 2.573784e+09
3.709862e+00 2.497481e+09
3.784226e+00 2.424336e+09
3.860081e+00 2.349799e+09
3.937456e+00 2.278865e+09
4.016382e+00 2.207852e+09
4.096890e+00 2.140951e+09
4.179012e+00 2.075554e+09
4.262780e+00 2.012959e+09
4.348227e+00 1.949821e+09
4.435387e+00 1.888482e+09
4.524294e+00 1.828650e+09
4.614983e+00 1.773095e+09
4.707490e+00 1.717551e+09
4.801851e+00 1.663423e+09
4.898104e+00 1.610136e+09
4.996286e+00 1.558480e+09
5.096436e+00 1.507061e+09
5.198594e+00 1.459032e+09
5.302799e+00 1.412056e+09
5.409093e+00 1.365702e+09
5.517518e+00 1.319995e+09
5.628116e+00 1.277428e+09
5.740932e+00 1.235003e+09
5.856008e+00 1.193620e+09
5.973391e+00 1.154141e+09
6.093127e+00 1.115764e+09
6.215264e+00 1.078216e+09
6.339848e+00 1.043350e+09
6.466930e+00 1.008704e+09
6.596559e+00 9.744665e+08
6.728787e+00 9.412872e+08
6.863665e+00 9.081916e+08
7.001246e+00 8.768988e+08
7.141586e+00 8.464503e+08
7.284738e+00 8.163563e+08
7.430760e+00 7.888745e+08
7.579709e+00 7.614485e+08
7.731644e+00 7.351346e+08
7.886624e+00 7.091906e+08
8.044711e+00 6.835387e+08
8.205967e+00 6.591780e+08
8.370455e+00 6.357381e+08
8.538240e+00 6.130607e+08
8.709388e+00 5.903806e+08
8.883967e+00 5.694645e+08
9.062045e+00 5.489095e+08
9.243693e+00 5.288667e+08
9.428983e+00 5.079601e+08
9.617986e+00 4.882295e+08
9.810778e+00 4.698613e+08
1.000743e+01 4.518989e+08
1.020803e+01 4.350385e+08
1.041265e+01 4.184924e+08
1.062137e+01 4.025225e+08
1.083428e+01 3.874893e+08
1.105145e+01 3.721768e+08
1.127297e+01 3.576901e+08
1.149894e+01 3.432583e+08
1.172944e+01 3.303961e+08
1.196455e+01 3.179992e+08
1.220438e+01 3.052020e+08
1.244902e+01 2.924439e+08
1.269856e+01 2.803152e+08
1.295310e+01 2.688412e+08
1.321274e+01 2.576079e+08
1.347759e+01 2.468005e+08
1.374775e+01 2.364452e+08
1.402332e+01 2.267053e+08
1.430442e+01 2.171876e+08
1.459115e+01 2.079415e+08
1.488362e+01 1.989998e+08
1.518197e+01 1.903851e+08
1.548629e+01 1.821946e+08
1.579671e+01 1.741949e+08
1.611335e+01 1.663281e+08
1.643634e+01 1.590351e+08
1.676581e+01 1.517324e+08
1.710188e+01 1.452764e+08
1.744468e+01 1.387010e+08
1.779436e+01 1.324306e+08
1.815105e+01 1.264071e+08
1.851488e+01 1.206506e+08
1.888601e+01 1.148505e+08
1.926458e+01 1.096896e+08
1.965074e+01 1.045662e+08
2.004464e+01 9.971294e+07
2.044643e+01 9.499463e+07
2.085628e+01 9.040063e+07
2.127434e+01 8.608649e+07
2.170078e+01 8.199828e+07
2.213577e+01 7.812319e+07
2.257948e+01 7.433830e+07
2.303209e+01 7.065980e+07
2.349376e+01 6.715496e+07
2.396469e+01 6.382378e+07
2.444506e+01 6.062892e+07
2.493506e+01 5.754442e+07
2.543488e+01 5.475245e+07
2.594472e+01 5.204825e+07
2.646478e+01 4.942247e+07
2.699527e+01 4.688418e+07
2.753639e+01 4.451595e+07
2.808835e+01 4.220671e+07
2.865138e+01 4.007014e+07
2.922570e+01 3.804945e+07
2.981152e+01 3.609668e+07
3.040909e+01 3.422906e+07
3.101864e+01 3.250352e+07
3.164041e+01 3.085535e+07
3.227464e+01 2.929567e+07
3.292158e+01 2.777553e+07
3.358149e+01 2.638333e+07
3.425463e+01 2.499587e+07
3.494126e+01 2.370141e+07
3.564165e+01 2.246685e+07
3.635609e+01 2.127831e+07
3.708484e+01 2.020212e+07
3.782820e+01 1.917352e+07
3.858647e+01 1.817643e+07
3.935993e+01 1.726954e+07
4.014890e+01 1.639145e+07
4.095368e+01 1.554861e+07
4.177459e+01 1.475044e+07
4.261196e+01 1.400812e+07
4.346611e+01 1.326619e+07
4.433739e+01 1.257861e+07
4.522613e+01 1.191201e+07
4.613268e+01 1.128836e+07
4.705741e+01 1.071068e+07
4.800067e+01 1.014353e+07
4.896284e+01 9.603504e+06
4.994430e+01 9.096354e+06
5.094543e+01 8.600347e+06
5.196662e+01 8.158991e+06
5.300829e+01 7.733125e+06
5.407084e+01 7.337830e+06
5.515468e+01 6.957087e+06
5.626026e+01 6.573692e+06
5.738799e+01 6.225710e+06
5.853833e+01 5.900008e+06
5.971172e+01 5.595527e+06
6.090864e+01 5.300867e+06
6.212955e+01 5.010479e+06
6.337493e+01 4.745129e+06
6.464528e+01 4.496330e+06
6.594109e+01 4.263509e+06
6.726287e+01 4.041614e+06
6.861115e+01 3.825038e+06
6.998645e+01 3.626377e+06
7.138933e+01 3.432363e+06
7.282032e+01 3.253689e+06
7.428000e+01 3.074862e+06
7.576894e+01 2.910039e+06
7.728772e+01 2.759190e+06
7.883694e+01 2.614609e+06
8.041722e+01 2.474297e+06
8.202918e+01 2.344081e+06
8.367345e+01 2.219179e+06
8.535068e+01 2.103978e+06
8.706153e+01 1.988660e+06
8.880667e+01 1.881190e+06
9.058679e+01 1.780698e+06
9.240260e+01 1.690775e+06
9.425480e+01 1.601390e+06
9.614413e+01 1.511835e+06
9.807133e+01 1.434197e+06
1.000372e+02 1.355938e+06
1.020424e+02 1.284137e+06
1.040878e+02 1.216989e+06
1.061743e+02 1.153785e+06
1.083025e+02 1.091140e+06
1.104734e+02 1.031752e+06
1.126879e+02 9.754671e+05
1.149467e+02 9.225042e+05
1.172508e+02 8.730321e+05
1.196011e+02 8.256134e+05
1.219985e+02 7.821617e+05
1.244439e+02 7.413330e+05
1.269384e+02 7.024891e+05
1.294828e+02 6.661789e+05
1.320783e+02 6.304362e+05
1.347258e+02 5.971212e+05
1.374264e+02 5.647895e+05
1.401811e+02 5.348616e+05
1.429910e+02 5.062869e+05
1.458573e+02 4.793519e+05
1.487810e+02 4.542402e+05
1.517633e+02 4.300904e+05
1.548053e+02 4.068659e+05
1.579084e+02 3.852891e+05
1.610737e+02 3.642748e+05
1.643024e+02 3.444209e+05
1.675958e+02 3.259420e+05
1.709552e+02 3.085508e+05
1.743820e+02 2.924907e+05
1.778775e+02 2.770752e+05
1.814430e+02 2.623503e+05
1.850801e+02 2.484200e+05
1.887900e+02 2.353027e+05
1.925743e+02 2.228528e+05
1.964344e+02 2.111591e+05
2.003719e+02 1.998774e+05
2.043883e+02 1.892921e+05
2.084853e+02 1.792664e+05
2.126644e+02 1.697706e+05
2.169272e+02 1.608022e+05
2.212755e+02 1.524141e+05
2.257109e+02 1.443474e+05
2.302353e+02 1.365664e+05
2.348503e+02 1.292873e+05
2.395579e+02 1.222888e+05
2.443598e+02 1.155909e+05
2.492580e+02 1.093865e+05
2.542544e+02 1.037043e+05
2.593509e+02 9.821557e+04
2.645495e+02 9.314468e+04
2.698524e+02 8.828724e+04
2.752616e+02 8.362896e+04
2.807792e+02 7.932510e+04
2.864074e+02 7.517790e+04
2.921484e+02 7.129273e+04
2.980045e+02 6.754364e+04
3.039780e+02 6.405982e+04
3.100712e+02 6.075128e+04
3.162865e+02 5.748567e+04
3.226265e+02 5.431715e+04
3.290935e+02 5.158751e+04
3.356901e+02 4.887934e+04
3.424190e+02 4.630164e+04
3.492828e+02 4.381529e+04
3.562841e+02 4.146301e+04
3.634258e+02 3.922209e+04
3.707107e+02 3.711818e+04
3.781415e+02 3.512794e+04
3.857213e+02 3.327235e+04
3.934531e+02 3.152441e+04
4.013398e+02 2.983082e+04
4.093847e+02 2.823414e+04
4.175907e+02 2.675736e+04
4.259613e+02 2.530021e+04
4.344997e+02 2.398024e+04
4.432092e+02 2.270363e+04
4.520933e+02 2.149471e+04
4.611555e+02 2.038878e+04
4.703993e+02 1.931427e+04
4.798284e+02 1.829617e+04
4.894465e+02 1.733153e+04
4.992574e+02 1.641179e+04
5.092650e+02 1.551215e+04
5.194732e+02 1.464807e+04
5.298860e+02 1.387372e+04
5.405075e+02 1.315971e+04
5.513420e+02 1.244507e+04
5.623936e+02 1.177533e+04
5.736667e+02 1.115292e+04
5.851658e+02 1.056316e+04
5.968954e+02 9.988723e+03
6.088601e+02 9.436476e+03
6.210647e+02 8.920933e+03
6.335139e+02 8.445823e+03
6.462126e+02 7.997639e+03
6.591659e+02 7.578981e+03
6.723788e+02 7.182056e+03
6.858566e+02 6.802617e+03
6.996046e+02 6.432050e+03
7.136281e+02 6.077018e+03
7.279327e+02 5.741259e+03
7.425240e+02 5.423740e+03
7.574079e+02 5.123480e+03
7.725901e+02 4.839592e+03
7.880766e+02 4.571945e+03
8.038735e+02 4.319693e+03
8.199871e+02 4.083741e+03
8.364237e+02 3.858880e+03
8.531897e+02 3.648526e+03
8.702918e+02 3.452124e+03
8.877368e+02 3.266782e+03
9.055314e+02 3.091281e+03
9.236827e+02 2.925101e+03
9.421978e+02 2.767752e+03
9.610841e+02 2.618767e+03
9.803490e+02 2.477707e+03
1.000000e+03 2.344313e+03
