Energy(MeV)	Incoming Spectral Fluence(MeV-1 cm-2)	Residual Spectral Fluence(MeV-1 cm-2)
1.0000e-03	0.0000e+00	4.9834e+03
1.5000e-03	0.0000e+00	4.9846e+03
2.0000e-03	0.0000e+00	4.9855e+03
2.5000e-03	0.0000e+00	4.9861e+03
3.0000e-03	0.0000e+00	4.9866e+03
3.5000e-03	0.0000e+00	4.9871e+03
4.0000e-03	0.0000e+00	4.9875e+03
4.5000e-03	0.0000e+00	4.9878e+03
5.0000e-03	0.0000e+00	4.9881e+03
5.5000e-03	0.0000e+00	4.9884e+03
6.0000e-03	0.0000e+00	4.9886e+03
6.5000e-03	0.0000e+00	4.9888e+03
7.0000e-03	0.0000e+00	4.9890e+03
7.5000e-03	0.0000e+00	4.9892e+03
8.0000e-03	0.0000e+00	4.9894e+03
8.5000e-03	0.0000e+00	4.9896e+03
9.0000e-03	0.0000e+00	4.9898e+03
9.5000e-03	0.0000e+00	4.9899e+03
1.0000e-02	0.0000e+00	4.9900e+03
1.5000e-02	0.0000e+00	4.9912e+03
2.0000e-02	0.0000e+00	4.9921e+03
2.5000e-02	0.0000e+00	4.9929e+03
3.0000e-02	0.0000e+00	4.9936e+03
3.5000e-02	0.0000e+00	4.9942e+03
4.0000e-02	0.0000e+00	4.9950e+03
4.5000e-02	0.0000e+00	4.9958e+03
5.0000e-02	0.0000e+00	4.9965e+03
5.5000e-02	0.0000e+00	4.9973e+03
6.0000e-02	0.0000e+00	4.9981e+03
6.5000e-02	0.0000e+00	4.9991e+03
7.0000e-02	0.0000e+00	5.0001e+03
7.5000e-02	0.0000e+00	5.0010e+03
8.0000e-02	0.0000e+00	5.0019e+03
8.5000e-02	0.0000e+00	5.0028e+03
9.0000e-02	0.0000e+00	5.0036e+03
9.5000e-02	0.0000e+00	5.0045e+03
1.0000e-01	0.0000e+00	5.0055e+03
1.5000e-01	0.0000e+00	5.0150e+03
2.0000e-01	0.0000e+00	5.0246e+03
2.5000e-01	0.0000e+00	5.0342e+03
3.0000e-01	0.0000e+00	5.0439e+03
3.5000e-01	0.0000e+00	5.0535e+03
4.0000e-01	0.0000e+00	5.0632e+03
4.5000e-01	0.0000e+00	5.0729e+03
5.0000e-01	3.6885e+09	5.0814e+03
5.0767e-01	3.5751e+09	5.0825e+03
5.1547e-01	3.4650e+09	5.0837e+03
5.2338e-01	3.3582e+09	5.0849e+03
5.3141e-01	3.2561e+09	5.0861e+03
5.3957e-01	3.1591e+09	5.0876e+03
5.4785e-01	3.0649e+09	5.0892e+03
5.5626e-01	2.9735e+09	5.0908e+03
5.6480e-01	2.8822e+09	5.0924e+03
5.7347e-01	2.7930e+09	5.0940e+03
5.8227e-01	2.7065e+09	5.0957e+03
5.9121e-01	2.6224e+09	5.0974e+03
6.0028e-01	2.5408e+09	5.0991e+03
6.0949e-01	2.4618e+09	5.1009e+03
6.1885e-01	2.3852e+09	5.1027e+03
6.2835e-01	2.3118e+09	5.1045e+03
6.3799e-01	2.2416e+09	5.1064e+03
6.4778e-01	2.1727e+09	5.1083e+03
6.5773e-01	2.1057e+09	5.1102e+03
6.6782e-01	2.0407e+09	5.1121e+03
6.7807e-01	1.9775e+09	5.1141e+03
6.8848e-01	1.9160e+09	5.1161e+03
6.9905e-01	1.8555e+09	5.1181e+03
7.0978e-01	1.7984e+09	5.1201e+03
7.2067e-01	1.7431e+09	5.1222e+03
7.3173e-01	1.6887e+09	5.1243e+03
7.4296e-01	1.6358e+09	5.1265e+03
7.5437e-01	1.5847e+09	5.1286e+03
7.6595e-01	1.5351e+09	5.1309e+03
7.7770e-01	1.4881e+09	5.1332e+03
7.8964e-01	1.4420e+09	5.1355e+03
8.0176e-01	1.3985e+09	5.1378e+03
8.1407e-01	1.3562e+09	5.1402e+03
8.2656e-01	1.3143e+09	5.1426e+03
8.3925e-01	1.2737e+09	5.1450e+03
8.5213e-01	1.2343e+09	5.1475e+03
8.6521e-01	1.1961e+09	5.1500e+03
8.7849e-01	1.1598e+09	5.1526e+03
8.9197e-01	1.1250e+09	5.1552e+03
9.0566e-01	1.0913e+09	5.1579e+03
9.1956e-01	1.0584e+09	5.1605e+03
9.3368e-01	1.0255e+09	5.1633e+03
9.4801e-01	9.9358e+08	5.1660e+03
9.6256e-01	9.6265e+08	5.1689e+03
9.7733e-01	9.3268e+08	5.1717e+03
9.9233e-01	9.0394e+08	5.1746e+03
1.0076e+00	8.7687e+08	5.1775e+03
1.0230e+00	8.5027e+08	5.1805e+03
1.0387e+00	8.2402e+08	5.1835e+03
1.0547e+00	7.9866e+08	5.1866e+03
1.0709e+00	7.7456e+08	5.1897e+03
1.0873e+00	7.5077e+08	5.1928e+03
1.1040e+00	7.2807e+08	5.1960e+03
1.1209e+00	7.0619e+08	5.1993e+03
1.1381e+00	6.8466e+08	5.2026e+03
1.1556e+00	6.6384e+08	5.2060e+03
1.1733e+00	6.4359e+08	5.2094e+03
1.1914e+00	6.2384e+08	5.2129e+03
1.2096e+00	6.0535e+08	5.2165e+03
1.2282e+00	5.8715e+08	5.2201e+03
1.2471e+00	5.6950e+08	5.2237e+03
1.2662e+00	5.5219e+08	5.2274e+03
1.2856e+00	5.3544e+08	5.2312e+03
1.3054e+00	5.1925e+08	5.2351e+03
1.3254e+00	5.0327e+08	5.2389e+03
1.3457e+00	4.8811e+08	5.2429e+03
1.3664e+00	4.7305e+08	5.2469e+03
1.3874e+00	4.5872e+08	5.2510e+03
1.4087e+00	4.4483e+08	5.2551e+03
1.4303e+00	4.3104e+08	5.2593e+03
1.4522e+00	4.1738e+08	5.2636e+03
1.4745e+00	4.0472e+08	5.2679e+03
1.4972e+00	3.9250e+08	5.2723e+03
1.5201e+00	3.8081e+08	5.2763e+03
1.5435e+00	3.6905e+08	5.2796e+03
1.5672e+00	3.5774e+08	5.2829e+03
1.5912e+00	3.4671e+08	5.2873e+03
1.6157e+00	3.3589e+08	5.2919e+03
1.6404e+00	3.2554e+08	5.2966e+03
1.6656e+00	3.1537e+08	5.3016e+03
1.6912e+00	3.0584e+08	5.3065e+03
1.7172e+00	2.9641e+08	5.3116e+03
1.7435e+00	2.8717e+08	5.3167e+03
1.7703e+00	2.7860e+08	5.3219e+03
1.7974e+00	2.7034e+08	5.3273e+03
1.8250e+00	2.6240e+08	5.3326e+03
1.8530e+00	2.5448e+08	5.3381e+03
1.8815e+00	2.4664e+08	5.3436e+03
1.9104e+00	2.3917e+08	5.3493e+03
1.9397e+00	2.3175e+08	5.3549e+03
1.9695e+00	2.2479e+08	5.3607e+03
1.9997e+00	2.1792e+08	5.3666e+03
2.0304e+00	2.1124e+08	5.3726e+03
2.0615e+00	2.0476e+08	5.3786e+03
2.0932e+00	1.9847e+08	5.3848e+03
2.1253e+00	1.9244e+08	5.3910e+03
2.1579e+00	1.8645e+08	5.3974e+03
2.1911e+00	1.8075e+08	5.4038e+03
2.2247e+00	1.7519e+08	5.4104e+03
2.2588e+00	1.6997e+08	5.4171e+03
2.2935e+00	1.6496e+08	5.4239e+03
2.3287e+00	1.6005e+08	5.4308e+03
2.3644e+00	1.5520e+08	5.4378e+03
2.4007e+00	1.5041e+08	5.4449e+03
2.4376e+00	1.4586e+08	5.4521e+03
2.4750e+00	1.4143e+08	5.4594e+03
2.5130e+00	1.3711e+08	5.4668e+03
2.5516e+00	1.3293e+08	5.4743e+03
2.5907e+00	1.2887e+08	5.4792e+03
2.6305e+00	1.2496e+08	5.4855e+03
2.6709e+00	1.2119e+08	5.4932e+03
2.7119e+00	1.1754e+08	5.5012e+03
2.7535e+00	1.1399e+08	5.5093e+03
2.7957e+00	1.1056e+08	5.5176e+03
2.8387e+00	1.0720e+08	5.5260e+03
2.8822e+00	1.0389e+08	5.5345e+03
2.9265e+00	1.0066e+08	5.5432e+03
2.9714e+00	9.7567e+07	5.5520e+03
3.0170e+00	9.4573e+07	5.5609e+03
3.0633e+00	9.1669e+07	5.5700e+03
3.1103e+00	8.8866e+07	5.5792e+03
3.1581e+00	8.6128e+07	5.5885e+03
3.2065e+00	8.3517e+07	5.5980e+03
3.2557e+00	8.0985e+07	5.6075e+03
3.3057e+00	7.8522e+07	5.6174e+03
3.3565e+00	7.6164e+07	5.6275e+03
3.4080e+00	7.3898e+07	5.6378e+03
3.4603e+00	7.1655e+07	5.6482e+03
3.5134e+00	6.9498e+07	5.6587e+03
3.5673e+00	6.7455e+07	5.6693e+03
3.6221e+00	6.5447e+07	5.6801e+03
3.6777e+00	6.3422e+07	5.6911e+03
3.7341e+00	6.1510e+07	5.7022e+03
3.7914e+00	5.9701e+07	5.7134e+03
3.8496e+00	5.7930e+07	5.7248e+03
3.9087e+00	5.6152e+07	5.7364e+03
3.9687e+00	5.4460e+07	5.7482e+03
4.0296e+00	5.2836e+07	5.7603e+03
4.0915e+00	5.1220e+07	5.7725e+03
4.1543e+00	4.9708e+07	5.7849e+03
4.2180e+00	4.8234e+07	5.7974e+03
4.2828e+00	4.6778e+07	5.8101e+03
4.3485e+00	4.5346e+07	5.8231e+03
4.4153e+00	4.3984e+07	5.8363e+03
4.4830e+00	4.2648e+07	5.8496e+03
4.5518e+00	4.1356e+07	5.8632e+03
4.6217e+00	4.0119e+07	5.8770e+03
4.6926e+00	3.8910e+07	5.8911e+03
4.7647e+00	3.7734e+07	5.9053e+03
4.8378e+00	3.6590e+07	5.9198e+03
4.9121e+00	3.5472e+07	5.9344e+03
4.9875e+00	3.4389e+07	5.9493e+03
5.0640e+00	3.3355e+07	5.9644e+03
5.1417e+00	3.2358e+07	5.9798e+03
5.2207e+00	3.1380e+07	5.9953e+03
5.3008e+00	3.0439e+07	6.0107e+03
5.3821e+00	2.9487e+07	6.0265e+03
5.4648e+00	2.8592e+07	6.0427e+03
5.5486e+00	2.7728e+07	6.0593e+03
5.6338e+00	2.6887e+07	6.0760e+03
5.7203e+00	2.6080e+07	6.0929e+03
5.8081e+00	2.5290e+07	6.1102e+03
5.8972e+00	2.4512e+07	6.1277e+03
5.9877e+00	2.3781e+07	6.1455e+03
6.0796e+00	2.3040e+07	6.1636e+03
6.1730e+00	2.2319e+07	6.1819e+03
6.2677e+00	2.1624e+07	6.2006e+03
6.3639e+00	2.0960e+07	6.2199e+03
6.4616e+00	2.0331e+07	6.2393e+03
6.5608e+00	1.9720e+07	6.2587e+03
6.6615e+00	1.9124e+07	6.2782e+03
6.7637e+00	1.8534e+07	6.2982e+03
6.8675e+00	1.7979e+07	6.3185e+03
6.9729e+00	1.7441e+07	6.3390e+03
7.0800e+00	1.6915e+07	6.3598e+03
7.1886e+00	1.6409e+07	6.3812e+03
7.2990e+00	1.5917e+07	6.4029e+03
7.4110e+00	1.5442e+07	6.4245e+03
7.5247e+00	1.4979e+07	6.4467e+03
7.6402e+00	1.4533e+07	6.4693e+03
7.7575e+00	1.4092e+07	6.4920e+03
7.8766e+00	1.3669e+07	6.5152e+03
7.9975e+00	1.3258e+07	6.5387e+03
8.1202e+00	1.2852e+07	6.5625e+03
8.2449e+00	1.2469e+07	6.5866e+03
8.3714e+00	1.2097e+07	6.6110e+03
8.4999e+00	1.1734e+07	6.6361e+03
8.6304e+00	1.1381e+07	6.6614e+03
8.7628e+00	1.1037e+07	6.6874e+03
8.8973e+00	1.0703e+07	6.7135e+03
9.0339e+00	1.0369e+07	6.7399e+03
9.1726e+00	1.0058e+07	6.7671e+03
9.3133e+00	9.7559e+06	6.7945e+03
9.4563e+00	9.4607e+06	6.8220e+03
9.6014e+00	9.1750e+06	6.8497e+03
9.7488e+00	8.8991e+06	6.8779e+03
9.8984e+00	8.6292e+06	6.9066e+03
1.0050e+01	8.3718e+06	6.9356e+03
1.0205e+01	8.1180e+06	6.9654e+03
1.0361e+01	7.8702e+06	6.9951e+03
1.0520e+01	7.6324e+06	7.0249e+03
1.0682e+01	7.4002e+06	7.0550e+03
1.0846e+01	7.1764e+06	7.0853e+03
1.1012e+01	6.9560e+06	7.1166e+03
1.1181e+01	6.7482e+06	7.1481e+03
1.1353e+01	6.5377e+06	7.1800e+03
1.1527e+01	6.3410e+06	7.2123e+03
1.1704e+01	6.1517e+06	7.2467e+03
1.1884e+01	5.9635e+06	7.2808e+03
1.2066e+01	5.7804e+06	7.3144e+03
1.2251e+01	5.6058e+06	7.3485e+03
1.2439e+01	5.4335e+06	7.3826e+03
1.2630e+01	5.2711e+06	7.4174e+03
1.2824e+01	5.1092e+06	7.4528e+03
1.3021e+01	4.9542e+06	7.4886e+03
1.3221e+01	4.8056e+06	7.5252e+03
1.3424e+01	4.6583e+06	7.5618e+03
1.3630e+01	4.5151e+06	7.5989e+03
1.3839e+01	4.3781e+06	7.6360e+03
1.4051e+01	4.2439e+06	7.6730e+03
1.4267e+01	4.1157e+06	7.7117e+03
1.4486e+01	3.9899e+06	7.7508e+03
1.4708e+01	3.8674e+06	7.7904e+03
1.4934e+01	3.7471e+06	7.8301e+03
1.5163e+01	3.6327e+06	7.8700e+03
1.5396e+01	3.5229e+06	7.9100e+03
1.5632e+01	3.4149e+06	7.9507e+03
1.5872e+01	3.3097e+06	7.9924e+03
1.6116e+01	3.2078e+06	8.0339e+03
1.6363e+01	3.1096e+06	8.0759e+03
1.6614e+01	3.0140e+06	8.1188e+03
1.6869e+01	2.9216e+06	8.1612e+03
1.7128e+01	2.8321e+06	8.2053e+03
1.7391e+01	2.7452e+06	8.2503e+03
1.7658e+01	2.6611e+06	8.2944e+03
1.7929e+01	2.5797e+06	8.3390e+03
1.8204e+01	2.5005e+06	8.3837e+03
1.8484e+01	2.4239e+06	8.4289e+03
1.8768e+01	2.3490e+06	8.4758e+03
1.9056e+01	2.2766e+06	8.5217e+03
1.9348e+01	2.2072e+06	8.5677e+03
1.9645e+01	2.1397e+06	8.6147e+03
1.9947e+01	2.0743e+06	8.6638e+03
2.0253e+01	2.0100e+06	8.7109e+03
2.0564e+01	1.9482e+06	8.7578e+03
2.0879e+01	1.8879e+06	8.8055e+03
2.1200e+01	1.8299e+06	8.8551e+03
2.1525e+01	1.7730e+06	8.9036e+03
2.1856e+01	1.7178e+06	8.9514e+03
2.2191e+01	1.6642e+06	8.9993e+03
2.2532e+01	1.6124e+06	9.0486e+03
2.2877e+01	1.5626e+06	9.0978e+03
2.3229e+01	1.5136e+06	9.1474e+03
2.3585e+01	1.4661e+06	9.1969e+03
2.3947e+01	1.4204e+06	9.2469e+03
2.4315e+01	1.3762e+06	9.2968e+03
2.4688e+01	1.3336e+06	9.3463e+03
2.5067e+01	1.2927e+06	9.3971e+03
2.5452e+01	1.2525e+06	9.4475e+03
2.5842e+01	1.2137e+06	9.4980e+03
2.6239e+01	1.1757e+06	9.5492e+03
2.6642e+01	1.1383e+06	9.6005e+03
2.7051e+01	1.1030e+06	9.6518e+03
2.7466e+01	1.0685e+06	9.7018e+03
2.7887e+01	1.0349e+06	9.7532e+03
2.8315e+01	1.0027e+06	9.8048e+03
2.8750e+01	9.7155e+05	9.8568e+03
2.9191e+01	9.4131e+05	9.9059e+03
2.9639e+01	9.1198e+05	9.9545e+03
3.0094e+01	8.8352e+05	1.0004e+04
3.0556e+01	8.5507e+05	1.0051e+04
3.1025e+01	8.2831e+05	1.0099e+04
3.1501e+01	8.0180e+05	1.0147e+04
3.1985e+01	7.7679e+05	1.0193e+04
3.2476e+01	7.5261e+05	1.0239e+04
3.2974e+01	7.2878e+05	1.0285e+04
3.3480e+01	7.0563e+05	1.0331e+04
3.3994e+01	6.8343e+05	1.0378e+04
3.4516e+01	6.6192e+05	1.0423e+04
3.5046e+01	6.4106e+05	1.0468e+04
3.5584e+01	6.2075e+05	1.0510e+04
3.6130e+01	6.0089e+05	1.0553e+04
3.6684e+01	5.8158e+05	1.0596e+04
3.7248e+01	5.6285e+05	1.0637e+04
3.7819e+01	5.4524e+05	1.0676e+04
3.8400e+01	5.2768e+05	1.0716e+04
3.8989e+01	5.1084e+05	1.0754e+04
3.9588e+01	4.9488e+05	1.0793e+04
4.0195e+01	4.7905e+05	1.0831e+04
4.0812e+01	4.6359e+05	1.0867e+04
4.1439e+01	4.4869e+05	1.0901e+04
4.2075e+01	4.3402e+05	1.0934e+04
4.2720e+01	4.1987e+05	1.0965e+04
4.3376e+01	4.0617e+05	1.0994e+04
4.4042e+01	3.9305e+05	1.1021e+04
4.4718e+01	3.8008e+05	1.1049e+04
4.5404e+01	3.6785e+05	1.1074e+04
4.6101e+01	3.5570e+05	1.1098e+04
4.6809e+01	3.4418e+05	1.1122e+04
4.7527e+01	3.3306e+05	1.1143e+04
4.8257e+01	3.2227e+05	1.1162e+04
4.8997e+01	3.1148e+05	1.1178e+04
4.9749e+01	3.0118e+05	1.1194e+04
5.0513e+01	2.9148e+05	1.1207e+04
5.1288e+01	2.8186e+05	1.1219e+04
5.2076e+01	2.7266e+05	1.1230e+04
5.2875e+01	2.6358e+05	1.1237e+04
5.3686e+01	2.5471e+05	1.1241e+04
5.4510e+01	2.4624e+05	1.1244e+04
5.5347e+01	2.3801e+05	1.1246e+04
5.6197e+01	2.2991e+05	1.1246e+04
5.7059e+01	2.2223e+05	1.1242e+04
5.7935e+01	2.1487e+05	1.1237e+04
5.8824e+01	2.0759e+05	1.1229e+04
5.9727e+01	2.0048e+05	1.1217e+04
6.0644e+01	1.9382e+05	1.1207e+04
6.1575e+01	1.8722e+05	1.1191e+04
6.2520e+01	1.8086e+05	1.1174e+04
6.3479e+01	1.7445e+05	1.1152e+04
6.4454e+01	1.6843e+05	1.1130e+04
6.5443e+01	1.6284e+05	1.1105e+04
6.6447e+01	1.5733e+05	1.1078e+04
6.7467e+01	1.5201e+05	1.1045e+04
6.8503e+01	1.4698e+05	1.1012e+04
6.9554e+01	1.4206e+05	1.0975e+04
7.0622e+01	1.3728e+05	1.0936e+04
7.1706e+01	1.3266e+05	1.0895e+04
7.2806e+01	1.2802e+05	1.0850e+04
7.3924e+01	1.2373e+05	1.0802e+04
7.5059e+01	1.1948e+05	1.0752e+04
7.6211e+01	1.1531e+05	1.0699e+04
7.7380e+01	1.1134e+05	1.0644e+04
7.8568e+01	1.0753e+05	1.0585e+04
7.9774e+01	1.0382e+05	1.0523e+04
8.0999e+01	1.0019e+05	1.0459e+04
8.2242e+01	9.6741e+04	1.0394e+04
8.3504e+01	9.3316e+04	1.0323e+04
8.4786e+01	9.0102e+04	1.0250e+04
8.6087e+01	8.6983e+04	1.0176e+04
8.7408e+01	8.3973e+04	1.0100e+04
8.8750e+01	8.1044e+04	1.0021e+04
9.0112e+01	7.8136e+04	9.9380e+03
9.1495e+01	7.5389e+04	9.8554e+03
9.2900e+01	7.2634e+04	9.7682e+03
9.4326e+01	7.0003e+04	9.6807e+03
9.5773e+01	6.7509e+04	9.5902e+03
9.7243e+01	6.5089e+04	9.4990e+03
9.8736e+01	6.2752e+04	9.4013e+03
1.0025e+02	6.0521e+04	9.3015e+03
1.0179e+02	5.8303e+04	9.1997e+03
1.0335e+02	5.6211e+04	9.0966e+03
1.0494e+02	5.4082e+04	8.9914e+03
1.0655e+02	5.2083e+04	8.8857e+03
1.0819e+02	5.0167e+04	8.7773e+03
1.0985e+02	4.8334e+04	8.6685e+03
1.1153e+02	4.6565e+04	8.5577e+03
1.1324e+02	4.4854e+04	8.4464e+03
1.1498e+02	4.3222e+04	8.3333e+03
1.1675e+02	4.1565e+04	8.2192e+03
1.1854e+02	4.0013e+04	8.1049e+03
1.2036e+02	3.8540e+04	7.9892e+03
1.2221e+02	3.7120e+04	7.8726e+03
1.2408e+02	3.5732e+04	7.7555e+03
1.2599e+02	3.4401e+04	7.6373e+03
1.2792e+02	3.3118e+04	7.5186e+03
1.2988e+02	3.1875e+04	7.3987e+03
1.3188e+02	3.0675e+04	7.2782e+03
1.3390e+02	2.9516e+04	7.1572e+03
1.3596e+02	2.8359e+04	7.0360e+03
1.3804e+02	2.7247e+04	6.9143e+03
1.4016e+02	2.6205e+04	6.7920e+03
1.4231e+02	2.5173e+04	6.6699e+03
1.4450e+02	2.4198e+04	6.5476e+03
1.4671e+02	2.3277e+04	6.4254e+03
1.4897e+02	2.2382e+04	6.3015e+03
1.5125e+02	2.1490e+04	6.1750e+03
1.5357e+02	2.0647e+04	6.0484e+03
1.5593e+02	1.9821e+04	5.9225e+03
1.5833e+02	1.9036e+04	5.7972e+03
1.6076e+02	1.8275e+04	5.6727e+03
1.6322e+02	1.7541e+04	5.5494e+03
1.6573e+02	1.6853e+04	5.4269e+03
1.6827e+02	1.6182e+04	5.3050e+03
1.7085e+02	1.5553e+04	5.1839e+03
1.7348e+02	1.4931e+04	5.0644e+03
1.7614e+02	1.4329e+04	4.9466e+03
1.7884e+02	1.3765e+04	4.8299e+03
1.8159e+02	1.3210e+04	4.7145e+03
1.8438e+02	1.2665e+04	4.6000e+03
1.8721e+02	1.2157e+04	4.4866e+03
1.9008e+02	1.1680e+04	4.3746e+03
1.9300e+02	1.1199e+04	4.2639e+03
1.9596e+02	1.0741e+04	4.1545e+03
1.9897e+02	1.0288e+04	4.0455e+03
2.0202e+02	9.8652e+03	3.9360e+03
2.0512e+02	9.4536e+03	3.8282e+03
2.0827e+02	9.0397e+03	3.7222e+03
2.1147e+02	8.6579e+03	3.6179e+03
2.1471e+02	8.2913e+03	3.5155e+03
2.1801e+02	7.9521e+03	3.4147e+03
2.2135e+02	7.6097e+03	3.3151e+03
2.2475e+02	7.2918e+03	3.2173e+03
2.2820e+02	6.9808e+03	3.1212e+03
2.3170e+02	6.6872e+03	3.0268e+03
2.3526e+02	6.4014e+03	2.9343e+03
2.3887e+02	6.1241e+03	2.8435e+03
2.4254e+02	5.8616e+03	2.7546e+03
2.4626e+02	5.6063e+03	2.6682e+03
2.5004e+02	5.3714e+03	2.5830e+03
2.5388e+02	5.1310e+03	2.4987e+03
2.5777e+02	4.9059e+03	2.4161e+03
2.6173e+02	4.6853e+03	2.3353e+03
2.6575e+02	4.4764e+03	2.2561e+03
2.6983e+02	4.2747e+03	2.1792e+03
2.7397e+02	4.0749e+03	2.1042e+03
2.7817e+02	3.8909e+03	2.0308e+03
2.8244e+02	3.7177e+03	1.9595e+03
2.8678e+02	3.5515e+03	1.8903e+03
2.9118e+02	3.3918e+03	1.8228e+03
2.9565e+02	3.2322e+03	1.7573e+03
3.0019e+02	3.0852e+03	1.6932e+03
3.0479e+02	2.9415e+03	1.6303e+03
3.0947e+02	2.7995e+03	1.5690e+03
3.1422e+02	2.6700e+03	1.5097e+03
3.1905e+02	2.5422e+03	1.4526e+03
3.2394e+02	2.4220e+03	1.3975e+03
3.2892e+02	2.3074e+03	1.3439e+03
3.3396e+02	2.1997e+03	1.2916e+03
3.3909e+02	2.0917e+03	1.2405e+03
3.4429e+02	1.9890e+03	1.1911e+03
3.4958e+02	1.8953e+03	1.1431e+03
3.5494e+02	1.8047e+03	1.0960e+03
3.6039e+02	1.7212e+03	1.0503e+03
3.6592e+02	1.6348e+03	1.0062e+03
3.7154e+02	1.5544e+03	9.6363e+02
3.7724e+02	1.4783e+03	9.2270e+02
3.8303e+02	1.4051e+03	8.8341e+02
3.8891e+02	1.3338e+03	8.4585e+02
3.9488e+02	1.2654e+03	8.0978e+02
4.0094e+02	1.2005e+03	7.7500e+02
4.0710e+02	1.1367e+03	7.4121e+02
4.1335e+02	1.0786e+03	7.0845e+02
4.1969e+02	1.0226e+03	6.7696e+02
4.2613e+02	9.7087e+02	6.4693e+02
4.3267e+02	9.2260e+02	6.1820e+02
4.3931e+02	8.7440e+02	5.9044e+02
4.4606e+02	8.2784e+02	5.6369e+02
4.5290e+02	7.8500e+02	5.3778e+02
4.5985e+02	7.4514e+02	5.1271e+02
4.6691e+02	7.0587e+02	4.8854e+02
4.7408e+02	6.6940e+02	4.6533e+02
4.8136e+02	6.3429e+02	4.4327e+02
4.8874e+02	6.0107e+02	4.2202e+02
4.9625e+02	5.6771e+02	4.0149e+02
5.0386e+02	5.3753e+02	3.8147e+02
5.1160e+02	5.0895e+02	3.6225e+02
5.1945e+02	4.8173e+02	3.4393e+02
5.2742e+02	4.5482e+02	3.2624e+02
5.3552e+02	4.2914e+02	3.0953e+02
5.4374e+02	4.0569e+02	2.9353e+02
5.5208e+02	3.8175e+02	2.7810e+02
5.6056e+02	3.6045e+02	2.6299e+02
5.6916e+02	3.4007e+02	2.4850e+02
5.7790e+02	3.2128e+02	2.3473e+02
5.8677e+02	3.0183e+02	2.2160e+02
5.9577e+02	2.8358e+02	2.0919e+02
6.0492e+02	2.6638e+02	1.9747e+02
6.1420e+02	2.4959e+02	1.8635e+02
6.2363e+02	2.3418e+02	1.7581e+02
6.3320e+02	2.1995e+02	1.6582e+02
6.4292e+02	2.0636e+02	1.5624e+02
6.5279e+02	1.9389e+02	1.4705e+02
6.6281e+02	1.8212e+02	1.3833e+02
6.7298e+02	1.7056e+02	1.3005e+02
6.8331e+02	1.5979e+02	1.2220e+02
6.9380e+02	1.4957e+02	1.1472e+02
7.0445e+02	1.4000e+02	1.0760e+02
7.1526e+02	1.3084e+02	1.0086e+02
7.2624e+02	1.2215e+02	9.4544e+01
7.3738e+02	1.1396e+02	8.8606e+01
7.4870e+02	1.0627e+02	8.2949e+01
7.6019e+02	9.9343e+01	7.7586e+01
7.7186e+02	9.2598e+01	7.2534e+01
7.8371e+02	8.6226e+01	6.7754e+01
7.9574e+02	8.0392e+01	6.3273e+01
8.0795e+02	7.4680e+01	5.9041e+01
8.2035e+02	6.9485e+01	5.5056e+01
8.3295e+02	6.4582e+01	5.1321e+01
8.4573e+02	5.9983e+01	4.7810e+01
8.5871e+02	5.5715e+01	4.4492e+01
8.7189e+02	5.1704e+01	4.1366e+01
8.8527e+02	4.7971e+01	3.8455e+01
8.9886e+02	4.4355e+01	3.5735e+01
9.1266e+02	4.1132e+01	3.3178e+01
9.2667e+02	3.8054e+01	3.0793e+01
9.4089e+02	3.5206e+01	2.8565e+01
9.5533e+02	3.2567e+01	2.6474e+01
9.6999e+02	3.0103e+01	2.4518e+01
9.8488e+02	2.7794e+01	2.2701e+01
1.0000e+03	2.5641e+01	2.1019e+01