Energy(MeV)	Incoming Spectral Fluence(MeV-1 cm-2)	Residual Spectral Fluence(MeV-1 cm-2)
1.0000e-03	0.0000e+00	4.4249e+03
1.5000e-03	0.0000e+00	4.4259e+03
2.0000e-03	0.0000e+00	4.4267e+03
2.5000e-03	0.0000e+00	4.4273e+03
3.0000e-03	0.0000e+00	4.4278e+03
3.5000e-03	0.0000e+00	4.4281e+03
4.0000e-03	0.0000e+00	4.4285e+03
4.5000e-03	0.0000e+00	4.4288e+03
5.0000e-03	0.0000e+00	4.4290e+03
5.5000e-03	0.0000e+00	4.4293e+03
6.0000e-03	0.0000e+00	4.4295e+03
6.5000e-03	0.0000e+00	4.4297e+03
7.0000e-03	0.0000e+00	4.4299e+03
7.5000e-03	0.0000e+00	4.4300e+03
8.0000e-03	0.0000e+00	4.4302e+03
8.5000e-03	0.0000e+00	4.4304e+03
9.0000e-03	0.0000e+00	4.4305e+03
9.5000e-03	0.0000e+00	4.4306e+03
1.0000e-02	0.0000e+00	4.4308e+03
1.5000e-02	0.0000e+00	4.4318e+03
2.0000e-02	0.0000e+00	4.4326e+03
2.5000e-02	0.0000e+00	4.4333e+03
3.0000e-02	0.0000e+00	4.4339e+03
3.5000e-02	0.0000e+00	4.4345e+03
4.0000e-02	0.0000e+00	4.4351e+03
4.5000e-02	0.0000e+00	4.4359e+03
5.0000e-02	0.0000e+00	4.4365e+03
5.5000e-02	0.0000e+00	4.4372e+03
6.0000e-02	0.0000e+00	4.4379e+03
6.5000e-02	0.0000e+00	4.4388e+03
7.0000e-02	0.0000e+00	4.4397e+03
7.5000e-02	0.0000e+00	4.4405e+03
8.0000e-02	0.0000e+00	4.4413e+03
8.5000e-02	0.0000e+00	4.4421e+03
9.0000e-02	0.0000e+00	4.4429e+03
9.5000e-02	0.0000e+00	4.4436e+03
1.0000e-01	0.0000e+00	4.4445e+03
1.5000e-01	0.0000e+00	4.4529e+03
2.0000e-01	0.0000e+00	4.4615e+03
2.5000e-01	0.0000e+00	4.4700e+03
3.0000e-01	0.0000e+00	4.4786e+03
3.5000e-01	0.0000e+00	4.4872e+03
4.0000e-01	0.0000e+00	4.4958e+03
4.5000e-01	0.0000e+00	4.5044e+03
5.0000e-01	3.0246e+09	4.5119e+03
5.0767e-01	2.9343e+09	4.5129e+03
5.1547e-01	2.8464e+09	4.5140e+03
5.2338e-01	2.7611e+09	4.5150e+03
5.3141e-01	2.6783e+09	4.5161e+03
5.3957e-01	2.5986e+09	4.5174e+03
5.4785e-01	2.5215e+09	4.5189e+03
5.5626e-01	2.4468e+09	4.5203e+03
5.6480e-01	2.3745e+09	4.5217e+03
5.7347e-01	2.3041e+09	4.5231e+03
5.8227e-01	2.2366e+09	4.5246e+03
5.9121e-01	2.1714e+09	4.5261e+03
6.0028e-01	2.1070e+09	4.5276e+03
6.0949e-01	2.0441e+09	4.5293e+03
6.1885e-01	1.9831e+09	4.5309e+03
6.2835e-01	1.9241e+09	4.5325e+03
6.3799e-01	1.8673e+09	4.5341e+03
6.4778e-01	1.8120e+09	4.5358e+03
6.5773e-01	1.7583e+09	4.5375e+03
6.6782e-01	1.7059e+09	4.5392e+03
6.7807e-01	1.6547e+09	4.5410e+03
6.8848e-01	1.6053e+09	4.5427e+03
6.9905e-01	1.5578e+09	4.5445e+03
7.0978e-01	1.5110e+09	4.5463e+03
7.2067e-01	1.4655e+09	4.5482e+03
7.3173e-01	1.4217e+09	4.5501e+03
7.4296e-01	1.3797e+09	4.5520e+03
7.5437e-01	1.3392e+09	4.5539e+03
7.6595e-01	1.3001e+09	4.5559e+03
7.7770e-01	1.2614e+09	4.5579e+03
7.8964e-01	1.2240e+09	4.5600e+03
8.0176e-01	1.1880e+09	4.5620e+03
8.1407e-01	1.1531e+09	4.5641e+03
8.2656e-01	1.1187e+09	4.5663e+03
8.3925e-01	1.0857e+09	4.5685e+03
8.5213e-01	1.0531e+09	4.5707e+03
8.6521e-01	1.0214e+09	4.5729e+03
8.7849e-01	9.9116e+08	4.5752e+03
8.9197e-01	9.6156e+08	4.5775e+03
9.0566e-01	9.3303e+08	4.5798e+03
9.1956e-01	9.0521e+08	4.5822e+03
9.3368e-01	8.7861e+08	4.5846e+03
9.4801e-01	8.5289e+08	4.5871e+03
9.6256e-01	8.2784e+08	4.5896e+03
9.7733e-01	8.0348e+08	4.5921e+03
9.9233e-01	7.7957e+08	4.5947e+03
1.0076e+00	7.5619e+08	4.5973e+03
1.0230e+00	7.3376e+08	4.5999e+03
1.0387e+00	7.1194e+08	4.6026e+03
1.0547e+00	6.9078e+08	4.6053e+03
1.0709e+00	6.7033e+08	4.6081e+03
1.0873e+00	6.5051e+08	4.6109e+03
1.1040e+00	6.3124e+08	4.6137e+03
1.1209e+00	6.1250e+08	4.6166e+03
1.1381e+00	5.9440e+08	4.6196e+03
1.1556e+00	5.7692e+08	4.6226e+03
1.1733e+00	5.6003e+08	4.6256e+03
1.1914e+00	5.4357e+08	4.6287e+03
1.2096e+00	5.2748e+08	4.6319e+03
1.2282e+00	5.1178e+08	4.6351e+03
1.2471e+00	4.9652e+08	4.6384e+03
1.2662e+00	4.8173e+08	4.6416e+03
1.2856e+00	4.6756e+08	4.6450e+03
1.3054e+00	4.5374e+08	4.6484e+03
1.3254e+00	4.4025e+08	4.6519e+03
1.3457e+00	4.2702e+08	4.6554e+03
1.3664e+00	4.1429e+08	4.6589e+03
1.3874e+00	4.0194e+08	4.6625e+03
1.4087e+00	3.9001e+08	4.6662e+03
1.4303e+00	3.7836e+08	4.6700e+03
1.4522e+00	3.6712e+08	4.6737e+03
1.4745e+00	3.5594e+08	4.6776e+03
1.4972e+00	3.4525e+08	4.6815e+03
1.5201e+00	3.3474e+08	4.6851e+03
1.5435e+00	3.2486e+08	4.6880e+03
1.5672e+00	3.1523e+08	4.6909e+03
1.5912e+00	3.0584e+08	4.6948e+03
1.6157e+00	2.9672e+08	4.6989e+03
1.6404e+00	2.8777e+08	4.7031e+03
1.6656e+00	2.7913e+08	4.7075e+03
1.6912e+00	2.7065e+08	4.7119e+03
1.7172e+00	2.6255e+08	4.7164e+03
1.7435e+00	2.5467e+08	4.7209e+03
1.7703e+00	2.4693e+08	4.7256e+03
1.7974e+00	2.3962e+08	4.7303e+03
1.8250e+00	2.3262e+08	4.7351e+03
1.8530e+00	2.2568e+08	4.7399e+03
1.8815e+00	2.1898e+08	4.7449e+03
1.9104e+00	2.1237e+08	4.7498e+03
1.9397e+00	2.0593e+08	4.7549e+03
1.9695e+00	1.9976e+08	4.7600e+03
1.9997e+00	1.9376e+08	4.7652e+03
2.0304e+00	1.8801e+08	4.7705e+03
2.0615e+00	1.8249e+08	4.7759e+03
2.0932e+00	1.7707e+08	4.7814e+03
2.1253e+00	1.7160e+08	4.7869e+03
2.1579e+00	1.6655e+08	4.7926e+03
2.1911e+00	1.6163e+08	4.7983e+03
2.2247e+00	1.5679e+08	4.8041e+03
2.2588e+00	1.5208e+08	4.8101e+03
2.2935e+00	1.4756e+08	4.8161e+03
2.3287e+00	1.4323e+08	4.8222e+03
2.3644e+00	1.3895e+08	4.8285e+03
2.4007e+00	1.3482e+08	4.8348e+03
2.4376e+00	1.3075e+08	4.8412e+03
2.4750e+00	1.2683e+08	4.8477e+03
2.5130e+00	1.2303e+08	4.8543e+03
2.5516e+00	1.1941e+08	4.8609e+03
2.5907e+00	1.1584e+08	4.8652e+03
2.6305e+00	1.1242e+08	4.8708e+03
2.6709e+00	1.0905e+08	4.8776e+03
2.7119e+00	1.0577e+08	4.8848e+03
2.7535e+00	1.0267e+08	4.8920e+03
2.7957e+00	9.9680e+07	4.8993e+03
2.8387e+00	9.6654e+07	4.9068e+03
2.8822e+00	9.3797e+07	4.9143e+03
2.9265e+00	9.1014e+07	4.9220e+03
2.9714e+00	8.8292e+07	4.9298e+03
3.0170e+00	8.5667e+07	4.9378e+03
3.0633e+00	8.3120e+07	4.9458e+03
3.1103e+00	8.0652e+07	4.9540e+03
3.1581e+00	7.8232e+07	4.9623e+03
3.2065e+00	7.5902e+07	4.9707e+03
3.2557e+00	7.3584e+07	4.9792e+03
3.3057e+00	7.1374e+07	4.9879e+03
3.3565e+00	6.9235e+07	4.9969e+03
3.4080e+00	6.7136e+07	5.0060e+03
3.4603e+00	6.5107e+07	5.0153e+03
3.5134e+00	6.3186e+07	5.0246e+03
3.5673e+00	6.1312e+07	5.0340e+03
3.6221e+00	5.9533e+07	5.0436e+03
3.6777e+00	5.7788e+07	5.0533e+03
3.7341e+00	5.6056e+07	5.0632e+03
3.7914e+00	5.4400e+07	5.0731e+03
3.8496e+00	5.2767e+07	5.0832e+03
3.9087e+00	5.1193e+07	5.0935e+03
3.9687e+00	4.9666e+07	5.1040e+03
4.0296e+00	4.8178e+07	5.1147e+03
4.0915e+00	4.6714e+07	5.1256e+03
4.1543e+00	4.5286e+07	5.1366e+03
4.2180e+00	4.3893e+07	5.1477e+03
4.2828e+00	4.2576e+07	5.1590e+03
4.3485e+00	4.1298e+07	5.1705e+03
4.4153e+00	4.0083e+07	5.1822e+03
4.4830e+00	3.8866e+07	5.1941e+03
4.5518e+00	3.7709e+07	5.2061e+03
4.6217e+00	3.6586e+07	5.2183e+03
4.6926e+00	3.5488e+07	5.2308e+03
4.7647e+00	3.4417e+07	5.2435e+03
4.8378e+00	3.3398e+07	5.2563e+03
4.9121e+00	3.2403e+07	5.2693e+03
4.9875e+00	3.1437e+07	5.2825e+03
5.0640e+00	3.0490e+07	5.2959e+03
5.1417e+00	2.9582e+07	5.3095e+03
5.2207e+00	2.8707e+07	5.3233e+03
5.3008e+00	2.7835e+07	5.3370e+03
5.3821e+00	2.6988e+07	5.3510e+03
5.4648e+00	2.6169e+07	5.3654e+03
5.5486e+00	2.5384e+07	5.3801e+03
5.6338e+00	2.4631e+07	5.3949e+03
5.7203e+00	2.3884e+07	5.4099e+03
5.8081e+00	2.3152e+07	5.4252e+03
5.8972e+00	2.2452e+07	5.4408e+03
5.9877e+00	2.1784e+07	5.4566e+03
6.0796e+00	2.1153e+07	5.4726e+03
6.1730e+00	2.0517e+07	5.4888e+03
6.2677e+00	1.9896e+07	5.5054e+03
6.3639e+00	1.9291e+07	5.5226e+03
6.4616e+00	1.8711e+07	5.5398e+03
6.5608e+00	1.8144e+07	5.5570e+03
6.6615e+00	1.7601e+07	5.5743e+03
6.7637e+00	1.7066e+07	5.5920e+03
6.8675e+00	1.6554e+07	5.6100e+03
6.9729e+00	1.6059e+07	5.6282e+03
7.0800e+00	1.5575e+07	5.6467e+03
7.1886e+00	1.5108e+07	5.6656e+03
7.2990e+00	1.4657e+07	5.6848e+03
7.4110e+00	1.4213e+07	5.7040e+03
7.5247e+00	1.3782e+07	5.7236e+03
7.6402e+00	1.3375e+07	5.7437e+03
7.7575e+00	1.2978e+07	5.7638e+03
7.8766e+00	1.2581e+07	5.7844e+03
7.9975e+00	1.2210e+07	5.8052e+03
8.1202e+00	1.1834e+07	5.8263e+03
8.2449e+00	1.1473e+07	5.8477e+03
8.3714e+00	1.1133e+07	5.8694e+03
8.4999e+00	1.0794e+07	5.8916e+03
8.6304e+00	1.0469e+07	5.9140e+03
8.7628e+00	1.0155e+07	5.9370e+03
8.8973e+00	9.8475e+06	5.9602e+03
9.0339e+00	9.5532e+06	5.9836e+03
9.1726e+00	9.2595e+06	6.0077e+03
9.3133e+00	8.9832e+06	6.0320e+03
9.4563e+00	8.7127e+06	6.0563e+03
9.6014e+00	8.4457e+06	6.0809e+03
9.7488e+00	8.1912e+06	6.1059e+03
9.8984e+00	7.9471e+06	6.1313e+03
1.0050e+01	7.7084e+06	6.1571e+03
1.0205e+01	7.4744e+06	6.1834e+03
1.0361e+01	7.2457e+06	6.2098e+03
1.0520e+01	7.0251e+06	6.2362e+03
1.0682e+01	6.8126e+06	6.2629e+03
1.0846e+01	6.6060e+06	6.2898e+03
1.1012e+01	6.4021e+06	6.3175e+03
1.1181e+01	6.2092e+06	6.3454e+03
1.1353e+01	6.0212e+06	6.3737e+03
1.1527e+01	5.8419e+06	6.4023e+03
1.1704e+01	5.6641e+06	6.4329e+03
1.1884e+01	5.4917e+06	6.4631e+03
1.2066e+01	5.3242e+06	6.4929e+03
1.2251e+01	5.1607e+06	6.5231e+03
1.2439e+01	5.0049e+06	6.5533e+03
1.2630e+01	4.8520e+06	6.5842e+03
1.2824e+01	4.7044e+06	6.6156e+03
1.3021e+01	4.5600e+06	6.6473e+03
1.3221e+01	4.4212e+06	6.6798e+03
1.3424e+01	4.2880e+06	6.7122e+03
1.3630e+01	4.1584e+06	6.7451e+03
1.3839e+01	4.0322e+06	6.7780e+03
1.4051e+01	3.9063e+06	6.8108e+03
1.4267e+01	3.7866e+06	6.8451e+03
1.4486e+01	3.6731e+06	6.8797e+03
1.4708e+01	3.5607e+06	6.9148e+03
1.4934e+01	3.4519e+06	6.9500e+03
1.5163e+01	3.3472e+06	6.9854e+03
1.5396e+01	3.2463e+06	7.0209e+03
1.5632e+01	3.1461e+06	7.0570e+03
1.5872e+01	3.0513e+06	7.0940e+03
1.6116e+01	2.9598e+06	7.1308e+03
1.6363e+01	2.8683e+06	7.1680e+03
1.6614e+01	2.7788e+06	7.2061e+03
1.6869e+01	2.6950e+06	7.2437e+03
1.7128e+01	2.6133e+06	7.2828e+03
1.7391e+01	2.5346e+06	7.3227e+03
1.7658e+01	2.4568e+06	7.3618e+03
1.7929e+01	2.3815e+06	7.4014e+03
1.8204e+01	2.3076e+06	7.4410e+03
1.8484e+01	2.2362e+06	7.4811e+03
1.8768e+01	2.1673e+06	7.5227e+03
1.9056e+01	2.1005e+06	7.5634e+03
1.9348e+01	2.0354e+06	7.6041e+03
1.9645e+01	1.9726e+06	7.6458e+03
1.9947e+01	1.9122e+06	7.6893e+03
2.0253e+01	1.8536e+06	7.7310e+03
2.0564e+01	1.7968e+06	7.7725e+03
2.0879e+01	1.7411e+06	7.8147e+03
2.1200e+01	1.6880e+06	7.8585e+03
2.1525e+01	1.6361e+06	7.9012e+03
2.1856e+01	1.5850e+06	7.9434e+03
2.2191e+01	1.5358e+06	7.9856e+03
2.2532e+01	1.4880e+06	8.0290e+03
2.2877e+01	1.4424e+06	8.0723e+03
2.3229e+01	1.3974e+06	8.1160e+03
2.3585e+01	1.3542e+06	8.1595e+03
2.3947e+01	1.3111e+06	8.2036e+03
2.4315e+01	1.2705e+06	8.2475e+03
2.4688e+01	1.2313e+06	8.2912e+03
2.5067e+01	1.1926e+06	8.3360e+03
2.5452e+01	1.1553e+06	8.3805e+03
2.5842e+01	1.1186e+06	8.4252e+03
2.6239e+01	1.0838e+06	8.4705e+03
2.6642e+01	1.0497e+06	8.5160e+03
2.7051e+01	1.0163e+06	8.5614e+03
2.7466e+01	9.8431e+05	8.6057e+03
2.7887e+01	9.5342e+05	8.6513e+03
2.8315e+01	9.2343e+05	8.6970e+03
2.8750e+01	8.9436e+05	8.7430e+03
2.9191e+01	8.6634e+05	8.7864e+03
2.9639e+01	8.3907e+05	8.8294e+03
3.0094e+01	8.1258e+05	8.8729e+03
3.0556e+01	7.8668e+05	8.9150e+03
3.1025e+01	7.6159e+05	8.9571e+03
3.1501e+01	7.3729e+05	8.9992e+03
3.1985e+01	7.1379e+05	9.0401e+03
3.2476e+01	6.9116e+05	9.0804e+03
3.2974e+01	6.6882e+05	9.1209e+03
3.3480e+01	6.4759e+05	9.1610e+03
3.3994e+01	6.2701e+05	9.2019e+03
3.4516e+01	6.0710e+05	9.2416e+03
3.5046e+01	5.8763e+05	9.2803e+03
3.5584e+01	5.6877e+05	9.3174e+03
3.6130e+01	5.5065e+05	9.3547e+03
3.6684e+01	5.3301e+05	9.3925e+03
3.7248e+01	5.1594e+05	9.4280e+03
3.7819e+01	4.9924e+05	9.4622e+03
3.8400e+01	4.8312e+05	9.4967e+03
3.8989e+01	4.6742e+05	9.5297e+03
3.9588e+01	4.5195e+05	9.5637e+03
4.0195e+01	4.3719e+05	9.5970e+03
4.0812e+01	4.2286e+05	9.6281e+03
4.1439e+01	4.0890e+05	9.6568e+03
4.2075e+01	3.9554e+05	9.6858e+03
4.2720e+01	3.8258e+05	9.7120e+03
4.3376e+01	3.7003e+05	9.7367e+03
4.4042e+01	3.5795e+05	9.7602e+03
4.4718e+01	3.4615e+05	9.7836e+03
4.5404e+01	3.3485e+05	9.8050e+03
4.6101e+01	3.2383e+05	9.8251e+03
4.6809e+01	3.1321e+05	9.8454e+03
4.7527e+01	3.0286e+05	9.8634e+03
4.8257e+01	2.9297e+05	9.8790e+03
4.8997e+01	2.8351e+05	9.8926e+03
4.9749e+01	2.7420e+05	9.9054e+03
5.0513e+01	2.6491e+05	9.9159e+03
5.1288e+01	2.5606e+05	9.9256e+03
5.2076e+01	2.4748e+05	9.9339e+03
5.2875e+01	2.3930e+05	9.9393e+03
5.3686e+01	2.3135e+05	9.9416e+03
5.4510e+01	2.2360e+05	9.9432e+03
5.5347e+01	2.1596e+05	9.9433e+03
5.6197e+01	2.0880e+05	9.9422e+03
5.7059e+01	2.0166e+05	9.9380e+03
5.7935e+01	1.9483e+05	9.9318e+03
5.8824e+01	1.8826e+05	9.9232e+03
5.9727e+01	1.8192e+05	9.9114e+03
6.0644e+01	1.7562e+05	9.9012e+03
6.1575e+01	1.6971e+05	9.8862e+03
6.2520e+01	1.6402e+05	9.8696e+03
6.3479e+01	1.5840e+05	9.8502e+03
6.4454e+01	1.5309e+05	9.8301e+03
6.5443e+01	1.4786e+05	9.8069e+03
6.6447e+01	1.4281e+05	9.7824e+03
6.7467e+01	1.3792e+05	9.7525e+03
6.8503e+01	1.3323e+05	9.7233e+03
6.9554e+01	1.2862e+05	9.6897e+03
7.0622e+01	1.2423e+05	9.6553e+03
7.1706e+01	1.1991e+05	9.6183e+03
7.2806e+01	1.1571e+05	9.5774e+03
7.3924e+01	1.1171e+05	9.5336e+03
7.5059e+01	1.0783e+05	9.4886e+03
7.6211e+01	1.0401e+05	9.4414e+03
7.7380e+01	1.0039e+05	9.3924e+03
7.8568e+01	9.6947e+04	9.3392e+03
7.9774e+01	9.3519e+04	9.2833e+03
8.0999e+01	9.0221e+04	9.2260e+03
8.2242e+01	8.6957e+04	9.1672e+03
8.3504e+01	8.3867e+04	9.1037e+03
8.4786e+01	8.0868e+04	9.0380e+03
8.6087e+01	7.7952e+04	8.9719e+03
8.7408e+01	7.5147e+04	8.9031e+03
8.8750e+01	7.2470e+04	8.8311e+03
9.0112e+01	6.9857e+04	8.7565e+03
9.1495e+01	6.7351e+04	8.6821e+03
9.2900e+01	6.4939e+04	8.6030e+03
9.4326e+01	6.2566e+04	8.5240e+03
9.5773e+01	6.0255e+04	8.4425e+03
9.7243e+01	5.8085e+04	8.3601e+03
9.8736e+01	5.5991e+04	8.2723e+03
1.0025e+02	5.3945e+04	8.1833e+03
1.0179e+02	5.1979e+04	8.0923e+03
1.0335e+02	5.0050e+04	8.0001e+03
1.0494e+02	4.8219e+04	7.9067e+03
1.0655e+02	4.6460e+04	7.8128e+03
1.0819e+02	4.4726e+04	7.7166e+03
1.0985e+02	4.3082e+04	7.6201e+03
1.1153e+02	4.1478e+04	7.5214e+03
1.1324e+02	3.9926e+04	7.4226e+03
1.1498e+02	3.8454e+04	7.3223e+03
1.1675e+02	3.6972e+04	7.2210e+03
1.1854e+02	3.5553e+04	7.1193e+03
1.2036e+02	3.4174e+04	7.0161e+03
1.2221e+02	3.2873e+04	6.9119e+03
1.2408e+02	3.1634e+04	6.8068e+03
1.2599e+02	3.0462e+04	6.7008e+03
1.2792e+02	2.9322e+04	6.5941e+03
1.2988e+02	2.8210e+04	6.4864e+03
1.3188e+02	2.7161e+04	6.3783e+03
1.3390e+02	2.6122e+04	6.2699e+03
1.3596e+02	2.5120e+04	6.1611e+03
1.3804e+02	2.4138e+04	6.0519e+03
1.4016e+02	2.3207e+04	5.9425e+03
1.4231e+02	2.2289e+04	5.8333e+03
1.4450e+02	2.1404e+04	5.7239e+03
1.4671e+02	2.0560e+04	5.6144e+03
1.4897e+02	1.9757e+04	5.5036e+03
1.5125e+02	1.8946e+04	5.3906e+03
1.5357e+02	1.8205e+04	5.2777e+03
1.5593e+02	1.7478e+04	5.1651e+03
1.5833e+02	1.6777e+04	5.0530e+03
1.6076e+02	1.6115e+04	4.9419e+03
1.6322e+02	1.5478e+04	4.8318e+03
1.6573e+02	1.4880e+04	4.7225e+03
1.6827e+02	1.4287e+04	4.6137e+03
1.7085e+02	1.3719e+04	4.5054e+03
1.7348e+02	1.3162e+04	4.3978e+03
1.7614e+02	1.2631e+04	4.2910e+03
1.7884e+02	1.2118e+04	4.1849e+03
1.8159e+02	1.1623e+04	4.0800e+03
1.8438e+02	1.1144e+04	3.9766e+03
1.8721e+02	1.0687e+04	3.8743e+03
1.9008e+02	1.0257e+04	3.7732e+03
1.9300e+02	9.8414e+03	3.6738e+03
1.9596e+02	9.4239e+03	3.5759e+03
1.9897e+02	9.0234e+03	3.4785e+03
2.0202e+02	8.6468e+03	3.3810e+03
2.0512e+02	8.2845e+03	3.2858e+03
2.0827e+02	7.9358e+03	3.1922e+03
2.1147e+02	7.5974e+03	3.0997e+03
2.1471e+02	7.2664e+03	3.0084e+03
2.1801e+02	6.9447e+03	2.9185e+03
2.2135e+02	6.6426e+03	2.8303e+03
2.2475e+02	6.3484e+03	2.7437e+03
2.2820e+02	6.0643e+03	2.6591e+03
2.3170e+02	5.8032e+03	2.5767e+03
2.3526e+02	5.5347e+03	2.4962e+03
2.3887e+02	5.2926e+03	2.4173e+03
2.4254e+02	5.0671e+03	2.3399e+03
2.4626e+02	4.8451e+03	2.2642e+03
2.5004e+02	4.6262e+03	2.1891e+03
2.5388e+02	4.4149e+03	2.1152e+03
2.5777e+02	4.2082e+03	2.0434e+03
2.6173e+02	4.0092e+03	1.9734e+03
2.6575e+02	3.8280e+03	1.9049e+03
2.6983e+02	3.6525e+03	1.8380e+03
2.7397e+02	3.4854e+03	1.7723e+03
2.7817e+02	3.3289e+03	1.7081e+03
2.8244e+02	3.1674e+03	1.6455e+03
2.8678e+02	3.0206e+03	1.5843e+03
2.9118e+02	2.8820e+03	1.5249e+03
2.9565e+02	2.7489e+03	1.4670e+03
3.0019e+02	2.6233e+03	1.4105e+03
3.0479e+02	2.4973e+03	1.3552e+03
3.0947e+02	2.3779e+03	1.3014e+03
3.1422e+02	2.2617e+03	1.2491e+03
3.1905e+02	2.1510e+03	1.1987e+03
3.2394e+02	2.0445e+03	1.1499e+03
3.2892e+02	1.9423e+03	1.1028e+03
3.3396e+02	1.8481e+03	1.0574e+03
3.3909e+02	1.7544e+03	1.0136e+03
3.4429e+02	1.6645e+03	9.7082e+02
3.4958e+02	1.5797e+03	9.2937e+02
3.5494e+02	1.4984e+03	8.8886e+02
3.6039e+02	1.4203e+03	8.4953e+02
3.6592e+02	1.3498e+03	8.1164e+02
3.7154e+02	1.2795e+03	7.7534e+02
3.7724e+02	1.2130e+03	7.4049e+02
3.8303e+02	1.1509e+03	7.0698e+02
3.8891e+02	1.0882e+03	6.7489e+02
3.9488e+02	1.0289e+03	6.4407e+02
4.0094e+02	9.7405e+02	6.1410e+02
4.0710e+02	9.2082e+02	5.8485e+02
4.1335e+02	8.7028e+02	5.5674e+02
4.1969e+02	8.2426e+02	5.2974e+02
4.2613e+02	7.8066e+02	5.0381e+02
4.3267e+02	7.3726e+02	4.7896e+02
4.3931e+02	6.9634e+02	4.5523e+02
4.4606e+02	6.5744e+02	4.3268e+02
4.5290e+02	6.2023e+02	4.1075e+02
4.5985e+02	5.8416e+02	3.8928e+02
4.6691e+02	5.5032e+02	3.6870e+02
4.7408e+02	5.2122e+02	3.4912e+02
4.8136e+02	4.9113e+02	3.3041e+02
4.8874e+02	4.6154e+02	3.1248e+02
4.9625e+02	4.3410e+02	2.9538e+02
5.0386e+02	4.0826e+02	2.7901e+02
5.1160e+02	3.8338e+02	2.6336e+02
5.1945e+02	3.5980e+02	2.4837e+02
5.2742e+02	3.3781e+02	2.3403e+02
5.3552e+02	3.1720e+02	2.2030e+02
5.4374e+02	2.9748e+02	2.0726e+02
5.5208e+02	2.7881e+02	1.9493e+02
5.6056e+02	2.6048e+02	1.8324e+02
5.6916e+02	2.4324e+02	1.7207e+02
5.7790e+02	2.2733e+02	1.6155e+02
5.8677e+02	2.1265e+02	1.5168e+02
5.9577e+02	1.9809e+02	1.4236e+02
6.0492e+02	1.8480e+02	1.3350e+02
6.1420e+02	1.7249e+02	1.2507e+02
6.2363e+02	1.6098e+02	1.1706e+02
6.3320e+02	1.5022e+02	1.0952e+02
6.4292e+02	1.3994e+02	1.0239e+02
6.5279e+02	1.3021e+02	9.5648e+01
6.6281e+02	1.2117e+02	8.9285e+01
6.7298e+02	1.1260e+02	8.3316e+01
6.8331e+02	1.0458e+02	7.7724e+01
6.9380e+02	9.7037e+01	7.2468e+01
7.0445e+02	9.0103e+01	6.7512e+01
7.1526e+02	8.3552e+01	6.2826e+01
7.2624e+02	7.7529e+01	5.8412e+01
7.3738e+02	7.1842e+01	5.4268e+01
7.4870e+02	6.6515e+01	5.0398e+01
7.6019e+02	6.1473e+01	4.6759e+01
7.7186e+02	5.6840e+01	4.3325e+01
7.8371e+02	5.2585e+01	4.0099e+01
7.9574e+02	4.8518e+01	3.7079e+01
8.0795e+02	4.4718e+01	3.4253e+01
8.2035e+02	4.1146e+01	3.1616e+01
8.3295e+02	3.7864e+01	2.9160e+01
8.4573e+02	3.4793e+01	2.6873e+01
8.5871e+02	3.1961e+01	2.4736e+01
8.7189e+02	2.9334e+01	2.2753e+01
8.8527e+02	2.6876e+01	2.0909e+01
8.9886e+02	2.4640e+01	1.9197e+01
9.1266e+02	2.2536e+01	1.7612e+01
9.2667e+02	2.0603e+01	1.6146e+01
9.4089e+02	1.8830e+01	1.4790e+01
9.5533e+02	1.7194e+01	1.3533e+01
9.6999e+02	1.5686e+01	1.2376e+01
9.8488e+02	1.4286e+01	1.1316e+01
1.0000e+03	1.3008e+01	1.0347e+01