1.800000e+00 1.869419e+09
1.822942e+00 1.841084e+09
1.846177e+00 1.812969e+09
1.869708e+00 1.785266e+09
1.893539e+00 1.757739e+09
1.917674e+00 1.730891e+09
1.942116e+00 1.704667e+09
1.966870e+00 1.678676e+09
1.991940e+00 1.652933e+09
2.017328e+00 1.627810e+09
2.043041e+00 1.602718e+09
2.069081e+00 1.578310e+09
2.095453e+00 1.554162e+09
2.122162e+00 1.530452e+09
2.149210e+00 1.506989e+09
2.176604e+00 1.483612e+09
2.204346e+00 1.460831e+09
2.232442e+00 1.438209e+09
2.260897e+00 1.416153e+09
2.289714e+00 1.394553e+09
2.318898e+00 1.373181e+09
2.348454e+00 1.352346e+09
2.378387e+00 1.331406e+09
2.408702e+00 1.310837e+09
2.439402e+00 1.290737e+09
2.470495e+00 1.270530e+09
2.501983e+00 1.250733e+09
2.533873e+00 1.231134e+09
2.566169e+00 1.211940e+09
2.598877e+00 1.193038e+09
2.632002e+00 1.174374e+09
2.665549e+00 1.156131e+09
2.699523e+00 1.138151e+09
2.733931e+00 1.120357e+09
2.768777e+00 1.102860e+09
2.804067e+00 1.085610e+09
2.839808e+00 1.068672e+09
2.876003e+00 1.051934e+09
2.912660e+00 1.035362e+09
2.949784e+00 1.019083e+09
2.987382e+00 1.003090e+09
3.025458e+00 9.874044e+08
3.064020e+00 9.718502e+08
3.103074e+00 9.564197e+08
3.142625e+00 9.413185e+08
3.182680e+00 9.267316e+08
3.223246e+00 9.121707e+08
3.264329e+00 8.974398e+08
3.305936e+00 8.831300e+08
3.348072e+00 8.692730e+08
3.390746e+00 8.555259e+08
3.433964e+00 8.418928e+08
3.477733e+00 8.283036e+08
3.522059e+00 8.152331e+08
3.566951e+00 8.023180e+08
3.612415e+00 7.893810e+08
3.658458e+00 7.767092e+08
3.705088e+00 7.641340e+08
3.752312e+00 7.519312e+08
3.800138e+00 7.398889e+08
3.848574e+00 7.280184e+08
3.897627e+00 7.162136e+08
3.947306e+00 7.044946e+08
3.997617e+00 6.931193e+08
4.048570e+00 6.819443e+08
4.100173e+00 6.709670e+08
4.152433e+00 6.601850e+08
4.205359e+00 6.495364e+08
4.258959e+00 6.390153e+08
4.313243e+00 6.284761e+08
4.368219e+00 6.182799e+08
4.423896e+00 6.081202e+08
4.480282e+00 5.981223e+08
4.537387e+00 5.883022e+08
4.595219e+00 5.786540e+08
4.653789e+00 5.691913e+08
4.713105e+00 5.598848e+08
4.773178e+00 5.505293e+08
4.834016e+00 5.413926e+08
4.895629e+00 5.323358e+08
4.958028e+00 5.234431e+08
5.021222e+00 5.146507e+08
5.085222e+00 5.061453e+08
5.150037e+00 4.977394e+08
5.215678e+00 4.894424e+08
5.282156e+00 4.812096e+08
5.349482e+00 4.730112e+08
5.417665e+00 4.650366e+08
5.486718e+00 4.572110e+08
5.556650e+00 4.494665e+08
5.627475e+00 4.417192e+08
5.699201e+00 4.341755e+08
5.771842e+00 4.267655e+08
5.845409e+00 4.194977e+08
5.919913e+00 4.123696e+08
5.995368e+00 4.052928e+08
6.071783e+00 3.984109e+08
6.149173e+00 3.915644e+08
6.227549e+00 3.848365e+08
6.306925e+00 3.781878e+08
6.387311e+00 3.717041e+08
6.468723e+00 3.652328e+08
6.551172e+00 3.588991e+08
6.634672e+00 3.526573e+08
6.719236e+00 3.465503e+08
6.804878e+00 3.404861e+08
6.891612e+00 3.345361e+08
6.979451e+00 3.286555e+08
7.068410e+00 3.229403e+08
7.158503e+00 3.173639e+08
7.249744e+00 3.118161e+08
7.342148e+00 3.063504e+08
7.435729e+00 3.009348e+08
7.530504e+00 2.955647e+08
7.626486e+00 2.903118e+08
7.723692e+00 2.850932e+08
7.822136e+00 2.799948e+08
7.921836e+00 2.749798e+08
8.022806e+00 2.700972e+08
8.125063e+00 2.652698e+08
8.228624e+00 2.604741e+08
8.333504e+00 2.557732e+08
8.439722e+00 2.511120e+08
8.547293e+00 2.466004e+08
8.656235e+00 2.420660e+08
8.766566e+00 2.376130e+08
8.878303e+00 2.332308e+08
8.991464e+00 2.289609e+08
9.106067e+00 2.247458e+08
9.222132e+00 2.205699e+08
9.339675e+00 2.164870e+08
9.458717e+00 2.125208e+08
9.579276e+00 2.086032e+08
9.701372e+00 2.047249e+08
9.825023e+00 2.009592e+08
9.950251e+00 1.972167e+08
1.007708e+01 1.935312e+08
1.020552e+01 1.899007e+08
1.033559e+01 1.863426e+08
1.046733e+01 1.828200e+08
1.060074e+01 1.793438e+08
1.073586e+01 1.759170e+08
1.087270e+01 1.725399e+08
1.101128e+01 1.692400e+08
1.115162e+01 1.660300e+08
1.129376e+01 1.628190e+08
1.143771e+01 1.596884e+08
1.158349e+01 1.566146e+08
1.173113e+01 1.535996e+08
1.188066e+01 1.505904e+08
1.203208e+01 1.476174e+08
1.218544e+01 1.447169e+08
1.234076e+01 1.418562e+08
1.249805e+01 1.390072e+08
1.265735e+01 1.362658e+08
1.281868e+01 1.335516e+08
1.298206e+01 1.308818e+08
1.314753e+01 1.282552e+08
1.331510e+01 1.256650e+08
1.348482e+01 1.231238e+08
1.365669e+01 1.206401e+08
1.383076e+01 1.181816e+08
1.400704e+01 1.157578e+08
1.418557e+01 1.134036e+08
1.436638e+01 1.110766e+08
1.454949e+01 1.087765e+08
1.473493e+01 1.065100e+08
1.492274e+01 1.043202e+08
1.511294e+01 1.021396e+08
1.530557e+01 1.000032e+08
1.550065e+01 9.789352e+07
1.569822e+01 9.582657e+07
1.589831e+01 9.379424e+07
1.610095e+01 9.178426e+07
1.630616e+01 8.982236e+07
1.651400e+01 8.789583e+07
1.672448e+01 8.600093e+07
1.693765e+01 8.413372e+07
1.715354e+01 8.230683e+07
1.737217e+01 8.051396e+07
1.759359e+01 7.874102e+07
1.781784e+01 7.700052e+07
1.804494e+01 7.528589e+07
1.827494e+01 7.362244e+07
1.850787e+01 7.197594e+07
1.874377e+01 7.036484e+07
1.898267e+01 6.877678e+07
1.922462e+01 6.721957e+07
1.946965e+01 6.568567e+07
1.971781e+01 6.418583e+07
1.996913e+01 6.270005e+07
2.022365e+01 6.124644e+07
2.048142e+01 5.982343e+07
2.074247e+01 5.841530e+07
2.100685e+01 5.704308e+07
2.127460e+01 5.569969e+07
2.154576e+01 5.437896e+07
2.182038e+01 5.307919e+07
2.209850e+01 5.180205e+07
2.238016e+01 5.054504e+07
2.266542e+01 4.932839e+07
2.295430e+01 4.812905e+07
2.324688e+01 4.696114e+07
2.354318e+01 4.580260e+07
2.384325e+01 4.467124e+07
2.414715e+01 4.357976e+07
2.445493e+01 4.248929e+07
2.476663e+01 4.142856e+07
2.508230e+01 4.038373e+07
2.540199e+01 3.936391e+07
2.572576e+01 3.836110e+07
2.605366e+01 3.737429e+07
2.638573e+01 3.640906e+07
2.672204e+01 3.546534e+07
2.706263e+01 3.454814e+07
2.740757e+01 3.363999e+07
2.775690e+01 3.275347e+07
2.811069e+01 3.189044e+07
2.846898e+01 3.104607e+07
2.883184e+01 3.021409e+07
2.919932e+01 2.940022e+07
2.957149e+01 2.860144e+07
2.994841e+01 2.781575e+07
3.033012e+01 2.704785e+07
3.071671e+01 2.629748e+07
3.110821e+01 2.556134e+07
3.150471e+01 2.484721e+07
3.190627e+01 2.415665e+07
3.231294e+01 2.347275e+07
3.272479e+01 2.280523e+07
3.314190e+01 2.215078e+07
3.356432e+01 2.151372e+07
3.399212e+01 2.088928e+07
3.442538e+01 2.028058e+07
3.486416e+01 1.968305e+07
3.530853e+01 1.910424e+07
3.575857e+01 1.853592e+07
3.621434e+01 1.798014e+07
3.667592e+01 1.743650e+07
3.714338e+01 1.690858e+07
3.761681e+01 1.639281e+07
3.809626e+01 1.588793e+07
3.858183e+01 1.540156e+07
3.907359e+01 1.492523e+07
3.957161e+01 1.445740e+07
4.007598e+01 1.400163e+07
4.058679e+01 1.355642e+07
4.110410e+01 1.312304e+07
4.162800e+01 1.270155e+07
4.215858e+01 1.229558e+07
4.269593e+01 1.189879e+07
4.324012e+01 1.150940e+07
4.379126e+01 1.112778e+07
4.434941e+01 1.075700e+07
4.491468e+01 1.039215e+07
4.548715e+01 1.004375e+07
4.606692e+01 9.704159e+06
4.665408e+01 9.373754e+06
4.724873e+01 9.049823e+06
4.785095e+01 8.732570e+06
4.846085e+01 8.427939e+06
4.907852e+01 8.129951e+06
4.970407e+01 7.840916e+06
5.033759e+01 7.559563e+06
5.097918e+01 7.287482e+06
5.162895e+01 7.024864e+06
5.228701e+01 6.766542e+06
5.295345e+01 6.515954e+06
5.362838e+01 6.276511e+06
5.431192e+01 6.043905e+06
5.500417e+01 5.818612e+06
5.570524e+01 5.597415e+06
5.641525e+01 5.381363e+06
5.713431e+01 5.174315e+06
5.786253e+01 4.972681e+06
5.860004e+01 4.778898e+06
5.934694e+01 4.591405e+06
6.010337e+01 4.408757e+06
6.086943e+01 4.233126e+06
6.164526e+01 4.065746e+06
6.243098e+01 3.902629e+06
6.322671e+01 3.745132e+06
6.403259e+01 3.593451e+06
6.484874e+01 3.448307e+06
6.567529e+01 3.309049e+06
6.651237e+01 3.174715e+06
6.736013e+01 3.046911e+06
6.821869e+01 2.922946e+06
6.908819e+01 2.804756e+06
6.996877e+01 2.691320e+06
7.086058e+01 2.582830e+06
7.176376e+01 2.479130e+06
7.267845e+01 2.379467e+06
7.360479e+01 2.283041e+06
7.454294e+01 2.190452e+06
7.549305e+01 2.101799e+06
7.645527e+01 2.017011e+06
7.742976e+01 1.935459e+06
7.841666e+01 1.856420e+06
7.941615e+01 1.780544e+06
8.042837e+01 1.708613e+06
8.145350e+01 1.639221e+06
8.249169e+01 1.573269e+06
8.354311e+01 1.509495e+06
8.460794e+01 1.448704e+06
8.568633e+01 1.389744e+06
8.677847e+01 1.332985e+06
8.788454e+01 1.278700e+06
8.900470e+01 1.226351e+06
9.013913e+01 1.176603e+06
9.128803e+01 1.129282e+06
9.245157e+01 1.083289e+06
9.362994e+01 1.039596e+06
9.482333e+01 9.972855e+05
9.603193e+01 9.566733e+05
9.725594e+01 9.178879e+05
9.849554e+01 8.806597e+05
9.975095e+01 8.450433e+05
1.010224e+02 8.107975e+05
1.023100e+02 7.778611e+05
1.036140e+02 7.462110e+05
1.049346e+02 7.157505e+05
1.062721e+02 6.870345e+05
1.076266e+02 6.594241e+05
1.089984e+02 6.325647e+05
1.103877e+02 6.070118e+05
1.117947e+02 5.824241e+05
1.132196e+02 5.586842e+05
1.146627e+02 5.362929e+05
1.161241e+02 5.145003e+05
1.176042e+02 4.936375e+05
1.191032e+02 4.736408e+05
1.206213e+02 4.544042e+05
1.221587e+02 4.359277e+05
1.237157e+02 4.183960e+05
1.252925e+02 4.014696e+05
1.268895e+02 3.852028e+05
1.285068e+02 3.695166e+05
1.301447e+02 3.544411e+05
1.318035e+02 3.401356e+05
1.334835e+02 3.263198e+05
1.351848e+02 3.131242e+05
1.369079e+02 3.004461e+05
1.386529e+02 2.882795e+05
1.404201e+02 2.766098e+05
1.422099e+02 2.652389e+05
1.440225e+02 2.544479e+05
1.458582e+02 2.440729e+05
1.477172e+02 2.341245e+05
1.496000e+02 2.245794e+05
1.515068e+02 2.155545e+05
1.534379e+02 2.067399e+05
1.553935e+02 1.984031e+05
1.573742e+02 1.903550e+05
1.593800e+02 1.826931e+05
1.614115e+02 1.752971e+05
1.634688e+02 1.681571e+05
1.655523e+02 1.613214e+05
1.676624e+02 1.547627e+05
1.697994e+02 1.485179e+05
1.719636e+02 1.424669e+05
1.741555e+02 1.366865e+05
1.763752e+02 1.311615e+05
1.786233e+02 1.258099e+05
1.809000e+02 1.206924e+05
1.832057e+02 1.158084e+05
1.855408e+02 1.111393e+05
1.879056e+02 1.065663e+05
1.903007e+02 1.021949e+05
1.927262e+02 9.801495e+04
1.951826e+02 9.409454e+04
1.976704e+02 9.027951e+04
2.001899e+02 8.664119e+04
2.027415e+02 8.315066e+04
2.053256e+02 7.979203e+04
2.079426e+02 7.659065e+04
2.105930e+02 7.348840e+04
2.132772e+02 7.050191e+04
2.159956e+02 6.765045e+04
2.187486e+02 6.493787e+04
2.215367e+02 6.231083e+04
2.243604e+02 5.979970e+04
2.272201e+02 5.738611e+04
2.301162e+02 5.505776e+04
2.330492e+02 5.279541e+04
2.360196e+02 5.066463e+04
2.390278e+02 4.859952e+04
2.420744e+02 4.660594e+04
2.451599e+02 4.472337e+04
2.482846e+02 4.292338e+04
2.514492e+02 4.118875e+04
2.546542e+02 3.952627e+04
2.578999e+02 3.790643e+04
2.611871e+02 3.634189e+04
2.645161e+02 3.486936e+04
2.678876e+02 3.346070e+04
2.713020e+02 3.211993e+04
2.747600e+02 3.083163e+04
2.782620e+02 2.959036e+04
2.818087e+02 2.837517e+04
2.854006e+02 2.722032e+04
2.890383e+02 2.611093e+04
2.927223e+02 2.505215e+04
2.964533e+02 2.403994e+04
3.002318e+02 2.308460e+04
3.040585e+02 2.215562e+04
3.079340e+02 2.126514e+04
3.118588e+02 2.041686e+04
3.158337e+02 1.958537e+04
3.198593e+02 1.878941e+04
3.239362e+02 1.802184e+04
3.280650e+02 1.729173e+04
3.322464e+02 1.659732e+04
3.364812e+02 1.593052e+04
3.407699e+02 1.528149e+04
3.451133e+02 1.466124e+04
3.495121e+02 1.407066e+04
3.539669e+02 1.350378e+04
3.584785e+02 1.295077e+04
3.630476e+02 1.242300e+04
3.676749e+02 1.192065e+04
3.723612e+02 1.143667e+04
3.771073e+02 1.097499e+04
3.819138e+02 1.053253e+04
3.867816e+02 1.010940e+04
3.917114e+02 9.701191e+03
3.967041e+02 9.305196e+03
4.017604e+02 8.930825e+03
4.068812e+02 8.570888e+03
4.120672e+02 8.225654e+03
4.173194e+02 7.894860e+03
4.226384e+02 7.575383e+03
4.280253e+02 7.267905e+03
4.334808e+02 6.968510e+03
4.390059e+02 6.683588e+03
4.446014e+02 6.414606e+03
4.502682e+02 6.154330e+03
4.560072e+02 5.904061e+03
4.618194e+02 5.663697e+03
4.677057e+02 5.432688e+03
4.736670e+02 5.210832e+03
4.797042e+02 4.999038e+03
4.858185e+02 4.795983e+03
4.920106e+02 4.600558e+03
4.982817e+02 4.412042e+03
5.046327e+02 4.231442e+03
5.110646e+02 4.058143e+03
5.175786e+02 3.893937e+03
5.241755e+02 3.736684e+03
5.308566e+02 3.585197e+03
5.376228e+02 3.440153e+03
5.444752e+02 3.300721e+03
5.514150e+02 3.167281e+03
5.584432e+02 3.038310e+03
5.655610e+02 2.916171e+03
5.727696e+02 2.798756e+03
5.800700e+02 2.684695e+03
5.874635e+02 2.576636e+03
5.949511e+02 2.472176e+03
6.025343e+02 2.372460e+03
6.102141e+02 2.276291e+03
6.179917e+02 2.183362e+03
6.258686e+02 2.094537e+03
6.338458e+02 2.009657e+03
6.419246e+02 1.928755e+03
6.501065e+02 1.851249e+03
6.583926e+02 1.776790e+03
6.667844e+02 1.704762e+03
6.752831e+02 1.635931e+03
6.838901e+02 1.569957e+03
6.926068e+02 1.506154e+03
7.014347e+02 1.444944e+03
7.103750e+02 1.386222e+03
7.194293e+02 1.329909e+03
7.285991e+02 1.276242e+03
7.378856e+02 1.224561e+03
7.472906e+02 1.174919e+03
7.568154e+02 1.126973e+03
7.664616e+02 1.081441e+03
7.762308e+02 1.037666e+03
7.861245e+02 9.956500e+02
7.961443e+02 9.553824e+02
8.062918e+02 9.167350e+02
8.165687e+02 8.794589e+02
8.269765e+02 8.436985e+02
8.375170e+02 8.092064e+02
8.481918e+02 7.762330e+02
8.590027e+02 7.447891e+02
8.699514e+02 7.146189e+02
8.810396e+02 6.856021e+02
8.922692e+02 6.577038e+02
9.036419e+02 6.313230e+02
9.151595e+02 6.055824e+02
9.268240e+02 5.810284e+02
9.386371e+02 5.575666e+02
9.506008e+02 5.352084e+02
9.627170e+02 5.136358e+02
9.749876e+02 4.928547e+02
9.874146e+02 4.728497e+02
1.000000e+03 4.535974e+02
