1.800000e+00 1.715962e+09 2.002306e+09
1.822942e+00 1.690464e+09 1.969751e+09
1.846177e+00 1.665659e+09 1.937900e+09
1.869708e+00 1.641572e+09 1.907476e+09
1.893539e+00 1.617963e+09 1.877467e+09
1.917674e+00 1.594792e+09 1.847555e+09
1.942116e+00 1.572114e+09 1.818101e+09
1.966870e+00 1.548891e+09 1.789121e+09
1.991940e+00 1.526055e+09 1.760249e+09
2.017328e+00 1.502732e+09 1.731773e+09
2.043041e+00 1.480393e+09 1.704277e+09
2.069081e+00 1.458801e+09 1.677070e+09
2.095453e+00 1.437211e+09 1.650729e+09
2.122162e+00 1.415798e+09 1.625111e+09
2.149210e+00 1.394600e+09 1.599049e+09
2.176604e+00 1.373799e+09 1.572896e+09
2.204346e+00 1.353637e+09 1.547913e+09
2.232442e+00 1.334009e+09 1.522957e+09
2.260897e+00 1.314676e+09 1.498721e+09
2.289714e+00 1.295735e+09 1.474814e+09
2.318898e+00 1.276912e+09 1.450894e+09
2.348454e+00 1.258399e+09 1.427225e+09
2.378387e+00 1.239815e+09 1.404255e+09
2.408702e+00 1.221656e+09 1.381791e+09
2.439402e+00 1.203529e+09 1.359431e+09
2.470495e+00 1.185496e+09 1.337500e+09
2.501983e+00 1.168208e+09 1.316209e+09
2.533873e+00 1.151212e+09 1.294947e+09
2.566169e+00 1.134165e+09 1.274085e+09
2.598877e+00 1.116918e+09 1.253749e+09
2.632002e+00 1.100132e+09 1.233735e+09
2.665549e+00 1.083690e+09 1.213803e+09
2.699523e+00 1.067475e+09 1.194509e+09
2.733931e+00 1.051598e+09 1.175547e+09
2.768777e+00 1.035965e+09 1.156868e+09
2.804067e+00 1.020545e+09 1.138417e+09
2.839808e+00 1.005329e+09 1.120066e+09
2.876003e+00 9.899621e+08 1.101790e+09
2.912660e+00 9.747944e+08 1.084354e+09
2.949784e+00 9.599353e+08 1.066798e+09
2.987382e+00 9.452662e+08 1.049611e+09
3.025458e+00 9.308373e+08 1.032489e+09
3.064020e+00 9.169052e+08 1.015593e+09
3.103074e+00 9.032350e+08 9.990881e+08
3.142625e+00 8.896884e+08 9.830046e+08
3.182680e+00 8.761130e+08 9.668540e+08
3.223246e+00 8.627284e+08 9.509968e+08
3.264329e+00 8.497288e+08 9.351796e+08
3.305936e+00 8.370868e+08 9.200589e+08
3.348072e+00 8.243077e+08 9.050205e+08
3.390746e+00 8.117960e+08 8.902168e+08
3.433964e+00 7.992661e+08 8.754271e+08
3.477733e+00 7.867877e+08 8.611276e+08
3.522059e+00 7.746460e+08 8.471156e+08
3.566951e+00 7.628963e+08 8.332278e+08
3.612415e+00 7.513760e+08 8.194375e+08
3.658458e+00 7.397988e+08 8.058313e+08
3.705088e+00 7.284943e+08 7.924672e+08
3.752312e+00 7.173933e+08 7.793294e+08
3.800138e+00 7.063593e+08 7.665293e+08
3.848574e+00 6.955893e+08 7.538409e+08
3.897627e+00 6.847961e+08 7.413761e+08
3.947306e+00 6.740673e+08 7.289276e+08
3.997617e+00 6.636099e+08 7.167303e+08
4.048570e+00 6.532922e+08 7.047761e+08
4.100173e+00 6.430207e+08 6.930499e+08
4.152433e+00 6.328439e+08 6.817265e+08
4.205359e+00 6.227319e+08 6.705973e+08
4.258959e+00 6.126545e+08 6.593853e+08
4.313243e+00 6.030026e+08 6.481403e+08
4.368219e+00 5.934400e+08 6.373125e+08
4.423896e+00 5.839162e+08 6.268246e+08
4.480282e+00 5.747263e+08 6.161996e+08
4.537387e+00 5.657102e+08 6.059310e+08
4.595219e+00 5.566988e+08 5.958848e+08
4.653789e+00 5.478571e+08 5.859338e+08
4.713105e+00 5.389024e+08 5.759003e+08
4.773178e+00 5.301110e+08 5.662151e+08
4.834016e+00 5.215057e+08 5.567841e+08
4.895629e+00 5.130301e+08 5.472124e+08
4.958028e+00 5.047650e+08 5.379426e+08
5.021222e+00 4.965877e+08 5.288204e+08
5.085222e+00 4.885096e+08 5.198176e+08
5.150037e+00 4.805674e+08 5.110922e+08
5.215678e+00 4.726176e+08 5.023905e+08
5.282156e+00 4.647745e+08 4.939097e+08
5.349482e+00 4.571732e+08 4.855965e+08
5.417665e+00 4.496141e+08 4.774610e+08
5.486718e+00 4.421163e+08 4.693325e+08
5.556650e+00 4.347849e+08 4.612309e+08
5.627475e+00 4.273855e+08 4.534015e+08
5.699201e+00 4.202802e+08 4.456394e+08
5.771842e+00 4.133200e+08 4.381011e+08
5.845409e+00 4.065267e+08 4.306454e+08
5.919913e+00 3.996653e+08 4.232178e+08
5.995368e+00 3.930757e+08 4.158590e+08
6.071783e+00 3.864872e+08 4.086556e+08
6.149173e+00 3.800771e+08 4.016495e+08
6.227549e+00 3.737828e+08 3.946489e+08
6.306925e+00 3.674878e+08 3.877684e+08
6.387311e+00 3.611736e+08 3.809721e+08
6.468723e+00 3.550733e+08 3.742805e+08
6.551172e+00 3.490523e+08 3.677469e+08
6.634672e+00 3.430839e+08 3.613400e+08
6.719236e+00 3.371192e+08 3.550442e+08
6.804878e+00 3.313469e+08 3.488099e+08
6.891612e+00 3.256253e+08 3.426880e+08
6.979451e+00 3.199997e+08 3.366810e+08
7.068410e+00 3.145774e+08 3.307276e+08
7.158503e+00 3.090657e+08 3.248696e+08
7.249744e+00 3.035971e+08 3.191309e+08
7.342148e+00 2.982057e+08 3.135076e+08
7.435729e+00 2.930078e+08 3.079145e+08
7.530504e+00 2.878114e+08 3.024161e+08
7.626486e+00 2.826960e+08 2.970011e+08
7.723692e+00 2.777490e+08 2.917411e+08
7.822136e+00 2.728208e+08 2.865189e+08
7.921836e+00 2.679546e+08 2.813600e+08
8.022806e+00 2.631550e+08 2.763096e+08
8.125063e+00 2.585300e+08 2.713799e+08
8.228624e+00 2.537933e+08 2.665501e+08
8.333504e+00 2.491735e+08 2.617140e+08
8.439722e+00 2.447122e+08 2.569302e+08
8.547293e+00 2.403204e+08 2.522116e+08
8.656235e+00 2.359478e+08 2.476376e+08
8.766566e+00 2.316473e+08 2.431578e+08
8.878303e+00 2.273515e+08 2.387421e+08
8.991464e+00 2.232152e+08 2.343991e+08
9.106067e+00 2.190505e+08 2.300776e+08
9.222132e+00 2.150641e+08 2.258363e+08
9.339675e+00 2.110493e+08 2.216354e+08
9.458717e+00 2.071832e+08 2.175059e+08
9.579276e+00 2.033434e+08 2.134058e+08
9.701372e+00 1.995464e+08 2.094424e+08
9.825023e+00 1.958545e+08 2.055035e+08
9.950251e+00 1.921935e+08 2.016886e+08
1.007708e+01 1.885863e+08 1.978819e+08
1.020552e+01 1.850421e+08 1.941315e+08
1.033559e+01 1.815354e+08 1.904660e+08
1.046733e+01 1.781279e+08 1.868688e+08
1.060074e+01 1.747694e+08 1.833241e+08
1.073586e+01 1.714578e+08 1.798541e+08
1.087270e+01 1.681470e+08 1.763866e+08
1.101128e+01 1.649332e+08 1.730038e+08
1.115162e+01 1.617827e+08 1.697018e+08
1.129376e+01 1.586754e+08 1.663924e+08
1.143771e+01 1.556727e+08 1.631721e+08
1.158349e+01 1.525907e+08 1.600097e+08
1.173113e+01 1.495808e+08 1.568908e+08
1.188066e+01 1.466638e+08 1.538779e+08
1.203208e+01 1.437749e+08 1.508847e+08
1.218544e+01 1.409666e+08 1.479182e+08
1.234076e+01 1.382245e+08 1.450072e+08
1.249805e+01 1.354760e+08 1.421387e+08
1.265735e+01 1.327517e+08 1.392952e+08
1.281868e+01 1.300919e+08 1.365279e+08
1.298206e+01 1.274694e+08 1.337836e+08
1.314753e+01 1.248901e+08 1.310923e+08
1.331510e+01 1.223614e+08 1.284635e+08
1.348482e+01 1.199091e+08 1.258784e+08
1.365669e+01 1.174534e+08 1.233374e+08
1.383076e+01 1.150510e+08 1.208333e+08
1.400704e+01 1.127195e+08 1.183784e+08
1.418557e+01 1.103883e+08 1.159547e+08
1.436638e+01 1.081021e+08 1.135646e+08
1.454949e+01 1.058538e+08 1.112337e+08
1.473493e+01 1.036469e+08 1.089453e+08
1.492274e+01 1.014664e+08 1.066758e+08
1.511294e+01 9.937610e+07 1.044534e+08
1.530557e+01 9.729308e+07 1.022502e+08
1.550065e+01 9.523720e+07 1.000901e+08
1.569822e+01 9.322234e+07 9.798145e+07
1.589831e+01 9.125698e+07 9.591451e+07
1.610095e+01 8.930877e+07 9.388732e+07
1.630616e+01 8.738738e+07 9.189022e+07
1.651400e+01 8.551164e+07 8.991718e+07
1.672448e+01 8.365940e+07 8.797240e+07
1.693765e+01 8.186905e+07 8.606638e+07
1.715354e+01 8.009330e+07 8.419173e+07
1.737217e+01 7.834144e+07 8.236562e+07
1.759359e+01 7.662914e+07 8.056850e+07
1.781784e+01 7.492198e+07 7.878386e+07
1.804494e+01 7.325693e+07 7.703531e+07
1.827494e+01 7.161942e+07 7.531997e+07
1.850787e+01 7.003466e+07 7.363127e+07
1.874377e+01 6.847957e+07 7.197925e+07
1.898267e+01 6.693377e+07 7.034448e+07
1.922462e+01 6.540934e+07 6.873872e+07
1.946965e+01 6.390835e+07 6.718501e+07
1.971781e+01 6.243813e+07 6.565698e+07
1.996913e+01 6.099671e+07 6.415386e+07
2.022365e+01 5.957108e+07 6.268196e+07
2.048142e+01 5.818200e+07 6.123958e+07
2.074247e+01 5.682627e+07 5.980977e+07
2.100685e+01 5.550506e+07 5.840800e+07
2.127460e+01 5.419750e+07 5.703426e+07
2.154576e+01 5.292361e+07 5.568319e+07
2.182038e+01 5.166083e+07 5.435702e+07
2.209850e+01 5.042926e+07 5.305132e+07
2.238016e+01 4.920113e+07 5.177503e+07
2.266542e+01 4.802166e+07 5.053226e+07
2.295430e+01 4.682855e+07 4.930296e+07
2.324688e+01 4.567591e+07 4.809548e+07
2.354318e+01 4.454931e+07 4.691917e+07
2.384325e+01 4.343590e+07 4.576731e+07
2.414715e+01 4.236178e+07 4.461581e+07
2.445493e+01 4.131380e+07 4.350641e+07
2.476663e+01 4.029119e+07 4.241586e+07
2.508230e+01 3.927409e+07 4.135645e+07
2.540199e+01 3.827513e+07 4.031310e+07
2.572576e+01 3.730888e+07 3.928507e+07
2.605366e+01 3.635332e+07 3.828074e+07
2.638573e+01 3.541617e+07 3.728632e+07
2.672204e+01 3.449067e+07 3.632332e+07
2.706263e+01 3.357863e+07 3.538437e+07
2.740757e+01 3.270449e+07 3.447366e+07
2.775690e+01 3.183915e+07 3.357290e+07
2.811069e+01 3.098419e+07 3.268686e+07
2.846898e+01 3.016390e+07 3.181894e+07
2.883184e+01 2.934835e+07 3.096637e+07
2.919932e+01 2.856667e+07 3.013042e+07
2.957149e+01 2.778853e+07 2.931367e+07
2.994841e+01 2.703063e+07 2.851614e+07
3.033012e+01 2.627640e+07 2.773514e+07
3.071671e+01 2.553803e+07 2.697077e+07
3.110821e+01 2.482555e+07 2.623025e+07
3.150471e+01 2.412068e+07 2.550592e+07
3.190627e+01 2.343221e+07 2.479910e+07
3.231294e+01 2.276417e+07 2.409865e+07
3.272479e+01 2.210621e+07 2.341605e+07
3.314190e+01 2.146986e+07 2.274905e+07
3.356432e+01 2.084000e+07 2.209741e+07
3.399212e+01 2.022923e+07 2.146025e+07
3.442538e+01 1.963783e+07 2.084019e+07
3.486416e+01 1.905873e+07 2.023217e+07
3.530853e+01 1.849923e+07 1.963704e+07
3.575857e+01 1.794350e+07 1.905434e+07
3.621434e+01 1.740059e+07 1.848430e+07
3.667592e+01 1.686187e+07 1.793330e+07
3.714338e+01 1.636055e+07 1.739441e+07
3.761681e+01 1.585516e+07 1.686437e+07
3.809626e+01 1.535995e+07 1.635698e+07
3.858183e+01 1.488391e+07 1.585667e+07
3.907359e+01 1.441070e+07 1.536526e+07
3.957161e+01 1.395738e+07 1.489053e+07
4.007598e+01 1.351237e+07 1.442575e+07
4.058679e+01 1.307116e+07 1.397308e+07
4.110410e+01 1.265185e+07 1.353269e+07
4.162800e+01 1.223120e+07 1.310407e+07
4.215858e+01 1.182413e+07 1.268717e+07
4.269593e+01 1.143731e+07 1.227229e+07
4.324012e+01 1.105760e+07 1.187782e+07
4.379126e+01 1.069577e+07 1.148729e+07
4.434941e+01 1.033707e+07 1.110912e+07
4.491468e+01 9.987290e+06 1.074142e+07
4.548715e+01 9.644882e+06 1.038386e+07
4.606692e+01 9.308761e+06 1.003690e+07
4.665408e+01 8.977255e+06 9.699204e+06
4.724873e+01 8.666601e+06 9.371176e+06
4.785095e+01 8.358987e+06 9.050817e+06
4.846085e+01 8.062295e+06 8.740464e+06
4.907852e+01 7.770652e+06 8.437060e+06
4.970407e+01 7.490892e+06 8.144470e+06
5.033759e+01 7.212082e+06 7.859572e+06
5.097918e+01 6.944461e+06 7.583327e+06
5.162895e+01 6.686130e+06 7.310905e+06
5.228701e+01 6.438663e+06 7.046305e+06
5.295345e+01 6.195714e+06 6.791476e+06
5.362838e+01 5.958942e+06 6.546878e+06
5.431192e+01 5.727469e+06 6.309725e+06
5.500417e+01 5.504426e+06 6.078472e+06
5.570524e+01 5.286717e+06 5.855106e+06
5.641525e+01 5.074597e+06 5.633614e+06
5.713431e+01 4.872210e+06 5.423056e+06
5.786253e+01 4.676786e+06 5.218937e+06
5.860004e+01 4.488689e+06 5.020763e+06
5.934694e+01 4.308761e+06 4.829289e+06
6.010337e+01 4.131537e+06 4.643926e+06
6.086943e+01 3.965451e+06 4.464633e+06
6.164526e+01 3.806276e+06 4.290189e+06
6.243098e+01 3.653352e+06 4.119970e+06
6.322671e+01 3.507247e+06 3.956220e+06
6.403259e+01 3.367808e+06 3.797684e+06
6.484874e+01 3.232253e+06 3.645575e+06
6.567529e+01 3.101059e+06 3.499262e+06
6.651237e+01 2.975775e+06 3.357128e+06
6.736013e+01 2.853051e+06 3.220537e+06
6.821869e+01 2.738531e+06 3.088465e+06
6.908819e+01 2.629042e+06 2.961053e+06
6.996877e+01 2.523353e+06 2.841351e+06
7.086058e+01 2.422124e+06 2.725560e+06
7.176376e+01 2.325194e+06 2.613974e+06
7.267845e+01 2.230830e+06 2.506716e+06
7.360479e+01 2.140439e+06 2.404284e+06
7.454294e+01 2.054053e+06 2.306362e+06
7.549305e+01 1.971667e+06 2.212434e+06
7.645527e+01 1.892457e+06 2.122328e+06
7.742976e+01 1.816061e+06 2.036128e+06
7.841666e+01 1.742546e+06 1.953775e+06
7.941615e+01 1.671516e+06 1.874795e+06
8.042837e+01 1.604717e+06 1.797485e+06
8.145350e+01 1.539794e+06 1.724623e+06
8.249169e+01 1.477444e+06 1.653887e+06
8.354311e+01 1.417951e+06 1.587167e+06
8.460794e+01 1.360963e+06 1.522604e+06
8.568633e+01 1.305966e+06 1.460688e+06
8.677847e+01 1.253118e+06 1.401070e+06
8.788454e+01 1.202339e+06 1.343852e+06
8.900470e+01 1.154012e+06 1.289494e+06
9.013913e+01 1.107264e+06 1.237453e+06
9.128803e+01 1.062580e+06 1.187182e+06
9.245157e+01 1.019517e+06 1.138715e+06
9.362994e+01 9.780599e+05 1.092111e+06
9.482333e+01 9.386887e+05 1.047622e+06
9.603193e+01 9.009059e+05 1.004891e+06
9.725594e+01 8.648546e+05 9.640768e+05
9.849554e+01 8.301183e+05 9.248055e+05
9.975095e+01 7.967331e+05 8.874775e+05
1.010224e+02 7.647802e+05 8.513829e+05
1.023100e+02 7.339351e+05 8.173572e+05
1.036140e+02 7.044522e+05 7.841635e+05
1.049346e+02 6.760824e+05 7.524919e+05
1.062721e+02 6.486777e+05 7.222724e+05
1.076266e+02 6.223421e+05 6.931217e+05
1.089984e+02 5.973311e+05 6.651480e+05
1.103877e+02 5.730291e+05 6.381798e+05
1.117947e+02 5.497947e+05 6.123444e+05
1.132196e+02 5.273402e+05 5.873516e+05
1.146627e+02 5.060579e+05 5.633365e+05
1.161241e+02 4.852039e+05 5.408049e+05
1.176042e+02 4.653795e+05 5.187182e+05
1.191032e+02 4.462495e+05 4.975954e+05
1.206213e+02 4.280051e+05 4.773553e+05
1.221587e+02 4.104447e+05 4.580189e+05
1.237157e+02 3.939272e+05 4.396197e+05
1.252925e+02 3.779594e+05 4.220246e+05
1.268895e+02 3.625291e+05 4.048678e+05
1.285068e+02 3.476680e+05 3.886194e+05
1.301447e+02 3.336601e+05 3.730136e+05
1.318035e+02 3.200522e+05 3.579795e+05
1.334835e+02 3.071649e+05 3.435679e+05
1.351848e+02 2.946678e+05 3.295942e+05
1.369079e+02 2.826184e+05 3.161949e+05
1.386529e+02 2.711054e+05 3.033060e+05
1.404201e+02 2.600609e+05 2.909053e+05
1.422099e+02 2.495589e+05 2.792229e+05
1.440225e+02 2.393866e+05 2.679952e+05
1.458582e+02 2.296289e+05 2.572713e+05
1.477172e+02 2.203827e+05 2.470112e+05
1.496000e+02 2.113693e+05 2.370523e+05
1.515068e+02 2.027181e+05 2.274231e+05
1.534379e+02 1.944669e+05 2.182850e+05
1.553935e+02 1.866297e+05 2.093630e+05
1.573742e+02 1.790828e+05 2.008523e+05
1.593800e+02 1.716909e+05 1.927847e+05
1.614115e+02 1.646336e+05 1.850618e+05
1.634688e+02 1.578607e+05 1.776513e+05
1.655523e+02 1.514214e+05 1.704953e+05
1.676624e+02 1.452084e+05 1.635682e+05
1.697994e+02 1.393307e+05 1.569144e+05
1.719636e+02 1.336165e+05 1.505347e+05
1.741555e+02 1.281687e+05 1.444587e+05
1.763752e+02 1.229020e+05 1.385989e+05
1.786233e+02 1.179295e+05 1.329793e+05
1.809000e+02 1.130755e+05 1.276223e+05
1.832057e+02 1.084789e+05 1.224413e+05
1.855408e+02 1.040218e+05 1.174978e+05
1.879056e+02 9.977237e+04 1.127679e+05
1.903007e+02 9.568429e+04 1.082200e+05
1.927262e+02 9.179788e+04 1.038812e+05
1.951826e+02 8.802007e+04 9.969508e+04
1.976704e+02 8.440983e+04 9.567858e+04
2.001899e+02 8.098131e+04 9.182982e+04
2.027415e+02 7.771042e+04 8.813587e+04
2.053256e+02 7.453906e+04 8.459190e+04
2.079426e+02 7.150690e+04 8.117464e+04
2.105930e+02 6.862324e+04 7.787047e+04
2.132772e+02 6.584204e+04 7.474763e+04
2.159956e+02 6.317214e+04 7.177241e+04
2.187486e+02 6.057482e+04 6.888542e+04
2.215367e+02 5.807289e+04 6.610177e+04
2.243604e+02 5.571586e+04 6.343351e+04
2.272201e+02 5.341713e+04 6.088267e+04
2.301162e+02 5.119168e+04 5.844601e+04
2.330492e+02 4.911703e+04 5.610647e+04
2.360196e+02 4.711341e+04 5.385922e+04
2.390278e+02 4.522255e+04 5.168965e+04
2.420744e+02 4.339033e+04 4.961094e+04
2.451599e+02 4.160435e+04 4.761700e+04
2.482846e+02 3.989542e+04 4.571035e+04
2.514492e+02 3.827838e+04 4.388048e+04
2.546542e+02 3.670239e+04 4.213263e+04
2.578999e+02 3.521354e+04 4.046097e+04
2.611871e+02 3.377048e+04 3.883554e+04
2.645161e+02 3.238914e+04 3.726631e+04
2.678876e+02 3.106269e+04 3.574959e+04
2.713020e+02 2.979454e+04 3.431435e+04
2.747600e+02 2.858881e+04 3.295635e+04
2.782620e+02 2.741012e+04 3.164854e+04
2.818087e+02 2.627980e+04 3.037246e+04
2.854006e+02 2.520331e+04 2.914715e+04
2.890383e+02 2.417561e+04 2.797955e+04
2.927223e+02 2.318934e+04 2.685316e+04
2.964533e+02 2.224484e+04 2.577061e+04
3.002318e+02 2.133040e+04 2.474373e+04
3.040585e+02 2.044809e+04 2.375608e+04
3.079340e+02 1.960146e+04 2.280786e+04
3.118588e+02 1.879516e+04 2.189748e+04
3.158337e+02 1.802133e+04 2.101604e+04
3.198593e+02 1.729985e+04 2.016739e+04
3.239362e+02 1.659326e+04 1.936127e+04
3.280650e+02 1.591422e+04 1.857997e+04
3.322464e+02 1.526861e+04 1.782871e+04
3.364812e+02 1.464284e+04 1.711478e+04
3.407699e+02 1.403856e+04 1.643040e+04
3.451133e+02 1.345819e+04 1.577075e+04
3.495121e+02 1.290859e+04 1.514007e+04
3.539669e+02 1.237147e+04 1.453851e+04
3.584785e+02 1.186842e+04 1.395172e+04
3.630476e+02 1.137908e+04 1.338912e+04
3.676749e+02 1.092240e+04 1.285574e+04
3.723612e+02 1.048669e+04 1.234339e+04
3.771073e+02 1.006383e+04 1.185157e+04
3.819138e+02 9.656169e+03 1.137921e+04
3.867816e+02 9.257397e+03 1.092354e+04
3.917114e+02 8.873483e+03 1.048448e+04
3.967041e+02 8.508405e+03 1.006957e+04
4.017604e+02 8.158730e+03 9.665953e+03
4.068812e+02 7.828952e+03 9.276857e+03
4.120672e+02 7.507555e+03 8.903852e+03
4.173194e+02 7.202665e+03 8.548362e+03
4.226384e+02 6.907272e+03 8.208648e+03
4.280253e+02 6.623873e+03 7.877933e+03
4.334808e+02 6.354369e+03 7.563975e+03
4.390059e+02 6.095485e+03 7.260763e+03
4.446014e+02 5.840292e+03 6.970440e+03
4.502682e+02 5.599817e+03 6.690660e+03
4.560072e+02 5.369244e+03 6.425433e+03
4.618194e+02 5.146668e+03 6.165624e+03
4.677057e+02 4.933576e+03 5.919159e+03
4.736670e+02 4.731763e+03 5.684119e+03
4.797042e+02 4.535473e+03 5.458412e+03
4.858185e+02 4.347252e+03 5.239707e+03
4.920106e+02 4.168311e+03 5.028591e+03
4.982817e+02 3.997563e+03 4.829592e+03
5.046327e+02 3.833125e+03 4.634352e+03
5.110646e+02 3.676950e+03 4.446090e+03
5.175786e+02 3.528715e+03 4.264749e+03
5.241755e+02 3.383201e+03 4.093660e+03
5.308566e+02 3.244154e+03 3.929700e+03
5.376228e+02 3.110414e+03 3.772213e+03
5.444752e+02 2.983073e+03 3.621205e+03
5.514150e+02 2.860384e+03 3.476306e+03
5.584432e+02 2.742878e+03 3.336901e+03
5.655610e+02 2.630236e+03 3.202847e+03
5.727696e+02 2.521967e+03 3.074860e+03
5.800700e+02 2.418579e+03 2.951891e+03
5.874635e+02 2.319878e+03 2.833727e+03
5.949511e+02 2.224707e+03 2.720292e+03
6.025343e+02 2.134443e+03 2.611394e+03
6.102141e+02 2.047307e+03 2.506747e+03
6.179917e+02 1.963316e+03 2.406293e+03
6.258686e+02 1.882707e+03 2.309607e+03
6.338458e+02 1.806265e+03 2.216851e+03
6.419246e+02 1.732900e+03 2.128489e+03
6.501065e+02 1.661500e+03 2.043429e+03
6.583926e+02 1.593536e+03 1.961670e+03
6.667844e+02 1.528416e+03 1.883182e+03
6.752831e+02 1.466249e+03 1.807834e+03
6.838901e+02 1.406922e+03 1.735757e+03
6.926068e+02 1.349031e+03 1.667281e+03
7.014347e+02 1.293356e+03 1.601512e+03
7.103750e+02 1.240007e+03 1.537515e+03
7.194293e+02 1.188927e+03 1.475832e+03
7.285991e+02 1.139814e+03 1.417226e+03
7.378856e+02 1.092748e+03 1.360872e+03
7.472906e+02 1.047719e+03 1.306797e+03
7.568154e+02 1.004757e+03 1.254278e+03
7.664616e+02 9.638390e+02 1.204072e+03
7.762308e+02 9.245876e+02 1.155950e+03
7.861245e+02 8.869348e+02 1.109651e+03
7.961443e+02 8.508153e+02 1.065534e+03
8.062918e+02 8.159249e+02 1.023272e+03
8.165687e+02 7.821864e+02 9.822819e+02
8.269765e+02 7.499873e+02 9.428390e+02
8.375170e+02 7.192756e+02 9.051585e+02
8.481918e+02 6.898776e+02 8.689716e+02
8.590027e+02 6.616813e+02 8.341768e+02
8.699514e+02 6.346373e+02 8.007752e+02
8.810396e+02 6.086987e+02 7.687111e+02
8.922692e+02 5.838255e+02 7.379308e+02
9.036419e+02 5.600147e+02 7.083521e+02
9.151595e+02 5.371420e+02 6.799409e+02
9.268240e+02 5.150838e+02 6.525395e+02
9.386371e+02 4.940003e+02 6.262053e+02
9.506008e+02 4.737798e+02 6.009340e+02
9.627170e+02 4.543870e+02 5.767107e+02
9.749876e+02 4.357880e+02 5.535748e+02
9.874146e+02 4.179503e+02 5.313270e+02
1.000000e+03 4.008096e+02 5.100352e+02
