4.000000e+00 4.340272e+08 8.670202e+08
4.044506e+00 4.291332e+08 8.520140e+08
4.089507e+00 4.241475e+08 8.370284e+08
4.135009e+00 4.188181e+08 8.222835e+08
4.181017e+00 4.139047e+08 8.083019e+08
4.227537e+00 4.091044e+08 7.943306e+08
4.274575e+00 4.042965e+08 7.804539e+08
4.322136e+00 3.993807e+08 7.666653e+08
4.370226e+00 3.940926e+08 7.532495e+08
4.418852e+00 3.887846e+08 7.400667e+08
4.468018e+00 3.838634e+08 7.266746e+08
4.517731e+00 3.790899e+08 7.143850e+08
4.567998e+00 3.741471e+08 7.021489e+08
4.618824e+00 3.693843e+08 6.900147e+08
4.670215e+00 3.646861e+08 6.780196e+08
4.722178e+00 3.599087e+08 6.662330e+08
4.774719e+00 3.551007e+08 6.546513e+08
4.827845e+00 3.507530e+08 6.432710e+08
4.881562e+00 3.463719e+08 6.321011e+08
4.935877e+00 3.421043e+08 6.212491e+08
4.990796e+00 3.380248e+08 6.104337e+08
5.046326e+00 3.337982e+08 5.996938e+08
5.102474e+00 3.296828e+08 5.892604e+08
5.159247e+00 3.259564e+08 5.789410e+08
5.216651e+00 3.220705e+08 5.689199e+08
5.274694e+00 3.182694e+08 5.592020e+08
5.333383e+00 3.145661e+08 5.495507e+08
5.392725e+00 3.108334e+08 5.399514e+08
5.452727e+00 3.069798e+08 5.306025e+08
5.513397e+00 3.031510e+08 5.214653e+08
5.574741e+00 2.994576e+08 5.128467e+08
5.636769e+00 2.957005e+08 5.040774e+08
5.699486e+00 2.921764e+08 4.955886e+08
5.762901e+00 2.887260e+08 4.872772e+08
5.827022e+00 2.851952e+08 4.791053e+08
5.891857e+00 2.815253e+08 4.710570e+08
5.957412e+00 2.779092e+08 4.630518e+08
6.023698e+00 2.743367e+08 4.548705e+08
6.090720e+00 2.709329e+08 4.468661e+08
6.158489e+00 2.674093e+08 4.390063e+08
6.227011e+00 2.643564e+08 4.314300e+08
6.296296e+00 2.612065e+08 4.241065e+08
6.366352e+00 2.578421e+08 4.168372e+08
6.437187e+00 2.549143e+08 4.095431e+08
6.508810e+00 2.516625e+08 4.023655e+08
6.581230e+00 2.487419e+08 3.951407e+08
6.654456e+00 2.457540e+08 3.880649e+08
6.728497e+00 2.426241e+08 3.816187e+08
6.803362e+00 2.396848e+08 3.750006e+08
6.879059e+00 2.364584e+08 3.682357e+08
6.955599e+00 2.334988e+08 3.615117e+08
7.032991e+00 2.306293e+08 3.554095e+08
7.111243e+00 2.278289e+08 3.494284e+08
7.190366e+00 2.249891e+08 3.435403e+08
7.270370e+00 2.220321e+08 3.373433e+08
7.351264e+00 2.192814e+08 3.314387e+08
7.433057e+00 2.167009e+08 3.256284e+08
7.515761e+00 2.138845e+08 3.200579e+08
7.599385e+00 2.110278e+08 3.146952e+08
7.683940e+00 2.084139e+08 3.092394e+08
7.769435e+00 2.057574e+08 3.038623e+08
7.855882e+00 2.033255e+08 2.985155e+08
7.943290e+00 2.006694e+08 2.931407e+08
8.031671e+00 1.982096e+08 2.881151e+08
8.121036e+00 1.957618e+08 2.831128e+08
8.211394e+00 1.933236e+08 2.782247e+08
8.302758e+00 1.909992e+08 2.733608e+08
8.395139e+00 1.887664e+08 2.686603e+08
8.488547e+00 1.863324e+08 2.639900e+08
8.582995e+00 1.839662e+08 2.596062e+08
8.678494e+00 1.815973e+08 2.548148e+08
8.775055e+00 1.792594e+08 2.503409e+08
8.872691e+00 1.768559e+08 2.459986e+08
8.971413e+00 1.745524e+08 2.419703e+08
9.071233e+00 1.722245e+08 2.380834e+08
9.172164e+00 1.700100e+08 2.339259e+08
9.274218e+00 1.676225e+08 2.299786e+08
9.377408e+00 1.655500e+08 2.261544e+08
9.481745e+00 1.632536e+08 2.223007e+08
9.587244e+00 1.611479e+08 2.184841e+08
9.693916e+00 1.593752e+08 2.146704e+08
9.801776e+00 1.573263e+08 2.112228e+08
9.910835e+00 1.554726e+08 2.077042e+08
1.002111e+01 1.534167e+08 2.042207e+08
1.013261e+01 1.514479e+08 2.006487e+08
1.024535e+01 1.496059e+08 1.971568e+08
1.035934e+01 1.474596e+08 1.937493e+08
1.047461e+01 1.456618e+08 1.905302e+08
1.059115e+01 1.437746e+08 1.873808e+08
1.070899e+01 1.420249e+08 1.841596e+08
1.082815e+01 1.401351e+08 1.808394e+08
1.094863e+01 1.383137e+08 1.776958e+08
1.107045e+01 1.364693e+08 1.748541e+08
1.119362e+01 1.346566e+08 1.719235e+08
1.131817e+01 1.328182e+08 1.692027e+08
1.144410e+01 1.309688e+08 1.663098e+08
1.157143e+01 1.291303e+08 1.635556e+08
1.170018e+01 1.274783e+08 1.607783e+08
1.183036e+01 1.258110e+08 1.581798e+08
1.196199e+01 1.241161e+08 1.556423e+08
1.209509e+01 1.223994e+08 1.531220e+08
1.222967e+01 1.207600e+08 1.505702e+08
1.236574e+01 1.190612e+08 1.481140e+08
1.250333e+01 1.173760e+08 1.457312e+08
1.264244e+01 1.157323e+08 1.434191e+08
1.278311e+01 1.141575e+08 1.411304e+08
1.292534e+01 1.125968e+08 1.390853e+08
1.306916e+01 1.110918e+08 1.367023e+08
1.321457e+01 1.095818e+08 1.345865e+08
1.336160e+01 1.081159e+08 1.324034e+08
1.351027e+01 1.066251e+08 1.301857e+08
1.366059e+01 1.051757e+08 1.280361e+08
1.381259e+01 1.037636e+08 1.259912e+08
1.396627e+01 1.023987e+08 1.239691e+08
1.412167e+01 1.009645e+08 1.220304e+08
1.427879e+01 9.951317e+07 1.202349e+08
1.443766e+01 9.811077e+07 1.182293e+08
1.459831e+01 9.674925e+07 1.164164e+08
1.476073e+01 9.532524e+07 1.146459e+08
1.492497e+01 9.398520e+07 1.127893e+08
1.509103e+01 9.268720e+07 1.110836e+08
1.525894e+01 9.130086e+07 1.092242e+08
1.542872e+01 9.002649e+07 1.075416e+08
1.560039e+01 8.878569e+07 1.058080e+08
1.577397e+01 8.746768e+07 1.042091e+08
1.594947e+01 8.617495e+07 1.025806e+08
1.612694e+01 8.489511e+07 1.010982e+08
1.630637e+01 8.361464e+07 9.953779e+07
1.648780e+01 8.231945e+07 9.789120e+07
1.667126e+01 8.110784e+07 9.635890e+07
1.685675e+01 7.987270e+07 9.490575e+07
1.704431e+01 7.867469e+07 9.333943e+07
1.723395e+01 7.751151e+07 9.188703e+07
1.742570e+01 7.635175e+07 9.042805e+07
1.761959e+01 7.516377e+07 8.909429e+07
1.781563e+01 7.405720e+07 8.775580e+07
1.801386e+01 7.283966e+07 8.636787e+07
1.821429e+01 7.169300e+07 8.491476e+07
1.841695e+01 7.052946e+07 8.358720e+07
1.862187e+01 6.937363e+07 8.202045e+07
1.882906e+01 6.820457e+07 8.065908e+07
1.903857e+01 6.707433e+07 7.930747e+07
1.925040e+01 6.593636e+07 7.784711e+07
1.946459e+01 6.486165e+07 7.644143e+07
1.968116e+01 6.371507e+07 7.517461e+07
1.990014e+01 6.260581e+07 7.377750e+07
2.012156e+01 6.145437e+07 7.220599e+07
2.034544e+01 6.037827e+07 7.067589e+07
2.057182e+01 5.928235e+07 6.919681e+07
2.080071e+01 5.812182e+07 6.777845e+07
2.103215e+01 5.693879e+07 6.633637e+07
2.126616e+01 5.583031e+07 6.500965e+07
2.150278e+01 5.472847e+07 6.372344e+07
2.174203e+01 5.353189e+07 6.240163e+07
2.198394e+01 5.239382e+07 6.096260e+07
2.222855e+01 5.116376e+07 5.959799e+07
2.247587e+01 5.002527e+07 5.823829e+07
2.272595e+01 4.888637e+07 5.699088e+07
2.297881e+01 4.772960e+07 5.564461e+07
2.323449e+01 4.662149e+07 5.430417e+07
2.349300e+01 4.551857e+07 5.290668e+07
2.375440e+01 4.428324e+07 5.155956e+07
2.401870e+01 4.322483e+07 5.020083e+07
2.428595e+01 4.211600e+07 4.888226e+07
2.455616e+01 4.099906e+07 4.758161e+07
2.482939e+01 3.990831e+07 4.623627e+07
2.510565e+01 3.881927e+07 4.500471e+07
2.538499e+01 3.779387e+07 4.373439e+07
2.566744e+01 3.676753e+07 4.250209e+07
2.595302e+01 3.576861e+07 4.130952e+07
2.624179e+01 3.479993e+07 4.015949e+07
2.653377e+01 3.385113e+07 3.900423e+07
2.682900e+01 3.291983e+07 3.791869e+07
2.712751e+01 3.206695e+07 3.684852e+07
2.742934e+01 3.121350e+07 3.579328e+07
2.773454e+01 3.037112e+07 3.478468e+07
2.804312e+01 2.953252e+07 3.377582e+07
2.835515e+01 2.870548e+07 3.279374e+07
2.867064e+01 2.791979e+07 3.183998e+07
2.898964e+01 2.715431e+07 3.093699e+07
2.931220e+01 2.640260e+07 3.005179e+07
2.963834e+01 2.569868e+07 2.917614e+07
2.996811e+01 2.499411e+07 2.832271e+07
3.030155e+01 2.429299e+07 2.751417e+07
3.063870e+01 2.362713e+07 2.672956e+07
3.097960e+01 2.299369e+07 2.597019e+07
3.132430e+01 2.235418e+07 2.522448e+07
3.167283e+01 2.174125e+07 2.450402e+07
3.202523e+01 2.114520e+07 2.381345e+07
3.238156e+01 2.056921e+07 2.313722e+07
3.274186e+01 1.998938e+07 2.248584e+07
3.310616e+01 1.942646e+07 2.183161e+07
3.347451e+01 1.889620e+07 2.120574e+07
3.384697e+01 1.837594e+07 2.060180e+07
3.422356e+01 1.786980e+07 2.001041e+07
3.460435e+01 1.737471e+07 1.944800e+07
3.498938e+01 1.689576e+07 1.890475e+07
3.537869e+01 1.642416e+07 1.836713e+07
3.577233e+01 1.596386e+07 1.785003e+07
3.617035e+01 1.551507e+07 1.735253e+07
3.657280e+01 1.508281e+07 1.686537e+07
3.697973e+01 1.465722e+07 1.639257e+07
3.739118e+01 1.424247e+07 1.593560e+07
3.780721e+01 1.384330e+07 1.548186e+07
3.822787e+01 1.345741e+07 1.505176e+07
3.865322e+01 1.308418e+07 1.462593e+07
3.908329e+01 1.271296e+07 1.422008e+07
3.951815e+01 1.234745e+07 1.382269e+07
3.995785e+01 1.199938e+07 1.343333e+07
4.040244e+01 1.165934e+07 1.306088e+07
4.085198e+01 1.132340e+07 1.269628e+07
4.130652e+01 1.099531e+07 1.234028e+07
4.176612e+01 1.067738e+07 1.199924e+07
4.223083e+01 1.037262e+07 1.166391e+07
4.270071e+01 1.007160e+07 1.134754e+07
4.317582e+01 9.775756e+06 1.102984e+07
4.365621e+01 9.498287e+06 1.072374e+07
4.414195e+01 9.224694e+06 1.043201e+07
4.463310e+01 8.960585e+06 1.014084e+07
4.512971e+01 8.702808e+06 9.870752e+06
4.563184e+01 8.448652e+06 9.596227e+06
4.613957e+01 8.208137e+06 9.336901e+06
4.665294e+01 7.965987e+06 9.078902e+06
4.717202e+01 7.738179e+06 8.832430e+06
4.769688e+01 7.514328e+06 8.594081e+06
4.822758e+01 7.303235e+06 8.359627e+06
4.876418e+01 7.086788e+06 8.139195e+06
4.930676e+01 6.881481e+06 7.915604e+06
4.985537e+01 6.682381e+06 7.699486e+06
5.041009e+01 6.486553e+06 7.494064e+06
5.097097e+01 6.295392e+06 7.291433e+06
5.153810e+01 6.112205e+06 7.091892e+06
5.211154e+01 5.935219e+06 6.899384e+06
5.269136e+01 5.760584e+06 6.714437e+06
5.327763e+01 5.592495e+06 6.531573e+06
5.387042e+01 5.426799e+06 6.358038e+06
5.446981e+01 5.271123e+06 6.186128e+06
5.507587e+01 5.115766e+06 6.017190e+06
5.568867e+01 4.968946e+06 5.851605e+06
5.630829e+01 4.825566e+06 5.691715e+06
5.693480e+01 4.683581e+06 5.538738e+06
5.756829e+01 4.549346e+06 5.390380e+06
5.820882e+01 4.412376e+06 5.244508e+06
5.885648e+01 4.282674e+06 5.104532e+06
5.951135e+01 4.156244e+06 4.965829e+06
6.017350e+01 4.034146e+06 4.831763e+06
6.084302e+01 3.919083e+06 4.701892e+06
6.151999e+01 3.803863e+06 4.577563e+06
6.220449e+01 3.693794e+06 4.453193e+06
6.289661e+01 3.583009e+06 4.332701e+06
6.359643e+01 3.477943e+06 4.215087e+06
6.430404e+01 3.374880e+06 4.102219e+06
6.501951e+01 3.274111e+06 3.990194e+06
6.574295e+01 3.179154e+06 3.884905e+06
6.647444e+01 3.086242e+06 3.779343e+06
6.721407e+01 2.995153e+06 3.678179e+06
6.796193e+01 2.907311e+06 3.579942e+06
6.871811e+01 2.822340e+06 3.484756e+06
6.948270e+01 2.737950e+06 3.391853e+06
7.025580e+01 2.658375e+06 3.300401e+06
7.103750e+01 2.579391e+06 3.212431e+06
7.182790e+01 2.502613e+06 3.126335e+06
7.262709e+01 2.428755e+06 3.042608e+06
7.343517e+01 2.357618e+06 2.961710e+06
7.425225e+01 2.287851e+06 2.882950e+06
7.507842e+01 2.220440e+06 2.805737e+06
7.591378e+01 2.156096e+06 2.731727e+06
7.675843e+01 2.090864e+06 2.659628e+06
7.761248e+01 2.029987e+06 2.589077e+06
7.847604e+01 1.970417e+06 2.518505e+06
7.934920e+01 1.911942e+06 2.450749e+06
8.023208e+01 1.855030e+06 2.384780e+06
8.112478e+01 1.800304e+06 2.319593e+06
8.202742e+01 1.747107e+06 2.257835e+06
8.294009e+01 1.695332e+06 2.198873e+06
8.386293e+01 1.644880e+06 2.139255e+06
8.479603e+01 1.596674e+06 2.081579e+06
8.573951e+01 1.549706e+06 2.026213e+06
8.669349e+01 1.504402e+06 1.971335e+06
8.765809e+01 1.460354e+06 1.917912e+06
8.863341e+01 1.417344e+06 1.866132e+06
8.961959e+01 1.375718e+06 1.816717e+06
9.061674e+01 1.334297e+06 1.767987e+06
9.162499e+01 1.295291e+06 1.719906e+06
9.264446e+01 1.256931e+06 1.674164e+06
9.367526e+01 1.220131e+06 1.629755e+06
9.471754e+01 1.185107e+06 1.586473e+06
9.577142e+01 1.150202e+06 1.544391e+06
9.683702e+01 1.116615e+06 1.503697e+06
9.791447e+01 1.082807e+06 1.463921e+06
9.900392e+01 1.051107e+06 1.425077e+06
1.001055e+02 1.017841e+06 1.384409e+06
1.012193e+02 9.663033e+05 1.318316e+06
1.023455e+02 9.174775e+05 1.255070e+06
1.034843e+02 8.708828e+05 1.195110e+06
1.046357e+02 8.268343e+05 1.137625e+06
1.057999e+02 7.849620e+05 1.083161e+06
1.069771e+02 7.450951e+05 1.031129e+06
1.081674e+02 7.071139e+05 9.813629e+05
1.093709e+02 6.707361e+05 9.343525e+05
1.105878e+02 6.365616e+05 8.896924e+05
1.118183e+02 6.039924e+05 8.470705e+05
1.130624e+02 5.734339e+05 8.064394e+05
1.143204e+02 5.444279e+05 7.682015e+05
1.155924e+02 5.170800e+05 7.310810e+05
1.168785e+02 4.906531e+05 6.957601e+05
1.181790e+02 4.656524e+05 6.623801e+05
1.194939e+02 4.421458e+05 6.306977e+05
1.208234e+02 4.198765e+05 6.002381e+05
1.221678e+02 3.988191e+05 5.714261e+05
1.235271e+02 3.785743e+05 5.439204e+05
1.249015e+02 3.594916e+05 5.175723e+05
1.262912e+02 3.413653e+05 4.924694e+05
1.276964e+02 3.241693e+05 4.689472e+05
1.291172e+02 3.078212e+05 4.465476e+05
1.305538e+02 2.922992e+05 4.251038e+05
1.320064e+02 2.773995e+05 4.048446e+05
1.334752e+02 2.632237e+05 3.853782e+05
1.349603e+02 2.498006e+05 3.669710e+05
1.364620e+02 2.371093e+05 3.493667e+05
1.379803e+02 2.250651e+05 3.326110e+05
1.395155e+02 2.135713e+05 3.167140e+05
1.410679e+02 2.027338e+05 3.015573e+05
1.426375e+02 1.924005e+05 2.869898e+05
1.442245e+02 1.826079e+05 2.731730e+05
1.458292e+02 1.733628e+05 2.600778e+05
1.474518e+02 1.645052e+05 2.475922e+05
1.490924e+02 1.561049e+05 2.357048e+05
1.507513e+02 1.482348e+05 2.243882e+05
1.524286e+02 1.407614e+05 2.136923e+05
1.541246e+02 1.335568e+05 2.034889e+05
1.558395e+02 1.267138e+05 1.938281e+05
1.575734e+02 1.202562e+05 1.845399e+05
1.593267e+02 1.140957e+05 1.756836e+05
1.610994e+02 1.082873e+05 1.672512e+05
1.628919e+02 1.028345e+05 1.592532e+05
1.647043e+02 9.765632e+04 1.517057e+05
1.665369e+02 9.272225e+04 1.444748e+05
1.683899e+02 8.799126e+04 1.376078e+05
1.702635e+02 8.350166e+04 1.310710e+05
1.721579e+02 7.924467e+04 1.247904e+05
1.740734e+02 7.522367e+04 1.188407e+05
1.760102e+02 7.142017e+04 1.131722e+05
1.779686e+02 6.781676e+04 1.078176e+05
1.799488e+02 6.437473e+04 1.026897e+05
1.819510e+02 6.108722e+04 9.773270e+04
1.839755e+02 5.796799e+04 9.302303e+04
1.860225e+02 5.501526e+04 8.855807e+04
1.880922e+02 5.222185e+04 8.433495e+04
1.901850e+02 4.957431e+04 8.031211e+04
1.923011e+02 4.706633e+04 7.646193e+04
1.944408e+02 4.467415e+04 7.281947e+04
1.966042e+02 4.240224e+04 6.930096e+04
1.987917e+02 4.025336e+04 6.596329e+04
2.010036e+02 3.820576e+04 6.279343e+04
2.032401e+02 3.626391e+04 5.979141e+04
2.055014e+02 3.442642e+04 5.693292e+04
2.077879e+02 3.267768e+04 5.421149e+04
2.100999e+02 3.101610e+04 5.161616e+04
2.124375e+02 2.942724e+04 4.914971e+04
2.148012e+02 2.791978e+04 4.679418e+04
2.171912e+02 2.648964e+04 4.455484e+04
2.196078e+02 2.514175e+04 4.242267e+04
2.220513e+02 2.386103e+04 4.039253e+04
2.245219e+02 2.264640e+04 3.845955e+04
2.270200e+02 2.149296e+04 3.662448e+04
2.295460e+02 2.040113e+04 3.486530e+04
2.321000e+02 1.935696e+04 3.319765e+04
2.346825e+02 1.836623e+04 3.160942e+04
2.372937e+02 1.742662e+04 3.009675e+04
2.399339e+02 1.653700e+04 2.865647e+04
2.426036e+02 1.569815e+04 2.729063e+04
2.453029e+02 1.490410e+04 2.599234e+04
2.480322e+02 1.415015e+04 2.474996e+04
2.507920e+02 1.342553e+04 2.355476e+04
2.535824e+02 1.273802e+04 2.241852e+04
2.564039e+02 1.208572e+04 2.133774e+04
2.592568e+02 1.146669e+04 2.030907e+04
2.621414e+02 1.087853e+04 1.932999e+04
2.650581e+02 1.032478e+04 1.841002e+04
2.680073e+02 9.801471e+03 1.753646e+04
2.709892e+02 9.304471e+03 1.670434e+04
2.740044e+02 8.834517e+03 1.590622e+04
2.770531e+02 8.388299e+03 1.514591e+04
2.801357e+02 7.964620e+03 1.442092e+04
2.832527e+02 7.562045e+03 1.373064e+04
2.864043e+02 7.179453e+03 1.307333e+04
2.895910e+02 6.814419e+03 1.244669e+04
2.928131e+02 6.467502e+03 1.185008e+04
2.960711e+02 6.136586e+03 1.128341e+04
2.993653e+02 5.824174e+03 1.074312e+04
3.026962e+02 5.527765e+03 1.022645e+04
3.060642e+02 5.245430e+03 9.733250e+03
3.094696e+02 4.977515e+03 9.267200e+03
3.129129e+02 4.723285e+03 8.824180e+03
3.163945e+02 4.482678e+03 8.402339e+03
3.199149e+02 4.254435e+03 8.000664e+03
3.234744e+02 4.037813e+03 7.618191e+03
3.270735e+02 3.832555e+03 7.254002e+03
3.307127e+02 3.639024e+03 6.907223e+03
3.343924e+02 3.455265e+03 6.576856e+03
3.381130e+02 3.279573e+03 6.261185e+03
3.418750e+02 3.112270e+03 5.960568e+03
3.456789e+02 2.953641e+03 5.674342e+03
3.495251e+02 2.803096e+03 5.401672e+03
3.534141e+02 2.660225e+03 5.141832e+03
3.573463e+02 2.524653e+03 4.894492e+03
3.613224e+02 2.397042e+03 4.658418e+03
3.653426e+02 2.275890e+03 4.435265e+03
3.694076e+02 2.160909e+03 4.222358e+03
3.735178e+02 2.051813e+03 4.019645e+03
3.776737e+02 1.948345e+03 3.826664e+03
3.818759e+02 1.850255e+03 3.643757e+03
3.861249e+02 1.757104e+03 3.470192e+03
3.904211e+02 1.668642e+03 3.304895e+03
3.947651e+02 1.584634e+03 3.147471e+03
3.991575e+02 1.504855e+03 2.997546e+03
4.035987e+02 1.429093e+03 2.854762e+03
4.080893e+02 1.357050e+03 2.718556e+03
4.126299e+02 1.287737e+03 2.588758e+03
4.172210e+02 1.221963e+03 2.465157e+03
4.218633e+02 1.159993e+03 2.347355e+03
4.265571e+02 1.101326e+03 2.234649e+03
4.313032e+02 1.045703e+03 2.126821e+03
4.361021e+02 9.928898e+02 2.024865e+03
4.409544e+02 9.427439e+02 1.928225e+03
4.458607e+02 8.951307e+02 1.836187e+03
4.508215e+02 8.499221e+02 1.748456e+03
4.558376e+02 8.069313e+02 1.664804e+03
4.609095e+02 7.660340e+02 1.584615e+03
4.660378e+02 7.273469e+02 1.508289e+03
4.712231e+02 6.906246e+02 1.435640e+03
4.764662e+02 6.558111e+02 1.366963e+03
4.817676e+02 6.227036e+02 1.302259e+03
4.871280e+02 5.912674e+02 1.240618e+03
4.925480e+02 5.614183e+02 1.181780e+03
4.980284e+02 5.330864e+02 1.125297e+03
5.035697e+02 5.061424e+02 1.071432e+03
5.091726e+02 4.805304e+02 1.020146e+03
5.148379e+02 4.560152e+02 9.713143e+02
5.205663e+02 4.326949e+02 9.248204e+02
5.263584e+02 4.105672e+02 8.805519e+02
5.322149e+02 3.895711e+02 8.384024e+02
5.381366e+02 3.696487e+02 7.982706e+02
5.441241e+02 3.507555e+02 7.602246e+02
5.501783e+02 3.328466e+02 7.239678e+02
5.562999e+02 3.158521e+02 6.892447e+02
5.624896e+02 2.997252e+02 6.561864e+02
5.687481e+02 2.844316e+02 6.248734e+02
5.750763e+02 2.699754e+02 5.950238e+02
5.814749e+02 2.563267e+02 5.665560e+02
5.879446e+02 2.433690e+02 5.394428e+02
5.944864e+02 2.310663e+02 5.135970e+02
6.011009e+02 2.193856e+02 4.889383e+02
6.077891e+02 2.082953e+02 4.654291e+02
6.145517e+02 1.977423e+02 4.431881e+02
6.213895e+02 1.876733e+02 4.220460e+02
6.283034e+02 1.781199e+02 4.017704e+02
6.352942e+02 1.690911e+02 3.825787e+02
6.423628e+02 1.605492e+02 3.643240e+02
6.495100e+02 1.524254e+02 3.468978e+02
6.567368e+02 1.446596e+02 3.303051e+02
6.640440e+02 1.373041e+02 3.145755e+02
6.714324e+02 1.303290e+02 2.996028e+02
6.789031e+02 1.236802e+02 2.853428e+02
6.864569e+02 1.173706e+02 2.717615e+02
6.940948e+02 1.113893e+02 2.588267e+02
7.018177e+02 1.057535e+02 2.465050e+02
7.096264e+02 1.004029e+02 2.347585e+02
7.175221e+02 9.532302e+01 2.235153e+02
7.255056e+02 9.050016e+01 2.128017e+02
7.335779e+02 8.592132e+01 2.025924e+02
7.417401e+02 8.157414e+01 1.928729e+02
7.499930e+02 7.744691e+01 1.836197e+02
7.583378e+02 7.352575e+01 1.748104e+02
7.667755e+02 6.979646e+01 1.664238e+02
7.753070e+02 6.625632e+01 1.584395e+02
7.839335e+02 6.288135e+01 1.508383e+02
7.926559e+02 5.967227e+01 1.436120e+02
8.014754e+02 5.662506e+01 1.367314e+02
8.103930e+02 5.373347e+01 1.301732e+02
8.194098e+02 5.098954e+01 1.239737e+02
8.285270e+02 4.838573e+01 1.180776e+02
8.377456e+02 4.591489e+01 1.124620e+02
8.470668e+02 4.357023e+01 1.071134e+02
8.564916e+02 4.134775e+01 1.020178e+02
8.660214e+02 3.925444e+01 9.715621e+01
8.756572e+02 3.726711e+01 9.252627e+01
8.854002e+02 3.538426e+01 8.811698e+01
8.952516e+02 3.359827e+01 8.391063e+01
9.052126e+02 3.189222e+01 7.988502e+01
9.152844e+02 3.027879e+01 7.604467e+01
9.254683e+02 2.873699e+01 7.238894e+01
9.357656e+02 2.727077e+01 6.890773e+01
9.461773e+02 2.587935e+01 6.559204e+01
9.567050e+02 2.455893e+01 6.244546e+01
9.673498e+02 2.330676e+01 5.944806e+01
9.781130e+02 2.211922e+01 5.659454e+01
9.889959e+02 2.099219e+01 5.387799e+01
1.000000e+03 1.992259e+01 5.129183e+01
