Energy(MeV)	Incoming Spectral Fluence(MeV-1 cm-2)	Residual Spectral Fluence(MeV-1 cm-2)
1.0000e-03	0.0000e+00	2.9789e+03
1.5000e-03	0.0000e+00	2.9796e+03
2.0000e-03	0.0000e+00	2.9801e+03
2.5000e-03	0.0000e+00	2.9804e+03
3.0000e-03	0.0000e+00	2.9807e+03
3.5000e-03	0.0000e+00	2.9810e+03
4.0000e-03	0.0000e+00	2.9812e+03
4.5000e-03	0.0000e+00	2.9814e+03
5.0000e-03	0.0000e+00	2.9815e+03
5.5000e-03	0.0000e+00	2.9817e+03
6.0000e-03	0.0000e+00	2.9818e+03
6.5000e-03	0.0000e+00	2.9820e+03
7.0000e-03	0.0000e+00	2.9821e+03
7.5000e-03	0.0000e+00	2.9822e+03
8.0000e-03	0.0000e+00	2.9823e+03
8.5000e-03	0.0000e+00	2.9824e+03
9.0000e-03	0.0000e+00	2.9825e+03
9.5000e-03	0.0000e+00	2.9826e+03
1.0000e-02	0.0000e+00	2.9826e+03
1.5000e-02	0.0000e+00	2.9833e+03
2.0000e-02	0.0000e+00	2.9838e+03
2.5000e-02	0.0000e+00	2.9841e+03
3.0000e-02	0.0000e+00	2.9844e+03
3.5000e-02	0.0000e+00	2.9848e+03
4.0000e-02	0.0000e+00	2.9859e+03
4.5000e-02	0.0000e+00	2.9868e+03
5.0000e-02	0.0000e+00	2.9877e+03
5.5000e-02	0.0000e+00	2.9884e+03
6.0000e-02	0.0000e+00	2.9891e+03
6.5000e-02	0.0000e+00	2.9898e+03
7.0000e-02	0.0000e+00	2.9903e+03
7.5000e-02	0.0000e+00	2.9909e+03
8.0000e-02	0.0000e+00	2.9914e+03
8.5000e-02	0.0000e+00	2.9919e+03
9.0000e-02	0.0000e+00	2.9924e+03
9.5000e-02	0.0000e+00	2.9933e+03
1.0000e-01	0.0000e+00	2.9941e+03
1.5000e-01	0.0000e+00	3.0009e+03
2.0000e-01	0.0000e+00	3.0077e+03
2.5000e-01	0.0000e+00	3.0148e+03
3.0000e-01	0.0000e+00	3.0218e+03
3.5000e-01	0.0000e+00	3.0288e+03
4.0000e-01	0.0000e+00	3.0358e+03
4.5000e-01	0.0000e+00	3.0428e+03
5.0000e-01	0.0000e+00	3.0497e+03
5.5000e-01	0.0000e+00	3.0565e+03
6.0000e-01	0.0000e+00	3.0632e+03
6.5000e-01	0.0000e+00	3.0698e+03
7.0000e-01	0.0000e+00	3.0763e+03
7.5000e-01	0.0000e+00	3.0829e+03
8.0000e-01	0.0000e+00	3.0897e+03
8.5000e-01	0.0000e+00	3.0966e+03
9.0000e-01	0.0000e+00	3.1035e+03
9.5000e-01	0.0000e+00	3.1104e+03
1.0000e+00	0.0000e+00	3.1174e+03
1.5000e+00	0.0000e+00	3.1872e+03
1.8000e+00	9.9206e+08	3.2291e+03
1.8229e+00	9.6045e+08	3.2323e+03
1.8462e+00	9.2966e+08	3.2356e+03
1.8697e+00	8.9914e+08	3.2389e+03
1.8935e+00	8.6870e+08	3.2422e+03
1.9177e+00	8.3948e+08	3.2456e+03
1.9421e+00	8.1102e+08	3.2490e+03
1.9669e+00	7.8590e+08	3.2525e+03
1.9919e+00	7.6130e+08	3.2560e+03
2.0173e+00	7.3683e+08	3.2595e+03
2.0430e+00	7.1254e+08	3.2631e+03
2.0691e+00	6.8871e+08	3.2668e+03
2.0955e+00	6.6657e+08	3.2704e+03
2.1222e+00	6.4434e+08	3.2742e+03
2.1492e+00	6.2290e+08	3.2780e+03
2.1766e+00	6.0230e+08	3.2818e+03
2.2043e+00	5.8218e+08	3.2857e+03
2.2324e+00	5.6276e+08	3.2896e+03
2.2609e+00	5.4381e+08	3.2936e+03
2.2897e+00	5.2554e+08	3.2977e+03
2.3189e+00	5.0777e+08	3.3017e+03
2.3485e+00	4.9068e+08	3.3059e+03
2.3784e+00	4.7413e+08	3.3101e+03
2.4087e+00	4.5806e+08	3.3143e+03
2.4394e+00	4.4254e+08	3.3186e+03
2.4705e+00	4.2753e+08	3.3230e+03
2.5020e+00	4.1295e+08	3.3274e+03
2.5339e+00	3.9888e+08	3.3318e+03
2.5662e+00	3.8541e+08	3.3317e+03
2.5989e+00	3.7233e+08	3.3278e+03
2.6320e+00	3.5970e+08	3.3302e+03
2.6655e+00	3.4748e+08	3.3342e+03
2.6995e+00	3.3567e+08	3.3389e+03
2.7339e+00	3.2421e+08	3.3437e+03
2.7688e+00	3.1318e+08	3.3486e+03
2.8041e+00	3.0254e+08	3.3535e+03
2.8398e+00	2.9230e+08	3.3585e+03
2.8760e+00	2.8242e+08	3.3636e+03
2.9127e+00	2.7287e+08	3.3687e+03
2.9498e+00	2.6364e+08	3.3739e+03
2.9874e+00	2.5473e+08	3.3792e+03
3.0255e+00	2.4612e+08	3.3845e+03
3.0640e+00	2.3781e+08	3.3899e+03
3.1031e+00	2.2979e+08	3.3954e+03
3.1426e+00	2.2193e+08	3.4009e+03
3.1827e+00	2.1441e+08	3.4065e+03
3.2232e+00	2.0710e+08	3.4122e+03
3.2643e+00	1.9998e+08	3.4180e+03
3.3059e+00	1.9331e+08	3.4238e+03
3.3481e+00	1.8685e+08	3.4297e+03
3.3907e+00	1.8057e+08	3.4357e+03
3.4340e+00	1.7451e+08	3.4417e+03
3.4777e+00	1.6863e+08	3.4479e+03
3.5221e+00	1.6293e+08	3.4541e+03
3.5670e+00	1.5742e+08	3.4604e+03
3.6124e+00	1.5209e+08	3.4667e+03
3.6585e+00	1.4693e+08	3.4732e+03
3.7051e+00	1.4195e+08	3.4797e+03
3.7523e+00	1.3712e+08	3.4863e+03
3.8001e+00	1.3240e+08	3.4930e+03
3.8486e+00	1.2786e+08	3.4998e+03
3.8976e+00	1.2351e+08	3.5067e+03
3.9473e+00	1.1928e+08	3.5137e+03
3.9976e+00	1.1520e+08	3.5207e+03
4.0486e+00	1.1127e+08	3.5279e+03
4.1002e+00	1.0747e+08	3.5351e+03
4.1524e+00	1.0384e+08	3.5424e+03
4.2054e+00	1.0031e+08	3.5498e+03
4.2590e+00	9.6911e+07	3.5574e+03
4.3132e+00	9.3601e+07	3.5650e+03
4.3682e+00	9.0430e+07	3.5727e+03
4.4239e+00	8.7359e+07	3.5805e+03
4.4803e+00	8.4377e+07	3.5884e+03
4.5374e+00	8.1521e+07	3.5964e+03
4.5952e+00	7.8775e+07	3.6045e+03
4.6538e+00	7.6138e+07	3.6127e+03
4.7131e+00	7.3584e+07	3.6210e+03
4.7732e+00	7.1116e+07	3.6295e+03
4.8340e+00	6.8730e+07	3.6380e+03
4.8956e+00	6.6394e+07	3.6466e+03
4.9580e+00	6.4166e+07	3.6553e+03
5.0212e+00	6.2009e+07	3.6641e+03
5.0852e+00	5.9902e+07	3.6731e+03
5.1500e+00	5.7879e+07	3.6821e+03
5.2157e+00	5.5921e+07	3.6911e+03
5.2822e+00	5.4044e+07	3.6994e+03
5.3495e+00	5.2213e+07	3.7079e+03
5.4177e+00	5.0433e+07	3.7173e+03
5.4867e+00	4.8720e+07	3.7269e+03
5.5567e+00	4.7076e+07	3.7366e+03
5.6275e+00	4.5495e+07	3.7464e+03
5.6992e+00	4.3947e+07	3.7564e+03
5.7718e+00	4.2456e+07	3.7665e+03
5.8454e+00	4.1023e+07	3.7766e+03
5.9199e+00	3.9636e+07	3.7870e+03
5.9954e+00	3.8291e+07	3.7974e+03
6.0718e+00	3.6997e+07	3.8080e+03
6.1492e+00	3.5746e+07	3.8187e+03
6.2275e+00	3.4528e+07	3.8295e+03
6.3069e+00	3.3353e+07	3.8405e+03
6.3873e+00	3.2228e+07	3.8515e+03
6.4687e+00	3.1143e+07	3.8628e+03
6.5512e+00	3.0095e+07	3.8741e+03
6.6347e+00	2.9082e+07	3.8856e+03
6.7192e+00	2.8103e+07	3.8973e+03
6.8049e+00	2.7156e+07	3.9090e+03
6.8916e+00	2.6241e+07	3.9209e+03
6.9795e+00	2.5353e+07	3.9330e+03
7.0684e+00	2.4480e+07	3.9452e+03
7.1585e+00	2.3648e+07	3.9575e+03
7.2497e+00	2.2847e+07	3.9700e+03
7.3421e+00	2.2074e+07	3.9827e+03
7.4357e+00	2.1323e+07	3.9954e+03
7.5305e+00	2.0602e+07	4.0084e+03
7.6265e+00	1.9910e+07	4.0214e+03
7.7237e+00	1.9239e+07	4.0347e+03
7.8221e+00	1.8590e+07	4.0480e+03
7.9218e+00	1.7958e+07	4.0616e+03
8.0228e+00	1.7346e+07	4.0753e+03
8.1251e+00	1.6759e+07	4.0891e+03
8.2286e+00	1.6193e+07	4.1031e+03
8.3335e+00	1.5641e+07	4.1173e+03
8.4397e+00	1.5109e+07	4.1316e+03
8.5473e+00	1.4599e+07	4.1461e+03
8.6562e+00	1.4105e+07	4.1608e+03
8.7666e+00	1.3626e+07	4.1756e+03
8.8783e+00	1.3167e+07	4.1907e+03
8.9915e+00	1.2718e+07	4.2059e+03
9.1061e+00	1.2289e+07	4.2212e+03
9.2221e+00	1.1875e+07	4.2368e+03
9.3397e+00	1.1473e+07	4.2524e+03
9.4587e+00	1.1080e+07	4.2683e+03
9.5793e+00	1.0701e+07	4.2845e+03
9.7014e+00	1.0336e+07	4.3013e+03
9.8250e+00	9.9821e+06	4.3184e+03
9.9503e+00	9.6401e+06	4.3355e+03
1.0077e+01	9.3119e+06	4.3528e+03
1.0206e+01	8.9956e+06	4.3702e+03
1.0336e+01	8.6901e+06	4.3868e+03
1.0467e+01	8.3930e+06	4.4037e+03
1.0601e+01	8.1071e+06	4.4208e+03
1.0736e+01	7.8321e+06	4.4381e+03
1.0873e+01	7.5670e+06	4.4556e+03
1.1011e+01	7.3126e+06	4.4733e+03
1.1152e+01	7.0646e+06	4.4912e+03
1.1294e+01	6.8257e+06	4.5093e+03
1.1438e+01	6.5946e+06	4.5277e+03
1.1583e+01	6.3714e+06	4.5472e+03
1.1731e+01	6.1572e+06	4.5707e+03
1.1881e+01	5.9487e+06	4.5909e+03
1.2032e+01	5.7462e+06	4.6099e+03
1.2185e+01	5.5513e+06	4.6289e+03
1.2341e+01	5.3634e+06	4.6481e+03
1.2498e+01	5.1816e+06	4.6674e+03
1.2657e+01	5.0052e+06	4.6870e+03
1.2819e+01	4.8320e+06	4.7067e+03
1.2982e+01	4.6672e+06	4.7267e+03
1.3148e+01	4.5093e+06	4.7469e+03
1.3315e+01	4.3575e+06	4.7676e+03
1.3485e+01	4.2090e+06	4.7887e+03
1.3657e+01	4.0649e+06	4.8101e+03
1.3831e+01	3.9263e+06	4.8304e+03
1.4007e+01	3.7941e+06	4.8495e+03
1.4186e+01	3.6656e+06	4.8709e+03
1.4366e+01	3.5396e+06	4.8923e+03
1.4549e+01	3.4179e+06	4.9138e+03
1.4735e+01	3.3016e+06	4.9354e+03
1.4923e+01	3.1900e+06	4.9570e+03
1.5113e+01	3.0821e+06	4.9787e+03
1.5306e+01	2.9776e+06	5.0006e+03
1.5501e+01	2.8769e+06	5.0225e+03
1.5698e+01	2.7784e+06	5.0446e+03
1.5898e+01	2.6840e+06	5.0668e+03
1.6101e+01	2.5938e+06	5.0892e+03
1.6306e+01	2.5054e+06	5.1118e+03
1.6514e+01	2.4192e+06	5.1344e+03
1.6724e+01	2.3364e+06	5.1542e+03
1.6938e+01	2.2566e+06	5.1768e+03
1.7154e+01	2.1798e+06	5.1995e+03
1.7372e+01	2.1067e+06	5.2224e+03
1.7594e+01	2.0346e+06	5.2454e+03
1.7818e+01	1.9649e+06	5.2685e+03
1.8045e+01	1.8988e+06	5.2918e+03
1.8275e+01	1.8344e+06	5.3152e+03
1.8508e+01	1.7721e+06	5.3387e+03
1.8744e+01	1.7116e+06	5.3623e+03
1.8983e+01	1.6531e+06	5.3862e+03
1.9225e+01	1.5961e+06	5.4104e+03
1.9470e+01	1.5410e+06	5.4346e+03
1.9718e+01	1.4891e+06	5.4601e+03
1.9969e+01	1.4391e+06	5.4863e+03
2.0224e+01	1.3899e+06	5.5098e+03
2.0481e+01	1.3421e+06	5.5335e+03
2.0742e+01	1.2960e+06	5.5573e+03
2.1007e+01	1.2519e+06	5.5817e+03
2.1275e+01	1.2093e+06	5.6147e+03
2.1546e+01	1.1682e+06	5.6387e+03
2.1820e+01	1.1285e+06	5.6624e+03
2.2099e+01	1.0900e+06	5.6864e+03
2.2380e+01	1.0528e+06	5.7112e+03
2.2665e+01	1.0170e+06	5.7371e+03
2.2954e+01	9.8262e+05	5.7584e+03
2.3247e+01	9.4947e+05	5.7829e+03
2.3543e+01	9.1734e+05	5.8069e+03
2.3843e+01	8.8602e+05	5.8306e+03
2.4147e+01	8.5577e+05	5.8540e+03
2.4455e+01	8.2656e+05	5.8774e+03
2.4767e+01	7.9834e+05	5.9008e+03
2.5082e+01	7.7144e+05	5.9236e+03
2.5402e+01	7.4526e+05	5.9461e+03
2.5726e+01	7.1991e+05	5.9684e+03
2.6054e+01	6.9562e+05	5.9906e+03
2.6386e+01	6.7220e+05	6.0127e+03
2.6722e+01	6.4938e+05	6.0348e+03
2.7063e+01	6.2716e+05	6.0573e+03
2.7408e+01	6.0575e+05	6.0807e+03
2.7757e+01	5.8498e+05	6.1046e+03
2.8111e+01	5.6499e+05	6.1248e+03
2.8469e+01	5.4586e+05	6.1458e+03
2.8832e+01	5.2724e+05	6.1762e+03
2.9199e+01	5.0932e+05	6.1958e+03
2.9571e+01	4.9224e+05	6.2161e+03
2.9948e+01	4.7531e+05	6.2386e+03
3.0330e+01	4.5891e+05	6.2590e+03
3.0717e+01	4.4295e+05	6.2780e+03
3.1108e+01	4.2774e+05	6.2960e+03
3.1505e+01	4.1305e+05	6.3138e+03
3.1906e+01	3.9897e+05	6.3309e+03
3.2313e+01	3.8543e+05	6.3471e+03
3.2725e+01	3.7235e+05	6.3631e+03
3.3142e+01	3.5967e+05	6.3789e+03
3.3564e+01	3.4731e+05	6.3950e+03
3.3992e+01	3.3553e+05	6.4136e+03
3.4425e+01	3.2416e+05	6.4288e+03
3.4864e+01	3.1323e+05	6.4429e+03
3.5309e+01	3.0263e+05	6.4566e+03
3.5759e+01	2.9240e+05	6.4698e+03
3.6214e+01	2.8242e+05	6.4865e+03
3.6676e+01	2.7282e+05	6.4999e+03
3.7143e+01	2.6364e+05	6.5112e+03
3.7617e+01	2.5469e+05	6.5219e+03
3.8096e+01	2.4588e+05	6.5310e+03
3.8582e+01	2.3741e+05	6.5393e+03
3.9074e+01	2.2931e+05	6.5472e+03
3.9572e+01	2.2150e+05	6.5557e+03
4.0076e+01	2.1391e+05	6.5680e+03
4.0587e+01	2.0665e+05	6.5740e+03
4.1104e+01	1.9963e+05	6.5787e+03
4.1628e+01	1.9284e+05	6.5865e+03
4.2159e+01	1.8628e+05	6.5925e+03
4.2696e+01	1.7995e+05	6.5951e+03
4.3240e+01	1.7381e+05	6.5969e+03
4.3791e+01	1.6785e+05	6.5968e+03
4.4349e+01	1.6214e+05	6.5967e+03
4.4915e+01	1.5670e+05	6.5975e+03
4.5487e+01	1.5136e+05	6.5966e+03
4.6067e+01	1.4620e+05	6.5949e+03
4.6654e+01	1.4118e+05	6.5943e+03
4.7249e+01	1.3638e+05	6.5932e+03
4.7851e+01	1.3174e+05	6.5877e+03
4.8461e+01	1.2727e+05	6.5806e+03
4.9079e+01	1.2289e+05	6.5724e+03
4.9704e+01	1.1869e+05	6.5652e+03
5.0338e+01	1.1465e+05	6.5548e+03
5.0979e+01	1.1074e+05	6.5446e+03
5.1629e+01	1.0696e+05	6.5383e+03
5.2287e+01	1.0333e+05	6.5258e+03
5.2953e+01	9.9830e+04	6.5111e+03
5.3628e+01	9.6442e+04	6.4946e+03
5.4312e+01	9.3185e+04	6.4796e+03
5.5004e+01	9.0019e+04	6.4610e+03
5.5705e+01	8.6963e+04	6.4438e+03
5.6415e+01	8.4018e+04	6.4293e+03
5.7134e+01	8.1177e+04	6.4088e+03
5.7863e+01	7.8412e+04	6.3860e+03
5.8600e+01	7.5722e+04	6.3646e+03
5.9347e+01	7.3130e+04	6.3392e+03
6.0103e+01	7.0673e+04	6.3166e+03
6.0869e+01	6.8267e+04	6.2917e+03
6.1645e+01	6.5942e+04	6.2637e+03
6.2431e+01	6.3697e+04	6.2364e+03
6.3227e+01	6.1543e+04	6.2064e+03
6.4033e+01	5.9488e+04	6.1780e+03
6.4849e+01	5.7494e+04	6.1480e+03
6.5675e+01	5.5531e+04	6.1136e+03
6.6512e+01	5.3613e+04	6.0813e+03
6.7360e+01	5.1771e+04	6.0448e+03
6.8219e+01	4.9994e+04	6.0129e+03
6.9088e+01	4.8312e+04	5.9745e+03
6.9969e+01	4.6665e+04	5.9356e+03
7.0861e+01	4.5060e+04	5.8952e+03
7.1764e+01	4.3514e+04	5.8588e+03
7.2678e+01	4.2032e+04	5.8167e+03
7.3605e+01	4.0605e+04	5.7741e+03
7.4543e+01	3.9231e+04	5.7298e+03
7.5493e+01	3.7899e+04	5.6887e+03
7.6455e+01	3.6599e+04	5.6418e+03
7.7430e+01	3.5356e+04	5.5953e+03
7.8417e+01	3.4157e+04	5.5484e+03
7.9416e+01	3.2991e+04	5.5011e+03
8.0428e+01	3.1859e+04	5.4508e+03
8.1454e+01	3.0774e+04	5.3998e+03
8.2492e+01	2.9738e+04	5.3518e+03
8.3543e+01	2.8728e+04	5.2981e+03
8.4608e+01	2.7752e+04	5.2448e+03
8.5686e+01	2.6806e+04	5.1936e+03
8.6778e+01	2.5896e+04	5.1384e+03
8.7885e+01	2.5001e+04	5.0834e+03
8.9005e+01	2.4144e+04	5.0301e+03
9.0139e+01	2.3310e+04	4.9729e+03
9.1288e+01	2.2509e+04	4.9182e+03
9.2452e+01	2.1732e+04	4.8614e+03
9.3630e+01	2.0971e+04	4.8034e+03
9.4823e+01	2.0243e+04	4.7483e+03
9.6032e+01	1.9552e+04	4.6886e+03
9.7256e+01	1.8892e+04	4.6319e+03
9.8496e+01	1.8252e+04	4.5712e+03
9.9751e+01	1.7621e+04	4.5098e+03
1.0102e+02	1.7011e+04	4.4485e+03
1.0231e+02	1.6430e+04	4.3883e+03
1.0361e+02	1.5873e+04	4.3268e+03
1.0493e+02	1.5328e+04	4.2668e+03
1.0627e+02	1.4800e+04	4.2059e+03
1.0763e+02	1.4293e+04	4.1457e+03
1.0900e+02	1.3809e+04	4.0844e+03
1.1039e+02	1.3335e+04	4.0246e+03
1.1179e+02	1.2879e+04	3.9641e+03
1.1322e+02	1.2443e+04	3.9053e+03
1.1466e+02	1.2020e+04	3.8450e+03
1.1612e+02	1.1610e+04	3.7852e+03
1.1760e+02	1.1211e+04	3.7246e+03
1.1910e+02	1.0831e+04	3.6639e+03
1.2062e+02	1.0462e+04	3.6045e+03
1.2216e+02	1.0106e+04	3.5440e+03
1.2372e+02	9.7633e+03	3.4843e+03
1.2529e+02	9.4316e+03	3.4247e+03
1.2689e+02	9.1107e+03	3.3646e+03
1.2851e+02	8.8007e+03	3.3066e+03
1.3014e+02	8.5026e+03	3.2487e+03
1.3180e+02	8.2128e+03	3.1901e+03
1.3348e+02	7.9321e+03	3.1325e+03
1.3518e+02	7.6613e+03	3.0758e+03
1.3691e+02	7.3979e+03	3.0195e+03
1.3865e+02	7.1445e+03	2.9628e+03
1.4042e+02	6.9005e+03	2.9068e+03
1.4221e+02	6.6652e+03	2.8512e+03
1.4402e+02	6.4403e+03	2.7957e+03
1.4586e+02	6.2208e+03	2.7403e+03
1.4772e+02	6.0076e+03	2.6854e+03
1.4960e+02	5.8004e+03	2.6310e+03
1.5151e+02	5.5997e+03	2.5767e+03
1.5344e+02	5.4084e+03	2.5231e+03
1.5539e+02	5.2227e+03	2.4702e+03
1.5737e+02	5.0449e+03	2.4180e+03
1.5938e+02	4.8756e+03	2.3664e+03
1.6141e+02	4.7095e+03	2.3155e+03
1.6347e+02	4.5481e+03	2.2658e+03
1.6555e+02	4.3934e+03	2.2167e+03
1.6766e+02	4.2428e+03	2.1678e+03
1.6980e+02	4.0970e+03	2.1194e+03
1.7196e+02	3.9586e+03	2.0718e+03
1.7416e+02	3.8239e+03	2.0251e+03
1.7638e+02	3.6939e+03	1.9792e+03
1.7862e+02	3.5697e+03	1.9339e+03
1.8090e+02	3.4487e+03	1.8892e+03
1.8321e+02	3.3311e+03	1.8448e+03
1.8554e+02	3.2162e+03	1.8015e+03
1.8791e+02	3.1066e+03	1.7591e+03
1.9030e+02	3.0014e+03	1.7172e+03
1.9273e+02	2.9003e+03	1.6763e+03
1.9518e+02	2.8026e+03	1.6357e+03
1.9767e+02	2.7081e+03	1.5958e+03
2.0019e+02	2.6163e+03	1.5566e+03
2.0274e+02	2.5276e+03	1.5173e+03
2.0533e+02	2.4410e+03	1.4788e+03
2.0794e+02	2.3571e+03	1.4412e+03
2.1059e+02	2.2767e+03	1.4043e+03
2.1328e+02	2.1991e+03	1.3680e+03
2.1600e+02	2.1241e+03	1.3323e+03
2.1875e+02	2.0508e+03	1.2975e+03
2.2154e+02	1.9808e+03	1.2636e+03
2.2436e+02	1.9133e+03	1.2305e+03
2.2722e+02	1.8480e+03	1.1984e+03
2.3012e+02	1.7848e+03	1.1670e+03
2.3305e+02	1.7240e+03	1.1366e+03
2.3602e+02	1.6649e+03	1.1066e+03
2.3903e+02	1.6078e+03	1.0774e+03
2.4207e+02	1.5530e+03	1.0490e+03
2.4516e+02	1.4998e+03	1.0213e+03
2.4828e+02	1.4480e+03	9.9399e+02
2.5145e+02	1.3978e+03	9.6673e+02
2.5465e+02	1.3493e+03	9.4006e+02
2.5790e+02	1.3029e+03	9.1415e+02
2.6119e+02	1.2583e+03	8.8887e+02
2.6452e+02	1.2157e+03	8.6415e+02
2.6789e+02	1.1740e+03	8.4005e+02
2.7130e+02	1.1344e+03	8.1659e+02
2.7476e+02	1.0961e+03	7.9387e+02
2.7826e+02	1.0590e+03	7.7171e+02
2.8181e+02	1.0229e+03	7.5018e+02
2.8540e+02	9.8810e+02	7.2913e+02
2.8904e+02	9.5472e+02	7.0838e+02
2.9272e+02	9.2230e+02	6.8805e+02
2.9645e+02	8.9108e+02	6.6828e+02
3.0023e+02	8.6081e+02	6.4900e+02
3.0406e+02	8.3151e+02	6.3006e+02
3.0793e+02	8.0321e+02	6.1164e+02
3.1186e+02	7.7610e+02	5.9373e+02
3.1583e+02	7.4953e+02	5.7632e+02
3.1986e+02	7.2372e+02	5.5934e+02
3.2394e+02	6.9888e+02	5.4276e+02
3.2806e+02	6.7498e+02	5.2684e+02
3.3225e+02	6.5198e+02	5.1137e+02
3.3648e+02	6.2979e+02	4.9631e+02
3.4077e+02	6.0836e+02	4.8174e+02
3.4511e+02	5.8775e+02	4.6762e+02
3.4951e+02	5.6753e+02	4.5385e+02
3.5397e+02	5.4817e+02	4.4029e+02
3.5848e+02	5.2948e+02	4.2711e+02
3.6305e+02	5.1142e+02	4.1430e+02
3.6767e+02	4.9411e+02	4.0185e+02
3.7236e+02	4.7746e+02	3.8956e+02
3.7711e+02	4.6133e+02	3.7763e+02
3.8191e+02	4.4581e+02	3.6615e+02
3.8678e+02	4.3076e+02	3.5509e+02
3.9171e+02	4.1633e+02	3.4435e+02
3.9670e+02	4.0207e+02	3.3390e+02
4.0176e+02	3.8822e+02	3.2362e+02
4.0688e+02	3.7492e+02	3.1354e+02
4.1207e+02	3.6222e+02	3.0380e+02
4.1732e+02	3.4993e+02	2.9439e+02
4.2264e+02	3.3802e+02	2.8527e+02
4.2803e+02	3.2644e+02	2.7650e+02
4.3348e+02	3.1527e+02	2.6795e+02
4.3901e+02	3.0456e+02	2.5958e+02
4.4460e+02	2.9422e+02	2.5149e+02
4.5027e+02	2.8431e+02	2.4366e+02
4.5601e+02	2.7462e+02	2.3601e+02
4.6182e+02	2.6517e+02	2.2856e+02
4.6771e+02	2.5610e+02	2.2134e+02
4.7367e+02	2.4738e+02	2.1432e+02
4.7970e+02	2.3898e+02	2.0752e+02
4.8582e+02	2.3083e+02	2.0098e+02
4.9201e+02	2.2296e+02	1.9464e+02
4.9828e+02	2.1533e+02	1.8851e+02
5.0463e+02	2.0794e+02	1.8250e+02
5.1106e+02	2.0083e+02	1.7665e+02
5.1758e+02	1.9399e+02	1.7095e+02
5.2418e+02	1.8738e+02	1.6544e+02
5.3086e+02	1.8097e+02	1.6012e+02
5.3762e+02	1.7475e+02	1.5499e+02
5.4448e+02	1.6875e+02	1.5003e+02
5.5141e+02	1.6295e+02	1.4523e+02
5.5844e+02	1.5734e+02	1.4056e+02
5.6556e+02	1.5193e+02	1.3603e+02
5.7277e+02	1.4676e+02	1.3162e+02
5.8007e+02	1.4177e+02	1.2734e+02
5.8746e+02	1.3695e+02	1.2325e+02
5.9495e+02	1.3225e+02	1.1932e+02
6.0253e+02	1.2769e+02	1.1552e+02
6.1021e+02	1.2336e+02	1.1182e+02
6.1799e+02	1.1919e+02	1.0822e+02
6.2587e+02	1.1520e+02	1.0472e+02
6.3385e+02	1.1132e+02	1.0133e+02
6.4192e+02	1.0754e+02	9.8058e+01
6.5011e+02	1.0389e+02	9.4869e+01
6.5839e+02	1.0037e+02	9.1765e+01
6.6678e+02	9.6934e+01	8.8771e+01
6.7528e+02	9.3620e+01	8.5886e+01
6.8389e+02	9.0427e+01	8.3107e+01
6.9261e+02	8.7364e+01	8.0436e+01
7.0143e+02	8.4404e+01	7.7852e+01
7.1038e+02	8.1544e+01	7.5316e+01
7.1943e+02	7.8809e+01	7.2869e+01
7.2860e+02	7.6139e+01	7.0513e+01
7.3789e+02	7.3567e+01	6.8214e+01
7.4729e+02	7.1107e+01	6.5939e+01
7.5682e+02	6.8702e+01	6.3719e+01
7.6646e+02	6.6304e+01	6.1579e+01
7.7623e+02	6.3990e+01	5.9531e+01
7.8612e+02	6.1767e+01	5.7582e+01
7.9614e+02	5.9645e+01	5.5702e+01
8.0629e+02	5.7629e+01	5.3874e+01
8.1657e+02	5.5667e+01	5.2095e+01
8.2698e+02	5.3782e+01	5.0374e+01
8.3752e+02	5.1947e+01	4.8723e+01
8.4819e+02	5.0178e+01	4.7133e+01
8.5900e+02	4.8482e+01	4.5584e+01
8.6995e+02	4.6843e+01	4.4080e+01
8.8104e+02	4.5259e+01	4.2622e+01
8.9227e+02	4.3720e+01	4.1215e+01
9.0364e+02	4.2233e+01	3.9849e+01
9.1516e+02	4.0796e+01	3.8518e+01
9.2682e+02	3.9399e+01	3.7230e+01
9.3864e+02	3.8049e+01	3.5988e+01
9.5060e+02	3.6744e+01	3.4788e+01
9.6272e+02	3.5482e+01	3.3621e+01
9.7499e+02	3.4263e+01	3.2498e+01
9.8741e+02	3.3087e+01	3.1419e+01
1.0000e+03	3.1963e+01	3.0376e+01