# Energy(MeV) Fluence_Omni
1.000000e-01 5.778695e+11
1.018629e-01 5.588037e+11
1.037605e-01 5.403670e+11
1.056935e-01 5.225385e+11
1.076624e-01 5.052983e+11
1.096681e-01 4.886269e+11
1.117111e-01 4.724505e+11
1.137921e-01 4.567764e+11
1.159120e-01 4.416223e+11
1.180713e-01 4.269423e+11
1.202708e-01 4.127105e+11
1.225114e-01 3.989531e+11
1.247936e-01 3.856544e+11
1.271184e-01 3.727149e+11
1.294865e-01 3.601590e+11
1.318987e-01 3.480261e+11
1.343558e-01 3.363020e+11
1.368587e-01 3.249728e+11
1.394083e-01 3.140595e+11
1.420053e-01 3.036887e+11
1.446507e-01 2.936605e+11
1.473454e-01 2.839635e+11
1.500903e-01 2.745699e+11
1.528864e-01 2.652708e+11
1.557345e-01 2.562867e+11
1.586357e-01 2.476069e+11
1.615909e-01 2.392212e+11
1.646012e-01 2.312395e+11
1.676675e-01 2.235632e+11
1.707910e-01 2.161417e+11
1.739726e-01 2.089665e+11
1.772136e-01 2.020296e+11
1.805149e-01 1.953230e+11
1.838777e-01 1.888390e+11
1.873032e-01 1.825702e+11
1.907924e-01 1.765096e+11
1.943467e-01 1.706501e+11
1.979672e-01 1.649852e+11
2.016551e-01 1.595330e+11
2.054117e-01 1.542822e+11
2.092383e-01 1.492041e+11
2.131362e-01 1.442932e+11
2.171068e-01 1.395440e+11
2.211512e-01 1.349511e+11
2.252711e-01 1.305093e+11
2.294676e-01 1.261953e+11
2.337424e-01 1.220114e+11
2.380968e-01 1.179558e+11
2.425323e-01 1.139959e+11
2.470504e-01 1.101243e+11
2.516527e-01 1.063642e+11
2.563407e-01 1.027326e+11
2.611161e-01 9.923885e+10
2.659804e-01 9.595861e+10
2.709354e-01 9.282627e+10
2.759826e-01 8.979617e+10
2.811239e-01 8.686499e+10
2.863610e-01 8.399792e+10
2.916956e-01 8.119833e+10
2.971296e-01 7.850168e+10
3.026648e-01 7.586494e+10
3.083031e-01 7.332376e+10
3.140465e-01 7.089406e+10
3.198969e-01 6.854489e+10
3.258562e-01 6.626131e+10
3.319266e-01 6.405706e+10
3.381101e-01 6.193249e+10
3.444087e-01 5.987840e+10
3.508247e-01 5.789244e+10
3.573602e-01 5.591002e+10
3.640175e-01 5.398452e+10
3.707988e-01 5.217199e+10
3.777064e-01 5.042032e+10
3.847427e-01 4.874684e+10
3.919100e-01 4.713189e+10
3.992109e-01 4.556872e+10
4.066478e-01 4.402529e+10
4.142232e-01 4.253414e+10
4.219398e-01 4.109351e+10
4.298001e-01 3.970921e+10
4.378069e-01 3.838821e+10
4.459628e-01 3.712287e+10
4.542706e-01 3.589262e+10
4.627332e-01 3.469487e+10
4.713535e-01 3.353709e+10
4.801343e-01 3.241795e+10
4.890787e-01 3.134708e+10
4.981898e-01 3.031492e+10
5.074705e-01 2.931548e+10
5.169242e-01 2.834862e+10
5.265540e-01 2.741795e+10
5.363631e-01 2.651517e+10
5.463550e-01 2.565360e+10
5.565331e-01 2.482048e+10
5.669007e-01 2.400506e+10
5.774615e-01 2.322341e+10
5.882190e-01 2.245070e+10
5.991770e-01 2.169950e+10
6.103390e-01 2.096651e+10
6.217090e-01 2.025100e+10
6.332908e-01 1.957339e+10
6.450884e-01 1.891846e+10
6.571058e-01 1.827048e+10
6.693470e-01 1.765090e+10
6.818162e-01 1.706254e+10
6.945178e-01 1.649379e+10
7.074559e-01 1.594749e+10
7.206351e-01 1.541247e+10
7.340598e-01 1.489646e+10
7.477346e-01 1.440102e+10
7.616642e-01 1.392085e+10
7.758532e-01 1.345670e+10
7.903066e-01 1.300378e+10
8.050292e-01 1.256181e+10
8.200261e-01 1.213996e+10
8.353023e-01 1.173326e+10
8.508632e-01 1.133864e+10
8.667139e-01 1.096435e+10
8.828599e-01 1.060578e+10
8.993067e-01 1.025323e+10
9.160598e-01 9.912410e+09
9.331251e-01 9.583597e+09
9.505083e-01 9.264659e+09
9.682153e-01 8.963045e+09
9.862522e-01 8.671608e+09
1.004625e+00 8.386351e+09
1.023340e+00 8.108229e+09
1.042404e+00 7.840236e+09
1.061823e+00 7.579682e+09
1.081604e+00 7.326559e+09
1.101753e+00 7.082225e+09
1.122277e+00 6.846041e+09
1.143184e+00 6.616701e+09
1.164481e+00 6.401118e+09
1.186174e+00 6.188052e+09
1.208271e+00 5.987932e+09
1.230780e+00 5.788923e+09
1.253708e+00 5.591684e+09
1.277063e+00 5.398841e+09
1.300854e+00 5.220859e+09
1.325087e+00 5.045286e+09
1.349772e+00 4.878516e+09
1.374917e+00 4.715666e+09
1.400531e+00 4.558613e+09
1.426621e+00 4.409248e+09
1.453198e+00 4.263354e+09
1.480269e+00 4.122913e+09
1.507845e+00 3.988059e+09
1.535935e+00 3.853162e+09
1.564548e+00 3.721690e+09
1.593694e+00 3.594170e+09
1.623382e+00 3.473098e+09
1.653624e+00 3.355354e+09
1.684430e+00 3.242911e+09
1.715809e+00 3.136008e+09
1.747773e+00 3.026754e+09
1.780332e+00 2.923459e+09
1.813498e+00 2.825992e+09
1.847281e+00 2.730538e+09
1.881694e+00 2.639743e+09
1.916748e+00 2.552645e+09
1.952456e+00 2.470458e+09
1.988828e+00 2.388370e+09
2.025878e+00 2.309237e+09
2.063618e+00 2.235018e+09
2.102061e+00 2.159891e+09
2.141220e+00 2.089214e+09
2.181109e+00 2.019807e+09
2.221741e+00 1.951153e+09
2.263130e+00 1.887467e+09
2.305289e+00 1.822923e+09
2.348235e+00 1.762404e+09
2.391980e+00 1.704324e+09
2.436540e+00 1.647246e+09
2.481930e+00 1.593359e+09
2.528166e+00 1.540836e+09
2.575263e+00 1.487434e+09
2.623238e+00 1.438034e+09
2.672106e+00 1.390749e+09
2.721885e+00 1.345372e+09
2.772591e+00 1.301497e+09
2.824241e+00 1.257072e+09
2.876854e+00 1.215797e+09
2.930447e+00 1.176229e+09
2.985038e+00 1.136733e+09
3.040646e+00 1.097519e+09
3.097291e+00 1.060980e+09
3.154990e+00 1.025544e+09
3.213764e+00 9.909326e+08
3.273634e+00 9.568147e+08
3.334618e+00 9.243497e+08
3.396739e+00 8.940872e+08
3.460016e+00 8.634125e+08
3.524473e+00 8.345702e+08
3.590130e+00 8.062837e+08
3.657011e+00 7.785040e+08
3.725137e+00 7.516671e+08
3.794533e+00 7.270685e+08
3.865221e+00 7.025382e+08
3.937226e+00 6.783941e+08
4.010573e+00 6.554845e+08
4.085286e+00 6.328415e+08
4.161391e+00 6.114976e+08
4.238913e+00 5.905443e+08
4.317880e+00 5.705141e+08
4.398317e+00 5.510403e+08
4.480254e+00 5.322512e+08
4.563716e+00 5.141567e+08
4.648734e+00 4.968839e+08
4.735335e+00 4.801926e+08
4.823549e+00 4.637834e+08
4.913407e+00 4.476835e+08
5.004939e+00 4.324484e+08
5.098176e+00 4.178368e+08
5.193150e+00 4.037978e+08
5.289893e+00 3.900179e+08
5.388438e+00 3.766707e+08
5.488820e+00 3.639683e+08
5.591071e+00 3.514526e+08
5.695227e+00 3.394086e+08
5.801323e+00 3.277354e+08
5.909396e+00 3.166639e+08
6.019482e+00 3.063212e+08
6.131619e+00 2.961642e+08
6.245845e+00 2.859215e+08
6.362198e+00 2.765393e+08
6.480720e+00 2.673654e+08
6.601449e+00 2.582527e+08
6.724427e+00 2.493636e+08
6.849697e+00 2.410747e+08
6.977300e+00 2.327885e+08
7.107280e+00 2.249561e+08
7.239681e+00 2.174006e+08
7.374549e+00 2.101319e+08
7.511929e+00 2.027798e+08
7.651869e+00 1.962394e+08
7.794416e+00 1.895964e+08
7.939618e+00 1.830645e+08
8.087525e+00 1.771265e+08
8.238187e+00 1.710524e+08
8.391656e+00 1.654894e+08
8.547985e+00 1.599051e+08
8.707225e+00 1.546307e+08
8.869432e+00 1.494414e+08
9.034660e+00 1.443446e+08
9.202967e+00 1.394184e+08
9.374409e+00 1.347758e+08
9.549045e+00 1.303124e+08
9.726934e+00 1.259336e+08
9.908137e+00 1.217700e+08
1.009272e+01 1.178150e+08
1.028073e+01 1.138379e+08
1.047225e+01 1.100144e+08
1.066734e+01 1.063177e+08
1.086606e+01 1.027688e+08
1.106848e+01 9.928077e+07
1.127468e+01 9.599034e+07
1.148472e+01 9.279034e+07
1.169866e+01 8.977688e+07
1.191660e+01 8.678977e+07
1.213859e+01 8.380941e+07
1.236472e+01 8.095145e+07
1.259506e+01 7.818949e+07
1.282970e+01 7.560017e+07
1.306870e+01 7.309026e+07
1.331216e+01 7.072661e+07
1.356015e+01 6.833766e+07
1.381276e+01 6.610212e+07
1.407008e+01 6.394731e+07
1.433219e+01 6.183493e+07
1.459919e+01 5.978319e+07
1.487115e+01 5.781307e+07
1.514819e+01 5.591139e+07
1.543038e+01 5.407536e+07
1.571784e+01 5.234741e+07
1.601064e+01 5.062183e+07
1.630891e+01 4.892331e+07
1.661273e+01 4.728657e+07
1.692220e+01 4.573577e+07
1.723745e+01 4.421526e+07
1.755856e+01 4.273008e+07
1.788566e+01 4.129669e+07
1.821885e+01 3.998864e+07
1.855825e+01 3.867476e+07
1.890397e+01 3.738849e+07
1.925614e+01 3.617558e+07
1.961486e+01 3.497790e+07
1.998026e+01 3.379960e+07
2.035248e+01 3.268298e+07
2.073162e+01 3.156223e+07
2.111783e+01 3.052030e+07
2.151123e+01 2.948726e+07
2.191197e+01 2.848971e+07
2.232016e+01 2.753615e+07
2.273597e+01 2.662497e+07
2.315951e+01 2.574079e+07
2.359095e+01 2.488988e+07
2.403043e+01 2.407775e+07
2.447809e+01 2.328411e+07
2.493409e+01 2.250559e+07
2.539859e+01 2.175419e+07
2.587174e+01 2.107030e+07
2.635371e+01 2.037542e+07
2.684465e+01 1.970466e+07
2.734474e+01 1.905872e+07
2.785414e+01 1.843513e+07
2.837304e+01 1.782607e+07
2.890160e+01 1.724427e+07
2.944000e+01 1.668004e+07
2.998844e+01 1.611954e+07
3.054710e+01 1.557933e+07
3.111616e+01 1.505639e+07
3.169582e+01 1.456157e+07
3.228628e+01 1.406272e+07
3.288774e+01 1.361027e+07
3.350041e+01 1.316331e+07
3.412449e+01 1.271676e+07
3.476019e+01 1.229816e+07
3.540774e+01 1.188477e+07
3.606735e+01 1.148873e+07
3.673925e+01 1.111275e+07
3.742366e+01 1.076184e+07
3.812083e+01 1.042394e+07
3.883098e+01 1.007822e+07
3.955436e+01 9.735290e+06
4.029122e+01 9.404066e+06
4.104181e+01 9.090526e+06
4.180637e+01 8.790854e+06
4.258518e+01 8.505838e+06
4.337850e+01 8.223335e+06
4.418660e+01 7.947042e+06
4.500975e+01 7.681173e+06
4.584824e+01 7.425752e+06
4.670234e+01 7.183143e+06
4.757236e+01 6.945299e+06
4.845859e+01 6.713612e+06
4.936132e+01 6.493348e+06
5.028087e+01 6.286326e+06
5.121755e+01 6.073975e+06
5.217169e+01 5.868953e+06
5.314359e+01 5.672918e+06
5.413360e+01 5.485723e+06
5.514206e+01 5.304380e+06
5.616930e+01 5.126105e+06
5.721568e+01 4.953840e+06
5.828155e+01 4.791366e+06
5.936727e+01 4.631432e+06
6.047322e+01 4.474949e+06
6.159978e+01 4.325620e+06
6.274732e+01 4.181436e+06
6.391624e+01 4.047436e+06
6.510694e+01 3.912353e+06
6.631981e+01 3.785438e+06
6.755528e+01 3.661384e+06
6.881377e+01 3.542786e+06
7.009570e+01 3.428275e+06
7.140151e+01 3.316117e+06
7.273165e+01 3.206984e+06
7.408657e+01 3.103253e+06
7.546673e+01 3.000780e+06
7.687260e+01 2.899946e+06
7.830465e+01 2.802067e+06
7.976339e+01 2.707491e+06
8.124930e+01 2.616381e+06
8.276289e+01 2.529396e+06
8.430468e+01 2.444756e+06
8.587519e+01 2.363327e+06
8.747496e+01 2.284609e+06
8.910453e+01 2.209254e+06
9.076446e+01 2.136515e+06
9.245531e+01 2.066171e+06
9.417766e+01 1.997594e+06
9.593209e+01 1.931222e+06
9.771921e+01 1.866808e+06
9.953962e+01 1.804225e+06
1.013939e+02 1.743736e+06
1.032828e+02 1.684775e+06
1.052069e+02 1.627774e+06
1.071668e+02 1.573372e+06
1.091632e+02 1.525614e+06
1.111968e+02 1.474935e+06
1.132683e+02 1.425939e+06
1.153783e+02 1.378571e+06
1.175277e+02 1.332777e+06
1.197171e+02 1.288576e+06
1.219473e+02 1.246302e+06
1.242191e+02 1.205390e+06
1.265332e+02 1.165822e+06
1.288904e+02 1.127152e+06
1.312915e+02 1.090750e+06
1.337373e+02 1.055271e+06
1.362287e+02 1.020119e+06
1.387665e+02 9.864768e+05
1.413516e+02 9.539262e+05
1.439848e+02 9.224502e+05
1.466671e+02 8.920133e+05
1.493993e+02 8.625813e+05
1.521825e+02 8.341210e+05
1.550175e+02 8.063897e+05
1.579053e+02 7.792402e+05
1.608469e+02 7.530053e+05
1.638434e+02 7.280693e+05
1.668956e+02 7.042049e+05
1.700047e+02 6.807780e+05
1.731717e+02 6.579614e+05
1.763977e+02 6.365227e+05
1.796838e+02 6.156453e+05
1.830312e+02 5.949043e+05
1.864409e+02 5.748578e+05
1.899141e+02 5.554828e+05
1.934520e+02 5.367566e+05
1.970558e+02 5.188126e+05
2.007267e+02 5.016173e+05
2.044661e+02 4.851429e+05
2.082751e+02 4.692096e+05
2.121550e+02 4.534911e+05
2.161073e+02 4.382755e+05
2.201331e+02 4.235703e+05
2.242340e+02 4.093583e+05
2.284112e+02 3.956229e+05
2.326663e+02 3.823483e+05
2.370006e+02 3.695929e+05
2.414157e+02 3.573120e+05
2.459130e+02 3.456551e+05
2.504942e+02 3.344187e+05
2.551606e+02 3.235477e+05
2.599140e+02 3.130299e+05
2.647559e+02 3.027603e+05
2.696881e+02 2.929580e+05
2.747121e+02 2.834897e+05
2.798297e+02 2.741843e+05
2.850426e+02 2.650473e+05
2.903527e+02 2.562150e+05
2.957617e+02 2.476772e+05
3.012714e+02 2.394241e+05
3.068838e+02 2.314463e+05
3.126007e+02 2.237344e+05
3.184242e+02 2.162797e+05
3.243561e+02 2.090758e+05
3.303985e+02 2.021704e+05
3.365535e+02 1.954934e+05
3.428231e+02 1.890370e+05
3.492096e+02 1.827941e+05
3.557150e+02 1.767105e+05
3.623416e+02 1.707998e+05
3.690917e+02 1.650537e+05
3.759675e+02 1.595304e+05
3.829714e+02 1.542374e+05
3.901058e+02 1.491152e+05
3.973730e+02 1.441632e+05
4.047757e+02 1.393755e+05
4.123163e+02 1.347468e+05
4.199973e+02 1.302718e+05
4.278214e+02 1.259454e+05
4.357913e+02 1.217578e+05
4.439097e+02 1.177198e+05
4.521792e+02 1.138229e+05
4.606029e+02 1.100550e+05
4.691835e+02 1.063922e+05
4.779239e+02 1.028476e+05
4.868271e+02 9.942120e+04
4.958962e+02 9.610912e+04
5.051342e+02 9.290749e+04
5.145444e+02 8.981265e+04
5.241298e+02 8.682102e+04
5.338938e+02 8.392916e+04
5.438397e+02 8.113374e+04
5.539709e+02 7.843155e+04
5.642908e+02 7.581947e+04
5.748030e+02 7.329449e+04
5.855110e+02 7.085372e+04
5.964185e+02 6.850399e+04
6.075292e+02 6.625168e+04
6.188468e+02 6.407344e+04
6.303753e+02 6.196686e+04
6.421186e+02 5.992956e+04
6.540806e+02 5.793526e+04
6.662655e+02 5.599989e+04
6.786773e+02 5.412902e+04
6.913204e+02 5.232049e+04
7.041990e+02 5.057222e+04
7.173175e+02 4.888222e+04
7.306804e+02 4.724853e+04
7.442922e+02 4.566930e+04
7.581576e+02 4.414270e+04
7.722814e+02 4.266698e+04
7.866682e+02 4.118021e+04
8.013230e+02 3.976116e+04
8.162509e+02 3.843135e+04
8.314568e+02 3.720332e+04
8.469460e+02 3.601392e+04
8.627237e+02 3.481755e+04
8.787954e+02 3.366700e+04
8.951665e+02 3.255007e+04
9.118425e+02 3.146814e+04
9.288292e+02 3.042209e+04
9.461324e+02 2.941075e+04
9.637579e+02 2.843295e+04
9.817117e+02 2.748759e+04
1.000000e+03 2.657360e+04
