# E(MeV) Lo68 Hi68
1.000000e+00 1.256637e-29 1.478468e+10
1.013939e+00 1.256637e-29 1.432688e+10
1.028073e+00 1.256637e-29 1.387379e+10
1.042404e+00 1.256637e-29 1.344832e+10
1.056935e+00 1.256637e-29 1.304881e+10
1.071668e+00 1.256637e-29 1.264875e+10
1.086606e+00 1.256637e-29 1.223619e+10
1.101753e+00 1.256637e-29 1.184744e+10
1.117111e+00 1.256637e-29 1.146585e+10
1.132683e+00 1.256637e-29 1.108957e+10
1.148472e+00 1.256637e-29 1.072857e+10
1.164481e+00 1.256637e-29 1.038961e+10
1.180713e+00 1.256637e-29 1.006122e+10
1.197171e+00 1.256637e-29 9.768910e+09
1.213859e+00 1.256637e-29 9.473173e+09
1.230780e+00 1.256637e-29 9.188809e+09
1.247936e+00 1.256637e-29 8.904045e+09
1.265332e+00 1.256637e-29 8.629981e+09
1.282970e+00 1.256637e-29 8.372402e+09
1.300854e+00 1.256637e-29 8.128846e+09
1.318987e+00 1.256637e-29 7.888190e+09
1.337373e+00 1.256637e-29 7.635415e+09
1.356015e+00 1.256637e-29 7.403704e+09
1.374917e+00 1.256637e-29 7.173830e+09
1.394083e+00 1.256637e-29 6.957585e+09
1.413516e+00 1.256637e-29 6.753919e+09
1.433219e+00 1.256637e-29 6.549761e+09
1.453198e+00 1.256637e-29 6.348280e+09
1.473454e+00 1.256637e-29 6.162301e+09
1.493993e+00 1.256637e-29 5.976506e+09
1.514819e+00 1.256637e-29 5.792494e+09
1.535935e+00 1.256637e-29 5.617264e+09
1.557345e+00 1.256637e-29 5.441648e+09
1.579053e+00 1.256637e-29 5.276791e+09
1.601064e+00 1.256637e-29 5.119199e+09
1.623382e+00 1.256637e-29 4.963477e+09
1.646012e+00 1.256637e-29 4.811439e+09
1.668956e+00 1.256637e-29 4.666301e+09
1.692220e+00 1.256637e-29 4.522225e+09
1.715809e+00 1.256637e-29 4.383869e+09
1.739726e+00 1.256637e-29 4.250309e+09
1.763977e+00 1.256637e-29 4.122880e+09
1.788566e+00 1.256637e-29 3.994715e+09
1.813498e+00 1.256637e-29 3.873934e+09
1.838777e+00 1.256637e-29 3.752845e+09
1.864409e+00 1.256637e-29 3.639533e+09
1.890397e+00 1.256637e-29 3.528445e+09
1.916748e+00 1.256637e-29 3.423357e+09
1.943467e+00 1.256637e-29 3.315206e+09
1.970558e+00 1.256637e-29 3.212495e+09
1.998026e+00 1.256637e-29 3.113343e+09
2.025878e+00 1.256637e-29 3.015813e+09
2.054117e+00 1.256637e-29 2.923535e+09
2.082751e+00 1.256637e-29 2.832899e+09
2.111783e+00 1.256637e-29 2.745125e+09
2.141220e+00 1.256637e-29 2.660387e+09
2.171068e+00 1.256637e-29 2.576112e+09
2.201331e+00 1.256637e-29 2.495817e+09
2.232016e+00 1.256637e-29 2.417717e+09
2.263130e+00 1.256637e-29 2.343395e+09
2.294676e+00 1.256637e-29 2.271122e+09
2.326663e+00 1.256637e-29 2.196914e+09
2.359095e+00 1.256637e-29 2.127488e+09
2.391980e+00 1.256637e-29 2.060248e+09
2.425323e+00 1.256637e-29 1.995188e+09
2.459130e+00 1.256637e-29 1.931667e+09
2.493409e+00 1.256637e-29 1.870734e+09
2.528166e+00 1.256637e-29 1.811850e+09
2.563407e+00 1.256637e-29 1.754856e+09
2.599140e+00 1.256637e-29 1.699295e+09
2.635371e+00 1.256637e-29 1.644892e+09
2.672106e+00 1.256637e-29 1.590635e+09
2.709354e+00 1.256637e-29 1.538210e+09
2.747121e+00 1.256637e-29 1.487982e+09
2.785414e+00 1.256637e-29 1.440333e+09
2.824241e+00 1.256637e-29 1.393968e+09
2.863610e+00 1.256637e-29 1.347704e+09
2.903527e+00 1.256637e-29 1.304386e+09
2.944000e+00 1.256637e-29 1.260397e+09
2.985038e+00 1.256637e-29 1.220425e+09
3.026648e+00 1.256637e-29 1.180327e+09
3.068838e+00 1.256637e-29 1.141714e+09
3.111616e+00 1.256637e-29 1.101876e+09
3.154990e+00 1.256637e-29 1.065990e+09
3.198969e+00 1.256637e-29 1.030092e+09
3.243561e+00 1.256637e-29 9.950834e+08
3.288774e+00 1.256637e-29 9.618244e+08
3.334618e+00 1.256637e-29 9.293927e+08
3.381101e+00 1.256637e-29 8.965700e+08
3.428231e+00 1.256637e-29 8.657127e+08
3.476019e+00 1.256637e-29 8.358407e+08
3.524473e+00 1.256637e-29 8.077264e+08
3.573602e+00 1.256637e-29 7.794446e+08
3.623416e+00 1.256637e-29 7.519507e+08
3.673925e+00 1.256637e-29 7.266951e+08
3.725137e+00 1.256637e-29 7.022997e+08
3.777064e+00 1.256637e-29 6.794722e+08
3.829714e+00 1.256637e-29 6.565421e+08
3.883098e+00 1.256637e-29 6.330921e+08
3.937226e+00 1.256637e-29 6.116184e+08
3.992109e+00 1.256637e-29 5.897179e+08
4.047757e+00 1.256637e-29 5.686228e+08
4.104181e+00 1.256637e-29 5.480337e+08
4.161391e+00 1.256637e-29 5.287367e+08
4.219398e+00 1.256637e-29 5.092617e+08
4.278214e+00 1.256637e-29 4.911530e+08
4.337850e+00 1.256637e-29 4.726181e+08
4.398317e+00 1.256637e-29 4.546248e+08
4.459628e+00 1.256637e-29 4.376298e+08
4.521792e+00 1.256637e-29 4.219196e+08
4.584824e+00 1.256637e-29 4.065947e+08
4.648734e+00 1.256637e-29 3.921603e+08
4.713535e+00 1.256637e-29 3.777827e+08
4.779239e+00 1.256637e-29 3.640958e+08
4.845859e+00 1.256637e-29 3.510056e+08
4.913407e+00 1.256637e-29 3.378860e+08
4.981898e+00 1.256637e-29 3.249242e+08
5.051342e+00 1.256637e-29 3.127900e+08
5.121755e+00 1.256637e-29 3.013465e+08
5.193150e+00 1.256637e-29 2.900432e+08
5.265540e+00 1.256637e-29 2.789483e+08
5.338938e+00 1.256637e-29 2.683873e+08
5.413360e+00 1.256637e-29 2.583325e+08
5.488820e+00 1.256637e-29 2.486101e+08
5.565331e+00 1.256637e-29 2.392832e+08
5.642908e+00 1.256637e-29 2.303718e+08
5.721568e+00 1.256637e-29 2.217995e+08
5.801323e+00 1.256637e-29 2.135164e+08
5.882190e+00 1.256637e-29 2.055135e+08
5.964185e+00 1.256637e-29 1.977070e+08
6.047322e+00 1.256637e-29 1.902160e+08
6.131619e+00 1.256637e-29 1.829835e+08
6.217090e+00 1.256637e-29 1.760620e+08
6.303753e+00 1.256637e-29 1.693581e+08
6.391624e+00 1.256637e-29 1.629221e+08
6.480720e+00 1.256637e-29 1.566886e+08
6.571058e+00 1.256637e-29 1.507988e+08
6.662655e+00 1.256637e-29 1.452201e+08
6.755528e+00 1.256637e-29 1.396897e+08
6.849697e+00 1.256637e-29 1.344459e+08
6.945178e+00 1.256637e-29 1.293990e+08
7.041990e+00 1.256637e-29 1.245415e+08
7.140151e+00 1.256637e-29 1.198664e+08
7.239681e+00 1.256637e-29 1.153667e+08
7.340598e+00 1.256637e-29 1.110360e+08
7.442922e+00 1.256637e-29 1.068587e+08
7.546673e+00 1.256637e-29 1.028171e+08
7.651869e+00 1.256637e-29 9.888685e+07
7.758532e+00 1.256637e-29 9.510278e+07
7.866682e+00 1.256637e-29 9.143710e+07
7.976339e+00 1.256637e-29 8.788775e+07
8.087525e+00 1.256637e-29 8.446942e+07
8.200261e+00 1.256637e-29 8.118009e+07
8.314568e+00 1.256637e-29 7.801884e+07
8.430468e+00 1.256637e-29 7.501351e+07
8.547985e+00 1.256637e-29 7.212757e+07
8.667139e+00 1.256637e-29 6.938597e+07
8.787954e+00 1.256637e-29 6.676802e+07
8.910453e+00 1.256637e-29 6.424651e+07
9.034660e+00 1.256637e-29 6.182024e+07
9.160598e+00 1.256637e-29 5.946978e+07
9.288292e+00 1.256637e-29 5.722493e+07
9.417766e+00 1.256637e-29 5.503657e+07
9.549045e+00 1.256637e-29 5.292699e+07
9.682153e+00 1.256637e-29 5.092186e+07
9.817117e+00 1.256637e-29 4.896401e+07
9.953962e+00 1.256637e-29 4.711599e+07
1.009272e+01 1.256637e-29 4.533401e+07
1.023340e+01 1.256637e-29 4.361612e+07
1.037605e+01 1.256637e-29 4.195667e+07
1.052069e+01 1.256637e-29 4.036583e+07
1.066734e+01 1.256637e-29 3.882747e+07
1.081604e+01 1.256637e-29 3.734718e+07
1.096681e+01 1.256637e-29 3.593796e+07
1.111968e+01 1.256637e-29 3.457264e+07
1.127468e+01 1.256637e-29 3.324268e+07
1.143184e+01 1.256637e-29 3.198356e+07
1.159120e+01 1.256637e-29 3.077816e+07
1.175277e+01 1.256637e-29 2.961818e+07
1.191660e+01 1.256637e-29 2.849605e+07
1.208271e+01 1.256637e-29 2.742710e+07
1.225114e+01 1.256637e-29 2.639834e+07
1.242191e+01 1.256637e-29 2.539274e+07
1.259506e+01 1.256637e-29 2.443084e+07
1.277063e+01 1.256637e-29 2.350966e+07
1.294865e+01 1.256637e-29 2.262247e+07
1.312915e+01 1.256637e-29 2.175907e+07
1.331216e+01 1.256637e-29 2.093257e+07
1.349772e+01 1.256637e-29 2.014726e+07
1.368587e+01 1.256637e-29 1.939142e+07
1.387665e+01 1.256637e-29 1.866393e+07
1.407008e+01 1.256637e-29 1.796273e+07
1.426621e+01 1.256637e-29 1.727658e+07
1.446507e+01 1.256637e-29 1.662912e+07
1.466671e+01 1.256637e-29 1.599655e+07
1.487115e+01 1.256637e-29 1.538655e+07
1.507845e+01 1.256637e-29 1.479910e+07
1.528864e+01 1.256637e-29 1.423853e+07
1.550175e+01 1.256637e-29 1.370142e+07
1.571784e+01 1.256637e-29 1.318026e+07
1.593694e+01 1.256637e-29 1.268423e+07
1.615909e+01 1.256637e-29 1.220768e+07
1.638434e+01 1.256637e-29 1.174912e+07
1.661273e+01 1.256637e-29 1.130223e+07
1.684430e+01 1.256637e-29 1.087698e+07
1.707910e+01 1.256637e-29 1.046902e+07
1.731717e+01 1.256637e-29 1.007636e+07
1.755856e+01 1.256637e-29 9.697467e+06
1.780332e+01 1.256637e-29 9.332215e+06
1.805149e+01 1.256637e-29 8.969947e+06
1.830312e+01 1.256637e-29 8.623847e+06
1.855825e+01 1.256637e-29 8.293481e+06
1.881694e+01 1.256637e-29 7.975169e+06
1.907924e+01 1.256637e-29 7.669074e+06
1.934520e+01 1.256637e-29 7.379827e+06
1.961486e+01 1.256637e-29 7.105485e+06
1.988828e+01 1.256637e-29 6.833678e+06
2.016551e+01 1.256637e-29 6.575825e+06
2.044661e+01 1.256637e-29 6.322608e+06
2.073162e+01 1.256637e-29 6.078757e+06
2.102061e+01 1.256637e-29 5.844838e+06
2.131362e+01 1.256637e-29 5.619921e+06
2.161073e+01 1.256637e-29 5.407876e+06
2.191197e+01 1.256637e-29 5.199567e+06
2.221741e+01 1.256637e-29 5.003235e+06
2.252711e+01 1.256637e-29 4.811955e+06
2.284112e+01 1.256637e-29 4.630688e+06
2.315951e+01 1.256637e-29 4.457609e+06
2.348235e+01 1.256637e-29 4.290842e+06
2.380968e+01 1.256637e-29 4.130836e+06
2.414157e+01 1.256637e-29 3.975645e+06
2.447809e+01 1.256637e-29 3.827043e+06
2.481930e+01 1.256637e-29 3.682538e+06
2.516527e+01 1.256637e-29 3.540049e+06
2.551606e+01 1.256637e-29 3.406382e+06
2.587174e+01 1.256637e-29 3.275935e+06
2.623238e+01 1.256637e-29 3.150104e+06
2.659804e+01 1.256637e-29 3.028800e+06
2.696881e+01 1.256637e-29 2.912167e+06
2.734474e+01 1.256637e-29 2.800025e+06
2.772591e+01 1.256637e-29 2.692202e+06
2.811239e+01 1.256637e-29 2.588336e+06
2.850426e+01 1.256637e-29 2.488095e+06
2.890160e+01 1.256637e-29 2.393413e+06
2.930447e+01 1.256637e-29 2.301877e+06
2.971296e+01 1.256637e-29 2.213908e+06
3.012714e+01 1.256637e-29 2.130816e+06
3.054710e+01 1.256637e-29 2.050842e+06
3.097291e+01 1.256637e-29 1.973000e+06
3.140465e+01 1.256637e-29 1.897247e+06
3.184242e+01 1.256637e-29 1.824033e+06
3.228628e+01 1.256637e-29 1.753644e+06
3.273634e+01 1.256637e-29 1.685516e+06
3.319266e+01 1.256637e-29 1.620736e+06
3.365535e+01 1.256637e-29 1.559716e+06
3.412449e+01 1.256637e-29 1.499755e+06
3.460016e+01 1.256637e-29 1.441477e+06
3.508247e+01 1.256637e-29 1.387062e+06
3.557150e+01 1.256637e-29 1.334310e+06
3.606735e+01 1.256637e-29 1.283165e+06
3.657011e+01 1.256637e-29 1.234360e+06
3.707988e+01 1.256637e-29 1.186874e+06
3.759675e+01 1.256637e-29 1.142493e+06
3.812083e+01 1.256637e-29 1.100061e+06
3.865221e+01 1.256637e-29 1.059060e+06
3.919100e+01 1.256637e-29 1.019386e+06
3.973730e+01 1.256637e-29 9.802493e+05
4.029122e+01 1.256637e-29 9.440789e+05
4.085286e+01 1.256637e-29 9.092433e+05
4.142232e+01 1.256637e-29 8.756930e+05
4.199973e+01 1.256637e-29 8.433734e+05
4.258518e+01 1.256637e-29 8.111063e+05
4.317880e+01 1.256637e-29 7.798283e+05
4.378069e+01 1.256637e-29 7.503454e+05
4.439097e+01 1.256637e-29 7.222412e+05
4.500975e+01 1.256637e-29 6.950334e+05
4.563716e+01 1.256637e-29 6.695026e+05
4.627332e+01 1.256637e-29 6.441950e+05
4.691835e+01 1.256637e-29 6.202322e+05
4.757236e+01 1.256637e-29 5.970015e+05
4.823549e+01 1.256637e-29 5.744074e+05
4.890787e+01 1.256637e-29 5.528241e+05
4.958962e+01 1.256637e-29 5.320466e+05
5.028087e+01 1.256637e-29 5.121462e+05
5.098176e+01 1.256637e-29 4.929475e+05
5.169242e+01 1.256637e-29 4.745488e+05
5.241298e+01 1.256637e-29 4.567645e+05
5.314359e+01 1.256637e-29 4.391660e+05
5.388438e+01 1.256637e-29 4.226299e+05
5.463550e+01 1.256637e-29 4.066868e+05
5.539709e+01 1.256637e-29 3.912699e+05
5.616930e+01 1.256637e-29 3.761414e+05
5.695227e+01 1.256637e-29 3.615234e+05
5.774615e+01 1.256637e-29 3.478133e+05
5.855110e+01 1.256637e-29 3.349001e+05
5.936727e+01 1.256637e-29 3.224434e+05
6.019482e+01 1.256637e-29 3.101774e+05
6.103390e+01 1.256637e-29 2.980953e+05
6.188468e+01 1.256637e-29 2.864616e+05
6.274732e+01 1.256637e-29 2.754349e+05
6.362198e+01 1.256637e-29 2.651151e+05
6.450884e+01 1.256637e-29 2.548699e+05
6.540806e+01 1.256637e-29 2.451619e+05
6.631981e+01 1.256637e-29 2.359285e+05
6.724427e+01 1.256637e-29 2.271791e+05
6.818162e+01 1.256637e-29 2.187542e+05
6.913204e+01 1.256637e-29 2.106084e+05
7.009570e+01 1.256637e-29 2.027398e+05
7.107280e+01 1.256637e-29 1.951651e+05
7.206351e+01 1.256637e-29 1.878325e+05
7.306804e+01 1.256637e-29 1.806364e+05
7.408657e+01 1.256637e-29 1.736907e+05
7.511929e+01 1.256637e-29 1.671785e+05
7.616642e+01 1.256637e-29 1.608021e+05
7.722814e+01 1.256637e-29 1.546819e+05
7.830465e+01 1.256637e-29 1.487755e+05
7.939618e+01 1.256637e-29 1.431571e+05
8.050292e+01 1.256637e-29 1.376604e+05
8.162509e+01 1.256637e-29 1.323842e+05
8.276289e+01 1.256637e-29 1.274118e+05
8.391656e+01 1.256637e-29 1.226848e+05
8.508632e+01 1.256637e-29 1.180657e+05
8.627237e+01 1.256637e-29 1.135953e+05
8.747496e+01 1.256637e-29 1.092532e+05
8.869432e+01 1.256637e-29 1.050871e+05
8.993067e+01 1.256637e-29 1.010699e+05
9.118425e+01 1.256637e-29 9.720624e+04
9.245531e+01 1.256637e-29 9.352254e+04
9.374409e+01 1.256637e-29 8.991492e+04
9.505083e+01 1.256637e-29 8.647079e+04
9.637579e+01 1.256637e-29 8.315858e+04
9.771921e+01 1.256637e-29 7.997389e+04
9.908137e+01 1.256637e-29 7.691300e+04
1.004625e+02 1.256637e-29 7.397663e+04
1.018629e+02 1.256637e-29 7.114730e+04
1.032828e+02 1.256637e-29 6.841484e+04
1.047225e+02 1.256637e-29 6.579708e+04
1.061823e+02 1.256637e-29 6.329058e+04
1.076624e+02 1.256637e-29 6.089577e+04
1.091632e+02 1.256637e-29 5.860407e+04
1.106848e+02 1.256637e-29 5.640999e+04
1.122277e+02 1.256637e-29 5.431896e+04
1.137921e+02 1.256637e-29 5.228827e+04
1.153783e+02 1.256637e-29 5.028166e+04
1.169866e+02 1.256637e-29 4.837442e+04
1.186174e+02 1.256637e-29 4.653909e+04
1.202708e+02 1.256637e-29 4.478035e+04
1.219473e+02 1.256637e-29 4.308698e+04
1.236472e+02 1.256637e-29 4.143730e+04
1.253708e+02 1.256637e-29 3.984781e+04
1.271184e+02 1.256637e-29 3.832290e+04
1.288904e+02 1.256637e-29 3.685778e+04
1.306870e+02 1.256637e-29 3.546243e+04
1.325087e+02 1.256637e-29 3.412247e+04
1.343558e+02 1.256637e-29 3.283074e+04
1.362287e+02 1.256637e-29 3.158792e+04
1.381276e+02 1.256637e-29 3.037864e+04
1.400531e+02 1.256637e-29 2.921766e+04
1.420053e+02 1.256637e-29 2.811739e+04
1.439848e+02 1.256637e-29 2.705847e+04
1.459919e+02 1.256637e-29 2.602928e+04
1.480269e+02 1.256637e-29 2.503540e+04
1.500903e+02 1.256637e-29 2.407948e+04
1.521825e+02 1.256637e-29 2.316006e+04
1.543038e+02 1.256637e-29 2.229323e+04
1.564548e+02 1.256637e-29 2.144343e+04
1.586357e+02 1.256637e-29 2.063182e+04
1.608469e+02 1.256637e-29 1.984927e+04
1.630891e+02 1.256637e-29 1.909983e+04
1.653624e+02 1.256637e-29 1.838921e+04
1.676675e+02 1.256637e-29 1.769713e+04
1.700047e+02 1.256637e-29 1.701964e+04
1.723745e+02 1.256637e-29 1.637016e+04
1.747773e+02 1.256637e-29 1.575486e+04
1.772136e+02 1.256637e-29 1.515933e+04
1.796838e+02 1.256637e-29 1.458682e+04
1.821885e+02 1.256637e-29 1.403844e+04
1.847281e+02 1.256637e-29 1.351068e+04
1.873032e+02 1.256637e-29 1.300275e+04
1.899141e+02 1.256637e-29 1.251393e+04
1.925614e+02 1.256637e-29 1.204825e+04
1.952456e+02 1.256637e-29 1.159065e+04
1.979672e+02 1.256637e-29 1.114891e+04
2.007267e+02 1.256637e-29 1.072084e+04
2.035248e+02 1.256637e-29 1.030921e+04
2.063618e+02 1.256637e-29 9.922450e+03
2.092383e+02 1.256637e-29 9.550886e+03
2.121550e+02 1.256637e-29 9.193236e+03
2.151123e+02 1.256637e-29 8.848979e+03
2.181109e+02 1.256637e-29 8.517613e+03
2.211512e+02 1.256637e-29 8.197980e+03
2.242340e+02 1.256637e-29 7.890151e+03
2.273597e+02 1.256637e-29 7.589915e+03
2.305289e+02 1.256637e-29 7.304964e+03
2.337424e+02 1.256637e-29 7.029531e+03
2.370006e+02 1.256637e-29 6.765753e+03
2.403043e+02 1.256637e-29 6.508934e+03
2.436540e+02 1.256637e-29 6.265563e+03
2.470504e+02 1.256637e-29 6.023596e+03
2.504942e+02 1.256637e-29 5.792808e+03
2.539859e+02 1.256637e-29 5.573263e+03
2.575263e+02 1.256637e-29 5.363557e+03
2.611161e+02 1.256637e-29 5.160335e+03
2.647559e+02 1.256637e-29 4.963313e+03
2.684465e+02 1.256637e-29 4.773646e+03
2.721885e+02 1.256637e-29 4.590677e+03
2.759826e+02 1.256637e-29 4.414721e+03
2.798297e+02 1.256637e-29 4.249416e+03
2.837304e+02 1.256637e-29 4.088346e+03
2.876854e+02 1.256637e-29 3.933075e+03
2.916956e+02 1.256637e-29 3.785762e+03
2.957617e+02 1.256637e-29 3.643601e+03
2.998844e+02 1.256637e-29 3.506251e+03
3.040646e+02 1.256637e-29 3.374079e+03
3.083031e+02 1.256637e-29 3.246890e+03
3.126007e+02 1.256637e-29 3.124495e+03
3.169582e+02 1.256637e-29 3.007089e+03
3.213764e+02 1.256637e-29 2.893495e+03
3.258562e+02 1.256637e-29 2.784174e+03
3.303985e+02 1.256637e-29 2.680110e+03
3.350041e+02 1.256637e-29 2.579829e+03
3.396739e+02 1.256637e-29 2.482991e+03
3.444087e+02 1.256637e-29 2.389788e+03
3.492096e+02 1.256637e-29 2.300083e+03
3.540774e+02 1.256637e-29 2.213673e+03
3.590130e+02 1.256637e-29 2.130347e+03
3.640175e+02 1.256637e-29 2.050101e+03
3.690917e+02 1.256637e-29 1.972348e+03
3.742366e+02 1.256637e-29 1.897361e+03
3.794533e+02 1.256637e-29 1.824987e+03
3.847427e+02 1.256637e-29 1.755004e+03
3.901058e+02 1.256637e-29 1.687704e+03
3.955436e+02 1.256637e-29 1.622985e+03
4.010573e+02 1.256637e-29 1.561752e+03
4.066478e+02 1.256637e-29 1.503148e+03
4.123163e+02 1.256637e-29 1.446660e+03
4.180637e+02 1.256637e-29 1.391348e+03
4.238913e+02 1.256637e-29 1.338151e+03
4.298001e+02 1.256637e-29 1.287716e+03
4.357913e+02 1.256637e-29 1.239085e+03
4.418660e+02 1.256637e-29 1.192459e+03
4.480254e+02 1.256637e-29 1.147384e+03
4.542706e+02 1.256637e-29 1.104023e+03
4.606029e+02 1.256637e-29 1.062478e+03
4.670234e+02 1.256637e-29 1.022454e+03
4.735335e+02 1.256637e-29 9.838917e+02
4.801343e+02 1.256637e-29 9.467780e+02
4.868271e+02 1.256637e-29 9.107937e+02
4.936132e+02 1.256637e-29 8.761666e+02
5.004939e+02 1.256637e-29 8.428196e+02
5.074705e+02 1.256637e-29 8.112934e+02
5.145444e+02 1.256637e-29 7.807118e+02
5.217169e+02 1.256637e-29 7.511018e+02
5.289893e+02 1.256637e-29 7.225808e+02
5.363631e+02 1.256637e-29 6.951428e+02
5.438397e+02 1.256637e-29 6.687467e+02
5.514206e+02 1.256637e-29 6.433529e+02
5.591071e+02 1.256637e-29 6.189234e+02
5.669007e+02 1.256637e-29 5.954216e+02
5.748030e+02 1.256637e-29 5.728121e+02
5.828155e+02 1.256637e-29 5.510612e+02
5.909396e+02 1.256637e-29 5.301362e+02
5.991770e+02 1.256637e-29 5.100057e+02
6.075292e+02 1.256637e-29 4.906397e+02
6.159978e+02 1.256637e-29 4.720668e+02
6.245845e+02 1.256637e-29 4.543381e+02
6.332908e+02 1.256637e-29 4.372224e+02
6.421186e+02 1.256637e-29 4.206180e+02
6.510694e+02 1.256637e-29 4.047755e+02
6.601449e+02 1.256637e-29 3.895150e+02
6.693470e+02 1.256637e-29 3.748910e+02
6.786773e+02 1.256637e-29 3.607956e+02
6.881377e+02 1.256637e-29 3.472302e+02
6.977300e+02 1.256637e-29 3.341749e+02
7.074559e+02 1.256637e-29 3.215394e+02
7.173175e+02 1.256637e-29 3.091613e+02
7.273165e+02 1.256637e-29 2.974169e+02
7.374549e+02 1.256637e-29 2.860986e+02
7.477346e+02 1.256637e-29 2.754010e+02
7.581576e+02 1.256637e-29 2.651213e+02
7.687260e+02 1.256637e-29 2.552046e+02
7.794416e+02 1.256637e-29 2.456332e+02
7.903066e+02 1.256637e-29 2.364208e+02
8.013230e+02 1.256637e-29 2.275539e+02
8.124930e+02 1.256637e-29 2.190006e+02
8.238187e+02 1.256637e-29 2.107583e+02
8.353023e+02 1.256637e-29 2.027765e+02
8.469460e+02 1.256637e-29 1.952044e+02
8.587519e+02 1.256637e-29 1.878998e+02
8.707225e+02 1.256637e-29 1.808521e+02
8.828599e+02 1.256637e-29 1.740636e+02
8.951665e+02 1.256637e-29 1.675164e+02
9.076446e+02 1.256637e-29 1.611687e+02
9.202967e+02 1.256637e-29 1.550609e+02
9.331251e+02 1.256637e-29 1.491843e+02
9.461324e+02 1.256637e-29 1.435470e+02
9.593209e+02 1.256637e-29 1.381520e+02
9.726934e+02 1.256637e-29 1.329395e+02
9.862522e+02 1.256637e-29 1.278921e+02
1.000000e+03 1.256637e-29 1.230363e+02
