Energy(MeV)	Incoming Spectral Fluence(MeV-1 cm-2)	Residual Spectral Fluence(MeV-1 cm-2)
1.0000e-03	0.0000e+00	1.4505e+05
1.5000e-03	0.0000e+00	1.4508e+05
2.0000e-03	0.0000e+00	1.4510e+05
2.5000e-03	0.0000e+00	1.4512e+05
3.0000e-03	0.0000e+00	1.4513e+05
3.5000e-03	0.0000e+00	1.4515e+05
4.0000e-03	0.0000e+00	1.4516e+05
4.5000e-03	0.0000e+00	1.4516e+05
5.0000e-03	0.0000e+00	1.4517e+05
5.5000e-03	0.0000e+00	1.4518e+05
6.0000e-03	0.0000e+00	1.4519e+05
6.5000e-03	0.0000e+00	1.4519e+05
7.0000e-03	0.0000e+00	1.4520e+05
7.5000e-03	0.0000e+00	1.4520e+05
8.0000e-03	0.0000e+00	1.4521e+05
8.5000e-03	0.0000e+00	1.4521e+05
9.0000e-03	0.0000e+00	1.4522e+05
9.5000e-03	0.0000e+00	1.4522e+05
1.0000e-02	0.0000e+00	1.4523e+05
1.5000e-02	0.0000e+00	1.4526e+05
2.0000e-02	0.0000e+00	1.4528e+05
2.5000e-02	0.0000e+00	1.4530e+05
3.0000e-02	0.0000e+00	1.4531e+05
3.5000e-02	0.0000e+00	1.4533e+05
4.0000e-02	0.0000e+00	1.4538e+05
4.5000e-02	0.0000e+00	1.4543e+05
5.0000e-02	0.0000e+00	1.4547e+05
5.5000e-02	0.0000e+00	1.4550e+05
6.0000e-02	0.0000e+00	1.4554e+05
6.5000e-02	0.0000e+00	1.4557e+05
7.0000e-02	0.0000e+00	1.4559e+05
7.5000e-02	0.0000e+00	1.4562e+05
8.0000e-02	0.0000e+00	1.4565e+05
8.5000e-02	0.0000e+00	1.4567e+05
9.0000e-02	0.0000e+00	1.4569e+05
9.5000e-02	0.0000e+00	1.4573e+05
1.0000e-01	0.0000e+00	1.4577e+05
1.5000e-01	0.0000e+00	1.4610e+05
2.0000e-01	0.0000e+00	1.4642e+05
2.5000e-01	0.0000e+00	1.4676e+05
3.0000e-01	0.0000e+00	1.4710e+05
3.5000e-01	0.0000e+00	1.4743e+05
4.0000e-01	0.0000e+00	1.4776e+05
4.5000e-01	0.0000e+00	1.4809e+05
5.0000e-01	0.0000e+00	1.4842e+05
5.5000e-01	0.0000e+00	1.4875e+05
6.0000e-01	0.0000e+00	1.4907e+05
6.5000e-01	0.0000e+00	1.4938e+05
7.0000e-01	0.0000e+00	1.4969e+05
7.5000e-01	0.0000e+00	1.5000e+05
8.0000e-01	0.0000e+00	1.5033e+05
8.5000e-01	0.0000e+00	1.5066e+05
9.0000e-01	0.0000e+00	1.5099e+05
9.5000e-01	0.0000e+00	1.5132e+05
1.0000e+00	0.0000e+00	1.5165e+05
1.5000e+00	0.0000e+00	1.5497e+05
1.8000e+00	1.8736e+09	1.5696e+05
1.8229e+00	1.8452e+09	1.5711e+05
1.8462e+00	1.8170e+09	1.5727e+05
1.8697e+00	1.7892e+09	1.5742e+05
1.8935e+00	1.7616e+09	1.5758e+05
1.9177e+00	1.7346e+09	1.5774e+05
1.9421e+00	1.7084e+09	1.5790e+05
1.9669e+00	1.6823e+09	1.5807e+05
1.9919e+00	1.6565e+09	1.5823e+05
2.0173e+00	1.6313e+09	1.5840e+05
2.0430e+00	1.6062e+09	1.5857e+05
2.0691e+00	1.5816e+09	1.5875e+05
2.0955e+00	1.5574e+09	1.5892e+05
2.1222e+00	1.5336e+09	1.5910e+05
2.1492e+00	1.5101e+09	1.5928e+05
2.1766e+00	1.4866e+09	1.5946e+05
2.2043e+00	1.4637e+09	1.5964e+05
2.2324e+00	1.4411e+09	1.5983e+05
2.2609e+00	1.4190e+09	1.6002e+05
2.2897e+00	1.3974e+09	1.6021e+05
2.3189e+00	1.3759e+09	1.6040e+05
2.3485e+00	1.3549e+09	1.6060e+05
2.3784e+00	1.3340e+09	1.6080e+05
2.4087e+00	1.3134e+09	1.6100e+05
2.4394e+00	1.2932e+09	1.6121e+05
2.4705e+00	1.2729e+09	1.6141e+05
2.5020e+00	1.2531e+09	1.6162e+05
2.5339e+00	1.2335e+09	1.6183e+05
2.5662e+00	1.2142e+09	1.6182e+05
2.5989e+00	1.1953e+09	1.6163e+05
2.6320e+00	1.1765e+09	1.6174e+05
2.6655e+00	1.1582e+09	1.6192e+05
2.6995e+00	1.1402e+09	1.6215e+05
2.7339e+00	1.1224e+09	1.6238e+05
2.7688e+00	1.1049e+09	1.6261e+05
2.8041e+00	1.0876e+09	1.6284e+05
2.8398e+00	1.0705e+09	1.6308e+05
2.8760e+00	1.0537e+09	1.6332e+05
2.9127e+00	1.0372e+09	1.6356e+05
2.9498e+00	1.0208e+09	1.6381e+05
2.9874e+00	1.0048e+09	1.6406e+05
3.0255e+00	9.8909e+08	1.6431e+05
3.0640e+00	9.7351e+08	1.6456e+05
3.1031e+00	9.5801e+08	1.6482e+05
3.1426e+00	9.4290e+08	1.6509e+05
3.1827e+00	9.2822e+08	1.6535e+05
3.2232e+00	9.1362e+08	1.6562e+05
3.2643e+00	8.9893e+08	1.6589e+05
3.3059e+00	8.8454e+08	1.6617e+05
3.3481e+00	8.7067e+08	1.6645e+05
3.3907e+00	8.5686e+08	1.6673e+05
3.4340e+00	8.4319e+08	1.6702e+05
3.4777e+00	8.2956e+08	1.6730e+05
3.5221e+00	8.1654e+08	1.6760e+05
3.5670e+00	8.0355e+08	1.6790e+05
3.6124e+00	7.9058e+08	1.6820e+05
3.6585e+00	7.7788e+08	1.6850e+05
3.7051e+00	7.6534e+08	1.6881e+05
3.7523e+00	7.5311e+08	1.6912e+05
3.8001e+00	7.4101e+08	1.6944e+05
3.8486e+00	7.2912e+08	1.6976e+05
3.8976e+00	7.1727e+08	1.7008e+05
3.9473e+00	7.0553e+08	1.7041e+05
3.9976e+00	6.9411e+08	1.7075e+05
4.0486e+00	6.8291e+08	1.7108e+05
4.1002e+00	6.7191e+08	1.7142e+05
4.1524e+00	6.6109e+08	1.7177e+05
4.2054e+00	6.5043e+08	1.7212e+05
4.2590e+00	6.3990e+08	1.7247e+05
4.3132e+00	6.2932e+08	1.7283e+05
4.3682e+00	6.1908e+08	1.7320e+05
4.4239e+00	6.0893e+08	1.7357e+05
4.4803e+00	5.9890e+08	1.7394e+05
4.5374e+00	5.8906e+08	1.7431e+05
4.5952e+00	5.7941e+08	1.7470e+05
4.6538e+00	5.6993e+08	1.7508e+05
4.7131e+00	5.6058e+08	1.7547e+05
4.7732e+00	5.5124e+08	1.7587e+05
4.8340e+00	5.4209e+08	1.7627e+05
4.8956e+00	5.3300e+08	1.7668e+05
4.9580e+00	5.2411e+08	1.7709e+05
5.0212e+00	5.1527e+08	1.7750e+05
5.0852e+00	5.0676e+08	1.7792e+05
5.1500e+00	4.9833e+08	1.7834e+05
5.2157e+00	4.9000e+08	1.7877e+05
5.2822e+00	4.8181e+08	1.7916e+05
5.3495e+00	4.7357e+08	1.7955e+05
5.4177e+00	4.6553e+08	1.8000e+05
5.4867e+00	4.5773e+08	1.8045e+05
5.5567e+00	4.5000e+08	1.8090e+05
5.6275e+00	4.4223e+08	1.8136e+05
5.6992e+00	4.3466e+08	1.8183e+05
5.7718e+00	4.2724e+08	1.8230e+05
5.8454e+00	4.1995e+08	1.8278e+05
5.9199e+00	4.1279e+08	1.8327e+05
5.9954e+00	4.0571e+08	1.8375e+05
6.0718e+00	3.9883e+08	1.8425e+05
6.1492e+00	3.9196e+08	1.8475e+05
6.2275e+00	3.8523e+08	1.8526e+05
6.3069e+00	3.7857e+08	1.8577e+05
6.3873e+00	3.7205e+08	1.8629e+05
6.4687e+00	3.6557e+08	1.8681e+05
6.5512e+00	3.5925e+08	1.8735e+05
6.6347e+00	3.5299e+08	1.8788e+05
6.7192e+00	3.4689e+08	1.8843e+05
6.8049e+00	3.4080e+08	1.8898e+05
6.8916e+00	3.3485e+08	1.8953e+05
6.9795e+00	3.2896e+08	1.9010e+05
7.0684e+00	3.2322e+08	1.9067e+05
7.1585e+00	3.1766e+08	1.9124e+05
7.2497e+00	3.1208e+08	1.9182e+05
7.3421e+00	3.0659e+08	1.9241e+05
7.4357e+00	3.0117e+08	1.9301e+05
7.5305e+00	2.9582e+08	1.9361e+05
7.6265e+00	2.9053e+08	1.9422e+05
7.7237e+00	2.8533e+08	1.9484e+05
7.8221e+00	2.8021e+08	1.9546e+05
7.9218e+00	2.7520e+08	1.9609e+05
8.0228e+00	2.7029e+08	1.9673e+05
8.1251e+00	2.6548e+08	1.9737e+05
8.2286e+00	2.6068e+08	1.9802e+05
8.3335e+00	2.5594e+08	1.9868e+05
8.4397e+00	2.5129e+08	1.9935e+05
8.5473e+00	2.4677e+08	2.0002e+05
8.6562e+00	2.4223e+08	2.0070e+05
8.7666e+00	2.3777e+08	2.0140e+05
8.8783e+00	2.3340e+08	2.0209e+05
8.9915e+00	2.2911e+08	2.0280e+05
9.1061e+00	2.2490e+08	2.0351e+05
9.2221e+00	2.2071e+08	2.0424e+05
9.3397e+00	2.1663e+08	2.0496e+05
9.4587e+00	2.1266e+08	2.0570e+05
9.5793e+00	2.0874e+08	2.0645e+05
9.7014e+00	2.0484e+08	2.0723e+05
9.8250e+00	2.0108e+08	2.0803e+05
9.9503e+00	1.9732e+08	2.0882e+05
1.0077e+01	1.9364e+08	2.0962e+05
1.0206e+01	1.9001e+08	2.1043e+05
1.0336e+01	1.8643e+08	2.1120e+05
1.0467e+01	1.8291e+08	2.1197e+05
1.0601e+01	1.7943e+08	2.1277e+05
1.0736e+01	1.7600e+08	2.1357e+05
1.0873e+01	1.7263e+08	2.1437e+05
1.1011e+01	1.6932e+08	2.1519e+05
1.1152e+01	1.6611e+08	2.1601e+05
1.1294e+01	1.6290e+08	2.1685e+05
1.1438e+01	1.5977e+08	2.1770e+05
1.1583e+01	1.5669e+08	2.1859e+05
1.1731e+01	1.5367e+08	2.1968e+05
1.1881e+01	1.5065e+08	2.2062e+05
1.2032e+01	1.4769e+08	2.2149e+05
1.2185e+01	1.4477e+08	2.2236e+05
1.2341e+01	1.4191e+08	2.2324e+05
1.2498e+01	1.3906e+08	2.2413e+05
1.2657e+01	1.3632e+08	2.2502e+05
1.2819e+01	1.3360e+08	2.2592e+05
1.2982e+01	1.3094e+08	2.2683e+05
1.3148e+01	1.2830e+08	2.2776e+05
1.3315e+01	1.2571e+08	2.2870e+05
1.3485e+01	1.2316e+08	2.2966e+05
1.3657e+01	1.2067e+08	2.3064e+05
1.3831e+01	1.1821e+08	2.3156e+05
1.4007e+01	1.1579e+08	2.3242e+05
1.4186e+01	1.1343e+08	2.3339e+05
1.4366e+01	1.1109e+08	2.3436e+05
1.4549e+01	1.0881e+08	2.3534e+05
1.4735e+01	1.0655e+08	2.3631e+05
1.4923e+01	1.0434e+08	2.3729e+05
1.5113e+01	1.0216e+08	2.3827e+05
1.5306e+01	1.0002e+08	2.3925e+05
1.5501e+01	9.7915e+07	2.4023e+05
1.5698e+01	9.5841e+07	2.4123e+05
1.5898e+01	9.3806e+07	2.4222e+05
1.6101e+01	9.1802e+07	2.4323e+05
1.6306e+01	8.9842e+07	2.4423e+05
1.6514e+01	8.7916e+07	2.4524e+05
1.6724e+01	8.6016e+07	2.4612e+05
1.6938e+01	8.4152e+07	2.4712e+05
1.7154e+01	8.2322e+07	2.4813e+05
1.7372e+01	8.0528e+07	2.4914e+05
1.7594e+01	7.8751e+07	2.5015e+05
1.7818e+01	7.7013e+07	2.5117e+05
1.8045e+01	7.5307e+07	2.5219e+05
1.8275e+01	7.3634e+07	2.5322e+05
1.8508e+01	7.1988e+07	2.5424e+05
1.8744e+01	7.0375e+07	2.5527e+05
1.8983e+01	6.8786e+07	2.5631e+05
1.9225e+01	6.7228e+07	2.5736e+05
1.9470e+01	6.5692e+07	2.5841e+05
1.9718e+01	6.4188e+07	2.5951e+05
1.9969e+01	6.2707e+07	2.6065e+05
2.0224e+01	6.1253e+07	2.6165e+05
2.0481e+01	5.9821e+07	2.6266e+05
2.0742e+01	5.8419e+07	2.6367e+05
2.1007e+01	5.7043e+07	2.6471e+05
2.1275e+01	5.5701e+07	2.6615e+05
2.1546e+01	5.4378e+07	2.6716e+05
2.1820e+01	5.3078e+07	2.6815e+05
2.2099e+01	5.1803e+07	2.6915e+05
2.2380e+01	5.0546e+07	2.7018e+05
2.2665e+01	4.9323e+07	2.7127e+05
2.2954e+01	4.8134e+07	2.7213e+05
2.3247e+01	4.6968e+07	2.7313e+05
2.3543e+01	4.5803e+07	2.7411e+05
2.3843e+01	4.4674e+07	2.7507e+05
2.4147e+01	4.3579e+07	2.7601e+05
2.4455e+01	4.2489e+07	2.7695e+05
2.4767e+01	4.1429e+07	2.7789e+05
2.5082e+01	4.0383e+07	2.7879e+05
2.5402e+01	3.9360e+07	2.7968e+05
2.5726e+01	3.8354e+07	2.8055e+05
2.6054e+01	3.7372e+07	2.8142e+05
2.6386e+01	3.6407e+07	2.8228e+05
2.6722e+01	3.5464e+07	2.8313e+05
2.7063e+01	3.4542e+07	2.8400e+05
2.7408e+01	3.3641e+07	2.8491e+05
2.7757e+01	3.2752e+07	2.8584e+05
2.8111e+01	3.1892e+07	2.8659e+05
2.8469e+01	3.1045e+07	2.8737e+05
2.8832e+01	3.0212e+07	2.8858e+05
2.9199e+01	2.9401e+07	2.8929e+05
2.9571e+01	2.8599e+07	2.9002e+05
2.9948e+01	2.7814e+07	2.9085e+05
3.0330e+01	2.7043e+07	2.9159e+05
3.0717e+01	2.6296e+07	2.9224e+05
3.1108e+01	2.5558e+07	2.9285e+05
3.1505e+01	2.4845e+07	2.9344e+05
3.1906e+01	2.4152e+07	2.9399e+05
3.2313e+01	2.3469e+07	2.9449e+05
3.2725e+01	2.2802e+07	2.9497e+05
3.3142e+01	2.2148e+07	2.9544e+05
3.3564e+01	2.1511e+07	2.9592e+05
3.3992e+01	2.0887e+07	2.9650e+05
3.4425e+01	2.0278e+07	2.9692e+05
3.4864e+01	1.9681e+07	2.9729e+05
3.5309e+01	1.9102e+07	2.9762e+05
3.5759e+01	1.8532e+07	2.9794e+05
3.6214e+01	1.7977e+07	2.9841e+05
3.6676e+01	1.7435e+07	2.9873e+05
3.7143e+01	1.6909e+07	2.9894e+05
3.7617e+01	1.6392e+07	2.9912e+05
3.8096e+01	1.5886e+07	2.9922e+05
3.8582e+01	1.5401e+07	2.9928e+05
3.9074e+01	1.4924e+07	2.9932e+05
3.9572e+01	1.4458e+07	2.9939e+05
4.0076e+01	1.4000e+07	2.9961e+05
4.0587e+01	1.3556e+07	2.9955e+05
4.1104e+01	1.3121e+07	2.9941e+05
4.1628e+01	1.2699e+07	2.9940e+05
4.2159e+01	1.2293e+07	2.9930e+05
4.2696e+01	1.1897e+07	2.9903e+05
4.3240e+01	1.1509e+07	2.9871e+05
4.3791e+01	1.1128e+07	2.9831e+05
4.4349e+01	1.0755e+07	2.9789e+05
4.4915e+01	1.0391e+07	2.9751e+05
4.5487e+01	1.0042e+07	2.9705e+05
4.6067e+01	9.7037e+06	2.9654e+05
4.6654e+01	9.3736e+06	2.9608e+05
4.7249e+01	9.0490e+06	2.9558e+05
4.7851e+01	8.7325e+06	2.9488e+05
4.8461e+01	8.4272e+06	2.9411e+05
4.9079e+01	8.1274e+06	2.9328e+05
4.9704e+01	7.8400e+06	2.9249e+05
5.0338e+01	7.5581e+06	2.9156e+05
5.0979e+01	7.2861e+06	2.9063e+05
5.1629e+01	7.0232e+06	2.8987e+05
5.2287e+01	6.7663e+06	2.8886e+05
5.2953e+01	6.5156e+06	2.8776e+05
5.3628e+01	6.2763e+06	2.8658e+05
5.4312e+01	6.0430e+06	2.8545e+05
5.5004e+01	5.8182e+06	2.8414e+05
5.5705e+01	5.5973e+06	2.8286e+05
5.6415e+01	5.3817e+06	2.8168e+05
5.7134e+01	5.1739e+06	2.8024e+05
5.7863e+01	4.9727e+06	2.7869e+05
5.8600e+01	4.7789e+06	2.7719e+05
5.9347e+01	4.5914e+06	2.7552e+05
6.0103e+01	4.4085e+06	2.7398e+05
6.0869e+01	4.2332e+06	2.7234e+05
6.1645e+01	4.0654e+06	2.7057e+05
6.2431e+01	3.9024e+06	2.6882e+05
6.3227e+01	3.7453e+06	2.6693e+05
6.4033e+01	3.5933e+06	2.6511e+05
6.4849e+01	3.4482e+06	2.6321e+05
6.5675e+01	3.3089e+06	2.6113e+05
6.6512e+01	3.1751e+06	2.5914e+05
6.7360e+01	3.0459e+06	2.5698e+05
6.8219e+01	2.9236e+06	2.5506e+05
6.9088e+01	2.8046e+06	2.5285e+05
6.9969e+01	2.6911e+06	2.5062e+05
7.0861e+01	2.5823e+06	2.4832e+05
7.1764e+01	2.4785e+06	2.4619e+05
7.2678e+01	2.3789e+06	2.4381e+05
7.3605e+01	2.2830e+06	2.4140e+05
7.4543e+01	2.1904e+06	2.3893e+05
7.5493e+01	2.1017e+06	2.3658e+05
7.6455e+01	2.0168e+06	2.3399e+05
7.7430e+01	1.9352e+06	2.3142e+05
7.8417e+01	1.8568e+06	2.2884e+05
7.9416e+01	1.7812e+06	2.2625e+05
8.0428e+01	1.7084e+06	2.2356e+05
8.1454e+01	1.6392e+06	2.2086e+05
8.2492e+01	1.5728e+06	2.1830e+05
8.3543e+01	1.5094e+06	2.1554e+05
8.4608e+01	1.4483e+06	2.1278e+05
8.5686e+01	1.3900e+06	2.1008e+05
8.6778e+01	1.3333e+06	2.0724e+05
8.7885e+01	1.2792e+06	2.0443e+05
8.9005e+01	1.2269e+06	2.0169e+05
9.0139e+01	1.1766e+06	1.9878e+05
9.1288e+01	1.1287e+06	1.9597e+05
9.2452e+01	1.0830e+06	1.9308e+05
9.3630e+01	1.0394e+06	1.9014e+05
9.4823e+01	9.9726e+05	1.8731e+05
9.6032e+01	9.5685e+05	1.8430e+05
9.7256e+01	9.1780e+05	1.8144e+05
9.8496e+01	8.8051e+05	1.7845e+05
9.9751e+01	8.4501e+05	1.7546e+05
1.0102e+02	8.1087e+05	1.7250e+05
1.0231e+02	7.7803e+05	1.6959e+05
1.0361e+02	7.4645e+05	1.6665e+05
1.0493e+02	7.1610e+05	1.6377e+05
1.0627e+02	6.8699e+05	1.6087e+05
1.0763e+02	6.5899e+05	1.5800e+05
1.0900e+02	6.3252e+05	1.5510e+05
1.1039e+02	6.0698e+05	1.5227e+05
1.1179e+02	5.8231e+05	1.4941e+05
1.1322e+02	5.5874e+05	1.4662e+05
1.1466e+02	5.3610e+05	1.4378e+05
1.1612e+02	5.1435e+05	1.4098e+05
1.1760e+02	4.9370e+05	1.3820e+05
1.1910e+02	4.7367e+05	1.3544e+05
1.2062e+02	4.5435e+05	1.3273e+05
1.2216e+02	4.3596e+05	1.3000e+05
1.2372e+02	4.1826e+05	1.2731e+05
1.2529e+02	4.0121e+05	1.2464e+05
1.2689e+02	3.8510e+05	1.2196e+05
1.2851e+02	3.6954e+05	1.1934e+05
1.3014e+02	3.5461e+05	1.1675e+05
1.3180e+02	3.4016e+05	1.1416e+05
1.3348e+02	3.2627e+05	1.1163e+05
1.3518e+02	3.1304e+05	1.0913e+05
1.3691e+02	3.0044e+05	1.0662e+05
1.3865e+02	2.8820e+05	1.0413e+05
1.4042e+02	2.7661e+05	1.0170e+05
1.4221e+02	2.6537e+05	9.9308e+04
1.4402e+02	2.5466e+05	9.6942e+04
1.4586e+02	2.4419e+05	9.4611e+04
1.4772e+02	2.3422e+05	9.2309e+04
1.4960e+02	2.2468e+05	9.0029e+04
1.5151e+02	2.1550e+05	8.7745e+04
1.5344e+02	2.0679e+05	8.5484e+04
1.5539e+02	1.9837e+05	8.3262e+04
1.5737e+02	1.9033e+05	8.1078e+04
1.5938e+02	1.8265e+05	7.8928e+04
1.6141e+02	1.7521e+05	7.6845e+04
1.6347e+02	1.6813e+05	7.4836e+04
1.6555e+02	1.6135e+05	7.2872e+04
1.6766e+02	1.5481e+05	7.0942e+04
1.6980e+02	1.4851e+05	6.9049e+04
1.7196e+02	1.4249e+05	6.7192e+04
1.7416e+02	1.3671e+05	6.5370e+04
1.7638e+02	1.3120e+05	6.3583e+04
1.7862e+02	1.2583e+05	6.1833e+04
1.8090e+02	1.2073e+05	6.0114e+04
1.8321e+02	1.1581e+05	5.8417e+04
1.8554e+02	1.1109e+05	5.6763e+04
1.8791e+02	1.0661e+05	5.5150e+04
1.9030e+02	1.0229e+05	5.3575e+04
1.9273e+02	9.8105e+04	5.2045e+04
1.9518e+02	9.4097e+04	5.0528e+04
1.9767e+02	9.0232e+04	4.9050e+04
2.0019e+02	8.6578e+04	4.7612e+04
2.0274e+02	8.3092e+04	4.6181e+04
2.0533e+02	7.9742e+04	4.4770e+04
2.0794e+02	7.6528e+04	4.3399e+04
2.1059e+02	7.3443e+04	4.2068e+04
2.1328e+02	7.0479e+04	4.0770e+04
2.1600e+02	6.7642e+04	3.9496e+04
2.1875e+02	6.4886e+04	3.8263e+04
2.2154e+02	6.2252e+04	3.7081e+04
2.2436e+02	5.9747e+04	3.5941e+04
2.2722e+02	5.7344e+04	3.4829e+04
2.3012e+02	5.5011e+04	3.3739e+04
2.3305e+02	5.2809e+04	3.2679e+04
2.3602e+02	5.0680e+04	3.1643e+04
2.3903e+02	4.8607e+04	3.0630e+04
2.4207e+02	4.6634e+04	2.9640e+04
2.4516e+02	4.4747e+04	2.8679e+04
2.4828e+02	4.2918e+04	2.7752e+04
2.5145e+02	4.1157e+04	2.6841e+04
2.5465e+02	3.9497e+04	2.5960e+04
2.5790e+02	3.7916e+04	2.5106e+04
2.6119e+02	3.6380e+04	2.4269e+04
2.6452e+02	3.4912e+04	2.3449e+04
2.6789e+02	3.3494e+04	2.2655e+04
2.7130e+02	3.2125e+04	2.1885e+04
2.7476e+02	3.0810e+04	2.1156e+04
2.7826e+02	2.9558e+04	2.0450e+04
2.8181e+02	2.8363e+04	1.9766e+04
2.8540e+02	2.7226e+04	1.9106e+04
2.8904e+02	2.6132e+04	1.8467e+04
2.9272e+02	2.5060e+04	1.7845e+04
2.9645e+02	2.4038e+04	1.7245e+04
3.0023e+02	2.3050e+04	1.6655e+04
3.0406e+02	2.2123e+04	1.6070e+04
3.0793e+02	2.1229e+04	1.5503e+04
3.1186e+02	2.0378e+04	1.4956e+04
3.1583e+02	1.9563e+04	1.4429e+04
3.1986e+02	1.8778e+04	1.3920e+04
3.2394e+02	1.8029e+04	1.3431e+04
3.2806e+02	1.7302e+04	1.2964e+04
3.3225e+02	1.6592e+04	1.2511e+04
3.3648e+02	1.5915e+04	1.2072e+04
3.4077e+02	1.5266e+04	1.1646e+04
3.4511e+02	1.4649e+04	1.1234e+04
3.4951e+02	1.4053e+04	1.0834e+04
3.5397e+02	1.3490e+04	1.0442e+04
3.5848e+02	1.2946e+04	1.0064e+04
3.6305e+02	1.2422e+04	9.6994e+03
3.6767e+02	1.1919e+04	9.3488e+03
3.7236e+02	1.1437e+04	9.0109e+03
3.7711e+02	1.0972e+04	8.6855e+03
3.8191e+02	1.0526e+04	8.3724e+03
3.8678e+02	1.0099e+04	8.0697e+03
3.9171e+02	9.6910e+03	7.7770e+03
3.9670e+02	9.3007e+03	7.4953e+03
4.0176e+02	8.9251e+03	7.2224e+03
4.0688e+02	8.5642e+03	6.9569e+03
4.1207e+02	8.2177e+03	6.7003e+03
4.1732e+02	7.8845e+03	6.4529e+03
4.2264e+02	7.5674e+03	6.2133e+03
4.2803e+02	7.2630e+03	5.9820e+03
4.3348e+02	6.9692e+03	5.7600e+03
4.3901e+02	6.6883e+03	5.5470e+03
4.4460e+02	6.4174e+03	5.3409e+03
4.5027e+02	6.1561e+03	5.1401e+03
4.5601e+02	5.9050e+03	4.9452e+03
4.6182e+02	5.6659e+03	4.7580e+03
4.6771e+02	5.4355e+03	4.5782e+03
4.7367e+02	5.2126e+03	4.4051e+03
4.7970e+02	4.9992e+03	4.2396e+03
4.8582e+02	4.7955e+03	4.0811e+03
4.9201e+02	4.6005e+03	3.9278e+03
4.9828e+02	4.4136e+03	3.7789e+03
5.0463e+02	4.2351e+03	3.6341e+03
5.1106e+02	4.0639e+03	3.4953e+03
5.1758e+02	3.8983e+03	3.3617e+03
5.2418e+02	3.7383e+03	3.2332e+03
5.3086e+02	3.5862e+03	3.1102e+03
5.3762e+02	3.4403e+03	2.9930e+03
5.4448e+02	3.3004e+03	2.8802e+03
5.5141e+02	3.1664e+03	2.7705e+03
5.5844e+02	3.0387e+03	2.6635e+03
5.6556e+02	2.9163e+03	2.5609e+03
5.7277e+02	2.7982e+03	2.4630e+03
5.8007e+02	2.6838e+03	2.3691e+03
5.8746e+02	2.5748e+03	2.2787e+03
5.9495e+02	2.4713e+03	2.1915e+03
6.0253e+02	2.3718e+03	2.1073e+03
6.1021e+02	2.2757e+03	2.0258e+03
6.1799e+02	2.1835e+03	1.9475e+03
6.2587e+02	2.0950e+03	1.8722e+03
6.3385e+02	2.0101e+03	1.8001e+03
6.4192e+02	1.9287e+03	1.7310e+03
6.5011e+02	1.8508e+03	1.6644e+03
6.5839e+02	1.7760e+03	1.6001e+03
6.6678e+02	1.7044e+03	1.5380e+03
6.7528e+02	1.6356e+03	1.4781e+03
6.8389e+02	1.5697e+03	1.4207e+03
6.9261e+02	1.5059e+03	1.3657e+03
7.0143e+02	1.4448e+03	1.3127e+03
7.1038e+02	1.3861e+03	1.2614e+03
7.1943e+02	1.3299e+03	1.2120e+03
7.2860e+02	1.2760e+03	1.1645e+03
7.3789e+02	1.2242e+03	1.1189e+03
7.4729e+02	1.1744e+03	1.0751e+03
7.5682e+02	1.1266e+03	1.0329e+03
7.6646e+02	1.0808e+03	9.9233e+02
7.7623e+02	1.0368e+03	9.5361e+02
7.8612e+02	9.9474e+02	9.1668e+02
7.9614e+02	9.5467e+02	8.8111e+02
8.0629e+02	9.1645e+02	8.4666e+02
8.1657e+02	8.7945e+02	8.1364e+02
8.2698e+02	8.4389e+02	7.8179e+02
8.3752e+02	8.1009e+02	7.5106e+02
8.4819e+02	7.7736e+02	7.2149e+02
8.5900e+02	7.4573e+02	6.9290e+02
8.6995e+02	7.1536e+02	6.6537e+02
8.8104e+02	6.8620e+02	6.3891e+02
8.9227e+02	6.5815e+02	6.1358e+02
9.0364e+02	6.3126e+02	5.8923e+02
9.1516e+02	6.0549e+02	5.6582e+02
9.2682e+02	5.8078e+02	5.4346e+02
9.3864e+02	5.5715e+02	5.2210e+02
9.5060e+02	5.3468e+02	5.0166e+02
9.6272e+02	5.1304e+02	4.8205e+02
9.7499e+02	4.9250e+02	4.6314e+02
9.8741e+02	4.7281e+02	4.4489e+02
1.0000e+03	4.5375e+02	4.2735e+02