# Energy(MeV) Fluence_Planar
1.800000e+00 1.873592e+09
1.822942e+00 1.845205e+09
1.846177e+00 1.817003e+09
1.869708e+00 1.789215e+09
1.893539e+00 1.761642e+09
1.917674e+00 1.734650e+09
1.942116e+00 1.708361e+09
1.966870e+00 1.682297e+09
1.991940e+00 1.656488e+09
2.017328e+00 1.631296e+09
2.043041e+00 1.606160e+09
2.069081e+00 1.581611e+09
2.095453e+00 1.557360e+09
2.122162e+00 1.533609e+09
2.149210e+00 1.510101e+09
2.176604e+00 1.486590e+09
2.204346e+00 1.463704e+09
2.232442e+00 1.441071e+09
2.260897e+00 1.418968e+09
2.289714e+00 1.397360e+09
2.318898e+00 1.375896e+09
2.348454e+00 1.354908e+09
2.378387e+00 1.333995e+09
2.408702e+00 1.313361e+09
2.439402e+00 1.293244e+09
2.470495e+00 1.272910e+09
2.501983e+00 1.253099e+09
2.533873e+00 1.233508e+09
2.566169e+00 1.214195e+09
2.598877e+00 1.195287e+09
2.632002e+00 1.176530e+09
2.665549e+00 1.158213e+09
2.699523e+00 1.140173e+09
2.733931e+00 1.122415e+09
2.768777e+00 1.104858e+09
2.804067e+00 1.087555e+09
2.839808e+00 1.070512e+09
2.876003e+00 1.053747e+09
2.912660e+00 1.037188e+09
2.949784e+00 1.020820e+09
2.987382e+00 1.004787e+09
3.025458e+00 9.890949e+08
3.064020e+00 9.735149e+08
3.103074e+00 9.580138e+08
3.142625e+00 9.428951e+08
3.182680e+00 9.282237e+08
3.223246e+00 9.136217e+08
3.264329e+00 8.989329e+08
3.305936e+00 8.845439e+08
3.348072e+00 8.706671e+08
3.390746e+00 8.568586e+08
3.433964e+00 8.431909e+08
3.477733e+00 8.295576e+08
3.522059e+00 8.165404e+08
3.566951e+00 8.035489e+08
3.612415e+00 7.905811e+08
3.658458e+00 7.778799e+08
3.705088e+00 7.653362e+08
3.752312e+00 7.531055e+08
3.800138e+00 7.410068e+08
3.848574e+00 7.291177e+08
3.897627e+00 7.172727e+08
3.947306e+00 7.055267e+08
3.997617e+00 6.941132e+08
4.048570e+00 6.829091e+08
4.100173e+00 6.719090e+08
4.152433e+00 6.610899e+08
4.205359e+00 6.504281e+08
4.258959e+00 6.399008e+08
4.313243e+00 6.293203e+08
4.368219e+00 6.190772e+08
4.423896e+00 6.089268e+08
4.480282e+00 5.988990e+08
4.537387e+00 5.890581e+08
4.595219e+00 5.794053e+08
4.653789e+00 5.699282e+08
4.713105e+00 5.605758e+08
4.773178e+00 5.512380e+08
4.834016e+00 5.420905e+08
4.895629e+00 5.329983e+08
4.958028e+00 5.241051e+08
5.021222e+00 5.152726e+08
5.085222e+00 5.067564e+08
5.150037e+00 4.983319e+08
5.215678e+00 4.899984e+08
5.282156e+00 4.818114e+08
5.349482e+00 4.735702e+08
5.417665e+00 4.655337e+08
5.486718e+00 4.577254e+08
5.556650e+00 4.500030e+08
5.627475e+00 4.422349e+08
5.699201e+00 4.346571e+08
5.771842e+00 4.272406e+08
5.845409e+00 4.199467e+08
5.919913e+00 4.127932e+08
5.995368e+00 4.057103e+08
6.071783e+00 3.988330e+08
6.149173e+00 3.919554e+08
6.227549e+00 3.852298e+08
6.306925e+00 3.785677e+08
6.387311e+00 3.720482e+08
6.468723e+00 3.655711e+08
6.551172e+00 3.592540e+08
6.634672e+00 3.529873e+08
6.719236e+00 3.468873e+08
6.804878e+00 3.408020e+08
6.891612e+00 3.348516e+08
6.979451e+00 3.289616e+08
7.068410e+00 3.232211e+08
7.158503e+00 3.176608e+08
7.249744e+00 3.120761e+08
7.342148e+00 3.065906e+08
7.435729e+00 3.011689e+08
7.530504e+00 2.958168e+08
7.626486e+00 2.905339e+08
7.723692e+00 2.853348e+08
7.822136e+00 2.802146e+08
7.921836e+00 2.751981e+08
8.022806e+00 2.702939e+08
8.125063e+00 2.654802e+08
8.228624e+00 2.606841e+08
8.333504e+00 2.559382e+08
8.439722e+00 2.512891e+08
8.547293e+00 2.467748e+08
8.656235e+00 2.422268e+08
8.766566e+00 2.377711e+08
8.878303e+00 2.334019e+08
8.991464e+00 2.291113e+08
9.106067e+00 2.249042e+08
9.222132e+00 2.207111e+08
9.339675e+00 2.166333e+08
9.458717e+00 2.126556e+08
9.579276e+00 2.087377e+08
9.701372e+00 2.048390e+08
9.825023e+00 2.010829e+08
9.950251e+00 1.973156e+08
1.007708e+01 1.936379e+08
1.020552e+01 1.900082e+08
1.033559e+01 1.864278e+08
1.046733e+01 1.829147e+08
1.060074e+01 1.794323e+08
1.073586e+01 1.760010e+08
1.087270e+01 1.726291e+08
1.101128e+01 1.693194e+08
1.115162e+01 1.661073e+08
1.129376e+01 1.628971e+08
1.143771e+01 1.597682e+08
1.158349e+01 1.566943e+08
1.173113e+01 1.536713e+08
1.188066e+01 1.506481e+08
1.203208e+01 1.476918e+08
1.218544e+01 1.447743e+08
1.234076e+01 1.419097e+08
1.249805e+01 1.390620e+08
1.265735e+01 1.363157e+08
1.281868e+01 1.336009e+08
1.298206e+01 1.309367e+08
1.314753e+01 1.283031e+08
1.331510e+01 1.257117e+08
1.348482e+01 1.231631e+08
1.365669e+01 1.206735e+08
1.383076e+01 1.182143e+08
1.400704e+01 1.157926e+08
1.418557e+01 1.134261e+08
1.436638e+01 1.110931e+08
1.454949e+01 1.088112e+08
1.473493e+01 1.065464e+08
1.492274e+01 1.043393e+08
1.511294e+01 1.021592e+08
1.530557e+01 1.000197e+08
1.550065e+01 9.791456e+07
1.569822e+01 9.584141e+07
1.589831e+01 9.380611e+07
1.610095e+01 9.180151e+07
1.630616e+01 8.984222e+07
1.651400e+01 8.791614e+07
1.672448e+01 8.601616e+07
1.693765e+01 8.415183e+07
1.715354e+01 8.232230e+07
1.737217e+01 8.052840e+07
1.759359e+01 7.875148e+07
1.781784e+01 7.701323e+07
1.804494e+01 7.530734e+07
1.827494e+01 7.363420e+07
1.850787e+01 7.198839e+07
1.874377e+01 7.037459e+07
1.898267e+01 6.878612e+07
1.922462e+01 6.722780e+07
1.946965e+01 6.569198e+07
1.971781e+01 6.418789e+07
1.996913e+01 6.270680e+07
2.022365e+01 6.125302e+07
2.048142e+01 5.982112e+07
2.074247e+01 5.841911e+07
2.100685e+01 5.704272e+07
2.127460e+01 5.570061e+07
2.154576e+01 5.437831e+07
2.182038e+01 5.307751e+07
2.209850e+01 5.180305e+07
2.238016e+01 5.054566e+07
2.266542e+01 4.932303e+07
2.295430e+01 4.813386e+07
2.324688e+01 4.696774e+07
2.354318e+01 4.580317e+07
2.384325e+01 4.467399e+07
2.414715e+01 4.357907e+07
2.445493e+01 4.248934e+07
2.476663e+01 4.142853e+07
2.508230e+01 4.038296e+07
2.540199e+01 3.936026e+07
2.572576e+01 3.835432e+07
2.605366e+01 3.737169e+07
2.638573e+01 3.640687e+07
2.672204e+01 3.546434e+07
2.706263e+01 3.454211e+07
2.740757e+01 3.364114e+07
2.775690e+01 3.275218e+07
2.811069e+01 3.189248e+07
2.846898e+01 3.104505e+07
2.883184e+01 3.021204e+07
2.919932e+01 2.940090e+07
2.957149e+01 2.859921e+07
2.994841e+01 2.781389e+07
3.033012e+01 2.704311e+07
3.071671e+01 2.629595e+07
3.110821e+01 2.555825e+07
3.150471e+01 2.484542e+07
3.190627e+01 2.415217e+07
3.231294e+01 2.346878e+07
3.272479e+01 2.280246e+07
3.314190e+01 2.214812e+07
3.356432e+01 2.151062e+07
3.399212e+01 2.088657e+07
3.442538e+01 2.027841e+07
3.486416e+01 1.968092e+07
3.530853e+01 1.910152e+07
3.575857e+01 1.853162e+07
3.621434e+01 1.797725e+07
3.667592e+01 1.743540e+07
3.714338e+01 1.690907e+07
3.761681e+01 1.639186e+07
3.809626e+01 1.588632e+07
3.858183e+01 1.540061e+07
3.907359e+01 1.492374e+07
3.957161e+01 1.445812e+07
4.007598e+01 1.399951e+07
4.058679e+01 1.355561e+07
4.110410e+01 1.312068e+07
4.162800e+01 1.269893e+07
4.215858e+01 1.229256e+07
4.269593e+01 1.189697e+07
4.324012e+01 1.150896e+07
4.379126e+01 1.112787e+07
4.434941e+01 1.075494e+07
4.491468e+01 1.039144e+07
4.548715e+01 1.004214e+07
4.606692e+01 9.703698e+06
4.665408e+01 9.373575e+06
4.724873e+01 9.049010e+06
4.785095e+01 8.732490e+06
4.846085e+01 8.427168e+06
4.907852e+01 8.127390e+06
4.970407e+01 7.840021e+06
5.033759e+01 7.558100e+06
5.097918e+01 7.286115e+06
5.162895e+01 7.023250e+06
5.228701e+01 6.766265e+06
5.295345e+01 6.515556e+06
5.362838e+01 6.276338e+06
5.431192e+01 6.042961e+06
5.500417e+01 5.818235e+06
5.570524e+01 5.597262e+06
5.641525e+01 5.381655e+06
5.713431e+01 5.173927e+06
5.786253e+01 4.972666e+06
5.860004e+01 4.778909e+06
5.934694e+01 4.591434e+06
6.010337e+01 4.408479e+06
6.086943e+01 4.233178e+06
6.164526e+01 4.065443e+06
6.243098e+01 3.902400e+06
6.322671e+01 3.745286e+06
6.403259e+01 3.593335e+06
6.484874e+01 3.448232e+06
6.567529e+01 3.308861e+06
6.651237e+01 3.175077e+06
6.736013e+01 3.045929e+06
6.821869e+01 2.923617e+06
6.908819e+01 2.804598e+06
6.996877e+01 2.691103e+06
7.086058e+01 2.582312e+06
7.176376e+01 2.478469e+06
7.267845e+01 2.378854e+06
7.360479e+01 2.282974e+06
7.454294e+01 2.190387e+06
7.549305e+01 2.101744e+06
7.645527e+01 2.016813e+06
7.742976e+01 1.935247e+06
7.841666e+01 1.856768e+06
7.941615e+01 1.781238e+06
8.042837e+01 1.708442e+06
8.145350e+01 1.639234e+06
8.249169e+01 1.572758e+06
8.354311e+01 1.509353e+06
8.460794e+01 1.448312e+06
8.568633e+01 1.389950e+06
8.677847e+01 1.333300e+06
8.788454e+01 1.279156e+06
8.900470e+01 1.226875e+06
9.013913e+01 1.176584e+06
9.128803e+01 1.128742e+06
9.245157e+01 1.082958e+06
9.362994e+01 1.039376e+06
9.482333e+01 9.972629e+05
9.603193e+01 9.568489e+05
9.725594e+01 9.177991e+05
9.849554e+01 8.805059e+05
9.975095e+01 8.450097e+05
1.010224e+02 8.108713e+05
1.023100e+02 7.780303e+05
1.036140e+02 7.464544e+05
1.049346e+02 7.161032e+05
1.062721e+02 6.869866e+05
1.076266e+02 6.589865e+05
1.089984e+02 6.325240e+05
1.103877e+02 6.069808e+05
1.117947e+02 5.823068e+05
1.132196e+02 5.587397e+05
1.146627e+02 5.360986e+05
1.161241e+02 5.143521e+05
1.176042e+02 4.937033e+05
1.191032e+02 4.736745e+05
1.206213e+02 4.543467e+05
1.221587e+02 4.359605e+05
1.237157e+02 4.182558e+05
1.252925e+02 4.012085e+05
1.268895e+02 3.850958e+05
1.285068e+02 3.695360e+05
1.301447e+02 3.546059e+05
1.318035e+02 3.401583e+05
1.334835e+02 3.262674e+05
1.351848e+02 3.130421e+05
1.369079e+02 3.004398e+05
1.386529e+02 2.882004e+05
1.404201e+02 2.766106e+05
1.422099e+02 2.653695e+05
1.440225e+02 2.546575e+05
1.458582e+02 2.441896e+05
1.477172e+02 2.342196e+05
1.496000e+02 2.246807e+05
1.515068e+02 2.155012e+05
1.534379e+02 2.067888e+05
1.553935e+02 1.983660e+05
1.573742e+02 1.903314e+05
1.593800e+02 1.826520e+05
1.614115e+02 1.752084e+05
1.634688e+02 1.681337e+05
1.655523e+02 1.613471e+05
1.676624e+02 1.548056e+05
1.697994e+02 1.485093e+05
1.719636e+02 1.424940e+05
1.741555e+02 1.367143e+05
1.763752e+02 1.311960e+05
1.786233e+02 1.258294e+05
1.809000e+02 1.207312e+05
1.832057e+02 1.158065e+05
1.855408e+02 1.110865e+05
1.879056e+02 1.066067e+05
1.903007e+02 1.022901e+05
1.927262e+02 9.810504e+04
1.951826e+02 9.409654e+04
1.976704e+02 9.023250e+04
2.001899e+02 8.657814e+04
2.027415e+02 8.309221e+04
2.053256e+02 7.974150e+04
2.079426e+02 7.652766e+04
2.105930e+02 7.344283e+04
2.132772e+02 7.047910e+04
2.159956e+02 6.764205e+04
2.187486e+02 6.488649e+04
2.215367e+02 6.225225e+04
2.243604e+02 5.974689e+04
2.272201e+02 5.734405e+04
2.301162e+02 5.501120e+04
2.330492e+02 5.280893e+04
2.360196e+02 5.067958e+04
2.390278e+02 4.860676e+04
2.420744e+02 4.663431e+04
2.451599e+02 4.474681e+04
2.482846e+02 4.291825e+04
2.514492e+02 4.115708e+04
2.546542e+02 3.949721e+04
2.578999e+02 3.791622e+04
2.611871e+02 3.638042e+04
2.645161e+02 3.491207e+04
2.678876e+02 3.349416e+04
2.713020e+02 3.212511e+04
2.747600e+02 3.080963e+04
2.782620e+02 2.955844e+04
2.818087e+02 2.836347e+04
2.854006e+02 2.722630e+04
2.890383e+02 2.613169e+04
2.927223e+02 2.506035e+04
2.964533e+02 2.403816e+04
3.002318e+02 2.305050e+04
3.040585e+02 2.212288e+04
3.079340e+02 2.122890e+04
3.118588e+02 2.037766e+04
3.158337e+02 1.956265e+04
3.198593e+02 1.877756e+04
3.239362e+02 1.802885e+04
3.280650e+02 1.730240e+04
3.322464e+02 1.659249e+04
3.364812e+02 1.591469e+04
3.407699e+02 1.526624e+04
3.451133e+02 1.464871e+04
3.495121e+02 1.405322e+04
3.539669e+02 1.348975e+04
3.584785e+02 1.294590e+04
3.630476e+02 1.242206e+04
3.676749e+02 1.191873e+04
3.723612e+02 1.143725e+04
3.771073e+02 1.097224e+04
3.819138e+02 1.052620e+04
3.867816e+02 1.009886e+04
3.917114e+02 9.691018e+03
3.967041e+02 9.300704e+03
4.017604e+02 8.925056e+03
4.068812e+02 8.564167e+03
4.120672e+02 8.217738e+03
4.173194e+02 7.884545e+03
4.226384e+02 7.567399e+03
4.280253e+02 7.263010e+03
4.334808e+02 6.969172e+03
4.390059e+02 6.688289e+03
4.446014e+02 6.417426e+03
4.502682e+02 6.156085e+03
4.560072e+02 5.905034e+03
4.618194e+02 5.665867e+03
4.677057e+02 5.435530e+03
4.736670e+02 5.212589e+03
4.797042e+02 4.999248e+03
4.858185e+02 4.795506e+03
4.920106e+02 4.600474e+03
4.982817e+02 4.413597e+03
5.046327e+02 4.235126e+03
5.110646e+02 4.063906e+03
5.175786e+02 3.898256e+03
5.241755e+02 3.738288e+03
5.308566e+02 3.586201e+03
5.376228e+02 3.440263e+03
5.444752e+02 3.300376e+03
5.514150e+02 3.166399e+03
5.584432e+02 3.038665e+03
5.655610e+02 2.916346e+03
5.727696e+02 2.798186e+03
5.800700e+02 2.683804e+03
5.874635e+02 2.574759e+03
5.949511e+02 2.471313e+03
6.025343e+02 2.371789e+03
6.102141e+02 2.275718e+03
6.179917e+02 2.183538e+03
6.258686e+02 2.095049e+03
6.338458e+02 2.010112e+03
6.419246e+02 1.928725e+03
6.501065e+02 1.850790e+03
6.583926e+02 1.775980e+03
6.667844e+02 1.704376e+03
6.752831e+02 1.635618e+03
6.838901e+02 1.569698e+03
6.926068e+02 1.505900e+03
7.014347e+02 1.444791e+03
7.103750e+02 1.386129e+03
7.194293e+02 1.329910e+03
7.285991e+02 1.275971e+03
7.378856e+02 1.224220e+03
7.472906e+02 1.174416e+03
7.568154e+02 1.126637e+03
7.664616e+02 1.080773e+03
7.762308e+02 1.036830e+03
7.861245e+02 9.947428e+02
7.961443e+02 9.546747e+02
8.062918e+02 9.164477e+02
8.165687e+02 8.794506e+02
8.269765e+02 8.438946e+02
8.375170e+02 8.100948e+02
8.481918e+02 7.773612e+02
8.590027e+02 7.457281e+02
8.699514e+02 7.153580e+02
8.810396e+02 6.861957e+02
8.922692e+02 6.581538e+02
9.036419e+02 6.312579e+02
9.151595e+02 6.054867e+02
9.268240e+02 5.807770e+02
9.386371e+02 5.571475e+02
9.506008e+02 5.346842e+02
9.627170e+02 5.130374e+02
9.749876e+02 4.924978e+02
9.874146e+02 4.728128e+02
1.000000e+03 4.537543e+02
