5.000000e-02 1.665101e+11 2.518865e+11
5.100225e-02 1.632692e+11 2.461177e+11
5.202458e-02 1.601632e+11 2.400184e+11
5.306741e-02 1.569386e+11 2.340214e+11
5.413114e-02 1.537612e+11 2.285387e+11
5.521620e-02 1.505738e+11 2.232716e+11
5.632300e-02 1.476414e+11 2.180082e+11
5.745199e-02 1.445901e+11 2.128231e+11
5.860361e-02 1.418586e+11 2.079204e+11
5.977832e-02 1.390060e+11 2.028348e+11
6.097657e-02 1.363895e+11 1.981079e+11
6.219884e-02 1.336755e+11 1.931187e+11
6.344561e-02 1.308081e+11 1.887178e+11
6.471737e-02 1.281001e+11 1.844215e+11
6.601463e-02 1.253273e+11 1.801565e+11
6.733789e-02 1.228428e+11 1.758175e+11
6.868767e-02 1.201617e+11 1.718019e+11
7.006451e-02 1.176117e+11 1.679201e+11
7.146895e-02 1.149572e+11 1.640861e+11
7.290154e-02 1.125141e+11 1.603023e+11
7.436284e-02 1.101086e+11 1.565857e+11
7.585344e-02 1.078150e+11 1.528690e+11
7.737392e-02 1.057493e+11 1.491351e+11
7.892487e-02 1.033291e+11 1.455997e+11
8.050691e-02 1.010729e+11 1.422302e+11
8.212067e-02 9.888611e+10 1.390060e+11
8.376677e-02 9.682126e+10 1.358652e+11
8.544587e-02 9.498071e+10 1.326533e+11
8.715862e-02 9.305823e+10 1.294378e+11
8.890571e-02 9.083538e+10 1.264685e+11
9.068782e-02 8.898166e+10 1.234917e+11
9.250565e-02 8.709399e+10 1.207035e+11
9.435992e-02 8.518174e+10 1.179731e+11
9.625136e-02 8.315282e+10 1.152073e+11
9.818071e-02 8.152748e+10 1.126018e+11
1.001487e-01 7.982671e+10 1.101499e+11
1.021562e-01 7.787184e+10 1.075088e+11
1.042039e-01 7.612510e+10 1.048431e+11
1.062927e-01 7.459189e+10 1.023805e+11
1.084233e-01 7.310027e+10 9.999962e+10
1.105966e-01 7.138124e+10 9.766702e+10
1.128135e-01 6.968805e+10 9.530788e+10
1.150749e-01 6.826766e+10 9.290073e+10
1.173816e-01 6.666300e+10 9.067902e+10
1.197345e-01 6.504021e+10 8.857560e+10
1.221345e-01 6.355494e+10 8.653650e+10
1.245827e-01 6.208317e+10 8.437832e+10
1.270800e-01 6.067305e+10 8.236897e+10
1.296273e-01 5.935283e+10 8.051069e+10
1.322256e-01 5.802391e+10 7.860257e+10
1.348761e-01 5.655029e+10 7.667171e+10
1.375797e-01 5.517685e+10 7.474700e+10
1.403374e-01 5.384742e+10 7.288507e+10
1.431505e-01 5.266149e+10 7.112335e+10
1.460199e-01 5.140189e+10 6.931491e+10
1.489469e-01 5.016715e+10 6.753923e+10
1.519325e-01 4.887444e+10 6.583727e+10
1.549780e-01 4.763087e+10 6.426207e+10
1.580845e-01 4.644681e+10 6.270469e+10
1.612533e-01 4.538018e+10 6.113931e+10
1.644856e-01 4.440525e+10 5.961472e+10
1.677827e-01 4.333012e+10 5.812848e+10
1.711459e-01 4.223718e+10 5.672283e+10
1.745765e-01 4.122841e+10 5.537460e+10
1.780759e-01 4.021933e+10 5.403841e+10
1.816454e-01 3.930978e+10 5.270417e+10
1.852865e-01 3.843865e+10 5.142936e+10
1.890005e-01 3.731307e+10 5.018876e+10
1.927890e-01 3.650188e+10 4.896550e+10
1.966535e-01 3.553800e+10 4.775671e+10
2.005954e-01 3.464216e+10 4.659665e+10
2.046163e-01 3.371501e+10 4.544585e+10
2.087178e-01 3.279614e+10 4.433402e+10
2.129015e-01 3.190230e+10 4.322944e+10
2.171691e-01 3.111059e+10 4.217064e+10
2.215223e-01 3.036535e+10 4.111388e+10
2.259627e-01 2.955505e+10 4.004402e+10
2.304921e-01 2.883391e+10 3.901691e+10
2.351123e-01 2.806720e+10 3.801055e+10
2.398251e-01 2.734755e+10 3.706214e+10
2.446324e-01 2.657209e+10 3.613844e+10
2.495360e-01 2.584916e+10 3.516867e+10
2.545379e-01 2.515137e+10 3.425759e+10
2.596401e-01 2.447639e+10 3.335812e+10
2.648446e-01 2.380173e+10 3.250551e+10
2.701534e-01 2.313522e+10 3.168522e+10
2.755686e-01 2.248248e+10 3.081381e+10
2.810923e-01 2.183759e+10 2.999812e+10
2.867268e-01 2.120912e+10 2.920158e+10
2.924742e-01 2.064570e+10 2.843566e+10
2.983368e-01 2.010227e+10 2.769096e+10
3.043170e-01 1.948931e+10 2.696079e+10
3.104170e-01 1.889287e+10 2.625397e+10
3.166393e-01 1.835098e+10 2.555231e+10
3.229863e-01 1.786208e+10 2.489108e+10
3.294605e-01 1.733345e+10 2.421615e+10
3.360645e-01 1.682316e+10 2.357356e+10
3.428009e-01 1.636038e+10 2.293017e+10
3.496723e-01 1.590783e+10 2.232080e+10
3.566815e-01 1.540337e+10 2.174963e+10
3.638311e-01 1.491331e+10 2.113829e+10
3.711241e-01 1.450701e+10 2.054824e+10
3.785633e-01 1.411572e+10 1.998420e+10
3.861515e-01 1.371216e+10 1.943764e+10
3.938919e-01 1.330632e+10 1.890240e+10
4.017874e-01 1.286797e+10 1.836680e+10
4.098412e-01 1.248696e+10 1.785233e+10
4.180565e-01 1.210516e+10 1.732934e+10
4.264364e-01 1.172277e+10 1.683368e+10
4.349843e-01 1.136492e+10 1.636350e+10
4.437035e-01 1.102797e+10 1.589876e+10
4.525975e-01 1.068522e+10 1.542422e+10
4.616698e-01 1.035116e+10 1.497490e+10
4.709239e-01 1.004111e+10 1.453766e+10
4.803635e-01 9.740426e+09 1.411103e+10
4.899924e-01 9.440723e+09 1.369977e+10
4.998143e-01 9.162914e+09 1.328800e+10
5.098330e-01 8.869782e+09 1.289018e+10
5.200526e-01 8.595933e+09 1.250081e+10
5.304770e-01 8.329481e+09 1.212158e+10
5.411103e-01 8.071049e+09 1.174943e+10
5.519569e-01 7.792197e+09 1.138429e+10
5.630208e-01 7.551439e+09 1.103748e+10
5.743065e-01 7.290170e+09 1.068794e+10
5.858184e-01 7.036808e+09 1.035313e+10
5.975611e-01 6.818660e+09 1.002880e+10
6.095392e-01 6.583232e+09 9.716061e+09
6.217573e-01 6.364375e+09 9.406867e+09
6.342204e-01 6.159670e+09 9.107840e+09
6.469333e-01 5.949641e+09 8.807004e+09
6.599011e-01 5.725490e+09 8.520717e+09
6.731287e-01 5.521153e+09 8.230188e+09
6.866215e-01 5.336227e+09 7.952315e+09
7.003848e-01 5.160146e+09 7.683279e+09
7.144240e-01 4.977655e+09 7.425545e+09
7.287445e-01 4.805815e+09 7.186344e+09
7.433522e-01 4.619784e+09 6.944943e+09
7.582526e-01 4.417408e+09 6.708693e+09
7.734517e-01 4.237842e+09 6.476171e+09
7.889555e-01 4.081175e+09 6.249771e+09
8.047701e-01 3.916533e+09 6.036005e+09
8.209016e-01 3.772236e+09 5.827759e+09
8.373565e-01 3.620208e+09 5.621009e+09
8.541413e-01 3.472083e+09 5.419835e+09
8.712625e-01 3.345031e+09 5.224490e+09
8.887268e-01 3.220860e+09 5.032789e+09
9.065413e-01 3.096457e+09 4.850166e+09
9.247129e-01 2.972866e+09 4.673377e+09
9.432487e-01 2.843558e+09 4.501214e+09
9.621560e-01 2.719044e+09 4.326111e+09
9.814423e-01 2.603263e+09 4.165696e+09
1.001115e+00 2.495794e+09 4.015520e+09
1.021183e+00 2.397335e+09 3.867765e+09
1.041652e+00 2.302197e+09 3.720501e+09
1.062532e+00 2.200822e+09 3.577084e+09
1.083830e+00 2.089324e+09 3.435827e+09
1.105556e+00 1.987605e+09 3.301097e+09
1.127716e+00 1.909021e+09 3.169358e+09
1.150321e+00 1.822097e+09 3.045347e+09
1.173379e+00 1.733470e+09 2.918958e+09
1.196900e+00 1.649592e+09 2.799528e+09
1.220892e+00 1.579793e+09 2.683219e+09
1.245364e+00 1.509496e+09 2.570847e+09
1.270327e+00 1.437286e+09 2.465096e+09
1.295791e+00 1.373717e+09 2.363209e+09
1.321765e+00 1.316681e+09 2.261063e+09
1.348260e+00 1.258199e+09 2.166164e+09
1.375286e+00 1.202238e+09 2.072664e+09
1.402853e+00 1.144210e+09 1.980071e+09
1.430973e+00 1.089645e+09 1.893664e+09
1.459657e+00 1.042531e+09 1.810481e+09
1.488916e+00 9.969607e+08 1.729699e+09
1.518761e+00 9.514231e+08 1.651390e+09
1.549204e+00 9.029873e+08 1.575204e+09
1.580258e+00 8.581485e+08 1.501941e+09
1.611934e+00 8.163656e+08 1.431582e+09
1.644245e+00 7.772071e+08 1.364618e+09
1.677204e+00 7.384090e+08 1.300120e+09
1.710823e+00 7.049347e+08 1.236873e+09
1.745117e+00 6.712246e+08 1.177334e+09
1.780097e+00 6.370906e+08 1.119618e+09
1.815779e+00 6.062272e+08 1.063712e+09
1.852176e+00 5.793098e+08 1.010629e+09
1.889303e+00 5.515521e+08 9.599426e+08
1.927174e+00 5.251588e+08 9.123480e+08
1.965804e+00 4.992950e+08 8.658038e+08
2.005209e+00 4.751442e+08 8.222299e+08
2.045403e+00 4.519728e+08 7.796868e+08
2.086403e+00 4.294685e+08 7.394905e+08
2.128224e+00 4.088249e+08 7.015227e+08
2.170885e+00 3.887572e+08 6.650447e+08
2.214400e+00 3.689354e+08 6.309891e+08
2.258787e+00 3.501854e+08 5.983071e+08
2.304064e+00 3.325046e+08 5.670976e+08
2.350249e+00 3.153012e+08 5.376750e+08
2.397360e+00 2.989527e+08 5.102184e+08
2.445415e+00 2.835264e+08 4.839308e+08
2.494433e+00 2.691494e+08 4.589444e+08
2.544434e+00 2.551118e+08 4.353324e+08
2.595437e+00 2.418080e+08 4.125742e+08
2.647462e+00 2.292870e+08 3.913909e+08
2.700530e+00 2.173715e+08 3.713215e+08
2.754662e+00 2.062026e+08 3.519581e+08
2.809879e+00 1.955473e+08 3.330203e+08
2.866203e+00 1.856032e+08 3.158565e+08
2.923656e+00 1.759372e+08 2.995915e+08
2.982260e+00 1.675250e+08 2.842058e+08
3.042039e+00 1.588392e+08 2.692746e+08
3.103017e+00 1.505832e+08 2.551750e+08
3.165216e+00 1.427563e+08 2.419992e+08
3.228663e+00 1.353102e+08 2.293946e+08
3.293381e+00 1.280976e+08 2.174432e+08
3.359397e+00 1.213567e+08 2.057764e+08
3.426736e+00 1.150948e+08 1.950582e+08
3.495424e+00 1.090435e+08 1.850296e+08
3.565490e+00 1.033680e+08 1.752473e+08
3.636960e+00 9.800939e+07 1.662292e+08
3.709862e+00 9.298971e+07 1.576004e+08
3.784226e+00 8.818675e+07 1.493507e+08
3.860081e+00 8.361684e+07 1.415934e+08
3.937456e+00 7.930024e+07 1.341947e+08
4.016382e+00 7.520217e+07 1.273484e+08
4.096890e+00 7.130732e+07 1.205322e+08
4.179012e+00 6.761750e+07 1.144880e+08
4.262780e+00 6.409714e+07 1.086881e+08
4.348227e+00 6.071844e+07 1.029058e+08
4.435387e+00 5.754675e+07 9.744141e+07
4.524294e+00 5.458704e+07 9.241830e+07
4.614983e+00 5.182881e+07 8.751943e+07
4.707490e+00 4.913112e+07 8.302651e+07
4.801851e+00 4.653607e+07 7.870499e+07
4.898104e+00 4.409512e+07 7.455924e+07
4.996286e+00 4.188704e+07 7.065569e+07
5.096436e+00 3.972932e+07 6.693593e+07
5.198594e+00 3.768209e+07 6.342065e+07
5.302799e+00 3.581124e+07 6.011842e+07
5.409093e+00 3.393452e+07 5.696134e+07
5.517518e+00 3.215607e+07 5.403797e+07
5.628116e+00 3.047626e+07 5.126943e+07
5.740932e+00 2.889500e+07 4.864638e+07
5.856008e+00 2.740122e+07 4.611378e+07
5.973391e+00 2.598244e+07 4.372442e+07
6.093127e+00 2.462544e+07 4.146253e+07
6.215264e+00 2.335028e+07 3.932090e+07
6.339848e+00 2.212138e+07 3.733590e+07
6.466930e+00 2.094472e+07 3.536868e+07
6.596559e+00 1.985761e+07 3.351464e+07
6.728787e+00 1.879279e+07 3.182826e+07
6.863665e+00 1.778678e+07 3.016220e+07
7.001246e+00 1.683459e+07 2.859667e+07
7.141586e+00 1.594120e+07 2.712947e+07
7.284738e+00 1.510754e+07 2.573515e+07
7.430760e+00 1.431900e+07 2.442065e+07
7.579709e+00 1.357158e+07 2.312382e+07
7.731644e+00 1.286314e+07 2.190204e+07
7.886624e+00 1.219164e+07 2.078210e+07
8.044711e+00 1.155737e+07 1.971171e+07
8.205967e+00 1.096014e+07 1.868770e+07
8.370455e+00 1.039669e+07 1.773234e+07
8.538240e+00 9.868366e+06 1.681258e+07
8.709388e+00 9.345939e+06 1.593538e+07
8.883967e+00 8.850590e+06 1.510479e+07
9.062045e+00 8.383040e+06 1.432704e+07
9.243693e+00 7.944478e+06 1.358254e+07
9.428983e+00 7.540565e+06 1.287893e+07
9.617986e+00 7.152522e+06 1.220680e+07
9.810778e+00 6.775386e+06 1.156937e+07
1.000743e+01 6.418003e+06 1.097214e+07
1.020803e+01 6.079343e+06 1.038914e+07
1.041265e+01 5.770215e+06 9.854020e+06
1.062137e+01 5.461125e+06 9.334741e+06
1.083428e+01 5.174679e+06 8.855462e+06
1.105145e+01 4.903650e+06 8.395758e+06
1.127297e+01 4.647109e+06 7.958133e+06
1.149894e+01 4.403956e+06 7.548581e+06
1.172944e+01 4.173493e+06 7.150878e+06
1.196455e+01 3.939172e+06 6.780956e+06
1.220438e+01 3.727462e+06 6.435392e+06
1.244902e+01 3.538161e+06 6.098758e+06
1.269856e+01 3.358535e+06 5.783442e+06
1.295310e+01 3.179584e+06 5.486400e+06
1.321274e+01 3.010599e+06 5.205281e+06
1.347759e+01 2.854896e+06 4.932879e+06
1.374775e+01 2.707228e+06 4.678941e+06
1.402332e+01 2.567540e+06 4.434595e+06
1.430442e+01 2.438106e+06 4.206167e+06
1.459115e+01 2.308391e+06 3.990076e+06
1.488362e+01 2.188927e+06 3.779025e+06
1.518197e+01 2.075629e+06 3.583200e+06
1.548629e+01 1.968180e+06 3.397063e+06
1.579671e+01 1.866278e+06 3.217361e+06
1.611335e+01 1.769638e+06 3.054198e+06
1.643634e+01 1.677727e+06 2.898650e+06
1.676581e+01 1.590134e+06 2.745176e+06
1.710188e+01 1.507105e+06 2.603022e+06
1.744468e+01 1.429025e+06 2.467394e+06
1.779436e+01 1.356344e+06 2.338241e+06
1.815105e+01 1.286041e+06 2.216950e+06
1.851488e+01 1.221025e+06 2.101931e+06
1.888601e+01 1.156562e+06 1.992127e+06
1.926458e+01 1.096353e+06 1.891144e+06
1.965074e+01 1.039538e+06 1.792729e+06
2.004464e+01 9.838896e+05 1.700538e+06
2.044643e+01 9.316457e+05 1.612694e+06
2.085628e+01 8.831154e+05 1.529023e+06
2.127434e+01 8.360529e+05 1.449780e+06
2.170078e+01 7.914581e+05 1.375617e+06
2.213577e+01 7.497384e+05 1.302360e+06
2.257948e+01 7.110757e+05 1.233598e+06
2.303209e+01 6.743993e+05 1.168385e+06
2.349376e+01 6.391092e+05 1.109484e+06
2.396469e+01 6.046363e+05 1.050897e+06
2.444506e+01 5.736162e+05 9.960183e+05
2.493506e+01 5.427237e+05 9.444109e+05
2.543488e+01 5.139750e+05 8.967711e+05
2.594472e+01 4.864841e+05 8.497898e+05
2.646478e+01 4.596708e+05 8.053893e+05
2.699527e+01 4.348219e+05 7.634105e+05
2.753639e+01 4.115452e+05 7.231728e+05
2.808835e+01 3.901152e+05 6.849659e+05
2.865138e+01 3.682630e+05 6.491212e+05
2.922570e+01 3.503952e+05 6.150666e+05
2.981152e+01 3.324719e+05 5.826275e+05
3.040909e+01 3.135720e+05 5.522610e+05
3.101864e+01 2.972538e+05 5.240500e+05
3.164041e+01 2.815643e+05 4.966612e+05
3.227464e+01 2.669090e+05 4.705867e+05
3.292158e+01 2.530756e+05 4.469379e+05
3.358149e+01 2.401563e+05 4.235307e+05
3.425463e+01 2.277103e+05 4.010445e+05
3.494126e+01 2.153572e+05 3.800252e+05
3.564165e+01 2.035931e+05 3.602579e+05
3.635609e+01 1.927488e+05 3.417472e+05
3.708484e+01 1.824441e+05 3.235888e+05
3.782820e+01 1.726873e+05 3.070058e+05
3.858647e+01 1.623563e+05 2.909231e+05
3.935993e+01 1.538130e+05 2.761099e+05
4.014890e+01 1.451089e+05 2.615597e+05
4.095368e+01 1.368473e+05 2.475445e+05
4.177459e+01 1.296178e+05 2.345964e+05
4.261196e+01 1.227669e+05 2.221614e+05
4.346611e+01 1.162749e+05 2.113199e+05
4.433739e+01 1.099692e+05 2.006248e+05
4.522613e+01 1.042680e+05 1.904962e+05
4.613268e+01 9.876980e+04 1.805820e+05
4.705741e+01 9.323418e+04 1.710825e+05
4.800067e+01 8.787865e+04 1.621454e+05
4.896284e+01 8.263678e+04 1.535958e+05
4.994430e+01 7.817938e+04 1.454921e+05
5.094543e+01 7.360502e+04 1.379837e+05
5.196662e+01 6.951455e+04 1.306390e+05
5.300829e+01 6.578229e+04 1.236538e+05
5.407084e+01 6.224841e+04 1.170494e+05
5.515468e+01 5.890245e+04 1.109155e+05
5.626026e+01 5.573446e+04 1.050783e+05
5.738799e+01 5.274170e+04 9.956849e+04
5.853833e+01 4.992290e+04 9.451359e+04
5.971172e+01 4.713861e+04 8.952060e+04
6.090864e+01 4.472581e+04 8.478252e+04
6.212955e+01 4.229966e+04 8.025561e+04
6.337493e+01 3.999411e+04 7.593785e+04
6.464528e+01 3.786293e+04 7.184771e+04
6.594109e+01 3.582777e+04 6.809823e+04
6.726287e+01 3.390086e+04 6.458183e+04
6.861115e+01 3.207649e+04 6.114993e+04
6.998645e+01 3.035413e+04 5.804835e+04
7.138933e+01 2.872546e+04 5.517923e+04
7.282032e+01 2.718194e+04 5.220761e+04
7.428000e+01 2.571061e+04 4.939210e+04
7.576894e+01 2.431970e+04 4.672465e+04
7.728772e+01 2.300325e+04 4.419760e+04
7.883694e+01 2.172312e+04 4.180608e+04
8.041722e+01 2.054324e+04 3.960088e+04
8.202918e+01 1.946482e+04 3.750733e+04
8.367345e+01 1.841027e+04 3.545412e+04
8.535068e+01 1.741363e+04 3.356455e+04
8.706153e+01 1.647960e+04 3.176919e+04
8.880667e+01 1.555959e+04 3.006757e+04
9.058679e+01 1.471731e+04 2.847667e+04
9.240260e+01 1.392063e+04 2.698499e+04
9.425480e+01 1.314119e+04 2.554983e+04
9.614413e+01 1.242181e+04 2.415670e+04
9.807133e+01 1.172260e+04 2.283753e+04
1.000372e+02 1.104679e+04 2.164978e+04
1.020424e+02 1.045486e+04 2.046581e+04
1.040878e+02 9.881914e+03 1.937687e+04
1.061743e+02 9.332465e+03 1.832760e+04
1.083025e+02 8.818541e+03 1.732081e+04
1.104734e+02 8.345772e+03 1.636774e+04
1.126879e+02 7.873244e+03 1.549068e+04
1.149467e+02 7.421737e+03 1.462809e+04
1.172508e+02 7.001520e+03 1.383370e+04
1.196011e+02 6.615046e+03 1.308160e+04
1.219985e+02 6.240640e+03 1.236958e+04
1.244439e+02 5.908229e+03 1.172772e+04
1.269384e+02 5.577901e+03 1.109000e+04
1.294828e+02 5.271551e+03 1.048345e+04
1.320783e+02 4.966613e+03 9.910441e+03
1.347258e+02 4.674144e+03 9.367614e+03
1.374264e+02 4.413181e+03 8.853897e+03
1.401811e+02 4.161384e+03 8.367752e+03
1.429910e+02 3.920008e+03 7.914918e+03
1.458573e+02 3.700937e+03 7.488074e+03
1.487810e+02 3.467303e+03 7.080355e+03
1.517633e+02 3.256366e+03 6.689106e+03
1.548053e+02 3.054108e+03 6.330727e+03
1.579084e+02 2.866016e+03 5.988538e+03
1.610737e+02 2.697199e+03 5.666464e+03
1.643024e+02 2.550451e+03 5.362877e+03
1.675958e+02 2.421320e+03 5.071173e+03
1.709552e+02 2.281412e+03 4.798021e+03
1.743820e+02 2.140206e+03 4.545691e+03
1.778775e+02 2.011970e+03 4.302281e+03
1.814430e+02 1.881544e+03 4.071424e+03
1.850801e+02 1.765131e+03 3.851510e+03
1.887900e+02 1.652455e+03 3.640302e+03
1.925743e+02 1.546537e+03 3.450868e+03
1.964344e+02 1.448099e+03 3.263574e+03
2.003719e+02 1.356245e+03 3.079719e+03
2.043883e+02 1.270784e+03 2.905444e+03
2.084853e+02 1.193283e+03 2.746597e+03
2.126644e+02 1.109759e+03 2.593478e+03
2.169272e+02 1.041659e+03 2.447338e+03
2.212755e+02 9.776462e+02 2.309152e+03
2.257109e+02 9.158779e+02 2.178500e+03
2.302353e+02 8.572427e+02 2.054963e+03
2.348503e+02 8.092581e+02 1.938276e+03
2.395579e+02 7.637756e+02 1.830469e+03
2.443598e+02 7.155762e+02 1.729211e+03
2.492580e+02 6.722739e+02 1.632517e+03
2.542544e+02 6.280311e+02 1.542288e+03
2.593509e+02 5.864577e+02 1.453938e+03
2.645495e+02 5.511991e+02 1.368841e+03
2.698524e+02 5.183420e+02 1.297249e+03
2.752616e+02 4.864226e+02 1.222515e+03
2.807792e+02 4.515456e+02 1.151560e+03
2.864074e+02 4.212355e+02 1.084883e+03
2.921484e+02 3.921031e+02 1.022019e+03
2.980045e+02 3.689541e+02 9.627119e+02
3.039780e+02 3.474507e+02 9.070864e+02
3.100712e+02 3.255765e+02 8.550606e+02
3.162865e+02 3.038047e+02 8.064871e+02
3.226265e+02 2.838637e+02 7.609965e+02
3.290935e+02 2.635422e+02 7.244911e+02
3.356901e+02 2.456630e+02 6.886084e+02
3.424190e+02 2.311425e+02 6.506424e+02
3.492828e+02 2.176965e+02 6.142787e+02
3.562841e+02 2.027864e+02 5.792394e+02
3.634258e+02 1.905209e+02 5.459661e+02
3.707107e+02 1.770512e+02 5.139186e+02
3.781415e+02 1.635788e+02 4.827601e+02
3.857213e+02 1.513048e+02 4.537030e+02
3.934531e+02 1.401763e+02 4.275339e+02
4.013398e+02 1.309771e+02 4.028132e+02
4.093847e+02 1.220674e+02 3.801864e+02
4.175907e+02 1.131452e+02 3.586282e+02
4.259613e+02 1.046164e+02 3.372599e+02
4.344997e+02 9.743204e+01 3.176695e+02
4.432092e+02 9.024589e+01 2.991990e+02
4.520933e+02 8.320375e+01 2.840366e+02
4.611555e+02 7.742584e+01 2.685323e+02
4.703993e+02 7.226311e+01 2.528844e+02
4.798284e+02 6.636284e+01 2.381162e+02
4.894465e+02 6.088785e+01 2.241795e+02
4.992574e+02 5.702732e+01 2.109845e+02
5.092650e+02 5.250485e+01 1.983219e+02
5.194732e+02 4.792464e+01 1.859334e+02
5.298860e+02 4.373998e+01 1.741075e+02
5.405075e+02 3.992893e+01 1.640872e+02
5.513420e+02 3.693260e+01 1.539211e+02
5.623936e+02 3.395778e+01 1.446410e+02
5.736667e+02 3.171459e+01 1.357000e+02
5.851658e+02 2.965173e+01 1.273278e+02
5.968954e+02 2.763672e+01 1.197058e+02
6.088601e+02 2.549181e+01 1.125206e+02
6.210647e+02 2.322729e+01 1.057479e+02
6.335139e+02 2.131484e+01 9.936493e+01
6.462126e+02 1.959481e+01 9.335003e+01
6.591659e+02 1.798056e+01 8.768275e+01
6.723788e+02 1.677451e+01 8.234374e+01
6.858566e+02 1.563808e+01 7.731471e+01
6.996046e+02 1.457292e+01 7.256283e+01
7.136281e+02 1.332337e+01 6.792693e+01
7.279327e+02 1.211901e+01 6.352898e+01
7.425240e+02 1.096491e+01 5.946205e+01
7.574079e+02 1.001058e+01 5.578628e+01
7.725901e+02 9.203991e+00 5.232567e+01
7.880766e+02 8.480695e+00 4.905957e+01
8.038735e+02 7.819599e+00 4.594868e+01
8.199871e+02 7.196299e+00 4.302292e+01
8.364237e+02 6.592428e+00 4.039013e+01
8.531897e+02 5.991350e+00 3.785099e+01
8.702918e+02 5.411261e+00 3.545030e+01
8.877368e+02 4.855131e+00 3.319307e+01
9.055314e+02 4.351255e+00 3.107117e+01
9.236827e+02 3.896609e+00 2.907689e+01
9.421978e+02 3.589503e+00 2.720296e+01
9.610841e+02 3.290659e+00 2.546577e+01
9.803490e+02 3.030982e+00 2.384458e+01
1.000000e+03 2.727102e+00 2.231656e+01
