# Energy(MeV) Fluence_Spherical_Median(cm^-2*MeV^-1)
1.000000e+00 2.475345e+09
1.011599e+00 2.422779e+09
1.023332e+00 2.371325e+09
1.035202e+00 2.320958e+09
1.047209e+00 2.271656e+09
1.059356e+00 2.223397e+09
1.071643e+00 2.176158e+09
1.084073e+00 2.129917e+09
1.096647e+00 2.084655e+09
1.109367e+00 2.040350e+09
1.122234e+00 1.996981e+09
1.135251e+00 1.954530e+09
1.148418e+00 1.912977e+09
1.161739e+00 1.872303e+09
1.175214e+00 1.832489e+09
1.188845e+00 1.793517e+09
1.202634e+00 1.755369e+09
1.216583e+00 1.718029e+09
1.230694e+00 1.681479e+09
1.244969e+00 1.645702e+09
1.259409e+00 1.610682e+09
1.274017e+00 1.576403e+09
1.288794e+00 1.542849e+09
1.303743e+00 1.510006e+09
1.318865e+00 1.477858e+09
1.334162e+00 1.446390e+09
1.349637e+00 1.415588e+09
1.365291e+00 1.385438e+09
1.381127e+00 1.355803e+09
1.397147e+00 1.326667e+09
1.413352e+00 1.298154e+09
1.429746e+00 1.270249e+09
1.446329e+00 1.242941e+09
1.463105e+00 1.216216e+09
1.480075e+00 1.190062e+09
1.497243e+00 1.164593e+09
1.514609e+00 1.139755e+09
1.532177e+00 1.115443e+09
1.549948e+00 1.091646e+09
1.567926e+00 1.068353e+09
1.586112e+00 1.045554e+09
1.604509e+00 1.023238e+09
1.623120e+00 1.001395e+09
1.641946e+00 9.800147e+08
1.660991e+00 9.590877e+08
1.680257e+00 9.386043e+08
1.699746e+00 9.185552e+08
1.719461e+00 8.989310e+08
1.739405e+00 8.797230e+08
1.759580e+00 8.609222e+08
1.779989e+00 8.425201e+08
1.800635e+00 8.245083e+08
1.821520e+00 8.068785e+08
1.842648e+00 7.896226e+08
1.864021e+00 7.727328e+08
1.885641e+00 7.562012e+08
1.907513e+00 7.400205e+08
1.929638e+00 7.241830e+08
1.952019e+00 7.086816e+08
1.974661e+00 6.935092e+08
1.997565e+00 6.786587e+08
2.020734e+00 6.641235e+08
2.044172e+00 6.498969e+08
2.067883e+00 6.359722e+08
2.091868e+00 6.223432e+08
2.116131e+00 6.090036e+08
2.140676e+00 5.959473e+08
2.165505e+00 5.831683e+08
2.190623e+00 5.706607e+08
2.216032e+00 5.584188e+08
2.241735e+00 5.464369e+08
2.267737e+00 5.347096e+08
2.294040e+00 5.232316e+08
2.320648e+00 5.119974e+08
2.347565e+00 5.010020e+08
2.374795e+00 4.902598e+08
2.402340e+00 4.797663e+08
2.430204e+00 4.694974e+08
2.458392e+00 4.594482e+08
2.486906e+00 4.496142e+08
2.515752e+00 4.399907e+08
2.544932e+00 4.305732e+08
2.574450e+00 4.213572e+08
2.604311e+00 4.123385e+08
2.634518e+00 4.035128e+08
2.665075e+00 3.948761e+08
2.695987e+00 3.864242e+08
2.727258e+00 3.781497e+08
2.758891e+00 3.699864e+08
2.790891e+00 3.619984e+08
2.823262e+00 3.541818e+08
2.856009e+00 3.465329e+08
2.889136e+00 3.390483e+08
2.922647e+00 3.317242e+08
2.956546e+00 3.245574e+08
2.990839e+00 3.175915e+08
3.025529e+00 3.107756e+08
3.060622e+00 3.041060e+08
3.096122e+00 2.975795e+08
3.132033e+00 2.911931e+08
3.168361e+00 2.849437e+08
3.205111e+00 2.788285e+08
3.242287e+00 2.728445e+08
3.279894e+00 2.669889e+08
3.317937e+00 2.612590e+08
3.356421e+00 2.556520e+08
3.395352e+00 2.501654e+08
3.434734e+00 2.447966e+08
3.474573e+00 2.395429e+08
3.514875e+00 2.343640e+08
3.555643e+00 2.292932e+08
3.596885e+00 2.243321e+08
3.638605e+00 2.194784e+08
3.680809e+00 2.147297e+08
3.723502e+00 2.100776e+08
3.766690e+00 2.055109e+08
3.810380e+00 2.010707e+08
3.854576e+00 1.967256e+08
3.899285e+00 1.924736e+08
3.944512e+00 1.883129e+08
3.990264e+00 1.842422e+08
4.036547e+00 1.802594e+08
4.083367e+00 1.763627e+08
4.130729e+00 1.725503e+08
4.178641e+00 1.688203e+08
4.227109e+00 1.651709e+08
4.276138e+00 1.616090e+08
4.325737e+00 1.581195e+08
4.375911e+00 1.547053e+08
4.426666e+00 1.513648e+08
4.478011e+00 1.480965e+08
4.529951e+00 1.448857e+08
4.582493e+00 1.417413e+08
4.635645e+00 1.386773e+08
4.689414e+00 1.356822e+08
4.743806e+00 1.327571e+08
4.798828e+00 1.298845e+08
4.854490e+00 1.270740e+08
4.910796e+00 1.243243e+08
4.967756e+00 1.216341e+08
5.025377e+00 1.190022e+08
5.083665e+00 1.164272e+08
5.142630e+00 1.139079e+08
5.202279e+00 1.114432e+08
5.262620e+00 1.090532e+08
5.323660e+00 1.066818e+08
5.385409e+00 1.044237e+08
5.447874e+00 1.021768e+08
5.511063e+00 9.994863e+07
5.574985e+00 9.778117e+07
5.639649e+00 9.567297e+07
5.705063e+00 9.360960e+07
5.771235e+00 9.159072e+07
5.838175e+00 8.961539e+07
5.905892e+00 8.768266e+07
5.974393e+00 8.580057e+07
6.043690e+00 8.398077e+07
6.113790e+00 8.220307e+07
6.184703e+00 8.044621e+07
6.256439e+00 7.871402e+07
6.329007e+00 7.703433e+07
6.402416e+00 7.540110e+07
6.476677e+00 7.378090e+07
6.551800e+00 7.217801e+07
6.627793e+00 7.061032e+07
6.704668e+00 6.909019e+07
6.782435e+00 6.760279e+07
6.861104e+00 6.614741e+07
6.940685e+00 6.472135e+07
7.021189e+00 6.332392e+07
7.102627e+00 6.194454e+07
7.185010e+00 6.059100e+07
7.268348e+00 5.928836e+07
7.352653e+00 5.801197e+07
7.437936e+00 5.673870e+07
7.524208e+00 5.549875e+07
7.611480e+00 5.430251e+07
7.699765e+00 5.312626e+07
7.789074e+00 5.196766e+07
7.879418e+00 5.083433e+07
7.970811e+00 4.971770e+07
8.063263e+00 4.864128e+07
8.156788e+00 4.758049e+07
8.251398e+00 4.655842e+07
8.347105e+00 4.555230e+07
8.443923e+00 4.457472e+07
8.541863e+00 4.362317e+07
8.640939e+00 4.269264e+07
8.741164e+00 4.178196e+07
8.842552e+00 4.087406e+07
8.945116e+00 3.998496e+07
9.048869e+00 3.911520e+07
9.153826e+00 3.827564e+07
9.260001e+00 3.746348e+07
9.367406e+00 3.666609e+07
9.476058e+00 3.587332e+07
9.585970e+00 3.510087e+07
9.697157e+00 3.433935e+07
9.809633e+00 3.359921e+07
9.923414e+00 3.287522e+07
1.003851e+01 3.216678e+07
1.015495e+01 3.147360e+07
1.027274e+01 3.080336e+07
1.039189e+01 3.013691e+07
1.051242e+01 2.948285e+07
1.063436e+01 2.885230e+07
1.075770e+01 2.823524e+07
1.088248e+01 2.763388e+07
1.100870e+01 2.705347e+07
1.113639e+01 2.648206e+07
1.126556e+01 2.592490e+07
1.139623e+01 2.537947e+07
1.152842e+01 2.482409e+07
1.166213e+01 2.429189e+07
1.179740e+01 2.377114e+07
1.193424e+01 2.326628e+07
1.207266e+01 2.275745e+07
1.221269e+01 2.225664e+07
1.235434e+01 2.177844e+07
1.249764e+01 2.131250e+07
1.264260e+01 2.085312e+07
1.278924e+01 2.040491e+07
1.293758e+01 1.997024e+07
1.308764e+01 1.954291e+07
1.323945e+01 1.912300e+07
1.339301e+01 1.870807e+07
1.354835e+01 1.829614e+07
1.370550e+01 1.789680e+07
1.386447e+01 1.750967e+07
1.402528e+01 1.712740e+07
1.418796e+01 1.675611e+07
1.435252e+01 1.639481e+07
1.451900e+01 1.604702e+07
1.468740e+01 1.570661e+07
1.485776e+01 1.537311e+07
1.503009e+01 1.504158e+07
1.520442e+01 1.471828e+07
1.538078e+01 1.439820e+07
1.555918e+01 1.408501e+07
1.573965e+01 1.377690e+07
1.592221e+01 1.347147e+07
1.610689e+01 1.316968e+07
1.629371e+01 1.288027e+07
1.648270e+01 1.259722e+07
1.667388e+01 1.231786e+07
1.686728e+01 1.204710e+07
1.706292e+01 1.178229e+07
1.726083e+01 1.152964e+07
1.746104e+01 1.128028e+07
1.766357e+01 1.103604e+07
1.786845e+01 1.079705e+07
1.807570e+01 1.056455e+07
1.828536e+01 1.033705e+07
1.849745e+01 1.011445e+07
1.871200e+01 9.896650e+06
1.892904e+01 9.683761e+06
1.914859e+01 9.475915e+06
1.937070e+01 9.271160e+06
1.959538e+01 9.069179e+06
1.982266e+01 8.871599e+06
2.005258e+01 8.678083e+06
2.028517e+01 8.489916e+06
2.052045e+01 8.309549e+06
2.075847e+01 8.131720e+06
2.099924e+01 7.957696e+06
2.124281e+01 7.787397e+06
2.148921e+01 7.621260e+06
2.173846e+01 7.457655e+06
2.199060e+01 7.298057e+06
2.224567e+01 7.139842e+06
2.250369e+01 6.983963e+06
2.276471e+01 6.836686e+06
2.302875e+01 6.692772e+06
2.329586e+01 6.549862e+06
2.356607e+01 6.406809e+06
2.383941e+01 6.266795e+06
2.411592e+01 6.134205e+06
2.439564e+01 6.002241e+06
2.467860e+01 5.871715e+06
2.496485e+01 5.746493e+06
2.525441e+01 5.623065e+06
2.554733e+01 5.502825e+06
2.584365e+01 5.385484e+06
2.614341e+01 5.270724e+06
2.644665e+01 5.155781e+06
2.675340e+01 5.045493e+06
2.706371e+01 4.936037e+06
2.737762e+01 4.828228e+06
2.769517e+01 4.723919e+06
2.801640e+01 4.621766e+06
2.834136e+01 4.523471e+06
2.867009e+01 4.427752e+06
2.900263e+01 4.334325e+06
2.933903e+01 4.243242e+06
2.967933e+01 4.152711e+06
3.002358e+01 4.062483e+06
3.037182e+01 3.973798e+06
3.072410e+01 3.887921e+06
3.108046e+01 3.805054e+06
3.144096e+01 3.723881e+06
3.180564e+01 3.643520e+06
3.217455e+01 3.564893e+06
3.254774e+01 3.487872e+06
3.292526e+01 3.413653e+06
3.330716e+01 3.340751e+06
3.369348e+01 3.268248e+06
3.408429e+01 3.198444e+06
3.447963e+01 3.130131e+06
3.487956e+01 3.062520e+06
3.528412e+01 2.995845e+06
3.569338e+01 2.930575e+06
3.610738e+01 2.866396e+06
3.652619e+01 2.804907e+06
3.694985e+01 2.744909e+06
3.737843e+01 2.686194e+06
3.781198e+01 2.627972e+06
3.825055e+01 2.570876e+06
3.869422e+01 2.515021e+06
3.914303e+01 2.460379e+06
3.959704e+01 2.407046e+06
4.005633e+01 2.355288e+06
4.052094e+01 2.304644e+06
4.099093e+01 2.255500e+06
4.146638e+01 2.207644e+06
4.194735e+01 2.160289e+06
4.243389e+01 2.113818e+06
4.292608e+01 2.067643e+06
4.342397e+01 2.022180e+06
4.392764e+01 1.977716e+06
4.443715e+01 1.934231e+06
4.495258e+01 1.891701e+06
4.547398e+01 1.850496e+06
4.600143e+01 1.810275e+06
4.653499e+01 1.770704e+06
4.707475e+01 1.731944e+06
4.762076e+01 1.694058e+06
4.817311e+01 1.657822e+06
4.873186e+01 1.622032e+06
4.929710e+01 1.587145e+06
4.986889e+01 1.553007e+06
5.044732e+01 1.519604e+06
5.103245e+01 1.486920e+06
5.162437e+01 1.454939e+06
5.222315e+01 1.423277e+06
5.282889e+01 1.392265e+06
5.344164e+01 1.361928e+06
5.406151e+01 1.332196e+06
5.468856e+01 1.303063e+06
5.532289e+01 1.274568e+06
5.596457e+01 1.246696e+06
5.661370e+01 1.219433e+06
5.727036e+01 1.192767e+06
5.793463e+01 1.166683e+06
5.860661e+01 1.141171e+06
5.928638e+01 1.116310e+06
5.997404e+01 1.092047e+06
6.066967e+01 1.068311e+06
6.137337e+01 1.045091e+06
6.208523e+01 1.022406e+06
6.280535e+01 1.000477e+06
6.353383e+01 9.788393e+05
6.427075e+01 9.577332e+05
6.501622e+01 9.371020e+05
6.577033e+01 9.169382e+05
6.653320e+01 8.972084e+05
6.730491e+01 8.779031e+05
6.808557e+01 8.590133e+05
6.887529e+01 8.405300e+05
6.967417e+01 8.224444e+05
7.048231e+01 8.048568e+05
7.129983e+01 7.877717e+05
7.212683e+01 7.710494e+05
7.296342e+01 7.546820e+05
7.380971e+01 7.386620e+05
7.466583e+01 7.229821e+05
7.553187e+01 7.076351e+05
7.640795e+01 6.926139e+05
7.729420e+01 6.779115e+05
7.819073e+01 6.633481e+05
7.909765e+01 6.490580e+05
8.001510e+01 6.350758e+05
8.094319e+01 6.213950e+05
8.188204e+01 6.080089e+05
8.283178e+01 5.949113e+05
8.379254e+01 5.820920e+05
8.476444e+01 5.696283e+05
8.574761e+01 5.574315e+05
8.674219e+01 5.454960e+05
8.774830e+01 5.338062e+05
8.876609e+01 5.222287e+05
8.979568e+01 5.108312e+05
9.083721e+01 4.996734e+05
9.189082e+01 4.887594e+05
9.295665e+01 4.780837e+05
9.403485e+01 4.676413e+05
9.512555e+01 4.574269e+05
9.622890e+01 4.475528e+05
9.734505e+01 4.380027e+05
9.847414e+01 4.286563e+05
9.961633e+01 4.194034e+05
1.007718e+02 4.103072e+05
1.019406e+02 4.014082e+05
1.031230e+02 3.927022e+05
1.043191e+02 3.841850e+05
1.055291e+02 3.758526e+05
1.067531e+02 3.677009e+05
1.079914e+02 3.597118e+05
1.092439e+02 3.518951e+05
1.105110e+02 3.442482e+05
1.117928e+02 3.367675e+05
1.130895e+02 3.294494e+05
1.144012e+02 3.222903e+05
1.157282e+02 3.152868e+05
1.170705e+02 3.084354e+05
1.184284e+02 3.017470e+05
1.198020e+02 2.952222e+05
1.211916e+02 2.888385e+05
1.225973e+02 2.825934e+05
1.240193e+02 2.764823e+05
1.254578e+02 2.705039e+05
1.269129e+02 2.646548e+05
1.283850e+02 2.589237e+05
1.298741e+02 2.532992e+05
1.313805e+02 2.477968e+05
1.329044e+02 2.424153e+05
1.344459e+02 2.371576e+05
1.360053e+02 2.320140e+05
1.375828e+02 2.269820e+05
1.391787e+02 2.220591e+05
1.407930e+02 2.172429e+05
1.424260e+02 2.125312e+05
1.440780e+02 2.079217e+05
1.457491e+02 2.034122e+05
1.474397e+02 1.990005e+05
1.491498e+02 1.946844e+05
1.508798e+02 1.904620e+05
1.526298e+02 1.863104e+05
1.544002e+02 1.822407e+05
1.561910e+02 1.782598e+05
1.580027e+02 1.743887e+05
1.598353e+02 1.706072e+05
1.616892e+02 1.669333e+05
1.635647e+02 1.633521e+05
1.654618e+02 1.598478e+05
1.673810e+02 1.564186e+05
1.693224e+02 1.530420e+05
1.712864e+02 1.497356e+05
1.732731e+02 1.465006e+05
1.752829e+02 1.433355e+05
1.773160e+02 1.402388e+05
1.793727e+02 1.372090e+05
1.814532e+02 1.342447e+05
1.835578e+02 1.313444e+05
1.856869e+02 1.285068e+05
1.878407e+02 1.257304e+05
1.900194e+02 1.230141e+05
1.922234e+02 1.203564e+05
1.944530e+02 1.177562e+05
1.967085e+02 1.152121e+05
1.989901e+02 1.127230e+05
2.012981e+02 1.102877e+05
2.036330e+02 1.079050e+05
2.059949e+02 1.055738e+05
2.083842e+02 1.032892e+05
2.108012e+02 1.010510e+05
2.132463e+02 9.886135e+04
2.157197e+02 9.671913e+04
2.182218e+02 9.462334e+04
2.207529e+02 9.257295e+04
2.233134e+02 9.056700e+04
2.259036e+02 8.861107e+04
2.285239e+02 8.670471e+04
2.311745e+02 8.483937e+04
2.338559e+02 8.301416e+04
2.365683e+02 8.122822e+04
2.393123e+02 7.948070e+04
2.420880e+02 7.777079e+04
2.448960e+02 7.609765e+04
2.477365e+02 7.446052e+04
2.506100e+02 7.285861e+04
2.535168e+02 7.129116e+04
2.564573e+02 6.975744e+04
2.594319e+02 6.825671e+04
2.624410e+02 6.678827e+04
2.654850e+02 6.535142e+04
2.685644e+02 6.394549e+04
2.716794e+02 6.256980e+04
2.748306e+02 6.122371e+04
2.780183e+02 5.990539e+04
2.812431e+02 5.861188e+04
2.845052e+02 5.735062e+04
2.878051e+02 5.611947e+04
2.911433e+02 5.491475e+04
2.945203e+02 5.373589e+04
2.979364e+02 5.258234e+04
3.013921e+02 5.145355e+04
3.048879e+02 5.034899e+04
3.084243e+02 4.926815e+04
3.120017e+02 4.821050e+04
3.156206e+02 4.717556e+04
3.192814e+02 4.616284e+04
3.229847e+02 4.517186e+04
3.267310e+02 4.420216e+04
3.305207e+02 4.325327e+04
3.343544e+02 4.232475e+04
3.382325e+02 4.141616e+04
3.421556e+02 4.052708e+04
3.461243e+02 3.965708e+04
3.501389e+02 3.880576e+04
3.542002e+02 3.797272e+04
3.583085e+02 3.715756e+04
3.624645e+02 3.635990e+04
3.666687e+02 3.557936e+04
3.709216e+02 3.481557e+04
3.752239e+02 3.406721e+04
3.795761e+02 3.333004e+04
3.839787e+02 3.260883e+04
3.884325e+02 3.190322e+04
3.929379e+02 3.121233e+04
3.974955e+02 3.053503e+04
4.021060e+02 2.987242e+04
4.067700e+02 2.922931e+04
4.114881e+02 2.860246e+04
4.162609e+02 2.798906e+04
4.210891e+02 2.738881e+04
4.259732e+02 2.680025e+04
4.309140e+02 2.622349e+04
4.359122e+02 2.565887e+04
4.409683e+02 2.510548e+04
4.460830e+02 2.456402e+04
4.512571e+02 2.403177e+04
4.564912e+02 2.350970e+04
4.617860e+02 2.299896e+04
4.671422e+02 2.249933e+04
4.725605e+02 2.201054e+04
4.780417e+02 2.153238e+04
4.835865e+02 2.106460e+04
4.891955e+02 2.060698e+04
4.948696e+02 2.015931e+04
5.006096e+02 1.972136e+04
5.064161e+02 1.929293e+04
5.122900e+02 1.887380e+04
5.182320e+02 1.846378e+04
5.242429e+02 1.806267e+04
5.303235e+02 1.767027e+04
5.364747e+02 1.728639e+04
5.426972e+02 1.691085e+04
5.489919e+02 1.654348e+04
5.553596e+02 1.618493e+04
5.618012e+02 1.583637e+04
5.683174e+02 1.549532e+04
5.749093e+02 1.516161e+04
5.815776e+02 1.483509e+04
5.883233e+02 1.451560e+04
5.951472e+02 1.420300e+04
6.020502e+02 1.389712e+04
6.090333e+02 1.359783e+04
6.160975e+02 1.330499e+04
6.232435e+02 1.301846e+04
6.304724e+02 1.273810e+04
6.377852e+02 1.246377e+04
6.451828e+02 1.219711e+04
6.526662e+02 1.193638e+04
6.602365e+02 1.168123e+04
6.678945e+02 1.143154e+04
6.756413e+02 1.118718e+04
6.834780e+02 1.094804e+04
6.914056e+02 1.071401e+04
6.994251e+02 1.048499e+04
7.075377e+02 1.026087e+04
7.157444e+02 1.004153e+04
7.240462e+02 9.826883e+03
7.324443e+02 9.616824e+03
7.409399e+02 9.411256e+03
7.495340e+02 9.210081e+03
7.582277e+02 9.013207e+03
7.670223e+02 8.820542e+03
7.759190e+02 8.631994e+03
7.849188e+02 8.447477e+03
7.940229e+02 8.266905e+03
8.032327e+02 8.090192e+03
8.125494e+02 7.917000e+03
8.219740e+02 7.746108e+03
8.315080e+02 7.578905e+03
8.411526e+02 7.415312e+03
8.509090e+02 7.255250e+03
8.607786e+02 7.098644e+03
8.707627e+02 6.945418e+03
8.808626e+02 6.795501e+03
8.910797e+02 6.648819e+03
9.014152e+02 6.505304e+03
9.118706e+02 6.364887e+03
9.224473e+02 6.227168e+03
9.331467e+02 6.092223e+03
9.439702e+02 5.960202e+03
9.549192e+02 5.831473e+03
9.659952e+02 5.706098e+03
9.771997e+02 5.583419e+03
9.885341e+02 5.463265e+03
1.000000e+03 5.345643e+03
