Energy(MeV)	Incoming Spectral Fluence(MeV-1 cm-2)	Residual Spectral Fluence(MeV-1 cm-2)
1.0000e-03	0.0000e+00	6.9421e+04
1.5000e-03	0.0000e+00	6.9436e+04
2.0000e-03	0.0000e+00	6.9447e+04
2.5000e-03	0.0000e+00	6.9456e+04
3.0000e-03	0.0000e+00	6.9462e+04
3.5000e-03	0.0000e+00	6.9468e+04
4.0000e-03	0.0000e+00	6.9473e+04
4.5000e-03	0.0000e+00	6.9478e+04
5.0000e-03	0.0000e+00	6.9481e+04
5.5000e-03	0.0000e+00	6.9485e+04
6.0000e-03	0.0000e+00	6.9488e+04
6.5000e-03	0.0000e+00	6.9491e+04
7.0000e-03	0.0000e+00	6.9494e+04
7.5000e-03	0.0000e+00	6.9497e+04
8.0000e-03	0.0000e+00	6.9499e+04
8.5000e-03	0.0000e+00	6.9501e+04
9.0000e-03	0.0000e+00	6.9503e+04
9.5000e-03	0.0000e+00	6.9505e+04
1.0000e-02	0.0000e+00	6.9507e+04
1.5000e-02	0.0000e+00	6.9523e+04
2.0000e-02	0.0000e+00	6.9533e+04
2.5000e-02	0.0000e+00	6.9542e+04
3.0000e-02	0.0000e+00	6.9548e+04
3.5000e-02	0.0000e+00	6.9557e+04
4.0000e-02	0.0000e+00	6.9582e+04
4.5000e-02	0.0000e+00	6.9604e+04
5.0000e-02	2.7706e+11	6.9624e+04
5.1002e-02	2.6959e+11	6.9627e+04
5.2025e-02	2.6231e+11	6.9631e+04
5.3067e-02	2.5526e+11	6.9635e+04
5.4131e-02	2.4821e+11	6.9638e+04
5.5216e-02	2.4133e+11	6.9642e+04
5.6323e-02	2.3465e+11	6.9646e+04
5.7452e-02	2.2842e+11	6.9650e+04
5.8604e-02	2.2235e+11	6.9653e+04
5.9778e-02	2.1634e+11	6.9657e+04
6.0977e-02	2.1041e+11	6.9661e+04
6.2199e-02	2.0456e+11	6.9664e+04
6.3446e-02	1.9882e+11	6.9668e+04
6.4717e-02	1.9327e+11	6.9672e+04
6.6015e-02	1.8792e+11	6.9675e+04
6.7338e-02	1.8295e+11	6.9679e+04
6.8688e-02	1.7806e+11	6.9683e+04
7.0065e-02	1.7318e+11	6.9686e+04
7.1469e-02	1.6842e+11	6.9690e+04
7.2902e-02	1.6380e+11	6.9694e+04
7.4363e-02	1.5930e+11	6.9698e+04
7.5853e-02	1.5495e+11	6.9701e+04
7.7374e-02	1.5072e+11	6.9705e+04
7.8925e-02	1.4660e+11	6.9709e+04
8.0507e-02	1.4284e+11	6.9712e+04
8.2121e-02	1.3896e+11	6.9716e+04
8.3767e-02	1.3513e+11	6.9720e+04
8.5446e-02	1.3152e+11	6.9723e+04
8.7159e-02	1.2794e+11	6.9727e+04
8.8906e-02	1.2452e+11	6.9731e+04
9.0688e-02	1.2119e+11	6.9737e+04
9.2506e-02	1.1778e+11	6.9744e+04
9.4360e-02	1.1458e+11	6.9752e+04
9.6251e-02	1.1153e+11	6.9759e+04
9.8181e-02	1.0845e+11	6.9767e+04
1.0015e-01	1.0545e+11	6.9774e+04
1.0216e-01	1.0253e+11	6.9781e+04
1.0420e-01	9.9695e+10	6.9789e+04
1.0629e-01	9.6944e+10	6.9796e+04
1.0842e-01	9.4281e+10	6.9803e+04
1.1060e-01	9.1687e+10	6.9811e+04
1.1281e-01	8.9214e+10	6.9818e+04
1.1507e-01	8.6840e+10	6.9826e+04
1.1738e-01	8.4534e+10	6.9833e+04
1.1973e-01	8.2212e+10	6.9840e+04
1.2213e-01	7.9943e+10	6.9848e+04
1.2458e-01	7.7743e+10	6.9855e+04
1.2708e-01	7.5657e+10	6.9862e+04
1.2963e-01	7.3635e+10	6.9870e+04
1.3223e-01	7.1622e+10	6.9877e+04
1.3488e-01	6.9698e+10	6.9885e+04
1.3758e-01	6.7853e+10	6.9892e+04
1.4034e-01	6.6016e+10	6.9899e+04
1.4315e-01	6.4271e+10	6.9907e+04
1.4602e-01	6.2587e+10	6.9916e+04
1.4895e-01	6.0886e+10	6.9927e+04
1.5193e-01	5.9228e+10	6.9938e+04
1.5498e-01	5.7606e+10	6.9949e+04
1.5808e-01	5.6031e+10	6.9960e+04
1.6125e-01	5.4485e+10	6.9971e+04
1.6449e-01	5.2994e+10	6.9982e+04
1.6778e-01	5.1540e+10	6.9993e+04
1.7115e-01	5.0157e+10	7.0004e+04
1.7458e-01	4.8794e+10	7.0015e+04
1.7808e-01	4.7497e+10	7.0026e+04
1.8165e-01	4.6218e+10	7.0037e+04
1.8529e-01	4.4990e+10	7.0048e+04
1.8900e-01	4.3808e+10	7.0059e+04
1.9279e-01	4.2652e+10	7.0069e+04
1.9665e-01	4.1510e+10	7.0080e+04
2.0060e-01	4.0377e+10	7.0092e+04
2.0462e-01	3.9307e+10	7.0107e+04
2.0872e-01	3.8280e+10	7.0121e+04
2.1290e-01	3.7255e+10	7.0136e+04
2.1717e-01	3.6259e+10	7.0150e+04
2.2152e-01	3.5296e+10	7.0165e+04
2.2596e-01	3.4362e+10	7.0179e+04
2.3049e-01	3.3426e+10	7.0194e+04
2.3511e-01	3.2555e+10	7.0209e+04
2.3983e-01	3.1704e+10	7.0223e+04
2.4463e-01	3.0807e+10	7.0238e+04
2.4954e-01	2.9984e+10	7.0252e+04
2.5454e-01	2.9196e+10	7.0267e+04
2.5964e-01	2.8414e+10	7.0285e+04
2.6484e-01	2.7656e+10	7.0303e+04
2.7015e-01	2.6905e+10	7.0321e+04
2.7557e-01	2.6196e+10	7.0339e+04
2.8109e-01	2.5504e+10	7.0357e+04
2.8673e-01	2.4785e+10	7.0375e+04
2.9247e-01	2.4101e+10	7.0393e+04
2.9834e-01	2.3429e+10	7.0411e+04
3.0432e-01	2.2796e+10	7.0430e+04
3.1042e-01	2.2176e+10	7.0448e+04
3.1664e-01	2.1580e+10	7.0470e+04
3.2299e-01	2.1015e+10	7.0491e+04
3.2946e-01	2.0474e+10	7.0513e+04
3.3606e-01	1.9916e+10	7.0535e+04
3.4280e-01	1.9369e+10	7.0556e+04
3.4967e-01	1.8854e+10	7.0578e+04
3.5668e-01	1.8348e+10	7.0600e+04
3.6383e-01	1.7868e+10	7.0622e+04
3.7112e-01	1.7401e+10	7.0646e+04
3.7856e-01	1.6933e+10	7.0671e+04
3.8615e-01	1.6461e+10	7.0696e+04
3.9389e-01	1.6028e+10	7.0722e+04
4.0179e-01	1.5599e+10	7.0747e+04
4.0984e-01	1.5193e+10	7.0772e+04
4.1806e-01	1.4784e+10	7.0797e+04
4.2644e-01	1.4387e+10	7.0825e+04
4.3498e-01	1.3998e+10	7.0854e+04
4.4370e-01	1.3623e+10	7.0883e+04
4.5260e-01	1.3262e+10	7.0911e+04
4.6167e-01	1.2907e+10	7.0940e+04
4.7092e-01	1.2567e+10	7.0969e+04
4.8036e-01	1.2236e+10	7.0999e+04
4.8999e-01	1.1913e+10	7.1031e+04
4.9981e-01	1.1589e+10	7.1063e+04
5.0983e-01	1.1278e+10	7.1094e+04
5.2005e-01	1.0981e+10	7.1126e+04
5.3048e-01	1.0692e+10	7.1158e+04
5.4111e-01	1.0404e+10	7.1193e+04
5.5196e-01	1.0123e+10	7.1227e+04
5.6302e-01	9.8467e+09	7.1262e+04
5.7431e-01	9.5829e+09	7.1297e+04
5.8582e-01	9.3242e+09	7.1332e+04
5.9756e-01	9.0749e+09	7.1369e+04
6.0954e-01	8.8321e+09	7.1407e+04
6.2176e-01	8.5948e+09	7.1445e+04
6.3422e-01	8.3699e+09	7.1482e+04
6.4693e-01	8.1533e+09	7.1521e+04
6.5990e-01	7.9384e+09	7.1561e+04
6.7313e-01	7.7249e+09	7.1601e+04
6.8662e-01	7.5187e+09	7.1641e+04
7.0038e-01	7.3173e+09	7.1682e+04
7.1442e-01	7.1208e+09	7.1726e+04
7.2874e-01	6.9294e+09	7.1770e+04
7.4335e-01	6.7454e+09	7.1814e+04
7.5825e-01	6.5683e+09	7.1859e+04
7.7345e-01	6.3906e+09	7.1908e+04
7.8896e-01	6.2175e+09	7.1958e+04
8.0477e-01	6.0584e+09	7.2007e+04
8.2090e-01	5.9038e+09	7.2059e+04
8.3736e-01	5.7443e+09	7.2112e+04
8.5414e-01	5.5888e+09	7.2165e+04
8.7126e-01	5.4403e+09	7.2219e+04
8.8873e-01	5.2935e+09	7.2276e+04
9.0654e-01	5.1521e+09	7.2333e+04
9.2471e-01	5.0172e+09	7.2391e+04
9.4325e-01	4.8851e+09	7.2451e+04
9.6216e-01	4.7567e+09	7.2512e+04
9.8144e-01	4.6315e+09	7.2574e+04
1.0011e+00	4.5065e+09	7.2638e+04
1.0212e+00	4.3875e+09	7.2703e+04
1.0417e+00	4.2712e+09	7.2769e+04
1.0625e+00	4.1570e+09	7.2837e+04
1.0838e+00	4.0454e+09	7.2905e+04
1.1056e+00	3.9345e+09	7.2976e+04
1.1277e+00	3.8291e+09	7.3048e+04
1.1503e+00	3.7280e+09	7.3121e+04
1.1734e+00	3.6282e+09	7.3196e+04
1.1969e+00	3.5305e+09	7.3271e+04
1.2209e+00	3.4323e+09	7.3350e+04
1.2454e+00	3.3442e+09	7.3429e+04
1.2703e+00	3.2539e+09	7.3510e+04
1.2958e+00	3.1645e+09	7.3592e+04
1.3218e+00	3.0779e+09	7.3676e+04
1.3483e+00	2.9958e+09	7.3763e+04
1.3753e+00	2.9130e+09	7.3850e+04
1.4029e+00	2.8366e+09	7.3939e+04
1.4310e+00	2.7604e+09	7.4030e+04
1.4597e+00	2.6842e+09	7.4124e+04
1.4889e+00	2.6125e+09	7.4218e+04
1.5188e+00	2.5403e+09	7.4315e+04
1.5492e+00	2.4700e+09	7.4414e+04
1.5803e+00	2.4021e+09	7.4514e+04
1.6119e+00	2.3360e+09	7.4617e+04
1.6442e+00	2.2723e+09	7.4722e+04
1.6772e+00	2.2106e+09	7.4829e+04
1.7108e+00	2.1492e+09	7.4938e+04
1.7451e+00	2.0896e+09	7.5049e+04
1.7801e+00	2.0311e+09	7.5163e+04
1.8158e+00	1.9755e+09	7.5278e+04
1.8522e+00	1.9197e+09	7.5396e+04
1.8893e+00	1.8661e+09	7.5517e+04
1.9272e+00	1.8133e+09	7.5639e+04
1.9658e+00	1.7630e+09	7.5765e+04
2.0052e+00	1.7129e+09	7.5893e+04
2.0454e+00	1.6637e+09	7.6023e+04
2.0864e+00	1.6169e+09	7.6156e+04
2.1282e+00	1.5713e+09	7.6292e+04
2.1709e+00	1.5280e+09	7.6430e+04
2.2144e+00	1.4861e+09	7.6571e+04
2.2588e+00	1.4445e+09	7.6716e+04
2.3041e+00	1.4037e+09	7.6863e+04
2.3502e+00	1.3639e+09	7.7013e+04
2.3974e+00	1.3250e+09	7.7166e+04
2.4454e+00	1.2872e+09	7.7322e+04
2.4944e+00	1.2508e+09	7.7481e+04
2.5444e+00	1.2156e+09	7.7643e+04
2.5954e+00	1.1805e+09	7.7523e+04
2.6475e+00	1.1467e+09	7.7611e+04
2.7005e+00	1.1137e+09	7.7774e+04
2.7547e+00	1.0816e+09	7.7950e+04
2.8099e+00	1.0505e+09	7.8129e+04
2.8662e+00	1.0203e+09	7.8312e+04
2.9237e+00	9.9156e+08	7.8498e+04
2.9823e+00	9.6293e+08	7.8689e+04
3.0420e+00	9.3476e+08	7.8883e+04
3.1030e+00	9.0697e+08	7.9081e+04
3.1652e+00	8.8147e+08	7.9282e+04
3.2287e+00	8.5596e+08	7.9488e+04
3.2934e+00	8.3164e+08	7.9698e+04
3.3594e+00	8.0728e+08	7.9913e+04
3.4267e+00	7.8365e+08	8.0131e+04
3.4954e+00	7.5995e+08	8.0354e+04
3.5655e+00	7.3760e+08	8.0582e+04
3.6370e+00	7.1569e+08	8.0813e+04
3.7099e+00	6.9437e+08	8.1050e+04
3.7842e+00	6.7357e+08	8.1292e+04
3.8601e+00	6.5350e+08	8.1538e+04
3.9375e+00	6.3409e+08	8.1789e+04
4.0164e+00	6.1467e+08	8.2046e+04
4.0969e+00	5.9611e+08	8.2307e+04
4.1790e+00	5.7835e+08	8.2574e+04
4.2628e+00	5.6042e+08	8.2846e+04
4.3482e+00	5.4283e+08	8.3124e+04
4.4354e+00	5.2633e+08	8.3407e+04
4.5243e+00	5.0941e+08	8.3696e+04
4.6150e+00	4.9340e+08	8.3990e+04
4.7075e+00	4.7848e+08	8.4290e+04
4.8019e+00	4.6344e+08	8.4596e+04
4.8981e+00	4.4934e+08	8.4908e+04
4.9963e+00	4.3595e+08	8.5226e+04
5.0964e+00	4.2232e+08	8.5549e+04
5.1986e+00	4.0872e+08	8.5877e+04
5.3028e+00	3.9602e+08	8.6180e+04
5.4091e+00	3.8352e+08	8.6509e+04
5.5175e+00	3.7138e+08	8.6858e+04
5.6281e+00	3.5905e+08	8.7213e+04
5.7409e+00	3.4782e+08	8.7575e+04
5.8560e+00	3.3684e+08	8.7945e+04
5.9734e+00	3.2622e+08	8.8321e+04
6.0931e+00	3.1558e+08	8.8704e+04
6.2153e+00	3.0526e+08	8.9094e+04
6.3398e+00	2.9536e+08	8.9492e+04
6.4669e+00	2.8591e+08	8.9898e+04
6.5966e+00	2.7672e+08	9.0311e+04
6.7288e+00	2.6744e+08	9.0732e+04
6.8637e+00	2.5885e+08	9.1161e+04
7.0012e+00	2.5034e+08	9.1598e+04
7.1416e+00	2.4212e+08	9.2043e+04
7.2847e+00	2.3391e+08	9.2496e+04
7.4308e+00	2.2607e+08	9.2958e+04
7.5797e+00	2.1834e+08	9.3428e+04
7.7316e+00	2.1091e+08	9.3906e+04
7.8866e+00	2.0382e+08	9.4393e+04
8.0447e+00	1.9699e+08	9.4889e+04
8.2060e+00	1.9008e+08	9.5394e+04
8.3705e+00	1.8317e+08	9.5909e+04
8.5382e+00	1.7682e+08	9.6433e+04
8.7094e+00	1.7045e+08	9.6967e+04
8.8840e+00	1.6449e+08	9.7511e+04
9.0620e+00	1.5873e+08	9.8065e+04
9.2437e+00	1.5315e+08	9.8628e+04
9.4290e+00	1.4783e+08	9.9200e+04
9.6180e+00	1.4235e+08	9.9789e+04
9.8108e+00	1.3701e+08	1.0041e+05
1.0007e+01	1.3217e+08	1.0103e+05
1.0208e+01	1.2735e+08	1.0166e+05
1.0413e+01	1.2264e+08	1.0227e+05
1.0621e+01	1.1807e+08	1.0289e+05
1.0834e+01	1.1376e+08	1.0352e+05
1.1051e+01	1.0965e+08	1.0416e+05
1.1273e+01	1.0577e+08	1.0482e+05
1.1499e+01	1.0181e+08	1.0549e+05
1.1729e+01	9.8086e+07	1.0630e+05
1.1965e+01	9.4330e+07	1.0702e+05
1.2204e+01	9.0698e+07	1.0771e+05
1.2449e+01	8.7243e+07	1.0841e+05
1.2699e+01	8.3888e+07	1.0912e+05
1.2953e+01	8.0657e+07	1.0984e+05
1.3213e+01	7.7545e+07	1.1057e+05
1.3478e+01	7.4396e+07	1.1134e+05
1.3748e+01	7.1430e+07	1.1211e+05
1.4023e+01	6.8588e+07	1.1281e+05
1.4304e+01	6.5777e+07	1.1359e+05
1.4591e+01	6.3212e+07	1.1437e+05
1.4884e+01	6.0536e+07	1.1515e+05
1.5182e+01	5.7949e+07	1.1594e+05
1.5486e+01	5.5551e+07	1.1673e+05
1.5797e+01	5.3233e+07	1.1753e+05
1.6113e+01	5.0986e+07	1.1834e+05
1.6436e+01	4.8863e+07	1.1916e+05
1.6766e+01	4.6853e+07	1.1991e+05
1.7102e+01	4.4962e+07	1.2073e+05
1.7445e+01	4.3004e+07	1.2155e+05
1.7794e+01	4.1130e+07	1.2238e+05
1.8151e+01	3.9316e+07	1.2322e+05
1.8515e+01	3.7583e+07	1.2407e+05
1.8886e+01	3.5944e+07	1.2492e+05
1.9265e+01	3.4323e+07	1.2578e+05
1.9651e+01	3.2797e+07	1.2666e+05
2.0045e+01	3.1336e+07	1.2760e+05
2.0446e+01	2.9953e+07	1.2844e+05
2.0856e+01	2.8632e+07	1.2930e+05
2.1274e+01	2.7306e+07	1.3038e+05
2.1701e+01	2.6086e+07	1.3124e+05
2.2136e+01	2.4914e+07	1.3211e+05
2.2579e+01	2.3766e+07	1.3303e+05
2.3032e+01	2.2655e+07	1.3386e+05
2.3494e+01	2.1603e+07	1.3474e+05
2.3965e+01	2.0588e+07	1.3559e+05
2.4445e+01	1.9618e+07	1.3644e+05
2.4935e+01	1.8663e+07	1.3729e+05
2.5435e+01	1.7751e+07	1.3811e+05
2.5945e+01	1.6897e+07	1.3892e+05
2.6465e+01	1.6040e+07	1.3973e+05
2.6995e+01	1.5261e+07	1.4055e+05
2.7536e+01	1.4492e+07	1.4143e+05
2.8088e+01	1.3765e+07	1.4220e+05
2.8651e+01	1.3048e+07	1.4318e+05
2.9226e+01	1.2397e+07	1.4392e+05
2.9812e+01	1.1736e+07	1.4470e+05
3.0409e+01	1.1140e+07	1.4546e+05
3.1019e+01	1.0551e+07	1.4613e+05
3.1640e+01	1.0002e+07	1.4678e+05
3.2275e+01	9.4798e+06	1.4738e+05
3.2922e+01	8.9942e+06	1.4795e+05
3.3581e+01	8.5126e+06	1.4853e+05
3.4255e+01	8.0447e+06	1.4916e+05
3.4941e+01	7.6123e+06	1.4965e+05
3.5642e+01	7.2139e+06	1.5011e+05
3.6356e+01	6.8213e+06	1.5066e+05
3.7085e+01	6.4627e+06	1.5109e+05
3.7828e+01	6.1158e+06	1.5146e+05
3.8586e+01	5.7894e+06	1.5177e+05
3.9360e+01	5.4699e+06	1.5208e+05
4.0149e+01	5.1765e+06	1.5249e+05
4.0954e+01	4.8996e+06	1.5270e+05
4.1775e+01	4.6319e+06	1.5294e+05
4.2612e+01	4.3841e+06	1.5304e+05
4.3466e+01	4.1486e+06	1.5304e+05
4.4337e+01	3.9210e+06	1.5298e+05
4.5226e+01	3.7033e+06	1.5295e+05
4.6133e+01	3.4996e+06	1.5283e+05
4.7057e+01	3.3133e+06	1.5281e+05
4.8001e+01	3.1372e+06	1.5260e+05
4.8963e+01	2.9645e+06	1.5229e+05
4.9944e+01	2.8040e+06	1.5197e+05
5.0945e+01	2.6555e+06	1.5154e+05
5.1967e+01	2.5126e+06	1.5119e+05
5.3008e+01	2.3793e+06	1.5061e+05
5.4071e+01	2.2529e+06	1.5000e+05
5.5155e+01	2.1322e+06	1.4932e+05
5.6260e+01	2.0168e+06	1.4875e+05
5.7388e+01	1.9093e+06	1.4797e+05
5.8538e+01	1.8078e+06	1.4715e+05
5.9712e+01	1.7115e+06	1.4621e+05
6.0909e+01	1.6195e+06	1.4534e+05
6.2130e+01	1.5319e+06	1.4429e+05
6.3375e+01	1.4488e+06	1.4320e+05
6.4645e+01	1.3685e+06	1.4213e+05
6.5941e+01	1.2945e+06	1.4086e+05
6.7263e+01	1.2238e+06	1.3959e+05
6.8611e+01	1.1581e+06	1.3834e+05
6.9986e+01	1.0974e+06	1.3689e+05
7.1389e+01	1.0376e+06	1.3542e+05
7.2820e+01	9.8260e+05	1.3392e+05
7.4280e+01	9.2939e+05	1.3234e+05
7.5769e+01	8.7934e+05	1.3079e+05
7.7288e+01	8.3283e+05	1.2911e+05
7.8837e+01	7.8800e+05	1.2746e+05
8.0417e+01	7.4578e+05	1.2566e+05
8.2029e+01	7.0571e+05	1.2393e+05
8.3673e+01	6.6752e+05	1.2206e+05
8.5351e+01	6.3166e+05	1.2021e+05
8.7062e+01	5.9791e+05	1.1821e+05
8.8807e+01	5.6630e+05	1.1622e+05
9.0587e+01	5.3559e+05	1.1412e+05
9.2403e+01	5.0699e+05	1.1207e+05
9.4255e+01	4.8006e+05	1.1003e+05
9.6144e+01	4.5459e+05	1.0792e+05
9.8071e+01	4.2981e+05	1.0582e+05
1.0004e+02	4.0646e+05	1.0362e+05
1.0204e+02	3.8425e+05	1.0148e+05
1.0409e+02	3.6397e+05	9.9332e+04
1.0617e+02	3.4465e+05	9.7196e+04
1.0830e+02	3.2611e+05	9.5061e+04
1.1047e+02	3.0894e+05	9.2903e+04
1.1269e+02	2.9212e+05	9.0721e+04
1.1495e+02	2.7655e+05	8.8506e+04
1.1725e+02	2.6148e+05	8.6271e+04
1.1960e+02	2.4752e+05	8.4024e+04
1.2200e+02	2.3431e+05	8.1833e+04
1.2444e+02	2.2177e+05	7.9672e+04
1.2694e+02	2.0994e+05	7.7533e+04
1.2948e+02	1.9869e+05	7.5407e+04
1.3208e+02	1.8819e+05	7.3296e+04
1.3473e+02	1.7828e+05	7.1222e+04
1.3743e+02	1.6892e+05	6.9152e+04
1.4018e+02	1.5987e+05	6.7068e+04
1.4299e+02	1.5130e+05	6.5013e+04
1.4586e+02	1.4336e+05	6.3015e+04
1.4878e+02	1.3573e+05	6.1020e+04
1.5176e+02	1.2861e+05	5.9019e+04
1.5481e+02	1.2190e+05	5.7056e+04
1.5791e+02	1.1550e+05	5.5130e+04
1.6107e+02	1.0934e+05	5.3251e+04
1.6430e+02	1.0340e+05	5.1439e+04
1.6760e+02	9.7908e+04	4.9673e+04
1.7096e+02	9.2727e+04	4.7989e+04
1.7438e+02	8.7798e+04	4.6337e+04
1.7788e+02	8.3165e+04	4.4711e+04
1.8144e+02	7.8701e+04	4.3113e+04
1.8508e+02	7.4473e+04	4.1574e+04
1.8879e+02	7.0485e+04	4.0059e+04
1.9257e+02	6.6725e+04	3.8573e+04
1.9643e+02	6.3156e+04	3.7120e+04
2.0037e+02	5.9788e+04	3.5689e+04
2.0439e+02	5.6596e+04	3.4291e+04
2.0849e+02	5.3656e+04	3.2957e+04
2.1266e+02	5.0851e+04	3.1681e+04
2.1693e+02	4.8166e+04	3.0423e+04
2.2128e+02	4.5661e+04	2.9211e+04
2.2571e+02	4.3249e+04	2.8045e+04
2.3024e+02	4.0948e+04	2.6929e+04
2.3485e+02	3.8769e+04	2.5848e+04
2.3956e+02	3.6718e+04	2.4771e+04
2.4436e+02	3.4834e+04	2.3738e+04
2.4926e+02	3.3007e+04	2.2755e+04
2.5425e+02	3.1259e+04	2.1780e+04
2.5935e+02	2.9619e+04	2.0842e+04
2.6455e+02	2.8094e+04	1.9944e+04
2.6985e+02	2.6586e+04	1.9077e+04
2.7526e+02	2.5174e+04	1.8263e+04
2.8078e+02	2.3861e+04	1.7481e+04
2.8641e+02	2.2591e+04	1.6726e+04
2.9215e+02	2.1408e+04	1.5984e+04
2.9800e+02	2.0277e+04	1.5261e+04
3.0398e+02	1.9221e+04	1.4564e+04
3.1007e+02	1.8221e+04	1.3904e+04
3.1629e+02	1.7269e+04	1.3274e+04
3.2263e+02	1.6339e+04	1.2673e+04
3.2909e+02	1.5459e+04	1.2101e+04
3.3569e+02	1.4643e+04	1.1553e+04
3.4242e+02	1.3875e+04	1.1026e+04
3.4928e+02	1.3151e+04	1.0520e+04
3.5628e+02	1.2461e+04	1.0025e+04
3.6343e+02	1.1806e+04	9.5517e+03
3.7071e+02	1.1186e+04	9.1053e+03
3.7814e+02	1.0596e+04	8.6809e+03
3.8572e+02	1.0031e+04	8.2815e+03
3.9345e+02	9.5067e+03	7.8987e+03
4.0134e+02	9.0083e+03	7.5297e+03
4.0938e+02	8.5422e+03	7.1688e+03
4.1759e+02	8.0995e+03	6.8305e+03
4.2596e+02	7.6785e+03	6.5089e+03
4.3450e+02	7.2729e+03	6.2039e+03
4.4321e+02	6.8992e+03	5.9106e+03
4.5209e+02	6.5432e+03	5.6287e+03
4.6116e+02	6.2052e+03	5.3594e+03
4.7040e+02	5.8809e+03	5.1025e+03
4.7983e+02	5.5764e+03	4.8572e+03
4.8945e+02	5.2889e+03	4.6255e+03
4.9926e+02	5.0141e+03	4.4033e+03
5.0926e+02	4.7549e+03	4.1870e+03
5.1947e+02	4.5084e+03	3.9837e+03
5.2989e+02	4.2714e+03	3.7892e+03
5.4051e+02	4.0507e+03	3.6054e+03
5.5134e+02	3.8397e+03	3.4299e+03
5.6239e+02	3.6398e+03	3.2626e+03
5.7367e+02	3.4505e+03	3.1058e+03
5.8517e+02	3.2729e+03	2.9547e+03
5.9690e+02	3.1075e+03	2.8083e+03
6.0886e+02	2.9463e+03	2.6697e+03
6.2106e+02	2.7905e+03	2.5367e+03
6.3351e+02	2.6472e+03	2.4092e+03
6.4621e+02	2.5074e+03	2.2887e+03
6.5917e+02	2.3753e+03	2.1749e+03
6.7238e+02	2.2505e+03	2.0672e+03
6.8586e+02	2.1348e+03	1.9645e+03
6.9960e+02	2.0239e+03	1.8674e+03
7.1363e+02	1.9187e+03	1.7741e+03
7.2793e+02	1.8191e+03	1.6854e+03
7.4252e+02	1.7250e+03	1.6011e+03
7.5741e+02	1.6350e+03	1.5209e+03
7.7259e+02	1.5502e+03	1.4448e+03
7.8808e+02	1.4697e+03	1.3732e+03
8.0387e+02	1.3943e+03	1.3051e+03
8.1999e+02	1.3226e+03	1.2399e+03
8.3642e+02	1.2543e+03	1.1788e+03
8.5319e+02	1.1908e+03	1.1193e+03
8.7029e+02	1.1286e+03	1.0624e+03
8.8774e+02	1.0695e+03	1.0088e+03
9.0553e+02	1.0140e+03	9.5820e+02
9.2368e+02	9.6167e+02	9.1011e+02
9.4220e+02	9.1214e+02	8.6495e+02
9.6108e+02	8.6570e+02	8.2140e+02
9.8035e+02	8.2084e+02	7.8006e+02
1.0000e+03	7.7862e+02	7.4082e+02