Energy(MeV)	Incoming Spectral Fluence(MeV-1 cm-2)	Residual Spectral Fluence(MeV-1 cm-2)
1.0000e-03	0.0000e+00	6.0847e+04
1.5000e-03	0.0000e+00	6.0860e+04
2.0000e-03	0.0000e+00	6.0870e+04
2.5000e-03	0.0000e+00	6.0877e+04
3.0000e-03	0.0000e+00	6.0883e+04
3.5000e-03	0.0000e+00	6.0888e+04
4.0000e-03	0.0000e+00	6.0892e+04
4.5000e-03	0.0000e+00	6.0896e+04
5.0000e-03	0.0000e+00	6.0900e+04
5.5000e-03	0.0000e+00	6.0903e+04
6.0000e-03	0.0000e+00	6.0906e+04
6.5000e-03	0.0000e+00	6.0908e+04
7.0000e-03	0.0000e+00	6.0911e+04
7.5000e-03	0.0000e+00	6.0913e+04
8.0000e-03	0.0000e+00	6.0915e+04
8.5000e-03	0.0000e+00	6.0917e+04
9.0000e-03	0.0000e+00	6.0919e+04
9.5000e-03	0.0000e+00	6.0921e+04
1.0000e-02	0.0000e+00	6.0922e+04
1.5000e-02	0.0000e+00	6.0936e+04
2.0000e-02	0.0000e+00	6.0945e+04
2.5000e-02	0.0000e+00	6.0953e+04
3.0000e-02	0.0000e+00	6.0959e+04
3.5000e-02	0.0000e+00	6.0966e+04
4.0000e-02	0.0000e+00	6.0988e+04
4.5000e-02	0.0000e+00	6.1007e+04
5.0000e-02	2.2840e+11	6.1025e+04
5.1002e-02	2.2240e+11	6.1028e+04
5.2025e-02	2.1670e+11	6.1031e+04
5.3067e-02	2.1110e+11	6.1034e+04
5.4131e-02	2.0574e+11	6.1038e+04
5.5216e-02	2.0042e+11	6.1041e+04
5.6323e-02	1.9521e+11	6.1044e+04
5.7452e-02	1.9023e+11	6.1047e+04
5.8604e-02	1.8546e+11	6.1051e+04
5.9778e-02	1.8073e+11	6.1054e+04
6.0977e-02	1.7584e+11	6.1057e+04
6.2199e-02	1.7131e+11	6.1060e+04
6.3446e-02	1.6688e+11	6.1064e+04
6.4717e-02	1.6238e+11	6.1067e+04
6.6015e-02	1.5813e+11	6.1070e+04
6.7338e-02	1.5409e+11	6.1073e+04
6.8688e-02	1.5016e+11	6.1077e+04
7.0065e-02	1.4625e+11	6.1080e+04
7.1469e-02	1.4246e+11	6.1083e+04
7.2902e-02	1.3880e+11	6.1086e+04
7.4363e-02	1.3519e+11	6.1090e+04
7.5853e-02	1.3174e+11	6.1093e+04
7.7374e-02	1.2835e+11	6.1096e+04
7.8925e-02	1.2504e+11	6.1099e+04
8.0507e-02	1.2183e+11	6.1103e+04
8.2121e-02	1.1870e+11	6.1106e+04
8.3767e-02	1.1556e+11	6.1109e+04
8.5446e-02	1.1252e+11	6.1112e+04
8.7159e-02	1.0964e+11	6.1116e+04
8.8906e-02	1.0678e+11	6.1119e+04
9.0688e-02	1.0401e+11	6.1124e+04
9.2506e-02	1.0130e+11	6.1131e+04
9.4360e-02	9.8649e+10	6.1137e+04
9.6251e-02	9.6071e+10	6.1144e+04
9.8181e-02	9.3574e+10	6.1150e+04
1.0015e-01	9.1126e+10	6.1157e+04
1.0216e-01	8.8746e+10	6.1163e+04
1.0420e-01	8.6484e+10	6.1170e+04
1.0629e-01	8.4183e+10	6.1176e+04
1.0842e-01	8.1974e+10	6.1183e+04
1.1060e-01	7.9803e+10	6.1189e+04
1.1281e-01	7.7702e+10	6.1196e+04
1.1507e-01	7.5676e+10	6.1202e+04
1.1738e-01	7.3648e+10	6.1209e+04
1.1973e-01	7.1697e+10	6.1215e+04
1.2213e-01	6.9774e+10	6.1222e+04
1.2458e-01	6.7927e+10	6.1228e+04
1.2708e-01	6.6193e+10	6.1235e+04
1.2963e-01	6.4497e+10	6.1241e+04
1.3223e-01	6.2812e+10	6.1248e+04
1.3488e-01	6.1163e+10	6.1254e+04
1.3758e-01	5.9546e+10	6.1261e+04
1.4034e-01	5.7966e+10	6.1267e+04
1.4315e-01	5.6455e+10	6.1274e+04
1.4602e-01	5.4986e+10	6.1282e+04
1.4895e-01	5.3561e+10	6.1291e+04
1.5193e-01	5.2199e+10	6.1301e+04
1.5498e-01	5.0840e+10	6.1311e+04
1.5808e-01	4.9518e+10	6.1320e+04
1.6125e-01	4.8246e+10	6.1330e+04
1.6449e-01	4.6987e+10	6.1340e+04
1.6778e-01	4.5719e+10	6.1349e+04
1.7115e-01	4.4536e+10	6.1359e+04
1.7458e-01	4.3393e+10	6.1369e+04
1.7808e-01	4.2239e+10	6.1378e+04
1.8165e-01	4.1117e+10	6.1388e+04
1.8529e-01	4.0064e+10	6.1398e+04
1.8900e-01	3.9050e+10	6.1407e+04
1.9279e-01	3.8053e+10	6.1417e+04
1.9665e-01	3.7037e+10	6.1427e+04
2.0060e-01	3.6078e+10	6.1437e+04
2.0462e-01	3.5142e+10	6.1450e+04
2.0872e-01	3.4203e+10	6.1462e+04
2.1290e-01	3.3308e+10	6.1475e+04
2.1717e-01	3.2438e+10	6.1488e+04
2.2152e-01	3.1586e+10	6.1501e+04
2.2596e-01	3.0746e+10	6.1514e+04
2.3049e-01	2.9954e+10	6.1526e+04
2.3511e-01	2.9178e+10	6.1539e+04
2.3983e-01	2.8418e+10	6.1552e+04
2.4463e-01	2.7673e+10	6.1565e+04
2.4954e-01	2.6929e+10	6.1578e+04
2.5454e-01	2.6232e+10	6.1590e+04
2.5964e-01	2.5536e+10	6.1606e+04
2.6484e-01	2.4868e+10	6.1622e+04
2.7015e-01	2.4210e+10	6.1638e+04
2.7557e-01	2.3585e+10	6.1654e+04
2.8109e-01	2.2973e+10	6.1670e+04
2.8673e-01	2.2382e+10	6.1686e+04
2.9247e-01	2.1802e+10	6.1702e+04
2.9834e-01	2.1224e+10	6.1718e+04
3.0432e-01	2.0674e+10	6.1734e+04
3.1042e-01	2.0139e+10	6.1750e+04
3.1664e-01	1.9619e+10	6.1769e+04
3.2299e-01	1.9102e+10	6.1788e+04
3.2946e-01	1.8601e+10	6.1807e+04
3.3606e-01	1.8100e+10	6.1826e+04
3.4280e-01	1.7617e+10	6.1845e+04
3.4967e-01	1.7143e+10	6.1864e+04
3.5668e-01	1.6698e+10	6.1883e+04
3.6383e-01	1.6257e+10	6.1903e+04
3.7112e-01	1.5836e+10	6.1924e+04
3.7856e-01	1.5408e+10	6.1946e+04
3.8615e-01	1.5002e+10	6.1968e+04
3.9389e-01	1.4602e+10	6.1991e+04
4.0179e-01	1.4216e+10	6.2013e+04
4.0984e-01	1.3846e+10	6.2035e+04
4.1806e-01	1.3486e+10	6.2057e+04
4.2644e-01	1.3128e+10	6.2081e+04
4.3498e-01	1.2780e+10	6.2107e+04
4.4370e-01	1.2443e+10	6.2132e+04
4.5260e-01	1.2112e+10	6.2157e+04
4.6167e-01	1.1794e+10	6.2183e+04
4.7092e-01	1.1486e+10	6.2208e+04
4.8036e-01	1.1183e+10	6.2235e+04
4.8999e-01	1.0890e+10	6.2263e+04
4.9981e-01	1.0591e+10	6.2291e+04
5.0983e-01	1.0318e+10	6.2319e+04
5.2005e-01	1.0042e+10	6.2347e+04
5.3048e-01	9.7745e+09	6.2375e+04
5.4111e-01	9.5144e+09	6.2405e+04
5.5196e-01	9.2585e+09	6.2436e+04
5.6302e-01	9.0161e+09	6.2466e+04
5.7431e-01	8.7767e+09	6.2497e+04
5.8582e-01	8.5454e+09	6.2528e+04
5.9756e-01	8.3156e+09	6.2561e+04
6.0954e-01	8.0952e+09	6.2594e+04
6.2176e-01	7.8744e+09	6.2627e+04
6.3422e-01	7.6637e+09	6.2660e+04
6.4693e-01	7.4564e+09	6.2694e+04
6.5990e-01	7.2535e+09	6.2729e+04
6.7313e-01	7.0602e+09	6.2764e+04
6.8662e-01	6.8694e+09	6.2800e+04
7.0038e-01	6.6872e+09	6.2835e+04
7.1442e-01	6.5112e+09	6.2874e+04
7.2874e-01	6.3391e+09	6.2913e+04
7.4335e-01	6.1652e+09	6.2951e+04
7.5825e-01	6.0009e+09	6.2992e+04
7.7345e-01	5.8386e+09	6.3035e+04
7.8896e-01	5.6838e+09	6.3078e+04
8.0477e-01	5.5320e+09	6.3122e+04
8.2090e-01	5.3837e+09	6.3167e+04
8.3736e-01	5.2383e+09	6.3214e+04
8.5414e-01	5.0963e+09	6.3261e+04
8.7126e-01	4.9587e+09	6.3308e+04
8.8873e-01	4.8242e+09	6.3359e+04
9.0654e-01	4.6933e+09	6.3409e+04
9.2471e-01	4.5669e+09	6.3460e+04
9.4325e-01	4.4472e+09	6.3513e+04
9.6216e-01	4.3245e+09	6.3566e+04
9.8144e-01	4.2063e+09	6.3620e+04
1.0011e+00	4.0934e+09	6.3677e+04
1.0212e+00	3.9824e+09	6.3734e+04
1.0417e+00	3.8741e+09	6.3792e+04
1.0625e+00	3.7686e+09	6.3852e+04
1.0838e+00	3.6667e+09	6.3912e+04
1.1056e+00	3.5682e+09	6.3975e+04
1.1277e+00	3.4719e+09	6.4038e+04
1.1503e+00	3.3785e+09	6.4102e+04
1.1734e+00	3.2867e+09	6.4168e+04
1.1969e+00	3.1976e+09	6.4235e+04
1.2209e+00	3.1124e+09	6.4304e+04
1.2454e+00	3.0288e+09	6.4373e+04
1.2703e+00	2.9471e+09	6.4444e+04
1.2958e+00	2.8684e+09	6.4517e+04
1.3218e+00	2.7909e+09	6.4591e+04
1.3483e+00	2.7154e+09	6.4667e+04
1.3753e+00	2.6419e+09	6.4744e+04
1.4029e+00	2.5699e+09	6.4823e+04
1.4310e+00	2.4998e+09	6.4902e+04
1.4597e+00	2.4318e+09	6.4985e+04
1.4889e+00	2.3627e+09	6.5068e+04
1.5188e+00	2.2982e+09	6.5153e+04
1.5492e+00	2.2351e+09	6.5240e+04
1.5803e+00	2.1743e+09	6.5329e+04
1.6119e+00	2.1137e+09	6.5419e+04
1.6442e+00	2.0555e+09	6.5511e+04
1.6772e+00	1.9988e+09	6.5606e+04
1.7108e+00	1.9443e+09	6.5701e+04
1.7451e+00	1.8900e+09	6.5799e+04
1.7801e+00	1.8373e+09	6.5899e+04
1.8158e+00	1.7880e+09	6.6001e+04
1.8522e+00	1.7379e+09	6.6105e+04
1.8893e+00	1.6903e+09	6.6211e+04
1.9272e+00	1.6426e+09	6.6319e+04
1.9658e+00	1.5968e+09	6.6430e+04
2.0052e+00	1.5524e+09	6.6542e+04
2.0454e+00	1.5090e+09	6.6657e+04
2.0864e+00	1.4671e+09	6.6774e+04
2.1282e+00	1.4257e+09	6.6894e+04
2.1709e+00	1.3861e+09	6.7016e+04
2.2144e+00	1.3473e+09	6.7140e+04
2.2588e+00	1.3088e+09	6.7267e+04
2.3041e+00	1.2712e+09	6.7396e+04
2.3502e+00	1.2347e+09	6.7529e+04
2.3974e+00	1.1989e+09	6.7663e+04
2.4454e+00	1.1644e+09	6.7801e+04
2.4944e+00	1.1307e+09	6.7941e+04
2.5444e+00	1.0981e+09	6.8084e+04
2.5954e+00	1.0663e+09	6.7979e+04
2.6475e+00	1.0355e+09	6.8057e+04
2.7005e+00	1.0059e+09	6.8201e+04
2.7547e+00	9.7681e+08	6.8356e+04
2.8099e+00	9.4905e+08	6.8513e+04
2.8662e+00	9.2148e+08	6.8674e+04
2.9237e+00	8.9470e+08	6.8839e+04
2.9823e+00	8.6907e+08	6.9006e+04
3.0420e+00	8.4362e+08	6.9177e+04
3.1030e+00	8.1898e+08	6.9352e+04
3.1652e+00	7.9480e+08	6.9529e+04
3.2287e+00	7.7157e+08	6.9711e+04
3.2934e+00	7.4854e+08	6.9896e+04
3.3594e+00	7.2589e+08	7.0085e+04
3.4267e+00	7.0461e+08	7.0277e+04
3.4954e+00	6.8373e+08	7.0474e+04
3.5655e+00	6.6333e+08	7.0674e+04
3.6370e+00	6.4345e+08	7.0879e+04
3.7099e+00	6.2429e+08	7.1087e+04
3.7842e+00	6.0582e+08	7.1300e+04
3.8601e+00	5.8774e+08	7.1517e+04
3.9375e+00	5.6994e+08	7.1739e+04
4.0164e+00	5.5241e+08	7.1965e+04
4.0969e+00	5.3558e+08	7.2195e+04
4.1790e+00	5.1895e+08	7.2431e+04
4.2628e+00	5.0288e+08	7.2670e+04
4.3482e+00	4.8763e+08	7.2915e+04
4.4354e+00	4.7279e+08	7.3165e+04
4.5243e+00	4.5828e+08	7.3420e+04
4.6150e+00	4.4398e+08	7.3679e+04
4.7075e+00	4.3020e+08	7.3944e+04
4.8019e+00	4.1631e+08	7.4214e+04
4.8981e+00	4.0303e+08	7.4489e+04
4.9963e+00	3.9067e+08	7.4769e+04
5.0964e+00	3.7839e+08	7.5054e+04
5.1986e+00	3.6622e+08	7.5343e+04
5.3028e+00	3.5472e+08	7.5611e+04
5.4091e+00	3.4339e+08	7.5901e+04
5.5175e+00	3.3217e+08	7.6209e+04
5.6281e+00	3.2146e+08	7.6523e+04
5.7409e+00	3.1105e+08	7.6842e+04
5.8560e+00	3.0084e+08	7.7168e+04
5.9734e+00	2.9108e+08	7.7500e+04
6.0931e+00	2.8184e+08	7.7838e+04
6.2153e+00	2.7270e+08	7.8183e+04
6.3398e+00	2.6376e+08	7.8534e+04
6.4669e+00	2.5515e+08	7.8892e+04
6.5966e+00	2.4667e+08	7.9257e+04
6.7288e+00	2.3834e+08	7.9628e+04
6.8637e+00	2.3038e+08	8.0007e+04
7.0012e+00	2.2271e+08	8.0393e+04
7.1416e+00	2.1538e+08	8.0786e+04
7.2847e+00	2.0811e+08	8.1186e+04
7.4308e+00	2.0094e+08	8.1594e+04
7.5797e+00	1.9384e+08	8.2009e+04
7.7316e+00	1.8719e+08	8.2431e+04
7.8866e+00	1.8081e+08	8.2862e+04
8.0447e+00	1.7443e+08	8.3300e+04
8.2060e+00	1.6851e+08	8.3746e+04
8.3705e+00	1.6252e+08	8.4200e+04
8.5382e+00	1.5653e+08	8.4663e+04
8.7094e+00	1.5116e+08	8.5135e+04
8.8840e+00	1.4556e+08	8.5616e+04
9.0620e+00	1.4047e+08	8.6106e+04
9.2437e+00	1.3546e+08	8.6604e+04
9.4290e+00	1.3049e+08	8.7110e+04
9.6180e+00	1.2581e+08	8.7631e+04
9.8108e+00	1.2124e+08	8.8178e+04
1.0007e+01	1.1668e+08	8.8726e+04
1.0208e+01	1.1221e+08	8.9287e+04
1.0413e+01	1.0809e+08	8.9824e+04
1.0621e+01	1.0395e+08	9.0374e+04
1.0834e+01	9.9992e+07	9.0934e+04
1.1051e+01	9.6371e+07	9.1502e+04
1.1273e+01	9.2793e+07	9.2083e+04
1.1499e+01	8.9351e+07	9.2676e+04
1.1729e+01	8.5932e+07	9.3391e+04
1.1965e+01	8.2513e+07	9.4030e+04
1.2204e+01	7.9326e+07	9.4642e+04
1.2449e+01	7.6239e+07	9.5261e+04
1.2699e+01	7.3163e+07	9.5890e+04
1.2953e+01	7.0298e+07	9.6530e+04
1.3213e+01	6.7540e+07	9.7184e+04
1.3478e+01	6.4858e+07	9.7860e+04
1.3748e+01	6.2277e+07	9.8547e+04
1.4023e+01	5.9730e+07	9.9170e+04
1.4304e+01	5.7335e+07	9.9859e+04
1.4591e+01	5.4974e+07	1.0055e+05
1.4884e+01	5.2749e+07	1.0125e+05
1.5182e+01	5.0641e+07	1.0195e+05
1.5486e+01	4.8560e+07	1.0266e+05
1.5797e+01	4.6433e+07	1.0337e+05
1.6113e+01	4.4466e+07	1.0409e+05
1.6436e+01	4.2519e+07	1.0482e+05
1.6766e+01	4.0687e+07	1.0549e+05
1.7102e+01	3.8975e+07	1.0623e+05
1.7445e+01	3.7232e+07	1.0696e+05
1.7794e+01	3.5565e+07	1.0771e+05
1.8151e+01	3.4002e+07	1.0846e+05
1.8515e+01	3.2491e+07	1.0921e+05
1.8886e+01	3.1046e+07	1.0998e+05
1.9265e+01	2.9633e+07	1.1075e+05
1.9651e+01	2.8266e+07	1.1154e+05
2.0045e+01	2.7006e+07	1.1238e+05
2.0446e+01	2.5795e+07	1.1313e+05
2.0856e+01	2.4648e+07	1.1390e+05
2.1274e+01	2.3471e+07	1.1486e+05
2.1701e+01	2.2386e+07	1.1562e+05
2.2136e+01	2.1328e+07	1.1639e+05
2.2579e+01	2.0288e+07	1.1719e+05
2.3032e+01	1.9331e+07	1.1792e+05
2.3494e+01	1.8384e+07	1.1869e+05
2.3965e+01	1.7472e+07	1.1945e+05
2.4445e+01	1.6585e+07	1.2019e+05
2.4935e+01	1.5755e+07	1.2093e+05
2.5435e+01	1.4959e+07	1.2165e+05
2.5945e+01	1.4210e+07	1.2237e+05
2.6465e+01	1.3503e+07	1.2308e+05
2.6995e+01	1.2800e+07	1.2380e+05
2.7536e+01	1.2170e+07	1.2457e+05
2.8088e+01	1.1521e+07	1.2525e+05
2.8651e+01	1.0937e+07	1.2612e+05
2.9226e+01	1.0382e+07	1.2678e+05
2.9812e+01	9.8551e+06	1.2747e+05
3.0409e+01	9.3431e+06	1.2814e+05
3.1019e+01	8.8543e+06	1.2874e+05
3.1640e+01	8.3876e+06	1.2932e+05
3.2275e+01	7.9481e+06	1.2986e+05
3.2922e+01	7.5247e+06	1.3039e+05
3.3581e+01	7.1354e+06	1.3091e+05
3.4255e+01	6.7677e+06	1.3150e+05
3.4941e+01	6.4098e+06	1.3196e+05
3.5642e+01	6.0709e+06	1.3239e+05
3.6356e+01	5.7518e+06	1.3289e+05
3.7085e+01	5.4481e+06	1.3327e+05
3.7828e+01	5.1611e+06	1.3359e+05
3.8586e+01	4.8880e+06	1.3386e+05
3.9360e+01	4.6328e+06	1.3412e+05
4.0149e+01	4.3900e+06	1.3446e+05
4.0954e+01	4.1569e+06	1.3464e+05
4.1775e+01	3.9332e+06	1.3487e+05
4.2612e+01	3.7244e+06	1.3500e+05
4.3466e+01	3.5254e+06	1.3505e+05
4.4337e+01	3.3387e+06	1.3505e+05
4.5226e+01	3.1623e+06	1.3506e+05
4.6133e+01	2.9947e+06	1.3497e+05
4.7057e+01	2.8349e+06	1.3492e+05
4.8001e+01	2.6839e+06	1.3471e+05
4.8963e+01	2.5437e+06	1.3442e+05
4.9944e+01	2.4093e+06	1.3412e+05
5.0945e+01	2.2806e+06	1.3376e+05
5.1967e+01	2.1606e+06	1.3348e+05
5.3008e+01	2.0482e+06	1.3300e+05
5.4071e+01	1.9412e+06	1.3250e+05
5.5155e+01	1.8385e+06	1.3194e+05
5.6260e+01	1.7412e+06	1.3148e+05
5.7388e+01	1.6475e+06	1.3084e+05
5.8538e+01	1.5598e+06	1.3014e+05
5.9712e+01	1.4765e+06	1.2931e+05
6.0909e+01	1.3984e+06	1.2855e+05
6.2130e+01	1.3231e+06	1.2763e+05
6.3375e+01	1.2555e+06	1.2669e+05
6.4645e+01	1.1897e+06	1.2577e+05
6.5941e+01	1.1262e+06	1.2469e+05
6.7263e+01	1.0669e+06	1.2362e+05
6.8611e+01	1.0102e+06	1.2257e+05
6.9986e+01	9.5567e+05	1.2135e+05
7.1389e+01	9.0453e+05	1.2010e+05
7.2820e+01	8.5640e+05	1.1881e+05
7.4280e+01	8.1073e+05	1.1743e+05
7.5769e+01	7.6752e+05	1.1606e+05
7.7288e+01	7.2726e+05	1.1458e+05
7.8837e+01	6.8862e+05	1.1313e+05
8.0417e+01	6.5197e+05	1.1154e+05
8.2029e+01	6.1763e+05	1.0998e+05
8.3673e+01	5.8421e+05	1.0827e+05
8.5351e+01	5.5274e+05	1.0661e+05
8.7062e+01	5.2332e+05	1.0491e+05
8.8807e+01	4.9575e+05	1.0321e+05
9.0587e+01	4.6922e+05	1.0135e+05
9.2403e+01	4.4433e+05	9.9524e+04
9.4255e+01	4.2056e+05	9.7651e+04
9.6144e+01	3.9812e+05	9.5716e+04
9.8071e+01	3.7720e+05	9.3836e+04
1.0004e+02	3.5737e+05	9.1877e+04
1.0204e+02	3.3853e+05	8.9989e+04
1.0409e+02	3.2058e+05	8.8094e+04
1.0617e+02	3.0363e+05	8.6175e+04
1.0830e+02	2.8769e+05	8.4245e+04
1.1047e+02	2.7236e+05	8.2278e+04
1.1269e+02	2.5800e+05	8.0305e+04
1.1495e+02	2.4405e+05	7.8339e+04
1.1725e+02	2.3095e+05	7.6394e+04
1.1960e+02	2.1890e+05	7.4474e+04
1.2200e+02	2.0723e+05	7.2577e+04
1.2444e+02	1.9629e+05	7.0692e+04
1.2694e+02	1.8610e+05	6.8805e+04
1.2948e+02	1.7630e+05	6.6923e+04
1.3208e+02	1.6702e+05	6.5050e+04
1.3473e+02	1.5825e+05	6.3192e+04
1.3743e+02	1.4977e+05	6.1347e+04
1.4018e+02	1.4199e+05	5.9514e+04
1.4299e+02	1.3436e+05	5.7707e+04
1.4586e+02	1.2713e+05	5.5951e+04
1.4878e+02	1.2035e+05	5.4200e+04
1.5176e+02	1.1407e+05	5.2468e+04
1.5481e+02	1.0804e+05	5.0765e+04
1.5791e+02	1.0224e+05	4.9067e+04
1.6107e+02	9.6776e+04	4.7393e+04
1.6430e+02	9.1668e+04	4.5780e+04
1.6760e+02	8.6873e+04	4.4203e+04
1.7096e+02	8.2294e+04	4.2658e+04
1.7438e+02	7.7921e+04	4.1127e+04
1.7788e+02	7.3771e+04	3.9644e+04
1.8144e+02	6.9842e+04	3.8238e+04
1.8508e+02	6.6118e+04	3.6833e+04
1.8879e+02	6.2612e+04	3.5461e+04
1.9257e+02	5.9363e+04	3.4136e+04
1.9643e+02	5.6215e+04	3.2859e+04
2.0037e+02	5.3208e+04	3.1595e+04
2.0439e+02	5.0371e+04	3.0353e+04
2.0849e+02	4.7677e+04	2.9148e+04
2.1266e+02	4.5081e+04	2.7983e+04
2.1693e+02	4.2727e+04	2.6869e+04
2.2128e+02	4.0434e+04	2.5793e+04
2.2571e+02	3.8270e+04	2.4751e+04
2.3024e+02	3.6248e+04	2.3742e+04
2.3485e+02	3.4322e+04	2.2763e+04
2.3956e+02	3.2498e+04	2.1809e+04
2.4436e+02	3.0768e+04	2.0893e+04
2.4926e+02	2.9151e+04	2.0013e+04
2.5425e+02	2.7600e+04	1.9157e+04
2.5935e+02	2.6132e+04	1.8332e+04
2.6455e+02	2.4741e+04	1.7532e+04
2.6985e+02	2.3409e+04	1.6758e+04
2.7526e+02	2.2156e+04	1.6017e+04
2.8078e+02	2.0977e+04	1.5319e+04
2.8641e+02	1.9877e+04	1.4649e+04
2.9215e+02	1.8821e+04	1.3997e+04
2.9800e+02	1.7816e+04	1.3368e+04
3.0398e+02	1.6855e+04	1.2762e+04
3.1007e+02	1.5964e+04	1.2180e+04
3.1629e+02	1.5122e+04	1.1609e+04
3.2263e+02	1.4309e+04	1.1059e+04
3.2909e+02	1.3546e+04	1.0548e+04
3.3569e+02	1.2833e+04	1.0063e+04
3.4242e+02	1.2137e+04	9.6007e+03
3.4928e+02	1.1472e+04	9.1562e+03
3.5628e+02	1.0859e+04	8.7249e+03
3.6343e+02	1.0282e+04	8.3151e+03
3.7071e+02	9.7380e+03	7.9224e+03
3.7814e+02	9.2198e+03	7.5442e+03
3.8572e+02	8.7329e+03	7.1879e+03
3.9345e+02	8.2741e+03	6.8509e+03
4.0134e+02	7.8304e+03	6.5232e+03
4.0938e+02	7.4139e+03	6.2115e+03
4.1759e+02	7.0252e+03	5.9136e+03
4.2596e+02	6.6504e+03	5.6273e+03
4.3450e+02	6.3026e+03	5.3558e+03
4.4321e+02	5.9709e+03	5.0958e+03
4.5209e+02	5.6537e+03	4.8457e+03
4.6116e+02	5.3535e+03	4.6062e+03
4.7040e+02	5.0668e+03	4.3787e+03
4.7983e+02	4.7957e+03	4.1632e+03
4.8945e+02	4.5407e+03	3.9617e+03
4.9926e+02	4.2985e+03	3.7683e+03
5.0926e+02	4.0731e+03	3.5800e+03
5.1947e+02	3.8586e+03	3.4011e+03
5.2989e+02	3.6526e+03	3.2299e+03
5.4051e+02	3.4584e+03	3.0700e+03
5.5134e+02	3.2725e+03	2.9162e+03
5.6239e+02	3.0991e+03	2.7683e+03
5.7367e+02	2.9330e+03	2.6293e+03
5.8517e+02	2.7759e+03	2.4980e+03
5.9690e+02	2.6292e+03	2.3729e+03
6.0886e+02	2.4901e+03	2.2536e+03
6.2106e+02	2.3576e+03	2.1396e+03
6.3351e+02	2.2334e+03	2.0300e+03
6.4621e+02	2.1145e+03	1.9263e+03
6.5917e+02	2.0001e+03	1.8279e+03
6.7238e+02	1.8931e+03	1.7349e+03
6.8586e+02	1.7923e+03	1.6470e+03
6.9960e+02	1.6979e+03	1.5627e+03
7.1363e+02	1.6070e+03	1.4819e+03
7.2793e+02	1.5201e+03	1.4061e+03
7.4252e+02	1.4395e+03	1.3346e+03
7.5741e+02	1.3633e+03	1.2667e+03
7.7259e+02	1.2913e+03	1.2019e+03
7.8808e+02	1.2231e+03	1.1406e+03
8.0387e+02	1.1585e+03	1.0822e+03
8.1999e+02	1.0969e+03	1.0263e+03
8.3642e+02	1.0386e+03	9.7353e+02
8.5319e+02	9.8342e+02	9.2366e+02
8.7029e+02	9.3121e+02	8.7653e+02
8.8774e+02	8.8263e+02	8.3098e+02
9.0553e+02	8.3517e+02	7.8854e+02
9.2368e+02	7.9147e+02	7.4759e+02
9.4220e+02	7.4928e+02	7.0849e+02
9.6108e+02	7.0886e+02	6.7185e+02
9.8035e+02	6.7135e+02	6.3715e+02
1.0000e+03	6.3587e+02	6.0422e+02