5.000000e-02 8.418195e+11
5.100225e-02 8.239578e+11
5.202458e-02 8.045061e+11
5.306741e-02 7.850816e+11
5.413114e-02 7.671842e+11
5.521620e-02 7.507048e+11
5.632300e-02 7.345482e+11
5.745199e-02 7.185822e+11
5.860361e-02 7.026310e+11
5.977832e-02 6.860389e+11
6.097657e-02 6.711340e+11
6.219884e-02 6.565227e+11
6.344561e-02 6.416486e+11
6.471737e-02 6.274904e+11
6.601463e-02 6.130568e+11
6.733789e-02 5.989689e+11
6.868767e-02 5.846558e+11
7.006451e-02 5.712495e+11
7.146895e-02 5.585520e+11
7.290154e-02 5.460392e+11
7.436284e-02 5.336667e+11
7.585344e-02 5.217659e+11
7.737392e-02 5.105474e+11
7.892487e-02 4.986511e+11
8.050691e-02 4.862716e+11
8.212067e-02 4.749870e+11
8.376677e-02 4.641026e+11
8.544587e-02 4.539528e+11
8.715862e-02 4.437381e+11
8.890571e-02 4.336538e+11
9.068782e-02 4.238590e+11
9.250565e-02 4.149873e+11
9.435992e-02 4.057616e+11
9.625136e-02 3.965862e+11
9.818071e-02 3.874744e+11
1.001487e-01 3.783449e+11
1.021562e-01 3.694420e+11
1.042039e-01 3.611671e+11
1.062927e-01 3.525348e+11
1.084233e-01 3.443112e+11
1.105966e-01 3.365584e+11
1.128135e-01 3.289799e+11
1.150749e-01 3.214852e+11
1.173816e-01 3.139593e+11
1.197345e-01 3.067149e+11
1.221345e-01 2.997548e+11
1.245827e-01 2.926939e+11
1.270800e-01 2.860622e+11
1.296273e-01 2.793033e+11
1.322256e-01 2.728349e+11
1.348761e-01 2.663275e+11
1.375797e-01 2.599942e+11
1.403374e-01 2.542168e+11
1.431505e-01 2.481960e+11
1.460199e-01 2.423798e+11
1.489469e-01 2.364105e+11
1.519325e-01 2.312164e+11
1.549780e-01 2.258592e+11
1.580845e-01 2.206786e+11
1.612533e-01 2.157201e+11
1.644856e-01 2.108012e+11
1.677827e-01 2.056234e+11
1.711459e-01 2.007619e+11
1.745765e-01 1.960707e+11
1.780759e-01 1.917241e+11
1.816454e-01 1.872641e+11
1.852865e-01 1.827995e+11
1.890005e-01 1.781627e+11
1.927890e-01 1.736506e+11
1.966535e-01 1.694922e+11
2.005954e-01 1.654337e+11
2.046163e-01 1.614457e+11
2.087178e-01 1.576195e+11
2.129015e-01 1.538270e+11
2.171691e-01 1.501071e+11
2.215223e-01 1.465648e+11
2.259627e-01 1.429684e+11
2.304921e-01 1.393539e+11
2.351123e-01 1.358359e+11
2.398251e-01 1.323963e+11
2.446324e-01 1.290414e+11
2.495360e-01 1.258677e+11
2.545379e-01 1.225968e+11
2.596401e-01 1.194042e+11
2.648446e-01 1.163747e+11
2.701534e-01 1.133878e+11
2.755686e-01 1.105236e+11
2.810923e-01 1.076471e+11
2.867268e-01 1.048745e+11
2.924742e-01 1.021010e+11
2.983368e-01 9.932516e+10
3.043170e-01 9.675159e+10
3.104170e-01 9.418753e+10
3.166393e-01 9.176016e+10
3.229863e-01 8.942122e+10
3.294605e-01 8.708380e+10
3.360645e-01 8.478862e+10
3.428009e-01 8.251555e+10
3.496723e-01 8.020806e+10
3.566815e-01 7.808272e+10
3.638311e-01 7.590279e+10
3.711241e-01 7.381612e+10
3.785633e-01 7.177080e+10
3.861515e-01 6.982028e+10
3.938919e-01 6.792184e+10
4.017874e-01 6.600086e+10
4.098412e-01 6.417459e+10
4.180565e-01 6.241451e+10
4.264364e-01 6.064123e+10
4.349843e-01 5.891471e+10
4.437035e-01 5.724946e+10
4.525975e-01 5.562671e+10
4.616698e-01 5.401543e+10
4.709239e-01 5.236730e+10
4.803635e-01 5.084938e+10
4.899924e-01 4.934860e+10
4.998143e-01 4.785591e+10
5.098330e-01 4.640999e+10
5.200526e-01 4.501262e+10
5.304770e-01 4.361395e+10
5.411103e-01 4.229522e+10
5.519569e-01 4.100500e+10
5.630208e-01 3.970424e+10
5.743065e-01 3.843476e+10
5.858184e-01 3.723506e+10
5.975611e-01 3.604918e+10
6.095392e-01 3.489316e+10
6.217573e-01 3.375945e+10
6.342204e-01 3.264493e+10
6.469333e-01 3.154610e+10
6.599011e-01 3.050303e+10
6.731287e-01 2.947725e+10
6.866215e-01 2.849383e+10
7.003848e-01 2.754601e+10
7.144240e-01 2.659744e+10
7.287445e-01 2.566144e+10
7.433522e-01 2.480017e+10
7.582526e-01 2.395151e+10
7.734517e-01 2.310752e+10
7.889555e-01 2.229846e+10
8.047701e-01 2.149600e+10
8.209016e-01 2.072369e+10
8.373565e-01 1.996199e+10
8.541413e-01 1.922249e+10
8.712625e-01 1.853637e+10
8.887268e-01 1.786002e+10
9.065413e-01 1.721303e+10
9.247129e-01 1.655070e+10
9.432487e-01 1.589472e+10
9.621560e-01 1.528266e+10
9.814423e-01 1.470371e+10
1.001115e+00 1.410089e+10
1.021183e+00 1.355607e+10
1.041652e+00 1.300062e+10
1.062532e+00 1.250109e+10
1.083830e+00 1.200490e+10
1.105556e+00 1.151605e+10
1.127716e+00 1.103698e+10
1.150321e+00 1.058113e+10
1.173379e+00 1.014133e+10
1.196900e+00 9.707591e+09
1.220892e+00 9.280820e+09
1.245364e+00 8.874602e+09
1.270327e+00 8.488889e+09
1.295791e+00 8.106734e+09
1.321765e+00 7.760962e+09
1.348260e+00 7.400114e+09
1.375286e+00 7.072210e+09
1.402853e+00 6.746125e+09
1.430973e+00 6.434807e+09
1.459657e+00 6.139572e+09
1.488916e+00 5.849015e+09
1.518761e+00 5.571057e+09
1.549204e+00 5.310118e+09
1.580258e+00 5.063350e+09
1.611934e+00 4.826007e+09
1.644245e+00 4.593782e+09
1.677204e+00 4.363790e+09
1.710823e+00 4.150435e+09
1.745117e+00 3.954347e+09
1.780097e+00 3.759035e+09
1.815779e+00 3.575407e+09
1.852176e+00 3.399490e+09
1.889303e+00 3.235444e+09
1.927174e+00 3.076701e+09
1.965804e+00 2.920963e+09
2.005209e+00 2.775007e+09
2.045403e+00 2.633590e+09
2.086403e+00 2.500000e+09
2.128224e+00 2.373787e+09
2.170885e+00 2.254219e+09
2.214400e+00 2.140966e+09
2.258787e+00 2.032874e+09
2.304064e+00 1.929077e+09
2.350249e+00 1.832124e+09
2.397360e+00 1.740660e+09
2.445415e+00 1.651043e+09
2.494433e+00 1.566893e+09
2.544434e+00 1.485113e+09
2.595437e+00 1.407920e+09
2.647462e+00 1.335101e+09
2.700530e+00 1.266811e+09
2.754662e+00 1.202486e+09
2.809879e+00 1.140423e+09
2.866203e+00 1.081327e+09
2.923656e+00 1.025897e+09
2.982260e+00 9.732377e+08
3.042039e+00 9.230033e+08
3.103017e+00 8.750403e+08
3.165216e+00 8.299012e+08
3.228663e+00 7.875108e+08
3.293381e+00 7.470561e+08
3.359397e+00 7.088112e+08
3.426736e+00 6.722802e+08
3.495424e+00 6.368283e+08
3.565490e+00 6.039132e+08
3.636960e+00 5.730660e+08
3.709862e+00 5.430726e+08
3.784226e+00 5.148944e+08
3.860081e+00 4.886875e+08
3.937456e+00 4.639789e+08
4.016382e+00 4.401434e+08
4.096890e+00 4.171862e+08
4.179012e+00 3.955272e+08
4.262780e+00 3.749249e+08
4.348227e+00 3.555135e+08
4.435387e+00 3.372542e+08
4.524294e+00 3.199527e+08
4.614983e+00 3.033594e+08
4.707490e+00 2.877549e+08
4.801851e+00 2.729142e+08
4.898104e+00 2.588227e+08
4.996286e+00 2.453035e+08
5.096436e+00 2.324580e+08
5.198594e+00 2.204553e+08
5.302799e+00 2.091988e+08
5.409093e+00 1.983060e+08
5.517518e+00 1.881700e+08
5.628116e+00 1.786584e+08
5.740932e+00 1.693265e+08
5.856008e+00 1.603214e+08
5.973391e+00 1.520357e+08
6.093127e+00 1.442804e+08
6.215264e+00 1.366944e+08
6.339848e+00 1.295493e+08
6.466930e+00 1.229012e+08
6.596559e+00 1.166479e+08
6.728787e+00 1.106831e+08
6.863665e+00 1.050121e+08
7.001246e+00 9.944071e+07
7.141586e+00 9.422123e+07
7.284738e+00 8.945858e+07
7.430760e+00 8.484596e+07
7.579709e+00 8.043120e+07
7.731644e+00 7.634123e+07
7.886624e+00 7.243673e+07
8.044711e+00 6.861110e+07
8.205967e+00 6.502376e+07
8.370455e+00 6.163029e+07
8.538240e+00 5.845893e+07
8.709388e+00 5.539465e+07
8.883967e+00 5.248569e+07
9.062045e+00 4.982939e+07
9.243693e+00 4.730053e+07
9.428983e+00 4.486272e+07
9.617986e+00 4.253934e+07
9.810778e+00 4.029315e+07
1.000743e+01 3.816571e+07
1.020803e+01 3.619135e+07
1.041265e+01 3.431389e+07
1.062137e+01 3.252050e+07
1.083428e+01 3.079173e+07
1.105145e+01 2.918916e+07
1.127297e+01 2.766545e+07
1.149894e+01 2.622098e+07
1.172944e+01 2.484872e+07
1.196455e+01 2.355515e+07
1.220438e+01 2.234084e+07
1.244902e+01 2.118942e+07
1.269856e+01 2.007644e+07
1.295310e+01 1.901277e+07
1.321274e+01 1.801498e+07
1.347759e+01 1.707215e+07
1.374775e+01 1.617983e+07
1.402332e+01 1.533495e+07
1.430442e+01 1.453915e+07
1.459115e+01 1.377370e+07
1.488362e+01 1.305056e+07
1.518197e+01 1.237156e+07
1.548629e+01 1.172120e+07
1.579671e+01 1.110860e+07
1.611335e+01 1.052796e+07
1.643634e+01 9.977917e+06
1.676581e+01 9.454522e+06
1.710188e+01 8.954442e+06
1.744468e+01 8.482213e+06
1.779436e+01 8.042133e+06
1.815105e+01 7.619602e+06
1.851488e+01 7.221077e+06
1.888601e+01 6.836539e+06
1.926458e+01 6.479457e+06
1.965074e+01 6.137255e+06
2.004464e+01 5.816885e+06
2.044643e+01 5.519229e+06
2.085628e+01 5.230139e+06
2.127434e+01 4.951577e+06
2.170078e+01 4.694804e+06
2.213577e+01 4.446048e+06
2.257948e+01 4.211433e+06
2.303209e+01 3.988652e+06
2.349376e+01 3.774439e+06
2.396469e+01 3.578603e+06
2.444506e+01 3.388820e+06
2.493506e+01 3.210448e+06
2.543488e+01 3.037812e+06
2.594472e+01 2.877488e+06
2.646478e+01 2.724457e+06
2.699527e+01 2.578717e+06
2.753639e+01 2.442116e+06
2.808835e+01 2.311538e+06
2.865138e+01 2.188337e+06
2.922570e+01 2.071074e+06
2.981152e+01 1.958080e+06
3.040909e+01 1.853957e+06
3.101864e+01 1.757287e+06
3.164041e+01 1.665679e+06
3.227464e+01 1.578624e+06
3.292158e+01 1.494714e+06
3.358149e+01 1.414974e+06
3.425463e+01 1.340516e+06
3.494126e+01 1.267707e+06
3.564165e+01 1.202742e+06
3.635609e+01 1.139407e+06
3.708484e+01 1.078604e+06
3.782820e+01 1.021034e+06
3.858647e+01 9.673691e+05
3.935993e+01 9.150030e+05
4.014890e+01 8.660818e+05
4.095368e+01 8.198983e+05
4.177459e+01 7.757412e+05
4.261196e+01 7.339659e+05
4.346611e+01 6.946575e+05
4.433739e+01 6.578579e+05
4.522613e+01 6.228339e+05
4.613268e+01 5.893307e+05
4.705741e+01 5.582296e+05
4.800067e+01 5.287873e+05
4.896284e+01 5.008884e+05
4.994430e+01 4.737740e+05
5.094543e+01 4.485899e+05
5.196662e+01 4.244094e+05
5.300829e+01 4.020597e+05
5.407084e+01 3.803532e+05
5.515468e+01 3.598954e+05
5.626026e+01 3.407557e+05
5.738799e+01 3.223540e+05
5.853833e+01 3.050834e+05
5.971172e+01 2.884588e+05
6.090864e+01 2.727930e+05
6.212955e+01 2.581344e+05
6.337493e+01 2.443759e+05
6.464528e+01 2.312579e+05
6.594109e+01 2.189232e+05
6.726287e+01 2.071436e+05
6.861115e+01 1.960261e+05
6.998645e+01 1.854520e+05
7.138933e+01 1.756159e+05
7.282032e+01 1.662448e+05
7.428000e+01 1.572916e+05
7.576894e+01 1.486572e+05
7.728772e+01 1.405843e+05
7.883694e+01 1.329341e+05
8.041722e+01 1.257611e+05
8.202918e+01 1.189026e+05
8.367345e+01 1.125098e+05
8.535068e+01 1.065358e+05
8.706153e+01 1.007425e+05
8.880667e+01 9.534407e+04
9.058679e+01 9.017713e+04
9.240260e+01 8.531954e+04
9.425480e+01 8.060855e+04
9.614413e+01 7.622474e+04
9.807133e+01 7.211699e+04
1.000372e+02 6.824888e+04
1.020424e+02 6.454040e+04
1.040878e+02 6.103774e+04
1.061743e+02 5.772310e+04
1.083025e+02 5.454117e+04
1.104734e+02 5.151498e+04
1.126879e+02 4.866371e+04
1.149467e+02 4.599580e+04
1.172508e+02 4.347551e+04
1.196011e+02 4.107250e+04
1.219985e+02 3.880051e+04
1.244439e+02 3.665249e+04
1.269384e+02 3.459241e+04
1.294828e+02 3.267848e+04
1.320783e+02 3.082350e+04
1.347258e+02 2.910301e+04
1.374264e+02 2.746958e+04
1.401811e+02 2.598132e+04
1.429910e+02 2.453234e+04
1.458573e+02 2.318082e+04
1.487810e+02 2.189116e+04
1.517633e+02 2.066756e+04
1.548053e+02 1.952748e+04
1.579084e+02 1.842527e+04
1.610737e+02 1.739593e+04
1.643024e+02 1.643599e+04
1.675958e+02 1.551623e+04
1.709552e+02 1.464395e+04
1.743820e+02 1.380603e+04
1.778775e+02 1.302991e+04
1.814430e+02 1.230855e+04
1.850801e+02 1.161212e+04
1.887900e+02 1.095818e+04
1.925743e+02 1.035220e+04
1.964344e+02 9.776015e+03
2.003719e+02 9.219728e+03
2.043883e+02 8.704259e+03
2.084853e+02 8.210532e+03
2.126644e+02 7.749109e+03
2.169272e+02 7.304471e+03
2.212755e+02 6.884697e+03
2.257109e+02 6.491488e+03
2.302353e+02 6.120433e+03
2.348503e+02 5.768340e+03
2.395579e+02 5.438266e+03
2.443598e+02 5.129123e+03
2.492580e+02 4.835252e+03
2.542544e+02 4.560022e+03
2.593509e+02 4.301463e+03
2.645495e+02 4.048126e+03
2.698524e+02 3.818483e+03
2.752616e+02 3.597347e+03
2.807792e+02 3.386078e+03
2.864074e+02 3.191827e+03
2.921484e+02 3.008672e+03
2.980045e+02 2.833354e+03
3.039780e+02 2.670923e+03
3.100712e+02 2.511412e+03
3.162865e+02 2.368188e+03
3.226265e+02 2.230728e+03
3.290935e+02 2.101903e+03
3.356901e+02 1.978900e+03
3.424190e+02 1.857225e+03
3.492828e+02 1.750212e+03
3.562841e+02 1.645252e+03
3.634258e+02 1.549631e+03
3.707107e+02 1.456458e+03
3.781415e+02 1.367265e+03
3.857213e+02 1.285531e+03
3.934531e+02 1.209533e+03
4.013398e+02 1.134909e+03
4.093847e+02 1.067528e+03
4.175907e+02 1.004831e+03
4.259613e+02 9.453958e+02
4.344997e+02 8.897526e+02
4.432092e+02 8.358049e+02
4.520933e+02 7.846798e+02
4.611555e+02 7.371421e+02
4.703993e+02 6.922652e+02
4.798284e+02 6.493359e+02
4.894465e+02 6.079524e+02
4.992574e+02 5.701318e+02
5.092650e+02 5.350410e+02
5.194732e+02 5.017282e+02
5.298860e+02 4.715668e+02
5.405075e+02 4.417776e+02
5.513420e+02 4.143999e+02
5.623936e+02 3.885204e+02
5.736667e+02 3.631440e+02
5.851658e+02 3.409106e+02
5.968954e+02 3.195454e+02
6.088601e+02 2.987450e+02
6.210647e+02 2.796108e+02
6.335139e+02 2.611922e+02
6.462126e+02 2.437440e+02
6.591659e+02 2.272608e+02
6.723788e+02 2.130456e+02
6.858566e+02 1.993553e+02
6.996046e+02 1.860980e+02
7.136281e+02 1.734288e+02
7.279327e+02 1.615561e+02
7.425240e+02 1.510504e+02
7.574079e+02 1.415174e+02
7.725901e+02 1.318215e+02
7.880766e+02 1.224846e+02
8.038735e+02 1.143179e+02
8.199871e+02 1.066311e+02
8.364237e+02 9.946016e+01
8.531897e+02 9.246527e+01
8.702918e+02 8.596694e+01
8.877368e+02 7.990813e+01
9.055314e+02 7.417142e+01
9.236827e+02 6.896105e+01
9.421978e+02 6.430151e+01
9.610841e+02 5.987177e+01
9.803490e+02 5.557206e+01
1.000000e+03 5.144119e+01
