5.000000e-02 6.660405e+11 1.007546e+12
5.100225e-02 6.530766e+11 9.844707e+11
5.202458e-02 6.406526e+11 9.600737e+11
5.306741e-02 6.277544e+11 9.360855e+11
5.413114e-02 6.150449e+11 9.141546e+11
5.521620e-02 6.022952e+11 8.930865e+11
5.632300e-02 5.905656e+11 8.720329e+11
5.745199e-02 5.783604e+11 8.512925e+11
5.860361e-02 5.674343e+11 8.316817e+11
5.977832e-02 5.560239e+11 8.113392e+11
6.097657e-02 5.455582e+11 7.924315e+11
6.219884e-02 5.347020e+11 7.724750e+11
6.344561e-02 5.232323e+11 7.548712e+11
6.471737e-02 5.124002e+11 7.376862e+11
6.601463e-02 5.013093e+11 7.206261e+11
6.733789e-02 4.913714e+11 7.032699e+11
6.868767e-02 4.806467e+11 6.872077e+11
7.006451e-02 4.704469e+11 6.716805e+11
7.146895e-02 4.598288e+11 6.563445e+11
7.290154e-02 4.500564e+11 6.412092e+11
7.436284e-02 4.404345e+11 6.263428e+11
7.585344e-02 4.312602e+11 6.114762e+11
7.737392e-02 4.229972e+11 5.965405e+11
7.892487e-02 4.133163e+11 5.823988e+11
8.050691e-02 4.042917e+11 5.689209e+11
8.212067e-02 3.955444e+11 5.560241e+11
8.376677e-02 3.872850e+11 5.434609e+11
8.544587e-02 3.799228e+11 5.306130e+11
8.715862e-02 3.722329e+11 5.177512e+11
8.890571e-02 3.633415e+11 5.058741e+11
9.068782e-02 3.559267e+11 4.939668e+11
9.250565e-02 3.483760e+11 4.828139e+11
9.435992e-02 3.407270e+11 4.718924e+11
9.625136e-02 3.326113e+11 4.608294e+11
9.818071e-02 3.261099e+11 4.504070e+11
1.001487e-01 3.193069e+11 4.405995e+11
1.021562e-01 3.114874e+11 4.300353e+11
1.042039e-01 3.045004e+11 4.193724e+11
1.062927e-01 2.983675e+11 4.095221e+11
1.084233e-01 2.924011e+11 3.999985e+11
1.105966e-01 2.855250e+11 3.906681e+11
1.128135e-01 2.787522e+11 3.812315e+11
1.150749e-01 2.730706e+11 3.716029e+11
1.173816e-01 2.666520e+11 3.627161e+11
1.197345e-01 2.601609e+11 3.543024e+11
1.221345e-01 2.542198e+11 3.461460e+11
1.245827e-01 2.483327e+11 3.375133e+11
1.270800e-01 2.426922e+11 3.294759e+11
1.296273e-01 2.374113e+11 3.220427e+11
1.322256e-01 2.320957e+11 3.144103e+11
1.348761e-01 2.262012e+11 3.066868e+11
1.375797e-01 2.207074e+11 2.989880e+11
1.403374e-01 2.153897e+11 2.915403e+11
1.431505e-01 2.106460e+11 2.844934e+11
1.460199e-01 2.056076e+11 2.772596e+11
1.489469e-01 2.006686e+11 2.701569e+11
1.519325e-01 1.954978e+11 2.633491e+11
1.549780e-01 1.905235e+11 2.570483e+11
1.580845e-01 1.857872e+11 2.508188e+11
1.612533e-01 1.815207e+11 2.445572e+11
1.644856e-01 1.776210e+11 2.384589e+11
1.677827e-01 1.733205e+11 2.325139e+11
1.711459e-01 1.689487e+11 2.268913e+11
1.745765e-01 1.649136e+11 2.214984e+11
1.780759e-01 1.608773e+11 2.161536e+11
1.816454e-01 1.572391e+11 2.108167e+11
1.852865e-01 1.537546e+11 2.057175e+11
1.890005e-01 1.492523e+11 2.007550e+11
1.927890e-01 1.460075e+11 1.958620e+11
1.966535e-01 1.421520e+11 1.910268e+11
2.005954e-01 1.385687e+11 1.863866e+11
2.046163e-01 1.348600e+11 1.817834e+11
2.087178e-01 1.311846e+11 1.773361e+11
2.129015e-01 1.276092e+11 1.729178e+11
2.171691e-01 1.244424e+11 1.686826e+11
2.215223e-01 1.214614e+11 1.644555e+11
2.259627e-01 1.182202e+11 1.601761e+11
2.304921e-01 1.153356e+11 1.560676e+11
2.351123e-01 1.122688e+11 1.520422e+11
2.398251e-01 1.093902e+11 1.482486e+11
2.446324e-01 1.062884e+11 1.445538e+11
2.495360e-01 1.033966e+11 1.406747e+11
2.545379e-01 1.006055e+11 1.370304e+11
2.596401e-01 9.790554e+10 1.334325e+11
2.648446e-01 9.520694e+10 1.300220e+11
2.701534e-01 9.254088e+10 1.267409e+11
2.755686e-01 8.992993e+10 1.232553e+11
2.810923e-01 8.735036e+10 1.199925e+11
2.867268e-01 8.483647e+10 1.168063e+11
2.924742e-01 8.258278e+10 1.137427e+11
2.983368e-01 8.040908e+10 1.107639e+11
3.043170e-01 7.795724e+10 1.078432e+11
3.104170e-01 7.557149e+10 1.050159e+11
3.166393e-01 7.340392e+10 1.022092e+11
3.229863e-01 7.144830e+10 9.956432e+10
3.294605e-01 6.933379e+10 9.686459e+10
3.360645e-01 6.729264e+10 9.429425e+10
3.428009e-01 6.544153e+10 9.172066e+10
3.496723e-01 6.363131e+10 8.928318e+10
3.566815e-01 6.161347e+10 8.699852e+10
3.638311e-01 5.965324e+10 8.455316e+10
3.711241e-01 5.802805e+10 8.219298e+10
3.785633e-01 5.646288e+10 7.993679e+10
3.861515e-01 5.484865e+10 7.775054e+10
3.938919e-01 5.322529e+10 7.560961e+10
4.017874e-01 5.147187e+10 7.346721e+10
4.098412e-01 4.994784e+10 7.140931e+10
4.180565e-01 4.842063e+10 6.931734e+10
4.264364e-01 4.689110e+10 6.733472e+10
4.349843e-01 4.545967e+10 6.545401e+10
4.437035e-01 4.411186e+10 6.359502e+10
4.525975e-01 4.274088e+10 6.169687e+10
4.616698e-01 4.140465e+10 5.989958e+10
4.709239e-01 4.016444e+10 5.815062e+10
4.803635e-01 3.896170e+10 5.644413e+10
4.899924e-01 3.776289e+10 5.479909e+10
4.998143e-01 3.665165e+10 5.315198e+10
5.098330e-01 3.547913e+10 5.156072e+10
5.200526e-01 3.438373e+10 5.000322e+10
5.304770e-01 3.331793e+10 4.848634e+10
5.411103e-01 3.228420e+10 4.699771e+10
5.519569e-01 3.116879e+10 4.553717e+10
5.630208e-01 3.020576e+10 4.414993e+10
5.743065e-01 2.916068e+10 4.275176e+10
5.858184e-01 2.814723e+10 4.141250e+10
5.975611e-01 2.727464e+10 4.011520e+10
6.095392e-01 2.633293e+10 3.886424e+10
6.217573e-01 2.545750e+10 3.762747e+10
6.342204e-01 2.463868e+10 3.643136e+10
6.469333e-01 2.379856e+10 3.522801e+10
6.599011e-01 2.290196e+10 3.408287e+10
6.731287e-01 2.208461e+10 3.292075e+10
6.866215e-01 2.134491e+10 3.180926e+10
7.003848e-01 2.064058e+10 3.073312e+10
7.144240e-01 1.991062e+10 2.970218e+10
7.287445e-01 1.922326e+10 2.874537e+10
7.433522e-01 1.847913e+10 2.777977e+10
7.582526e-01 1.766963e+10 2.683477e+10
7.734517e-01 1.695137e+10 2.590468e+10
7.889555e-01 1.632470e+10 2.499908e+10
8.047701e-01 1.566613e+10 2.414402e+10
8.209016e-01 1.508895e+10 2.331104e+10
8.373565e-01 1.448083e+10 2.248404e+10
8.541413e-01 1.388833e+10 2.167934e+10
8.712625e-01 1.338012e+10 2.089796e+10
8.887268e-01 1.288344e+10 2.013116e+10
9.065413e-01 1.238583e+10 1.940066e+10
9.247129e-01 1.189146e+10 1.869351e+10
9.432487e-01 1.137423e+10 1.800486e+10
9.621560e-01 1.087617e+10 1.730445e+10
9.814423e-01 1.041305e+10 1.666278e+10
1.001115e+00 9.983178e+09 1.606208e+10
1.021183e+00 9.589342e+09 1.547106e+10
1.041652e+00 9.208789e+09 1.488201e+10
1.062532e+00 8.803290e+09 1.430833e+10
1.083830e+00 8.357297e+09 1.374331e+10
1.105556e+00 7.950420e+09 1.320439e+10
1.127716e+00 7.636086e+09 1.267743e+10
1.150321e+00 7.288388e+09 1.218139e+10
1.173379e+00 6.933878e+09 1.167583e+10
1.196900e+00 6.598368e+09 1.119811e+10
1.220892e+00 6.319170e+09 1.073288e+10
1.245364e+00 6.037984e+09 1.028339e+10
1.270327e+00 5.749144e+09 9.860385e+09
1.295791e+00 5.494869e+09 9.452838e+09
1.321765e+00 5.266722e+09 9.044253e+09
1.348260e+00 5.032797e+09 8.664658e+09
1.375286e+00 4.808954e+09 8.290655e+09
1.402853e+00 4.576841e+09 7.920282e+09
1.430973e+00 4.358579e+09 7.574654e+09
1.459657e+00 4.170122e+09 7.241924e+09
1.488916e+00 3.987843e+09 6.918794e+09
1.518761e+00 3.805692e+09 6.605558e+09
1.549204e+00 3.611949e+09 6.300815e+09
1.580258e+00 3.432594e+09 6.007766e+09
1.611934e+00 3.265462e+09 5.726327e+09
1.644245e+00 3.108828e+09 5.458471e+09
1.677204e+00 2.953636e+09 5.200481e+09
1.710823e+00 2.819739e+09 4.947492e+09
1.745117e+00 2.684899e+09 4.709336e+09
1.780097e+00 2.548362e+09 4.478472e+09
1.815779e+00 2.424909e+09 4.254847e+09
1.852176e+00 2.317239e+09 4.042516e+09
1.889303e+00 2.206208e+09 3.839770e+09
1.927174e+00 2.100635e+09 3.649392e+09
1.965804e+00 1.997180e+09 3.463215e+09
2.005209e+00 1.900577e+09 3.288920e+09
2.045403e+00 1.807891e+09 3.118747e+09
2.086403e+00 1.717874e+09 2.957962e+09
2.128224e+00 1.635300e+09 2.806091e+09
2.170885e+00 1.555029e+09 2.660179e+09
2.214400e+00 1.475742e+09 2.523956e+09
2.258787e+00 1.400742e+09 2.393228e+09
2.304064e+00 1.330018e+09 2.268390e+09
2.350249e+00 1.261205e+09 2.150700e+09
2.397360e+00 1.195811e+09 2.040873e+09
2.445415e+00 1.134106e+09 1.935723e+09
2.494433e+00 1.076598e+09 1.835778e+09
2.544434e+00 1.020447e+09 1.741330e+09
2.595437e+00 9.672321e+08 1.650297e+09
2.647462e+00 9.171480e+08 1.565563e+09
2.700530e+00 8.694859e+08 1.485286e+09
2.754662e+00 8.248104e+08 1.407832e+09
2.809879e+00 7.821893e+08 1.332081e+09
2.866203e+00 7.424130e+08 1.263426e+09
2.923656e+00 7.037486e+08 1.198366e+09
2.982260e+00 6.700999e+08 1.136823e+09
3.042039e+00 6.353566e+08 1.077098e+09
3.103017e+00 6.023329e+08 1.020700e+09
3.165216e+00 5.710251e+08 9.679970e+08
3.228663e+00 5.412409e+08 9.175783e+08
3.293381e+00 5.123903e+08 8.697729e+08
3.359397e+00 4.854269e+08 8.231058e+08
3.426736e+00 4.603791e+08 7.802329e+08
3.495424e+00 4.361740e+08 7.401183e+08
3.565490e+00 4.134718e+08 7.009891e+08
3.636960e+00 3.920376e+08 6.649168e+08
3.709862e+00 3.719589e+08 6.304017e+08
3.784226e+00 3.527470e+08 5.974026e+08
3.860081e+00 3.344673e+08 5.663737e+08
3.937456e+00 3.172010e+08 5.367788e+08
4.016382e+00 3.008087e+08 5.093935e+08
4.096890e+00 2.852293e+08 4.821288e+08
4.179012e+00 2.704700e+08 4.579521e+08
4.262780e+00 2.563886e+08 4.347525e+08
4.348227e+00 2.428738e+08 4.116233e+08
4.435387e+00 2.301870e+08 3.897656e+08
4.524294e+00 2.183482e+08 3.696732e+08
4.614983e+00 2.073152e+08 3.500777e+08
4.707490e+00 1.965245e+08 3.321061e+08
4.801851e+00 1.861443e+08 3.148199e+08
4.898104e+00 1.763805e+08 2.982369e+08
4.996286e+00 1.675482e+08 2.826228e+08
5.096436e+00 1.589173e+08 2.677437e+08
5.198594e+00 1.507284e+08 2.536826e+08
5.302799e+00 1.432450e+08 2.404737e+08
5.409093e+00 1.357381e+08 2.278454e+08
5.517518e+00 1.286243e+08 2.161519e+08
5.628116e+00 1.219051e+08 2.050777e+08
5.740932e+00 1.155800e+08 1.945855e+08
5.856008e+00 1.096049e+08 1.844551e+08
5.973391e+00 1.039297e+08 1.748977e+08
6.093127e+00 9.850178e+07 1.658501e+08
6.215264e+00 9.340112e+07 1.572836e+08
6.339848e+00 8.848554e+07 1.493436e+08
6.466930e+00 8.377889e+07 1.414747e+08
6.596559e+00 7.943046e+07 1.340586e+08
6.728787e+00 7.517117e+07 1.273130e+08
6.863665e+00 7.114712e+07 1.206488e+08
7.001246e+00 6.733837e+07 1.143867e+08
7.141586e+00 6.376482e+07 1.085179e+08
7.284738e+00 6.043017e+07 1.029406e+08
7.430760e+00 5.727600e+07 9.768260e+07
7.579709e+00 5.428632e+07 9.249530e+07
7.731644e+00 5.145255e+07 8.760818e+07
7.886624e+00 4.876657e+07 8.312839e+07
8.044711e+00 4.622949e+07 7.884683e+07
8.205967e+00 4.384054e+07 7.475080e+07
8.370455e+00 4.158676e+07 7.092938e+07
8.538240e+00 3.947346e+07 6.725032e+07
8.709388e+00 3.738376e+07 6.374154e+07
8.883967e+00 3.540236e+07 6.041916e+07
9.062045e+00 3.353216e+07 5.730817e+07
9.243693e+00 3.177791e+07 5.433017e+07
9.428983e+00 3.016226e+07 5.151573e+07
9.617986e+00 2.861009e+07 4.882719e+07
9.810778e+00 2.710154e+07 4.627750e+07
1.000743e+01 2.567201e+07 4.388856e+07
1.020803e+01 2.431737e+07 4.155657e+07
1.041265e+01 2.308086e+07 3.941608e+07
1.062137e+01 2.184450e+07 3.733897e+07
1.083428e+01 2.069872e+07 3.542185e+07
1.105145e+01 1.961460e+07 3.358303e+07
1.127297e+01 1.858844e+07 3.183253e+07
1.149894e+01 1.761582e+07 3.019433e+07
1.172944e+01 1.669397e+07 2.860351e+07
1.196455e+01 1.575669e+07 2.712382e+07
1.220438e+01 1.490985e+07 2.574157e+07
1.244902e+01 1.415264e+07 2.439503e+07
1.269856e+01 1.343414e+07 2.313377e+07
1.295310e+01 1.271834e+07 2.194560e+07
1.321274e+01 1.204240e+07 2.082112e+07
1.347759e+01 1.141959e+07 1.973152e+07
1.374775e+01 1.082891e+07 1.871577e+07
1.402332e+01 1.027016e+07 1.773838e+07
1.430442e+01 9.752423e+06 1.682467e+07
1.459115e+01 9.233566e+06 1.596031e+07
1.488362e+01 8.755707e+06 1.511610e+07
1.518197e+01 8.302515e+06 1.433280e+07
1.548629e+01 7.872719e+06 1.358825e+07
1.579671e+01 7.465113e+06 1.286944e+07
1.611335e+01 7.078553e+06 1.221679e+07
1.643634e+01 6.710909e+06 1.159460e+07
1.676581e+01 6.360536e+06 1.098071e+07
1.710188e+01 6.028418e+06 1.041209e+07
1.744468e+01 5.716101e+06 9.869578e+06
1.779436e+01 5.425376e+06 9.352962e+06
1.815105e+01 5.144165e+06 8.867801e+06
1.851488e+01 4.884099e+06 8.407722e+06
1.888601e+01 4.626248e+06 7.968509e+06
1.926458e+01 4.385411e+06 7.564577e+06
1.965074e+01 4.158152e+06 7.170916e+06
2.004464e+01 3.935558e+06 6.802153e+06
2.044643e+01 3.726583e+06 6.450775e+06
2.085628e+01 3.532462e+06 6.116092e+06
2.127434e+01 3.344212e+06 5.799119e+06
2.170078e+01 3.165832e+06 5.502466e+06
2.213577e+01 2.998954e+06 5.209442e+06
2.257948e+01 2.844303e+06 4.934393e+06
2.303209e+01 2.697597e+06 4.673538e+06
2.349376e+01 2.556437e+06 4.437936e+06
2.396469e+01 2.418545e+06 4.203588e+06
2.444506e+01 2.294465e+06 3.984073e+06
2.493506e+01 2.170895e+06 3.777644e+06
2.543488e+01 2.055900e+06 3.587084e+06
2.594472e+01 1.945936e+06 3.399159e+06
2.646478e+01 1.838683e+06 3.221557e+06
2.699527e+01 1.739288e+06 3.053642e+06
2.753639e+01 1.646181e+06 2.892691e+06
2.808835e+01 1.560461e+06 2.739864e+06
2.865138e+01 1.473052e+06 2.596485e+06
2.922570e+01 1.401581e+06 2.460266e+06
2.981152e+01 1.329888e+06 2.330510e+06
3.040909e+01 1.254288e+06 2.209044e+06
3.101864e+01 1.189015e+06 2.096200e+06
3.164041e+01 1.126257e+06 1.986645e+06
3.227464e+01 1.067636e+06 1.882347e+06
3.292158e+01 1.012303e+06 1.787752e+06
3.358149e+01 9.606251e+05 1.694123e+06
3.425463e+01 9.108412e+05 1.604178e+06
3.494126e+01 8.614287e+05 1.520101e+06
3.564165e+01 8.143723e+05 1.441032e+06
3.635609e+01 7.709953e+05 1.366989e+06
3.708484e+01 7.297763e+05 1.294355e+06
3.782820e+01 6.907490e+05 1.228023e+06
3.858647e+01 6.494250e+05 1.163692e+06
3.935993e+01 6.152519e+05 1.104440e+06
4.014890e+01 5.804354e+05 1.046239e+06
4.095368e+01 5.473893e+05 9.901780e+05
4.177459e+01 5.184713e+05 9.383857e+05
4.261196e+01 4.910677e+05 8.886455e+05
4.346611e+01 4.650997e+05 8.452796e+05
4.433739e+01 4.398766e+05 8.024991e+05
4.522613e+01 4.170722e+05 7.619847e+05
4.613268e+01 3.950792e+05 7.223281e+05
4.705741e+01 3.729367e+05 6.843301e+05
4.800067e+01 3.515146e+05 6.485815e+05
4.896284e+01 3.305471e+05 6.143831e+05
4.994430e+01 3.127175e+05 5.819686e+05
5.094543e+01 2.944201e+05 5.519348e+05
5.196662e+01 2.780582e+05 5.225562e+05
5.300829e+01 2.631292e+05 4.946150e+05
5.407084e+01 2.489937e+05 4.681978e+05
5.515468e+01 2.356098e+05 4.436620e+05
5.626026e+01 2.229379e+05 4.203131e+05
5.738799e+01 2.109668e+05 3.982740e+05
5.853833e+01 1.996916e+05 3.780544e+05
5.971172e+01 1.885544e+05 3.580824e+05
6.090864e+01 1.789032e+05 3.391301e+05
6.212955e+01 1.691987e+05 3.210225e+05
6.337493e+01 1.599764e+05 3.037514e+05
6.464528e+01 1.514517e+05 2.873908e+05
6.594109e+01 1.433111e+05 2.723929e+05
6.726287e+01 1.356035e+05 2.583273e+05
6.861115e+01 1.283060e+05 2.445997e+05
6.998645e+01 1.214165e+05 2.321934e+05
7.138933e+01 1.149019e+05 2.207169e+05
7.282032e+01 1.087278e+05 2.088304e+05
7.428000e+01 1.028424e+05 1.975684e+05
7.576894e+01 9.727881e+04 1.868986e+05
7.728772e+01 9.201299e+04 1.767904e+05
7.883694e+01 8.689249e+04 1.672243e+05
8.041722e+01 8.217294e+04 1.584035e+05
8.202918e+01 7.785929e+04 1.500293e+05
8.367345e+01 7.364109e+04 1.418165e+05
8.535068e+01 6.965451e+04 1.342582e+05
8.706153e+01 6.591839e+04 1.270768e+05
8.880667e+01 6.223834e+04 1.202703e+05
9.058679e+01 5.886924e+04 1.139067e+05
9.240260e+01 5.568250e+04 1.079400e+05
9.425480e+01 5.256478e+04 1.021993e+05
9.614413e+01 4.968723e+04 9.662678e+04
9.807133e+01 4.689041e+04 9.135013e+04
1.000372e+02 4.418715e+04 8.659912e+04
1.020424e+02 4.181943e+04 8.186326e+04
1.040878e+02 3.952766e+04 7.750746e+04
1.061743e+02 3.732986e+04 7.331039e+04
1.083025e+02 3.527416e+04 6.928325e+04
1.104734e+02 3.338309e+04 6.547096e+04
1.126879e+02 3.149298e+04 6.196273e+04
1.149467e+02 2.968695e+04 5.851235e+04
1.172508e+02 2.800608e+04 5.533481e+04
1.196011e+02 2.646019e+04 5.232642e+04
1.219985e+02 2.496256e+04 4.947831e+04
1.244439e+02 2.363291e+04 4.691088e+04
1.269384e+02 2.231160e+04 4.436001e+04
1.294828e+02 2.108621e+04 4.193381e+04
1.320783e+02 1.986645e+04 3.964176e+04
1.347258e+02 1.869658e+04 3.747046e+04
1.374264e+02 1.765272e+04 3.541559e+04
1.401811e+02 1.664554e+04 3.347101e+04
1.429910e+02 1.568003e+04 3.165967e+04
1.458573e+02 1.480375e+04 2.995230e+04
1.487810e+02 1.386921e+04 2.832142e+04
1.517633e+02 1.302546e+04 2.675642e+04
1.548053e+02 1.221643e+04 2.532291e+04
1.579084e+02 1.146406e+04 2.395415e+04
1.610737e+02 1.078880e+04 2.266586e+04
1.643024e+02 1.020180e+04 2.145151e+04
1.675958e+02 9.685281e+03 2.028469e+04
1.709552e+02 9.125647e+03 1.919208e+04
1.743820e+02 8.560823e+03 1.818276e+04
1.778775e+02 8.047880e+03 1.720912e+04
1.814430e+02 7.526174e+03 1.628569e+04
1.850801e+02 7.060525e+03 1.540604e+04
1.887900e+02 6.609818e+03 1.456121e+04
1.925743e+02 6.186148e+03 1.380347e+04
1.964344e+02 5.792394e+03 1.305430e+04
2.003719e+02 5.424982e+03 1.231888e+04
2.043883e+02 5.083137e+03 1.162178e+04
2.084853e+02 4.773133e+03 1.098639e+04
2.126644e+02 4.439036e+03 1.037391e+04
2.169272e+02 4.166635e+03 9.789350e+03
2.212755e+02 3.910585e+03 9.236609e+03
2.257109e+02 3.663511e+03 8.714000e+03
2.302353e+02 3.428971e+03 8.219853e+03
2.348503e+02 3.237032e+03 7.753105e+03
2.395579e+02 3.055102e+03 7.321876e+03
2.443598e+02 2.862305e+03 6.916844e+03
2.492580e+02 2.689095e+03 6.530070e+03
2.542544e+02 2.512124e+03 6.169153e+03
2.593509e+02 2.345831e+03 5.815753e+03
2.645495e+02 2.204796e+03 5.475363e+03
2.698524e+02 2.073368e+03 5.188994e+03
2.752616e+02 1.945690e+03 4.890061e+03
2.807792e+02 1.806182e+03 4.606239e+03
2.864074e+02 1.684942e+03 4.339531e+03
2.921484e+02 1.568412e+03 4.088078e+03
2.980045e+02 1.475816e+03 3.850847e+03
3.039780e+02 1.389803e+03 3.628345e+03
3.100712e+02 1.302306e+03 3.420242e+03
3.162865e+02 1.215219e+03 3.225948e+03
3.226265e+02 1.135455e+03 3.043986e+03
3.290935e+02 1.054169e+03 2.897965e+03
3.356901e+02 9.826521e+02 2.754434e+03
3.424190e+02 9.245699e+02 2.602570e+03
3.492828e+02 8.707859e+02 2.457115e+03
3.562841e+02 8.111458e+02 2.316958e+03
3.634258e+02 7.620835e+02 2.183864e+03
3.707107e+02 7.082047e+02 2.055674e+03
3.781415e+02 6.543154e+02 1.931041e+03
3.857213e+02 6.052193e+02 1.814812e+03
3.934531e+02 5.607053e+02 1.710136e+03
4.013398e+02 5.239083e+02 1.611253e+03
4.093847e+02 4.882696e+02 1.520746e+03
4.175907e+02 4.525808e+02 1.434513e+03
4.259613e+02 4.184657e+02 1.349039e+03
4.344997e+02 3.897282e+02 1.270678e+03
4.432092e+02 3.609836e+02 1.196796e+03
4.520933e+02 3.328150e+02 1.136147e+03
4.611555e+02 3.097033e+02 1.074129e+03
4.703993e+02 2.890524e+02 1.011538e+03
4.798284e+02 2.654513e+02 9.524647e+02
4.894465e+02 2.435514e+02 8.967179e+02
4.992574e+02 2.281093e+02 8.439380e+02
5.092650e+02 2.100194e+02 7.932877e+02
5.194732e+02 1.916986e+02 7.437338e+02
5.298860e+02 1.749599e+02 6.964301e+02
5.405075e+02 1.597157e+02 6.563488e+02
5.513420e+02 1.477304e+02 6.156842e+02
5.623936e+02 1.358311e+02 5.785642e+02
5.736667e+02 1.268584e+02 5.428002e+02
5.851658e+02 1.186069e+02 5.093111e+02
5.968954e+02 1.105469e+02 4.788233e+02
6.088601e+02 1.019672e+02 4.500824e+02
6.210647e+02 9.290914e+01 4.229916e+02
6.335139e+02 8.525936e+01 3.974597e+02
6.462126e+02 7.837923e+01 3.734001e+02
6.591659e+02 7.192222e+01 3.507310e+02
6.723788e+02 6.709804e+01 3.293750e+02
6.858566e+02 6.255232e+01 3.092589e+02
6.996046e+02 5.829167e+01 2.902513e+02
7.136281e+02 5.329347e+01 2.717077e+02
7.279327e+02 4.847604e+01 2.541159e+02
7.425240e+02 4.385966e+01 2.378482e+02
7.574079e+02 4.004233e+01 2.231451e+02
7.725901e+02 3.681596e+01 2.093027e+02
7.880766e+02 3.392278e+01 1.962383e+02
8.038735e+02 3.127839e+01 1.837947e+02
8.199871e+02 2.878520e+01 1.720917e+02
8.364237e+02 2.636971e+01 1.615605e+02
8.531897e+02 2.396540e+01 1.514039e+02
8.702918e+02 2.164505e+01 1.418012e+02
8.877368e+02 1.942052e+01 1.327723e+02
9.055314e+02 1.740502e+01 1.242847e+02
9.236827e+02 1.558643e+01 1.163076e+02
9.421978e+02 1.435801e+01 1.088119e+02
9.610841e+02 1.316263e+01 1.018631e+02
9.803490e+02 1.212393e+01 9.537831e+01
1.000000e+03 1.090841e+01 8.926624e+01
