Energy(MeV)	Incoming Spectral Fluence(MeV-1 cm-2)	Residual Spectral Fluence(MeV-1 cm-2)
1.0000e-03	0.0000e+00	2.5390e+05
1.5000e-03	0.0000e+00	2.5396e+05
2.0000e-03	0.0000e+00	2.5400e+05
2.5000e-03	0.0000e+00	2.5403e+05
3.0000e-03	0.0000e+00	2.5406e+05
3.5000e-03	0.0000e+00	2.5408e+05
4.0000e-03	0.0000e+00	2.5410e+05
4.5000e-03	0.0000e+00	2.5411e+05
5.0000e-03	0.0000e+00	2.5413e+05
5.5000e-03	0.0000e+00	2.5414e+05
6.0000e-03	0.0000e+00	2.5415e+05
6.5000e-03	0.0000e+00	2.5417e+05
7.0000e-03	0.0000e+00	2.5418e+05
7.5000e-03	0.0000e+00	2.5419e+05
8.0000e-03	0.0000e+00	2.5419e+05
8.5000e-03	0.0000e+00	2.5420e+05
9.0000e-03	0.0000e+00	2.5421e+05
9.5000e-03	0.0000e+00	2.5422e+05
1.0000e-02	0.0000e+00	2.5423e+05
1.5000e-02	0.0000e+00	2.5438e+05
2.0000e-02	0.0000e+00	2.5450e+05
2.5000e-02	0.0000e+00	2.5460e+05
3.0000e-02	0.0000e+00	2.5467e+05
3.5000e-02	0.0000e+00	2.5474e+05
4.0000e-02	5.7807e+11	2.5479e+05
4.0820e-02	5.6326e+11	2.5480e+05
4.1657e-02	5.4883e+11	2.5481e+05
4.2511e-02	5.3476e+11	2.5482e+05
4.3382e-02	5.2106e+11	2.5483e+05
4.4272e-02	5.0771e+11	2.5483e+05
4.5179e-02	4.9470e+11	2.5484e+05
4.6106e-02	4.8202e+11	2.5485e+05
4.7051e-02	4.6967e+11	2.5486e+05
4.8016e-02	4.5763e+11	2.5487e+05
4.9000e-02	4.4590e+11	2.5488e+05
5.0004e-02	4.3448e+11	2.5489e+05
5.1030e-02	4.2334e+11	2.5492e+05
5.2076e-02	4.1249e+11	2.5494e+05
5.3143e-02	4.0192e+11	2.5496e+05
5.4233e-02	3.9161e+11	2.5499e+05
5.5345e-02	3.8158e+11	2.5501e+05
5.6479e-02	3.7179e+11	2.5503e+05
5.7637e-02	3.6226e+11	2.5505e+05
5.8819e-02	3.5297e+11	2.5508e+05
6.0025e-02	3.4392e+11	2.5510e+05
6.1255e-02	3.3511e+11	2.5512e+05
6.2511e-02	3.2651e+11	2.5514e+05
6.3793e-02	3.1814e+11	2.5517e+05
6.5100e-02	3.0998e+11	2.5519e+05
6.6435e-02	3.0203e+11	2.5521e+05
6.7797e-02	2.9429e+11	2.5523e+05
6.9187e-02	2.8674e+11	2.5526e+05
7.0605e-02	2.7938e+11	2.5528e+05
7.2053e-02	2.7222e+11	2.5530e+05
7.3530e-02	2.6524e+11	2.5532e+05
7.5038e-02	2.5843e+11	2.5535e+05
7.6576e-02	2.5180e+11	2.5537e+05
7.8146e-02	2.4534e+11	2.5539e+05
7.9748e-02	2.3904e+11	2.5542e+05
8.1383e-02	2.3291e+11	2.5544e+05
8.3051e-02	2.2693e+11	2.5546e+05
8.4754e-02	2.2111e+11	2.5548e+05
8.6491e-02	2.1543e+11	2.5551e+05
8.8265e-02	2.0990e+11	2.5553e+05
9.0074e-02	2.0451e+11	2.5557e+05
9.1921e-02	1.9926e+11	2.5560e+05
9.3805e-02	1.9414e+11	2.5564e+05
9.5728e-02	1.8916e+11	2.5567e+05
9.7691e-02	1.8430e+11	2.5571e+05
9.9694e-02	1.7957e+11	2.5575e+05
1.0174e-01	1.7495e+11	2.5578e+05
1.0382e-01	1.7046e+11	2.5582e+05
1.0595e-01	1.6608e+11	2.5585e+05
1.0812e-01	1.6181e+11	2.5589e+05
1.1034e-01	1.5765e+11	2.5593e+05
1.1260e-01	1.5360e+11	2.5596e+05
1.1491e-01	1.4965e+11	2.5600e+05
1.1727e-01	1.4580e+11	2.5603e+05
1.1967e-01	1.4205e+11	2.5607e+05
1.2212e-01	1.3840e+11	2.5611e+05
1.2463e-01	1.3484e+11	2.5614e+05
1.2718e-01	1.3137e+11	2.5618e+05
1.2979e-01	1.2799e+11	2.5623e+05
1.3245e-01	1.2470e+11	2.5628e+05
1.3517e-01	1.2149e+11	2.5633e+05
1.3794e-01	1.1836e+11	2.5638e+05
1.4077e-01	1.1531e+11	2.5643e+05
1.4365e-01	1.1234e+11	2.5647e+05
1.4660e-01	1.0945e+11	2.5652e+05
1.4960e-01	1.0663e+11	2.5657e+05
1.5267e-01	1.0388e+11	2.5662e+05
1.5580e-01	1.0121e+11	2.5667e+05
1.5899e-01	9.8598e+10	2.5672e+05
1.6225e-01	9.6057e+10	2.5677e+05
1.6558e-01	9.3580e+10	2.5682e+05
1.6897e-01	9.1166e+10	2.5688e+05
1.7244e-01	8.8815e+10	2.5694e+05
1.7597e-01	8.6523e+10	2.5701e+05
1.7958e-01	8.4290e+10	2.5707e+05
1.8326e-01	8.2114e+10	2.5713e+05
1.8702e-01	7.9994e+10	2.5719e+05
1.9085e-01	7.7928e+10	2.5726e+05
1.9477e-01	7.5915e+10	2.5732e+05
1.9876e-01	7.3954e+10	2.5738e+05
2.0283e-01	7.2043e+10	2.5744e+05
2.0699e-01	7.0180e+10	2.5751e+05
2.1124e-01	6.8365e+10	2.5759e+05
2.1557e-01	6.6597e+10	2.5767e+05
2.1999e-01	6.4874e+10	2.5774e+05
2.2450e-01	6.3195e+10	2.5782e+05
2.2910e-01	6.1559e+10	2.5789e+05
2.3379e-01	5.9965e+10	2.5797e+05
2.3859e-01	5.8411e+10	2.5805e+05
2.4348e-01	5.6898e+10	2.5812e+05
2.4847e-01	5.5423e+10	2.5821e+05
2.5356e-01	5.3986e+10	2.5830e+05
2.5876e-01	5.2585e+10	2.5839e+05
2.6407e-01	5.1221e+10	2.5848e+05
2.6948e-01	4.9891e+10	2.5857e+05
2.7501e-01	4.8596e+10	2.5866e+05
2.8064e-01	4.7333e+10	2.5874e+05
2.8640e-01	4.6103e+10	2.5884e+05
2.9227e-01	4.4905e+10	2.5894e+05
2.9826e-01	4.3737e+10	2.5905e+05
3.0438e-01	4.2599e+10	2.5915e+05
3.1062e-01	4.1490e+10	2.5925e+05
3.1698e-01	4.0410e+10	2.5935e+05
3.2348e-01	3.9357e+10	2.5946e+05
3.3011e-01	3.8331e+10	2.5958e+05
3.3688e-01	3.7332e+10	2.5969e+05
3.4379e-01	3.6358e+10	2.5981e+05
3.5084e-01	3.5409e+10	2.5992e+05
3.5803e-01	3.4484e+10	2.6004e+05
3.6537e-01	3.3583e+10	2.6016e+05
3.7286e-01	3.2705e+10	2.6029e+05
3.8050e-01	3.1850e+10	2.6042e+05
3.8830e-01	3.1017e+10	2.6055e+05
3.9627e-01	3.0205e+10	2.6068e+05
4.0439e-01	2.9413e+10	2.6082e+05
4.1268e-01	2.8642e+10	2.6096e+05
4.2114e-01	2.7891e+10	2.6110e+05
4.2977e-01	2.7159e+10	2.6124e+05
4.3859e-01	2.6446e+10	2.6139e+05
4.4758e-01	2.5751e+10	2.6154e+05
4.5675e-01	2.5074e+10	2.6170e+05
4.6612e-01	2.4415e+10	2.6185e+05
4.7567e-01	2.3772e+10	2.6201e+05
4.8542e-01	2.3146e+10	2.6218e+05
4.9538e-01	2.2535e+10	2.6234e+05
5.0553e-01	2.1941e+10	2.6251e+05
5.1590e-01	2.1362e+10	2.6268e+05
5.2647e-01	2.0797e+10	2.6286e+05
5.3727e-01	2.0248e+10	2.6305e+05
5.4828e-01	1.9712e+10	2.6323e+05
5.5952e-01	1.9190e+10	2.6342e+05
5.7099e-01	1.8681e+10	2.6361e+05
5.8270e-01	1.8186e+10	2.6381e+05
5.9464e-01	1.7703e+10	2.6400e+05
6.0683e-01	1.7233e+10	2.6421e+05
6.1927e-01	1.6775e+10	2.6442e+05
6.3197e-01	1.6328e+10	2.6463e+05
6.4493e-01	1.5893e+10	2.6485e+05
6.5815e-01	1.5470e+10	2.6507e+05
6.7164e-01	1.5057e+10	2.6530e+05
6.8541e-01	1.4655e+10	2.6553e+05
6.9946e-01	1.4263e+10	2.6577e+05
7.1380e-01	1.3881e+10	2.6600e+05
7.2844e-01	1.3509e+10	2.6625e+05
7.4337e-01	1.3147e+10	2.6650e+05
7.5861e-01	1.2794e+10	2.6676e+05
7.7416e-01	1.2450e+10	2.6702e+05
7.9003e-01	1.2115e+10	2.6729e+05
8.0623e-01	1.1789e+10	2.6722e+05
8.2276e-01	1.1471e+10	2.6713e+05
8.3963e-01	1.1161e+10	2.6723e+05
8.5684e-01	1.0859e+10	2.6752e+05
8.7441e-01	1.0565e+10	2.6782e+05
8.9233e-01	1.0279e+10	2.6812e+05
9.1063e-01	1.0000e+10	2.6842e+05
9.2929e-01	9.7286e+09	2.6874e+05
9.4835e-01	9.4640e+09	2.6906e+05
9.6779e-01	9.2062e+09	2.6939e+05
9.8763e-01	8.9551e+09	2.6972e+05
1.0079e+00	8.7105e+09	2.7006e+05
1.0285e+00	8.4722e+09	2.7041e+05
1.0496e+00	8.2402e+09	2.7077e+05
1.0711e+00	8.0141e+09	2.7113e+05
1.0931e+00	7.7939e+09	2.7150e+05
1.1155e+00	7.5795e+09	2.7187e+05
1.1384e+00	7.3706e+09	2.7226e+05
1.1617e+00	7.1672e+09	2.7265e+05
1.1855e+00	6.9690e+09	2.7305e+05
1.2098e+00	6.7761e+09	2.7346e+05
1.2346e+00	6.5881e+09	2.7388e+05
1.2600e+00	6.4051e+09	2.7431e+05
1.2858e+00	6.2268e+09	2.7475e+05
1.3121e+00	6.0532e+09	2.7519e+05
1.3391e+00	5.8841e+09	2.7564e+05
1.3665e+00	5.7194e+09	2.7611e+05
1.3945e+00	5.5591e+09	2.7658e+05
1.4231e+00	5.4029e+09	2.7706e+05
1.4523e+00	5.2509e+09	2.7755e+05
1.4821e+00	5.1028e+09	2.7806e+05
1.5124e+00	4.9586e+09	2.7857e+05
1.5434e+00	4.8182e+09	2.7909e+05
1.5751e+00	4.6815e+09	2.7962e+05
1.6074e+00	4.5484e+09	2.8017e+05
1.6403e+00	4.4188e+09	2.8072e+05
1.6740e+00	4.2926e+09	2.8129e+05
1.7083e+00	4.1698e+09	2.8186e+05
1.7433e+00	4.0502e+09	2.8245e+05
1.7790e+00	3.9337e+09	2.8304e+05
1.8155e+00	3.8204e+09	2.8365e+05
1.8527e+00	3.7100e+09	2.8426e+05
1.8907e+00	3.6026e+09	2.8489e+05
1.9295e+00	3.4980e+09	2.8553e+05
1.9690e+00	3.3962e+09	2.8618e+05
2.0094e+00	3.2972e+09	2.8685e+05
2.0506e+00	3.2007e+09	2.8754e+05
2.0926e+00	3.1069e+09	2.8824e+05
2.1355e+00	3.0155e+09	2.8896e+05
2.1793e+00	2.9266e+09	2.8970e+05
2.2240e+00	2.8401e+09	2.9045e+05
2.2696e+00	2.7559e+09	2.9122e+05
2.3161e+00	2.6739e+09	2.9200e+05
2.3636e+00	2.5942e+09	2.9281e+05
2.4121e+00	2.5166e+09	2.9362e+05
2.4615e+00	2.4411e+09	2.9446e+05
2.5120e+00	2.3677e+09	2.9531e+05
2.5635e+00	2.2962e+09	2.9618e+05
2.6160e+00	2.2267e+09	2.9707e+05
2.6697e+00	2.1591e+09	2.9798e+05
2.7244e+00	2.0933e+09	2.9890e+05
2.7802e+00	2.0293e+09	2.9985e+05
2.8372e+00	1.9671e+09	3.0081e+05
2.8954e+00	1.9066e+09	3.0180e+05
2.9548e+00	1.8477e+09	3.0280e+05
3.0153e+00	1.7905e+09	3.0382e+05
3.0772e+00	1.7348e+09	3.0487e+05
3.1402e+00	1.6807e+09	3.0593e+05
3.2046e+00	1.6280e+09	3.0702e+05
3.2703e+00	1.5769e+09	3.0813e+05
3.3374e+00	1.5271e+09	3.0926e+05
3.4058e+00	1.4788e+09	3.1041e+05
3.4756e+00	1.4318e+09	3.1159e+05
3.5469e+00	1.3861e+09	3.1279e+05
3.6196e+00	1.3417e+09	3.1402e+05
3.6938e+00	1.2986e+09	3.1527e+05
3.7695e+00	1.2566e+09	3.1654e+05
3.8468e+00	1.2159e+09	3.1784e+05
3.9257e+00	1.1763e+09	3.1916e+05
4.0061e+00	1.1379e+09	3.2052e+05
4.0883e+00	1.1005e+09	3.2189e+05
4.1721e+00	1.0642e+09	3.2330e+05
4.2576e+00	1.0290e+09	3.2473e+05
4.3449e+00	9.9476e+08	3.2619e+05
4.4340e+00	9.6154e+08	3.2768e+05
4.5249e+00	9.2930e+08	3.2919e+05
4.6176e+00	8.9809e+08	3.3074e+05
4.7123e+00	8.6785e+08	3.3231e+05
4.8089e+00	8.3856e+08	3.3392e+05
4.9075e+00	8.1020e+08	3.3555e+05
5.0081e+00	7.8272e+08	3.3722e+05
5.1108e+00	7.5612e+08	3.3891e+05
5.2156e+00	7.3035e+08	3.4064e+05
5.3225e+00	7.0539e+08	3.4240e+05
5.4316e+00	6.8122e+08	3.4419e+05
5.5430e+00	6.5782e+08	3.4602e+05
5.6566e+00	6.3516e+08	3.4788e+05
5.7726e+00	6.1321e+08	3.4977e+05
5.8909e+00	5.9196e+08	3.5170e+05
6.0117e+00	5.7138e+08	3.5367e+05
6.1349e+00	5.5146e+08	3.5578e+05
6.2607e+00	5.3218e+08	3.5793e+05
6.3891e+00	5.1350e+08	3.6006e+05
6.5200e+00	4.9543e+08	3.6219e+05
6.6537e+00	4.7793e+08	3.6433e+05
6.7901e+00	4.6099e+08	3.6651e+05
6.9293e+00	4.4460e+08	3.6872e+05
7.0714e+00	4.2873e+08	3.7098e+05
7.2164e+00	4.1337e+08	3.7327e+05
7.3643e+00	3.9851e+08	3.7560e+05
7.5153e+00	3.8412e+08	3.7797e+05
7.6693e+00	3.7020e+08	3.8038e+05
7.8266e+00	3.5674e+08	3.8287e+05
7.9870e+00	3.4371e+08	3.8538e+05
8.1508e+00	3.3110e+08	3.8791e+05
8.3179e+00	3.1891e+08	3.8932e+05
8.4884e+00	3.0712e+08	3.9186e+05
8.6624e+00	2.9571e+08	3.9446e+05
8.8400e+00	2.8468e+08	3.9712e+05
9.0212e+00	2.7401e+08	3.9988e+05
9.2062e+00	2.6369e+08	4.0265e+05
9.3949e+00	2.5372e+08	4.0545e+05
9.5875e+00	2.4408e+08	4.0828e+05
9.7841e+00	2.3476e+08	4.1114e+05
9.9847e+00	2.2575e+08	4.1403e+05
1.0189e+01	2.1705e+08	4.1696e+05
1.0398e+01	2.0864e+08	4.1991e+05
1.0611e+01	2.0051e+08	4.2282e+05
1.0829e+01	1.9266e+08	4.2571e+05
1.1051e+01	1.8508e+08	4.2874e+05
1.1278e+01	1.7775e+08	4.3182e+05
1.1509e+01	1.7068e+08	4.3494e+05
1.1745e+01	1.6385e+08	4.3808e+05
1.1985e+01	1.5726e+08	4.4125e+05
1.2231e+01	1.5090e+08	4.4444e+05
1.2482e+01	1.4476e+08	4.4766e+05
1.2738e+01	1.3883e+08	4.5089e+05
1.2999e+01	1.3312e+08	4.5414e+05
1.3265e+01	1.2761e+08	4.5742e+05
1.3537e+01	1.2229e+08	4.6103e+05
1.3815e+01	1.1716e+08	4.6443e+05
1.4098e+01	1.1222e+08	4.6775e+05
1.4387e+01	1.0746e+08	4.7109e+05
1.4682e+01	1.0287e+08	4.7453e+05
1.4983e+01	9.8448e+07	4.7793e+05
1.5290e+01	9.4190e+07	4.8124e+05
1.5604e+01	9.0088e+07	4.8467e+05
1.5924e+01	8.6140e+07	4.8805e+05
1.6250e+01	8.2339e+07	4.9139e+05
1.6583e+01	7.8682e+07	4.9470e+05
1.6923e+01	7.5163e+07	4.9774e+05
1.7270e+01	7.1779e+07	5.0100e+05
1.7624e+01	6.8525e+07	5.0426e+05
1.7986e+01	6.5397e+07	5.0750e+05
1.8354e+01	6.2390e+07	5.1070e+05
1.8731e+01	5.9502e+07	5.1386e+05
1.9115e+01	5.6728e+07	5.1740e+05
1.9507e+01	5.4064e+07	5.2053e+05
1.9906e+01	5.1507e+07	5.2360e+05
2.0315e+01	4.9053e+07	5.2668e+05
2.0731e+01	4.6700e+07	5.2962e+05
2.1156e+01	4.4443e+07	5.3255e+05
2.1590e+01	4.2279e+07	5.3534e+05
2.2032e+01	4.0205e+07	5.3775e+05
2.2484e+01	3.8219e+07	5.4041e+05
2.2945e+01	3.6317e+07	5.4298e+05
2.3415e+01	3.4496e+07	5.4543e+05
2.3895e+01	3.2754e+07	5.4826e+05
2.4385e+01	3.1087e+07	5.5053e+05
2.4885e+01	2.9494e+07	5.5280e+05
2.5395e+01	2.7971e+07	5.5506e+05
2.5916e+01	2.6516e+07	5.5697e+05
2.6447e+01	2.5126e+07	5.5843e+05
2.6990e+01	2.3800e+07	5.6009e+05
2.7543e+01	2.2534e+07	5.6157e+05
2.8108e+01	2.1327e+07	5.6339e+05
2.8684e+01	2.0177e+07	5.6467e+05
2.9272e+01	1.9081e+07	5.6599e+05
2.9872e+01	1.8037e+07	5.6686e+05
3.0484e+01	1.7043e+07	5.6744e+05
3.1109e+01	1.6097e+07	5.6796e+05
3.1747e+01	1.5198e+07	5.6874e+05
3.2398e+01	1.4344e+07	5.6897e+05
3.3062e+01	1.3532e+07	5.6920e+05
3.3740e+01	1.2761e+07	5.6882e+05
3.4432e+01	1.2029e+07	5.6835e+05
3.5138e+01	1.1335e+07	5.6760e+05
3.5858e+01	1.0677e+07	5.6684e+05
3.6593e+01	1.0053e+07	5.6599e+05
3.7343e+01	9.4630e+06	5.6454e+05
3.8109e+01	8.9043e+06	5.6295e+05
3.8890e+01	8.3757e+06	5.6122e+05
3.9687e+01	7.8760e+06	5.5951e+05
4.0501e+01	7.4039e+06	5.5724e+05
4.1331e+01	6.9593e+06	5.5469e+05
4.2179e+01	6.5434e+06	5.5230e+05
4.3043e+01	6.1542e+06	5.4941e+05
4.3926e+01	5.7899e+06	5.4618e+05
4.4826e+01	5.4488e+06	5.4284e+05
4.5745e+01	5.1294e+06	5.3923e+05
4.6683e+01	4.8301e+06	5.3529e+05
4.7640e+01	4.5497e+06	5.3127e+05
4.8617e+01	4.2868e+06	5.2694e+05
4.9614e+01	4.0403e+06	5.2230e+05
5.0631e+01	3.8091e+06	5.1768e+05
5.1669e+01	3.5922e+06	5.1263e+05
5.2728e+01	3.3886e+06	5.0746e+05
5.3809e+01	3.1975e+06	5.0207e+05
5.4912e+01	3.0180e+06	4.9638e+05
5.6038e+01	2.8494e+06	4.9060e+05
5.7187e+01	2.6909e+06	4.8452e+05
5.8359e+01	2.5420e+06	4.7837e+05
5.9556e+01	2.4020e+06	4.7195e+05
6.0777e+01	2.2702e+06	4.6537e+05
6.2023e+01	2.1463e+06	4.5863e+05
6.3294e+01	2.0297e+06	4.5171e+05
6.4592e+01	1.9199e+06	4.4478e+05
6.5916e+01	1.8165e+06	4.3765e+05
6.7267e+01	1.7191e+06	4.3050e+05
6.8646e+01	1.6272e+06	4.2317e+05
7.0054e+01	1.5407e+06	4.1566e+05
7.1490e+01	1.4591e+06	4.0814e+05
7.2955e+01	1.3821e+06	4.0051e+05
7.4451e+01	1.3095e+06	3.9277e+05
7.5977e+01	1.2410e+06	3.8491e+05
7.7535e+01	1.1763e+06	3.7702e+05
7.9125e+01	1.1152e+06	3.6914e+05
8.0747e+01	1.0574e+06	3.6119e+05
8.2402e+01	1.0029e+06	3.5322e+05
8.4092e+01	9.5134e+05	3.4523e+05
8.5815e+01	9.0259e+05	3.3721e+05
8.7575e+01	8.5649e+05	3.2919e+05
8.9370e+01	8.1287e+05	3.2118e+05
9.1202e+01	7.7160e+05	3.1316e+05
9.3072e+01	7.3254e+05	3.0517e+05
9.4980e+01	6.9555e+05	2.9724e+05
9.6927e+01	6.6053e+05	2.8945e+05
9.8915e+01	6.2735e+05	2.8164e+05
1.0094e+02	5.9591e+05	2.7377e+05
1.0301e+02	5.6612e+05	2.6599e+05
1.0512e+02	5.3787e+05	2.5831e+05
1.0728e+02	5.1109e+05	2.5074e+05
1.0948e+02	4.8569e+05	2.4327e+05
1.1172e+02	4.6160e+05	2.3592e+05
1.1401e+02	4.3874e+05	2.2869e+05
1.1635e+02	4.1705e+05	2.2157e+05
1.1874e+02	3.9645e+05	2.1459e+05
1.2117e+02	3.7690e+05	2.0773e+05
1.2365e+02	3.5834e+05	2.0100e+05
1.2619e+02	3.4070e+05	1.9449e+05
1.2878e+02	3.2395e+05	1.8816e+05
1.3142e+02	3.0804e+05	1.8196e+05
1.3411e+02	2.9291e+05	1.7588e+05
1.3686e+02	2.7854e+05	1.6992e+05
1.3967e+02	2.6488e+05	1.6410e+05
1.4253e+02	2.5189e+05	1.5841e+05
1.4545e+02	2.3954e+05	1.5285e+05
1.4843e+02	2.2780e+05	1.4741e+05
1.5148e+02	2.1663e+05	1.4202e+05
1.5458e+02	2.0600e+05	1.3673e+05
1.5775e+02	1.9590e+05	1.3158e+05
1.6098e+02	1.8628e+05	1.2659e+05
1.6428e+02	1.7713e+05	1.2174e+05
1.6765e+02	1.6843e+05	1.1703e+05
1.7109e+02	1.6014e+05	1.1246e+05
1.7460e+02	1.5226e+05	1.0804e+05
1.7818e+02	1.4475e+05	1.0375e+05
1.8183e+02	1.3761e+05	9.9639e+04
1.8556e+02	1.3081e+05	9.5685e+04
1.8936e+02	1.2433e+05	9.1851e+04
1.9324e+02	1.1817e+05	8.8136e+04
1.9721e+02	1.1230e+05	8.4541e+04
2.0125e+02	1.0672e+05	8.1023e+04
2.0537e+02	1.0140e+05	7.7590e+04
2.0958e+02	9.6336e+04	7.4277e+04
2.1388e+02	9.1516e+04	7.1082e+04
2.1827e+02	8.6926e+04	6.8002e+04
2.2274e+02	8.2556e+04	6.5033e+04
2.2731e+02	7.8395e+04	6.2173e+04
2.3197e+02	7.4434e+04	5.9423e+04
2.3672e+02	7.0663e+04	5.6808e+04
2.4158e+02	6.7072e+04	5.4295e+04
2.4653e+02	6.3654e+04	5.1873e+04
2.5158e+02	6.0401e+04	4.9522e+04
2.5674e+02	5.7304e+04	4.7237e+04
2.6200e+02	5.4356e+04	4.5043e+04
2.6738e+02	5.1550e+04	4.2937e+04
2.7286e+02	4.8880e+04	4.0915e+04
2.7845e+02	4.6339e+04	3.8975e+04
2.8416e+02	4.3921e+04	3.7116e+04
2.8999e+02	4.1621e+04	3.5356e+04
2.9593e+02	3.9432e+04	3.3668e+04
3.0200e+02	3.7351e+04	3.2036e+04
3.0819e+02	3.5371e+04	3.0459e+04
3.1451e+02	3.3488e+04	2.8950e+04
3.2095e+02	3.1697e+04	2.7506e+04
3.2753e+02	2.9995e+04	2.6124e+04
3.3425e+02	2.8377e+04	2.4803e+04
3.4110e+02	2.6839e+04	2.3554e+04
3.4809e+02	2.5377e+04	2.2361e+04
3.5523e+02	2.3988e+04	2.1206e+04
3.6251e+02	2.2669e+04	2.0101e+04
3.6995e+02	2.1416e+04	1.9046e+04
3.7753e+02	2.0226e+04	1.8040e+04
3.8527e+02	1.9096e+04	1.7080e+04
3.9317e+02	1.8023e+04	1.6174e+04
4.0123e+02	1.7005e+04	1.5308e+04
4.0945e+02	1.6040e+04	1.4474e+04
4.1785e+02	1.5124e+04	1.3681e+04
4.2642e+02	1.4255e+04	1.2925e+04
4.3516e+02	1.3431e+04	1.2206e+04
4.4408e+02	1.2650e+04	1.1528e+04
4.5318e+02	1.1910e+04	1.0880e+04
4.6247e+02	1.1209e+04	1.0261e+04
4.7195e+02	1.0545e+04	9.6720e+03
4.8163e+02	9.9164e+03	9.1130e+03
4.9150e+02	9.3214e+03	8.5841e+03
5.0158e+02	8.7583e+03	8.0836e+03
5.1186e+02	8.2256e+03	7.6051e+03
5.2236e+02	7.7219e+03	7.1514e+03
5.3307e+02	7.2458e+03	6.7215e+03
5.4399e+02	6.7958e+03	6.3161e+03
5.5515e+02	6.3708e+03	5.9318e+03
5.6653e+02	5.9694e+03	5.5662e+03
5.7814e+02	5.5906e+03	5.2203e+03
5.9000e+02	5.2331e+03	4.8938e+03
6.0209e+02	4.8960e+03	4.5862e+03
6.1443e+02	4.5781e+03	4.2939e+03
6.2703e+02	4.2786e+03	4.0180e+03
6.3989e+02	3.9965e+03	3.7578e+03
6.5300e+02	3.7308e+03	3.5130e+03
6.6639e+02	3.4808e+03	3.2813e+03
6.8005e+02	3.2456e+03	3.0629e+03
6.9400e+02	3.0245e+03	2.8579e+03
7.0822e+02	2.8168e+03	2.6649e+03
7.2274e+02	2.6216e+03	2.4827e+03
7.3756e+02	2.4384e+03	2.3115e+03
7.5268e+02	2.2666e+03	2.1510e+03
7.6811e+02	2.1054e+03	1.9998e+03
7.8386e+02	1.9544e+03	1.8580e+03
7.9993e+02	1.8129e+03	1.7254e+03
8.1633e+02	1.6805e+03	1.6007e+03
8.3306e+02	1.5566e+03	1.4839e+03
8.5014e+02	1.4408e+03	1.3748e+03
8.6757e+02	1.3326e+03	1.2725e+03
8.8536e+02	1.2316e+03	1.1769e+03
9.0351e+02	1.1373e+03	1.0877e+03
9.2203e+02	1.0494e+03	1.0043e+03
9.4093e+02	9.6750e+02	9.2658e+02
9.6022e+02	8.9125e+02	8.5421e+02
9.7991e+02	8.2031e+02	7.8670e+02
1.0000e+03	7.5436e+02	7.2419e+02