1.000000e+00 1.256637e-14 1.256637e+16
1.006939e+00 1.256637e-14 1.256637e+16
1.013925e+00 1.256637e-14 1.256637e+16
1.020961e+00 1.256637e-14 1.256637e+16
1.028045e+00 1.256637e-14 1.256637e+16
1.035178e+00 1.256637e-14 1.256637e+16
1.042361e+00 1.256637e-14 1.256637e+16
1.049593e+00 1.256637e-14 1.256637e+16
1.056876e+00 1.256637e-14 1.256637e+16
1.064209e+00 1.256637e-14 1.256637e+16
1.071593e+00 1.256637e-14 1.256637e+16
1.079029e+00 1.256637e-14 1.256637e+16
1.086516e+00 1.256637e-14 1.256637e+16
1.094055e+00 1.256637e-14 1.256637e+16
1.101646e+00 1.256637e-14 1.256637e+16
1.109290e+00 1.256637e-14 1.256637e+16
1.116987e+00 1.256637e-14 1.256637e+16
1.124737e+00 1.256637e-14 1.256637e+16
1.132541e+00 1.256637e-14 1.256637e+16
1.140400e+00 1.256637e-14 1.256637e+16
1.148312e+00 1.256637e-14 1.256637e+16
1.156280e+00 1.256637e-14 1.256637e+16
1.164303e+00 1.256637e-14 1.256637e+16
1.172382e+00 1.256637e-14 1.256637e+16
1.180517e+00 1.256637e-14 1.256637e+16
1.188708e+00 1.256637e-14 1.256637e+16
1.196956e+00 1.256637e-14 1.256637e+16
1.205261e+00 1.256637e-14 1.256637e+16
1.213624e+00 1.256637e-14 1.256637e+16
1.222045e+00 1.256637e-14 1.256637e+16
1.230524e+00 1.256637e-14 1.256637e+16
1.239062e+00 1.256637e-14 1.256637e+16
1.247660e+00 1.256637e-14 1.256637e+16
1.256317e+00 1.256637e-14 1.256637e+16
1.265034e+00 1.256637e-14 1.256637e+16
1.273811e+00 1.256637e-14 1.256637e+16
1.282650e+00 1.256637e-14 1.256637e+16
1.291550e+00 1.256637e-14 1.256637e+16
1.300511e+00 1.256637e-14 1.256637e+16
1.309535e+00 1.256637e-14 1.256637e+16
1.318621e+00 1.256637e-14 1.256637e+16
1.327771e+00 1.256637e-14 1.256637e+16
1.336984e+00 1.256637e-14 1.256637e+16
1.346261e+00 1.256637e-14 1.256637e+16
1.355602e+00 1.256637e-14 1.256637e+16
1.365008e+00 1.256637e-14 1.256637e+16
1.374479e+00 1.256637e-14 1.256637e+16
1.384016e+00 1.256637e-14 1.256637e+16
1.393619e+00 1.256637e-14 1.256637e+16
1.403289e+00 1.256637e-14 1.256637e+16
1.413026e+00 1.256637e-14 1.256637e+16
1.422830e+00 1.256637e-14 1.256637e+16
1.432703e+00 1.256637e-14 1.256637e+16
1.442644e+00 1.256637e-14 1.256637e+16
1.452654e+00 1.256637e-14 1.256637e+16
1.462733e+00 1.256637e-14 1.256637e+16
1.472883e+00 1.256637e-14 1.256637e+16
1.483103e+00 1.256637e-14 1.256637e+16
1.493393e+00 1.256637e-14 1.256637e+16
1.503755e+00 1.256637e-14 1.256637e+16
1.514189e+00 1.256637e-14 1.256637e+16
1.524696e+00 1.256637e-14 1.256637e+16
1.535275e+00 1.256637e-14 1.256637e+16
1.545928e+00 1.256637e-14 1.256637e+16
1.556654e+00 1.256637e-14 1.256637e+16
1.567455e+00 1.256637e-14 1.256637e+16
1.578331e+00 1.256637e-14 1.256637e+16
1.589283e+00 1.256637e-14 1.256637e+16
1.600310e+00 1.256637e-14 1.256637e+16
1.611414e+00 1.256637e-14 1.256637e+16
1.622595e+00 1.256637e-14 1.256637e+16
1.633854e+00 1.256637e-14 1.256637e+16
1.645191e+00 1.256637e-14 1.256637e+16
1.656606e+00 1.256637e-14 1.256637e+16
1.668101e+00 1.256637e-14 1.256637e+16
1.679675e+00 1.256637e-14 1.256637e+16
1.691330e+00 1.256637e-14 1.256637e+16
1.703065e+00 1.256637e-14 1.256637e+16
1.714882e+00 1.256637e-14 1.256637e+16
1.726781e+00 1.256637e-14 1.256637e+16
1.738762e+00 1.256637e-14 1.256637e+16
1.750827e+00 1.256637e-14 1.256637e+16
1.762975e+00 1.256637e-14 1.256637e+16
1.775208e+00 1.256637e-14 1.256637e+16
1.787526e+00 1.256637e-14 1.256637e+16
1.799929e+00 1.256637e-14 1.256637e+16
1.812418e+00 1.256637e-14 1.256637e+16
1.824993e+00 1.256637e-14 1.256637e+16
1.837656e+00 1.256637e-14 1.256637e+16
1.850407e+00 1.256637e-14 1.256637e+16
1.863246e+00 1.256637e-14 1.256637e+16
1.876175e+00 1.256637e-14 1.256637e+16
1.889193e+00 1.256637e-14 1.256637e+16
1.902301e+00 1.256637e-14 1.256637e+16
1.915501e+00 1.256637e-14 1.256637e+16
1.928792e+00 1.256637e-14 1.256637e+16
1.942175e+00 1.256637e-14 1.256637e+16
1.955651e+00 1.256637e-14 1.256637e+16
1.969220e+00 1.256637e-14 1.256637e+16
1.982884e+00 1.256637e-14 1.256637e+16
1.996642e+00 1.256637e-14 1.256637e+16
2.010496e+00 1.256637e-14 1.256637e+16
2.024447e+00 1.256637e-14 1.256637e+16
2.038493e+00 1.256637e-14 1.256637e+16
2.052638e+00 1.256637e-14 1.256637e+16
2.066880e+00 1.256637e-14 1.256637e+16
2.081222e+00 1.256637e-14 1.256637e+16
2.095662e+00 1.256637e-14 1.256637e+16
2.110203e+00 1.256637e-14 1.256637e+16
2.124845e+00 1.256637e-14 1.256637e+16
2.139589e+00 1.256637e-14 1.256637e+16
2.154435e+00 1.256637e-14 1.256637e+16
2.169384e+00 1.256637e-14 1.256637e+16
2.184436e+00 1.256637e-14 1.256637e+16
2.199593e+00 1.256637e-14 1.256637e+16
2.214855e+00 1.256637e-14 1.256637e+16
2.230223e+00 1.256637e-14 1.256637e+16
2.245698e+00 1.256637e-14 1.256637e+16
2.261280e+00 1.256637e-14 1.256637e+16
2.276970e+00 1.256637e-14 1.256637e+16
2.292769e+00 1.256637e-14 1.256637e+16
2.308678e+00 1.256637e-14 1.256637e+16
2.324697e+00 1.256637e-14 1.256637e+16
2.340827e+00 1.256637e-14 1.256637e+16
2.357069e+00 1.256637e-14 1.256637e+16
2.373424e+00 1.256637e-14 1.256637e+16
2.389893e+00 1.256637e-14 1.256637e+16
2.406475e+00 1.256637e-14 1.256637e+16
2.423173e+00 1.256637e-14 1.256637e+16
2.439986e+00 1.256637e-14 1.256637e+16
2.456916e+00 1.256637e-14 1.256637e+16
2.473964e+00 1.256637e-14 1.256637e+16
2.491130e+00 1.256637e-14 1.256637e+16
2.508415e+00 1.256637e-14 1.256637e+16
2.525820e+00 1.256637e-14 1.256637e+16
2.543346e+00 1.256637e-14 1.256637e+16
2.560993e+00 1.256637e-14 1.256637e+16
2.578763e+00 1.256637e-14 1.256637e+16
2.596656e+00 1.256637e-14 1.256637e+16
2.614673e+00 1.256637e-14 1.256637e+16
2.632815e+00 1.256637e-14 1.256637e+16
2.651084e+00 1.256637e-14 1.256637e+16
2.669478e+00 1.256637e-14 1.256637e+16
2.688001e+00 1.256637e-14 1.256637e+16
2.706652e+00 1.256637e-14 1.256637e+16
2.725433e+00 1.256637e-14 1.256637e+16
2.744343e+00 1.256637e-14 1.256637e+16
2.763385e+00 1.256637e-14 1.256637e+16
2.782559e+00 1.256637e-14 1.256637e+16
2.801867e+00 1.256637e-14 1.256637e+16
2.821308e+00 1.256637e-14 1.256637e+16
2.840884e+00 1.256637e-14 1.256637e+16
2.860596e+00 1.256637e-14 1.256637e+16
2.880444e+00 1.256637e-14 1.256637e+16
2.900430e+00 1.256637e-14 1.256637e+16
2.920556e+00 1.256637e-14 1.256637e+16
2.940820e+00 1.256637e-14 1.256637e+16
2.961225e+00 1.256637e-14 1.256637e+16
2.981772e+00 1.256637e-14 1.256637e+16
3.002462e+00 1.256637e-14 1.256637e+16
3.023295e+00 1.256637e-14 1.256637e+16
3.044272e+00 1.256637e-14 1.256637e+16
3.065395e+00 1.256637e-14 1.256637e+16
3.086665e+00 1.256637e-14 1.256637e+16
3.108082e+00 1.256637e-14 1.256637e+16
3.129648e+00 1.256637e-14 1.256637e+16
3.151363e+00 1.256637e-14 1.256637e+16
3.173230e+00 1.256637e-14 1.256637e+16
3.195248e+00 1.256637e-14 1.256637e+16
3.217418e+00 1.256637e-14 1.256637e+16
3.239743e+00 1.256637e-14 1.256637e+16
3.262222e+00 1.256637e-14 1.256637e+16
3.284857e+00 1.256637e-14 1.256637e+16
3.307650e+00 1.256637e-14 1.256637e+16
3.330600e+00 1.256637e-14 1.256637e+16
3.353710e+00 1.256637e-14 1.256637e+16
3.376980e+00 1.256637e-14 1.256637e+16
3.400412e+00 1.256637e-14 1.256637e+16
3.424006e+00 1.256637e-14 1.256637e+16
3.447764e+00 1.256637e-14 1.256637e+16
3.471687e+00 1.256637e-14 1.256637e+16
3.495776e+00 1.256637e-14 1.256637e+16
3.520031e+00 1.256637e-14 1.256637e+16
3.544456e+00 1.256637e-14 1.256637e+16
3.569049e+00 1.256637e-14 1.256637e+16
3.593814e+00 1.256637e-14 1.256637e+16
3.618750e+00 1.256637e-14 1.256637e+16
3.643859e+00 1.256637e-14 1.256637e+16
3.669142e+00 1.256637e-14 1.256637e+16
3.694601e+00 1.256637e-14 1.256637e+16
3.720237e+00 1.256637e-14 1.256637e+16
3.746050e+00 1.256637e-14 1.256637e+16
3.772042e+00 1.256637e-14 1.256637e+16
3.798215e+00 1.256637e-14 1.256637e+16
3.824570e+00 1.256637e-14 1.256637e+16
3.851107e+00 1.256637e-14 1.256637e+16
3.877828e+00 1.256637e-14 1.256637e+16
3.904735e+00 1.256637e-14 1.256637e+16
3.931829e+00 1.256637e-14 1.256637e+16
3.959110e+00 1.256637e-14 1.256637e+16
3.986581e+00 1.256637e-14 1.256637e+16
4.014242e+00 1.256637e-14 1.256637e+16
4.042096e+00 1.256637e-14 1.256637e+16
4.070142e+00 1.256637e-14 1.256637e+16
4.098384e+00 1.256637e-14 1.256637e+16
4.126821e+00 1.256637e-14 1.256637e+16
4.155455e+00 1.256637e-14 1.256637e+16
4.184289e+00 1.256637e-14 1.256637e+16
4.213322e+00 1.256637e-14 1.256637e+16
4.242556e+00 1.256637e-14 1.256637e+16
4.271994e+00 1.256637e-14 1.256637e+16
4.301636e+00 1.256637e-14 1.256637e+16
4.331483e+00 1.256637e-14 1.256637e+16
4.361538e+00 1.256637e-14 1.256637e+16
4.391801e+00 1.256637e-14 1.256637e+16
4.422274e+00 1.256637e-14 1.256637e+16
4.452959e+00 1.256637e-14 1.256637e+16
4.483856e+00 1.256637e-14 1.256637e+16
4.514968e+00 1.256637e-14 1.256637e+16
4.546295e+00 1.256637e+16 1.256637e+16
4.577841e+00 1.256637e+16 1.256637e+16
4.609604e+00 1.256637e+16 1.256637e+16
4.641589e+00 1.256637e+16 1.256637e+16
4.673795e+00 1.256637e+16 1.256637e+16
4.706225e+00 1.256637e+16 1.256637e+16
4.738880e+00 1.256637e+16 1.256637e+16
4.771761e+00 1.256637e+16 1.256637e+16
4.804870e+00 1.256637e+16 1.256637e+16
4.838210e+00 1.256637e+16 1.256637e+16
4.871780e+00 1.256637e+16 1.256637e+16
4.905584e+00 1.256637e+16 1.256637e+16
4.939622e+00 1.256637e+16 1.256637e+16
4.973896e+00 1.256637e+16 1.256637e+16
5.008408e+00 1.256637e+16 1.256637e+16
5.043159e+00 1.256637e+16 1.256637e+16
5.078152e+00 1.256637e+16 1.256637e+16
5.113388e+00 1.256637e+16 1.256637e+16
5.148867e+00 1.256637e+16 1.256637e+16
5.184594e+00 1.256637e+16 1.256637e+16
5.220568e+00 1.256637e+16 1.256637e+16
5.256791e+00 1.256637e+16 1.256637e+16
5.293266e+00 1.256637e+16 1.256637e+16
5.329994e+00 1.256637e+16 1.256637e+16
5.366977e+00 1.256637e+16 1.256637e+16
5.404216e+00 1.256637e+16 1.256637e+16
5.441714e+00 1.256637e+16 1.256637e+16
5.479472e+00 1.256637e+16 1.256637e+16
5.517492e+00 1.256637e+16 1.256637e+16
5.555776e+00 1.256637e+16 1.256637e+16
5.594326e+00 1.256637e+16 1.256637e+16
5.633143e+00 1.256637e+16 1.256637e+16
5.672229e+00 1.256637e+16 1.256637e+16
5.711586e+00 1.256637e+16 1.256637e+16
5.751217e+00 1.256637e+16 1.256637e+16
5.791123e+00 1.256637e+16 1.256637e+16
5.831305e+00 1.256637e+16 1.256637e+16
5.871766e+00 1.256637e+16 1.256637e+16
5.912508e+00 1.256637e+16 1.256637e+16
5.953533e+00 1.256637e+16 1.256637e+16
5.994843e+00 1.256637e+16 1.256637e+16
6.036439e+00 1.256637e+16 1.256637e+16
6.078323e+00 1.256637e+16 1.256637e+16
6.120498e+00 1.256637e+16 1.256637e+16
6.162966e+00 1.256637e+16 1.256637e+16
6.205729e+00 1.256637e+16 1.256637e+16
6.248788e+00 1.256637e+16 1.256637e+16
6.292146e+00 1.256637e+16 1.256637e+16
6.335805e+00 1.256637e+16 1.256637e+16
6.379767e+00 1.256637e+16 1.256637e+16
6.424034e+00 1.256637e+16 1.256637e+16
6.468608e+00 1.256637e+16 1.256637e+16
6.513491e+00 1.256637e+16 1.256637e+16
6.558686e+00 1.256637e+16 1.256637e+16
6.604194e+00 1.256637e+16 1.256637e+16
6.650018e+00 1.256637e+16 1.256637e+16
6.696160e+00 1.256637e+16 1.256637e+16
6.742622e+00 1.256637e+16 1.256637e+16
6.789407e+00 1.256637e+16 1.256637e+16
6.836516e+00 1.256637e+16 1.256637e+16
6.883952e+00 1.256637e+16 1.256637e+16
6.931717e+00 1.256637e+16 1.256637e+16
6.979814e+00 1.256637e+16 1.256637e+16
7.028244e+00 1.256637e+16 1.256637e+16
7.077011e+00 1.256637e+16 1.256637e+16
7.126115e+00 1.256637e+16 1.256637e+16
7.175561e+00 1.256637e+16 1.256637e+16
7.225349e+00 1.256637e+16 1.256637e+16
7.275484e+00 1.256637e+16 1.256637e+16
7.325965e+00 1.256637e+16 1.256637e+16
7.376798e+00 1.256637e+16 1.256637e+16
7.427982e+00 1.256637e+16 1.256637e+16
7.479523e+00 1.256637e+16 1.256637e+16
7.531420e+00 1.256637e+16 1.256637e+16
7.583678e+00 1.256637e+16 1.256637e+16
7.636298e+00 1.256637e+16 1.256637e+16
7.689284e+00 1.256637e+16 1.256637e+16
7.742637e+00 1.256637e+16 1.256637e+16
7.796360e+00 1.256637e+16 1.256637e+16
7.850456e+00 1.256637e+16 1.256637e+16
7.904928e+00 1.256637e+16 1.256637e+16
7.959777e+00 1.256637e+16 1.256637e+16
8.015007e+00 1.256637e+16 1.256637e+16
8.070620e+00 1.256637e+16 1.256637e+16
8.126619e+00 1.256637e+16 1.256637e+16
8.183007e+00 1.256637e+16 1.256637e+16
8.239786e+00 1.256637e+16 1.256637e+16
8.296959e+00 1.256637e+16 1.256637e+16
8.354528e+00 1.256637e+16 1.256637e+16
8.412497e+00 1.256637e+16 1.256637e+16
8.470868e+00 1.256637e+16 1.256637e+16
8.529644e+00 1.256637e+16 1.256637e+16
8.588829e+00 1.256637e+16 1.256637e+16
8.648423e+00 1.256637e+16 1.256637e+16
8.708431e+00 1.256637e+16 1.256637e+16
8.768856e+00 1.256637e+16 1.256637e+16
8.829700e+00 1.256637e+16 1.256637e+16
8.890966e+00 1.256637e+16 1.256637e+16
8.952657e+00 1.256637e+16 1.256637e+16
9.014776e+00 1.256637e+16 1.256637e+16
9.077327e+00 1.256637e+16 1.256637e+16
9.140311e+00 1.256637e+16 1.256637e+16
9.203732e+00 1.256637e+16 1.256637e+16
9.267593e+00 1.256637e+16 1.256637e+16
9.331898e+00 1.256637e+16 1.256637e+16
9.396648e+00 1.256637e+16 1.256637e+16
9.461848e+00 1.256637e+16 1.256637e+16
9.527500e+00 1.256637e+16 1.256637e+16
9.593608e+00 1.256637e+16 1.256637e+16
9.660175e+00 1.256637e+16 1.256637e+16
9.727203e+00 1.256637e+16 1.256637e+16
9.794697e+00 1.256637e+16 1.256637e+16
9.862658e+00 1.256637e+16 1.256637e+16
9.931092e+00 1.256637e+16 1.256637e+16
1.000000e+01 1.256637e+16 1.256637e+16
1.006939e+01 1.256637e+16 1.256637e+16
1.013925e+01 1.256637e+16 1.256637e+16
1.020961e+01 1.256637e+16 1.256637e+16
1.028045e+01 1.256637e+16 1.256637e+16
1.035178e+01 1.256637e+16 1.256637e+16
1.042361e+01 1.256637e+16 1.256637e+16
1.049593e+01 1.256637e+16 1.256637e+16
1.056876e+01 1.256637e+16 1.256637e+16
1.064209e+01 1.256637e+16 1.256637e+16
1.071593e+01 1.256637e+16 1.256637e+16
1.079029e+01 1.256637e+16 1.256637e+16
1.086516e+01 1.256637e+16 1.256637e+16
1.094055e+01 1.256637e+16 1.256637e+16
1.101646e+01 1.256637e+16 1.256637e+16
1.109290e+01 1.256637e+16 1.256637e+16
1.116987e+01 1.256637e+16 1.256637e+16
1.124737e+01 1.256637e+16 1.256637e+16
1.132541e+01 1.256637e+16 1.256637e+16
1.140400e+01 1.256637e+16 1.256637e+16
1.148312e+01 1.256637e+16 1.256637e+16
1.156280e+01 1.256637e+16 1.256637e+16
1.164303e+01 1.256637e+16 1.256637e+16
1.172382e+01 1.256637e+16 1.256637e+16
1.180517e+01 1.256637e+16 1.256637e+16
1.188708e+01 1.256637e+16 1.256637e+16
1.196956e+01 1.256637e+16 1.256637e+16
1.205261e+01 1.256637e+16 1.256637e+16
1.213624e+01 1.256637e+16 1.256637e+16
1.222045e+01 1.256637e+16 1.256637e+16
1.230524e+01 1.256637e+16 1.256637e+16
1.239062e+01 1.256637e+16 1.256637e+16
1.247660e+01 1.256637e+16 1.256637e+16
1.256317e+01 1.256637e+16 1.256637e+16
1.265034e+01 1.256637e+16 1.256637e+16
1.273811e+01 1.256637e+16 1.256637e+16
1.282650e+01 1.256637e+16 1.256637e+16
1.291550e+01 1.256637e+16 1.256637e+16
1.300511e+01 1.256637e+16 1.256637e+16
1.309535e+01 1.256637e+16 1.256637e+16
1.318621e+01 1.256637e+16 1.256637e+16
1.327771e+01 1.256637e+16 1.256637e+16
1.336984e+01 1.256637e+16 1.256637e+16
1.346261e+01 1.256637e+16 1.256637e+16
1.355602e+01 1.256637e+16 1.256637e+16
1.365008e+01 1.256637e+16 1.256637e+16
1.374479e+01 1.256637e+16 1.256637e+16
1.384016e+01 1.256637e+16 1.256637e+16
1.393619e+01 1.256637e+16 1.256637e+16
1.403289e+01 1.256637e+16 1.256637e+16
1.413026e+01 1.256637e+16 1.256637e+16
1.422830e+01 1.256637e+16 1.256637e+16
1.432703e+01 1.256637e+16 1.256637e+16
1.442644e+01 1.256637e+16 1.256637e+16
1.452654e+01 1.256637e+16 1.256637e+16
1.462733e+01 1.256637e+16 1.256637e+16
1.472883e+01 1.256637e+16 1.256637e+16
1.483103e+01 1.256637e+16 1.256637e+16
1.493393e+01 1.256637e+16 1.256637e+16
1.503755e+01 1.256637e+16 1.256637e+16
1.514189e+01 1.256637e+16 1.256637e+16
1.524696e+01 1.256637e+16 1.256637e+16
1.535275e+01 1.256637e+16 1.256637e+16
1.545928e+01 1.256637e+16 1.256637e+16
1.556654e+01 1.256637e+16 1.256637e+16
1.567455e+01 1.256637e+16 1.256637e+16
1.578331e+01 1.256637e+16 1.256637e+16
1.589283e+01 1.256637e+16 1.256637e+16
1.600310e+01 1.256637e+16 1.256637e+16
1.611414e+01 1.256637e+16 1.256637e+16
1.622595e+01 1.256637e+16 1.256637e+16
1.633854e+01 1.256637e+16 1.256637e+16
1.645191e+01 1.256637e+16 1.256637e+16
1.656606e+01 1.256637e+16 1.256637e+16
1.668101e+01 1.256637e+16 1.256637e+16
1.679675e+01 1.256637e+16 1.256637e+16
1.691330e+01 1.256637e+16 1.256637e+16
1.703065e+01 1.256637e+16 1.256637e+16
1.714882e+01 1.256637e+16 1.256637e+16
1.726781e+01 1.256637e+16 1.256637e+16
1.738762e+01 1.256637e+16 1.256637e+16
1.750827e+01 1.256637e+16 1.256637e+16
1.762975e+01 1.256637e+16 1.256637e+16
1.775208e+01 1.256637e+16 1.256637e+16
1.787526e+01 1.256637e+16 1.256637e+16
1.799929e+01 1.256637e+16 1.256637e+16
1.812418e+01 1.256637e+16 1.256637e+16
1.824993e+01 1.256637e+16 1.256637e+16
1.837656e+01 1.256637e+16 1.256637e+16
1.850407e+01 1.256637e+16 1.256637e+16
1.863246e+01 1.256637e+16 1.256637e+16
1.876175e+01 1.256637e+16 1.256637e+16
1.889193e+01 1.256637e+16 1.256637e+16
1.902301e+01 1.256637e+16 1.256637e+16
1.915501e+01 1.256637e+16 1.256637e+16
1.928792e+01 1.256637e+16 1.256637e+16
1.942175e+01 1.256637e+16 1.256637e+16
1.955651e+01 1.256637e+16 1.256637e+16
1.969220e+01 1.256637e+16 1.256637e+16
1.982884e+01 1.256637e+16 1.256637e+16
1.996642e+01 1.256637e+16 1.256637e+16
2.010496e+01 1.256637e+16 1.256637e+16
2.024447e+01 1.256637e+16 1.256637e+16
2.038493e+01 1.256637e+16 1.256637e+16
2.052638e+01 1.256637e+16 1.256637e+16
2.066880e+01 1.256637e+16 1.256637e+16
2.081222e+01 1.256637e+16 1.256637e+16
2.095662e+01 1.256637e+16 1.256637e+16
2.110203e+01 1.256637e+16 1.256637e+16
2.124845e+01 1.256637e+16 1.256637e+16
2.139589e+01 1.256637e+16 1.256637e+16
2.154435e+01 1.256637e+16 1.256637e+16
2.169384e+01 1.256637e+16 1.256637e+16
2.184436e+01 1.256637e+16 1.256637e+16
2.199593e+01 1.256637e+16 1.256637e+16
2.214855e+01 1.256637e+16 1.256637e+16
2.230223e+01 1.256637e+16 1.256637e+16
2.245698e+01 1.256637e+16 1.256637e+16
2.261280e+01 1.256637e+16 1.256637e+16
2.276970e+01 1.256637e+16 1.256637e+16
2.292769e+01 1.256637e+16 1.256637e+16
2.308678e+01 1.256637e+16 1.256637e+16
2.324697e+01 1.256637e+16 1.256637e+16
2.340827e+01 1.256637e+16 1.256637e+16
2.357069e+01 1.256637e+16 1.256637e+16
2.373424e+01 1.256637e+16 1.256637e+16
2.389893e+01 1.256637e+16 1.256637e+16
2.406475e+01 1.256637e+16 1.256637e+16
2.423173e+01 1.256637e+16 1.256637e+16
2.439986e+01 1.256637e+16 1.256637e+16
2.456916e+01 1.256637e+16 1.256637e+16
2.473964e+01 1.256637e+16 1.256637e+16
2.491130e+01 1.256637e+16 1.256637e+16
2.508415e+01 1.256637e+16 1.256637e+16
2.525820e+01 1.256637e+16 1.256637e+16
2.543346e+01 1.256637e+16 1.256637e+16
2.560993e+01 1.256637e+16 1.256637e+16
2.578763e+01 1.256637e+16 1.256637e+16
2.596656e+01 1.256637e+16 1.256637e+16
2.614673e+01 1.256637e+16 1.256637e+16
2.632815e+01 1.256637e+16 1.256637e+16
2.651084e+01 1.256637e+16 1.256637e+16
2.669478e+01 1.256637e+16 1.256637e+16
2.688001e+01 1.256637e+16 1.256637e+16
2.706652e+01 1.256637e+16 1.256637e+16
2.725433e+01 1.256637e+16 1.256637e+16
2.744343e+01 1.256637e+16 1.256637e+16
2.763385e+01 1.256637e+16 1.256637e+16
2.782559e+01 1.256637e+16 1.256637e+16
2.801867e+01 1.256637e+16 1.256637e+16
2.821308e+01 1.256637e+16 1.256637e+16
2.840884e+01 1.256637e+16 1.256637e+16
2.860596e+01 1.256637e+16 1.256637e+16
2.880444e+01 1.256637e+16 1.256637e+16
2.900430e+01 1.256637e+16 1.256637e+16
2.920556e+01 1.256637e+16 1.256637e+16
2.940820e+01 1.256637e+16 1.256637e+16
2.961225e+01 1.256637e+16 1.256637e+16
2.981772e+01 1.256637e+16 1.256637e+16
3.002462e+01 1.256637e+16 1.256637e+16
3.023295e+01 1.256637e+16 1.256637e+16
3.044272e+01 1.256637e+16 1.256637e+16
3.065395e+01 1.256637e+16 1.256637e+16
3.086665e+01 1.256637e+16 1.256637e+16
3.108082e+01 1.256637e+16 1.256637e+16
3.129648e+01 1.256637e+16 1.256637e+16
3.151363e+01 1.256637e+16 1.256637e+16
3.173230e+01 1.256637e+16 1.256637e+16
3.195248e+01 1.256637e+16 1.256637e+16
3.217418e+01 1.256637e+16 1.256637e+16
3.239743e+01 1.256637e+16 1.256637e+16
3.262222e+01 1.256637e+16 1.256637e+16
3.284857e+01 1.256637e+16 1.256637e+16
3.307650e+01 1.256637e+16 1.256637e+16
3.330600e+01 1.256637e+16 1.256637e+16
3.353710e+01 1.256637e+16 1.256637e+16
3.376980e+01 1.256637e+16 1.256637e+16
3.400412e+01 1.256637e+16 1.256637e+16
3.424006e+01 1.256637e+16 1.256637e+16
3.447764e+01 1.256637e+16 1.256637e+16
3.471687e+01 1.256637e+16 1.256637e+16
3.495776e+01 1.256637e+16 1.256637e+16
3.520031e+01 1.256637e+16 1.256637e+16
3.544456e+01 1.256637e+16 1.256637e+16
3.569049e+01 1.256637e+16 1.256637e+16
3.593814e+01 1.256637e+16 1.256637e+16
3.618750e+01 1.256637e+16 1.256637e+16
3.643859e+01 1.256637e+16 1.256637e+16
3.669142e+01 1.256637e+16 1.256637e+16
3.694601e+01 1.256637e+16 1.256637e+16
3.720237e+01 1.256637e+16 1.256637e+16
3.746050e+01 1.256637e+16 1.256637e+16
3.772042e+01 1.256637e+16 1.256637e+16
3.798215e+01 1.256637e+16 1.256637e+16
3.824570e+01 1.256637e+16 1.256637e+16
3.851107e+01 1.256637e+16 1.256637e+16
3.877828e+01 1.256637e+16 1.256637e+16
3.904735e+01 1.256637e+16 1.256637e+16
3.931829e+01 1.256637e+16 1.256637e+16
3.959110e+01 1.256637e+16 1.256637e+16
3.986581e+01 1.256637e+16 1.256637e+16
4.014242e+01 1.256637e+16 1.256637e+16
4.042096e+01 1.256637e+16 1.256637e+16
4.070142e+01 1.256637e+16 1.256637e+16
4.098384e+01 1.256637e+16 1.256637e+16
4.126821e+01 1.256637e+16 1.256637e+16
4.155455e+01 1.256637e+16 1.256637e+16
4.184289e+01 1.256637e+16 1.256637e+16
4.213322e+01 1.256637e+16 1.256637e+16
4.242556e+01 1.256637e+16 1.256637e+16
4.271994e+01 1.256637e+16 1.256637e+16
4.301636e+01 1.256637e+16 1.256637e+16
4.331483e+01 1.256637e+16 1.256637e+16
4.361538e+01 1.256637e+16 1.256637e+16
4.391801e+01 1.256637e+16 1.256637e+16
4.422274e+01 1.256637e+16 1.256637e+16
4.452959e+01 1.256637e+16 1.256637e+16
4.483856e+01 1.256637e+16 1.256637e+16
4.514968e+01 1.256637e+16 1.256637e+16
4.546295e+01 1.256637e+16 1.256637e+16
4.577841e+01 1.256637e+16 1.256637e+16
4.609604e+01 1.256637e+16 1.256637e+16
4.641589e+01 1.256637e+16 1.256637e+16
4.673795e+01 1.256637e+16 1.256637e+16
4.706225e+01 1.256637e+16 1.256637e+16
4.738880e+01 1.256637e+16 1.256637e+16
4.771761e+01 1.256637e+16 1.256637e+16
4.804870e+01 1.256637e+16 1.256637e+16
4.838210e+01 1.256637e+16 1.256637e+16
4.871780e+01 1.256637e+16 1.256637e+16
4.905584e+01 1.256637e+16 1.256637e+16
4.939622e+01 1.256637e+16 1.256637e+16
4.973896e+01 1.256637e+16 1.256637e+16
5.008408e+01 1.256637e+16 1.256637e+16
5.043159e+01 1.256637e+16 1.256637e+16
5.078152e+01 1.256637e+16 1.256637e+16
5.113388e+01 1.256637e+16 1.256637e+16
5.148867e+01 1.256637e+16 1.256637e+16
5.184594e+01 1.256637e+16 1.256637e+16
5.220568e+01 1.256637e+16 1.256637e+16
5.256791e+01 1.256637e+16 1.256637e+16
5.293266e+01 1.256637e+16 1.256637e+16
5.329994e+01 1.256637e+16 1.256637e+16
5.366977e+01 1.256637e+16 1.256637e+16
5.404216e+01 1.256637e+16 1.256637e+16
5.441714e+01 1.256637e+16 1.256637e+16
5.479472e+01 1.256637e+16 1.256637e+16
5.517492e+01 1.256637e+16 1.256637e+16
5.555776e+01 1.256637e+16 1.256637e+16
5.594326e+01 1.256637e+16 1.256637e+16
5.633143e+01 1.256637e+16 1.256637e+16
5.672229e+01 1.256637e+16 1.256637e+16
5.711586e+01 1.256637e+16 1.256637e+16
5.751217e+01 1.256637e+16 1.256637e+16
5.791123e+01 1.256637e+16 1.256637e+16
5.831305e+01 1.256637e+16 1.256637e+16
5.871766e+01 1.256637e+16 1.256637e+16
5.912508e+01 1.256637e+16 1.256637e+16
5.953533e+01 1.256637e+16 1.256637e+16
5.994843e+01 1.256637e+16 1.256637e+16
6.036439e+01 1.256637e+16 1.256637e+16
6.078323e+01 1.256637e+16 1.256637e+16
6.120498e+01 1.256637e+16 1.256637e+16
6.162966e+01 1.256637e+16 1.256637e+16
6.205729e+01 1.256637e+16 1.256637e+16
6.248788e+01 1.256637e+16 1.256637e+16
6.292146e+01 1.256637e+16 1.256637e+16
6.335805e+01 1.256637e+16 1.256637e+16
6.379767e+01 1.256637e+16 1.256637e+16
6.424034e+01 1.256637e+16 1.256637e+16
6.468608e+01 1.256637e+16 1.256637e+16
6.513491e+01 1.256637e+16 1.256637e+16
6.558686e+01 1.256637e+16 1.256637e+16
6.604194e+01 1.256637e+16 1.256637e+16
6.650018e+01 1.256637e+16 1.256637e+16
6.696160e+01 1.256637e+16 1.256637e+16
6.742622e+01 1.256637e+16 1.256637e+16
6.789407e+01 1.256637e+16 1.256637e+16
6.836516e+01 1.256637e+16 1.256637e+16
6.883952e+01 1.256637e+16 1.256637e+16
6.931717e+01 1.256637e+16 1.256637e+16
6.979814e+01 1.256637e+16 1.256637e+16
7.028244e+01 1.256637e+16 1.256637e+16
7.077011e+01 1.256637e+16 1.256637e+16
7.126115e+01 1.256637e+16 1.256637e+16
7.175561e+01 1.256637e+16 1.256637e+16
7.225349e+01 1.256637e+16 1.256637e+16
7.275484e+01 1.256637e+16 1.256637e+16
7.325965e+01 1.256637e+16 1.256637e+16
7.376798e+01 1.256637e+16 1.256637e+16
7.427982e+01 1.256637e+16 1.256637e+16
7.479523e+01 1.256637e+16 1.256637e+16
7.531420e+01 1.256637e+16 1.256637e+16
7.583678e+01 1.256637e+16 1.256637e+16
7.636298e+01 1.256637e+16 1.256637e+16
7.689284e+01 1.256637e+16 1.256637e+16
7.742637e+01 1.256637e+16 1.256637e+16
7.796360e+01 1.256637e+16 1.256637e+16
7.850456e+01 1.256637e+16 1.256637e+16
7.904928e+01 1.256637e+16 1.256637e+16
7.959777e+01 1.256637e+16 1.256637e+16
8.015007e+01 1.256637e+16 1.256637e+16
8.070620e+01 1.256637e+16 1.256637e+16
8.126619e+01 1.256637e+16 1.256637e+16
8.183007e+01 1.256637e+16 1.256637e+16
8.239786e+01 1.256637e+16 1.256637e+16
8.296959e+01 1.256637e+16 1.256637e+16
8.354528e+01 1.256637e+16 1.256637e+16
8.412497e+01 1.256637e+16 1.256637e+16
8.470868e+01 1.256637e+16 1.256637e+16
8.529644e+01 1.256637e+16 1.256637e+16
8.588829e+01 1.256637e+16 1.256637e+16
8.648423e+01 1.256637e+16 1.256637e+16
8.708431e+01 1.256637e+16 1.256637e+16
8.768856e+01 1.256637e+16 1.256637e+16
8.829700e+01 1.256637e+16 1.256637e+16
8.890966e+01 1.256637e+16 1.256637e+16
8.952657e+01 1.256637e+16 1.256637e+16
9.014776e+01 1.256637e+16 1.256637e+16
9.077327e+01 1.256637e+16 1.256637e+16
9.140311e+01 1.256637e+16 1.256637e+16
9.203732e+01 1.256637e+16 1.256637e+16
9.267593e+01 1.256637e+16 1.256637e+16
9.331898e+01 1.256637e+16 1.256637e+16
9.396648e+01 1.256637e+16 1.256637e+16
9.461848e+01 1.256637e+16 1.256637e+16
9.527500e+01 1.256637e+16 1.256637e+16
9.593608e+01 1.256637e+16 1.256637e+16
9.660175e+01 1.256637e+16 1.256637e+16
9.727203e+01 1.256637e+16 1.256637e+16
9.794697e+01 1.256637e+16 1.256637e+16
9.862658e+01 1.256637e+16 1.256637e+16
9.931092e+01 1.256637e+16 1.256637e+16
1.000000e+02 1.256637e+16 1.256637e+16
1.006939e+02 1.256637e+16 1.256637e+16
1.013925e+02 1.256637e+16 1.256637e+16
1.020961e+02 1.256637e+16 1.256637e+16
1.028045e+02 1.256637e+16 1.256637e+16
1.035178e+02 1.256637e+16 1.256637e+16
1.042361e+02 1.256637e+16 1.256637e+16
1.049593e+02 1.256637e+16 1.256637e+16
1.056876e+02 1.256637e+16 1.256637e+16
1.064209e+02 1.256637e+16 1.256637e+16
1.071593e+02 1.256637e+16 1.256637e+16
1.079029e+02 1.256637e+16 1.256637e+16
1.086516e+02 1.256637e+16 1.256637e+16
1.094055e+02 1.256637e+16 1.256637e+16
1.101646e+02 1.256637e+16 1.256637e+16
1.109290e+02 1.256637e+16 1.256637e+16
1.116987e+02 1.256637e+16 1.256637e+16
1.124737e+02 1.256637e+16 1.256637e+16
1.132541e+02 1.256637e+16 1.256637e+16
1.140400e+02 1.256637e+16 1.256637e+16
1.148312e+02 1.256637e+16 1.256637e+16
1.156280e+02 1.256637e+16 1.256637e+16
1.164303e+02 1.256637e+16 1.256637e+16
1.172382e+02 1.256637e+16 1.256637e+16
1.180517e+02 1.256637e+16 1.256637e+16
1.188708e+02 1.256637e+16 1.256637e+16
1.196956e+02 1.256637e+16 1.256637e+16
1.205261e+02 1.256637e+16 1.256637e+16
1.213624e+02 1.256637e+16 1.256637e+16
1.222045e+02 1.256637e+16 1.256637e+16
1.230524e+02 1.256637e+16 1.256637e+16
1.239062e+02 1.256637e+16 1.256637e+16
1.247660e+02 1.256637e+16 1.256637e+16
1.256317e+02 1.256637e+16 1.256637e+16
1.265034e+02 1.256637e+16 1.256637e+16
1.273811e+02 1.256637e+16 1.256637e+16
1.282650e+02 1.256637e+16 1.256637e+16
1.291550e+02 1.256637e+16 1.256637e+16
1.300511e+02 1.256637e+16 1.256637e+16
1.309535e+02 1.256637e+16 1.256637e+16
1.318621e+02 1.256637e+16 1.256637e+16
1.327771e+02 1.256637e+16 1.256637e+16
1.336984e+02 1.256637e+16 1.256637e+16
1.346261e+02 1.256637e+16 1.256637e+16
1.355602e+02 1.256637e+16 1.256637e+16
1.365008e+02 1.256637e+16 1.256637e+16
1.374479e+02 1.256637e+16 1.256637e+16
1.384016e+02 1.256637e+16 1.256637e+16
1.393619e+02 1.256637e+16 1.256637e+16
1.403289e+02 1.256637e+16 1.256637e+16
1.413026e+02 1.256637e+16 1.256637e+16
1.422830e+02 1.256637e+16 1.256637e+16
1.432703e+02 1.256637e+16 1.256637e+16
1.442644e+02 1.256637e+16 1.256637e+16
1.452654e+02 1.256637e+16 1.256637e+16
1.462733e+02 1.256637e+16 1.256637e+16
1.472883e+02 1.256637e+16 1.256637e+16
1.483103e+02 1.256637e+16 1.256637e+16
1.493393e+02 1.256637e+16 1.256637e+16
1.503755e+02 1.256637e+16 1.256637e+16
1.514189e+02 1.256637e+16 1.256637e+16
1.524696e+02 1.256637e+16 1.256637e+16
1.535275e+02 1.256637e+16 1.256637e+16
1.545928e+02 1.256637e+16 1.256637e+16
1.556654e+02 1.256637e+16 1.256637e+16
1.567455e+02 1.256637e+16 1.256637e+16
1.578331e+02 1.256637e+16 1.256637e+16
1.589283e+02 1.256637e+16 1.256637e+16
1.600310e+02 1.256637e+16 1.256637e+16
1.611414e+02 1.256637e+16 1.256637e+16
1.622595e+02 1.256637e+16 1.256637e+16
1.633854e+02 1.256637e+16 1.256637e+16
1.645191e+02 1.256637e+16 1.256637e+16
1.656606e+02 1.256637e+16 1.256637e+16
1.668101e+02 1.256637e+16 1.256637e+16
1.679675e+02 1.256637e+16 1.256637e+16
1.691330e+02 1.256637e+16 1.256637e+16
1.703065e+02 1.256637e+16 1.256637e+16
1.714882e+02 1.256637e+16 1.256637e+16
1.726781e+02 1.256637e+16 1.256637e+16
1.738762e+02 1.256637e+16 1.256637e+16
1.750827e+02 1.256637e+16 1.256637e+16
1.762975e+02 1.256637e+16 1.256637e+16
1.775208e+02 1.256637e+16 1.256637e+16
1.787526e+02 1.256637e+16 1.256637e+16
1.799929e+02 1.256637e+16 1.256637e+16
1.812418e+02 1.256637e+16 1.256637e+16
1.824993e+02 1.256637e+16 1.256637e+16
1.837656e+02 1.256637e+16 1.256637e+16
1.850407e+02 1.256637e+16 1.256637e+16
1.863246e+02 1.256637e+16 1.256637e+16
1.876175e+02 1.256637e+16 1.256637e+16
1.889193e+02 1.256637e+16 1.256637e+16
1.902301e+02 1.256637e+16 1.256637e+16
1.915501e+02 1.256637e+16 1.256637e+16
1.928792e+02 1.256637e+16 1.256637e+16
1.942175e+02 1.256637e+16 1.256637e+16
1.955651e+02 1.256637e+16 1.256637e+16
1.969220e+02 1.256637e+16 1.256637e+16
1.982884e+02 1.256637e+16 1.256637e+16
1.996642e+02 1.256637e+16 1.256637e+16
2.010496e+02 1.256637e+16 1.256637e+16
2.024447e+02 1.256637e+16 1.256637e+16
2.038493e+02 1.256637e+16 1.256637e+16
2.052638e+02 1.256637e+16 1.256637e+16
2.066880e+02 1.256637e+16 1.256637e+16
2.081222e+02 1.256637e+16 1.256637e+16
2.095662e+02 1.256637e+16 1.256637e+16
2.110203e+02 1.256637e+16 1.256637e+16
2.124845e+02 1.256637e+16 1.256637e+16
2.139589e+02 1.256637e+16 1.256637e+16
2.154435e+02 1.256637e+16 1.256637e+16
2.169384e+02 1.256637e+16 1.256637e+16
2.184436e+02 1.256637e+16 1.256637e+16
2.199593e+02 1.256637e+16 1.256637e+16
2.214855e+02 1.256637e+16 1.256637e+16
2.230223e+02 1.256637e+16 1.256637e+16
2.245698e+02 1.256637e+16 1.256637e+16
2.261280e+02 1.256637e+16 1.256637e+16
2.276970e+02 1.256637e+16 1.256637e+16
2.292769e+02 1.256637e+16 1.256637e+16
2.308678e+02 1.256637e+16 1.256637e+16
2.324697e+02 1.256637e+16 1.256637e+16
2.340827e+02 1.256637e+16 1.256637e+16
2.357069e+02 1.256637e+16 1.256637e+16
2.373424e+02 1.256637e+16 1.256637e+16
2.389893e+02 1.256637e+16 1.256637e+16
2.406475e+02 1.256637e+16 1.256637e+16
2.423173e+02 1.256637e+16 1.256637e+16
2.439986e+02 1.256637e+16 1.256637e+16
2.456916e+02 1.256637e+16 1.256637e+16
2.473964e+02 1.256637e+16 1.256637e+16
2.491130e+02 1.256637e+16 1.256637e+16
2.508415e+02 1.256637e+16 1.256637e+16
2.525820e+02 1.256637e+16 1.256637e+16
2.543346e+02 1.256637e+16 1.256637e+16
2.560993e+02 1.256637e+16 1.256637e+16
2.578763e+02 1.256637e+16 1.256637e+16
2.596656e+02 1.256637e+16 1.256637e+16
2.614673e+02 1.256637e+16 1.256637e+16
2.632815e+02 1.256637e+16 1.256637e+16
2.651084e+02 1.256637e+16 1.256637e+16
2.669478e+02 1.256637e+16 1.256637e+16
2.688001e+02 1.256637e+16 1.256637e+16
2.706652e+02 1.256637e+16 1.256637e+16
2.725433e+02 1.256637e+16 1.256637e+16
2.744343e+02 1.256637e+16 1.256637e+16
2.763385e+02 1.256637e+16 1.256637e+16
2.782559e+02 1.256637e+16 1.256637e+16
2.801867e+02 1.256637e+16 1.256637e+16
2.821308e+02 1.256637e+16 1.256637e+16
2.840884e+02 1.256637e+16 1.256637e+16
2.860596e+02 1.256637e+16 1.256637e+16
2.880444e+02 1.256637e+16 1.256637e+16
2.900430e+02 1.256637e+16 1.256637e+16
2.920556e+02 1.256637e+16 1.256637e+16
2.940820e+02 1.256637e+16 1.256637e+16
2.961225e+02 1.256637e+16 1.256637e+16
2.981772e+02 1.256637e+16 1.256637e+16
3.002462e+02 1.256637e+16 1.256637e+16
3.023295e+02 1.256637e+16 1.256637e+16
3.044272e+02 1.256637e+16 1.256637e+16
3.065395e+02 1.256637e+16 1.256637e+16
3.086665e+02 1.256637e+16 1.256637e+16
3.108082e+02 1.256637e+16 1.256637e+16
3.129648e+02 1.256637e+16 1.256637e+16
3.151363e+02 1.256637e+16 1.256637e+16
3.173230e+02 1.256637e+16 1.256637e+16
3.195248e+02 1.256637e+16 1.256637e+16
3.217418e+02 1.256637e+16 1.256637e+16
3.239743e+02 1.256637e+16 1.256637e+16
3.262222e+02 1.256637e+16 1.256637e+16
3.284857e+02 1.256637e+16 1.256637e+16
3.307650e+02 1.256637e+16 1.256637e+16
3.330600e+02 1.256637e+16 1.256637e+16
3.353710e+02 1.256637e+16 1.256637e+16
3.376980e+02 1.256637e+16 1.256637e+16
3.400412e+02 1.256637e+16 1.256637e+16
3.424006e+02 1.256637e+16 1.256637e+16
3.447764e+02 1.256637e+16 1.256637e+16
3.471687e+02 1.256637e+16 1.256637e+16
3.495776e+02 1.256637e+16 1.256637e+16
3.520031e+02 1.256637e+16 1.256637e+16
3.544456e+02 1.256637e+16 1.256637e+16
3.569049e+02 1.256637e+16 1.256637e+16
3.593814e+02 1.256637e+16 1.256637e+16
3.618750e+02 1.256637e+16 1.256637e+16
3.643859e+02 1.256637e+16 1.256637e+16
3.669142e+02 1.256637e+16 1.256637e+16
3.694601e+02 1.256637e+16 1.256637e+16
3.720237e+02 1.256637e+16 1.256637e+16
3.746050e+02 1.256637e+16 1.256637e+16
3.772042e+02 1.256637e+16 1.256637e+16
3.798215e+02 1.256637e+16 1.256637e+16
3.824570e+02 1.256637e+16 1.256637e+16
3.851107e+02 1.256637e+16 1.256637e+16
3.877828e+02 1.256637e+16 1.256637e+16
3.904735e+02 1.256637e+16 1.256637e+16
3.931829e+02 1.256637e+16 1.256637e+16
3.959110e+02 1.256637e+16 1.256637e+16
3.986581e+02 1.256637e+16 1.256637e+16
4.014242e+02 1.256637e+16 1.256637e+16
4.042096e+02 1.256637e+16 1.256637e+16
4.070142e+02 1.256637e+16 1.256637e+16
4.098384e+02 1.256637e+16 1.256637e+16
4.126821e+02 1.256637e+16 1.256637e+16
4.155455e+02 1.256637e+16 1.256637e+16
4.184289e+02 1.256637e+16 1.256637e+16
4.213322e+02 1.256637e+16 1.256637e+16
4.242556e+02 1.256637e+16 1.256637e+16
4.271994e+02 1.256637e+16 1.256637e+16
4.301636e+02 1.256637e+16 1.256637e+16
4.331483e+02 1.256637e+16 1.256637e+16
4.361538e+02 1.256637e+16 1.256637e+16
4.391801e+02 1.256637e+16 1.256637e+16
4.422274e+02 1.256637e+16 1.256637e+16
4.452959e+02 1.256637e+16 1.256637e+16
4.483856e+02 1.256637e+16 1.256637e+16
4.514968e+02 1.256637e+16 1.256637e+16
4.546295e+02 1.256637e+16 1.256637e+16
4.577841e+02 1.256637e+16 1.256637e+16
4.609604e+02 1.256637e+16 1.256637e+16
4.641589e+02 1.256637e+16 1.256637e+16
4.673795e+02 1.256637e+16 1.256637e+16
4.706225e+02 1.256637e+16 1.256637e+16
4.738880e+02 1.256637e+16 1.256637e+16
4.771761e+02 1.256637e+16 1.256637e+16
4.804870e+02 1.256637e+16 1.256637e+16
4.838210e+02 1.256637e+16 1.256637e+16
4.871780e+02 1.256637e+16 1.256637e+16
4.905584e+02 1.256637e+16 1.256637e+16
4.939622e+02 1.256637e+16 1.256637e+16
4.973896e+02 1.256637e+16 1.256637e+16
5.008408e+02 1.256637e+16 1.256637e+16
5.043159e+02 1.256637e+16 1.256637e+16
5.078152e+02 1.256637e+16 1.256637e+16
5.113388e+02 1.256637e+16 1.256637e+16
5.148867e+02 1.256637e+16 1.256637e+16
5.184594e+02 1.256637e+16 1.256637e+16
5.220568e+02 1.256637e+16 1.256637e+16
5.256791e+02 1.256637e+16 1.256637e+16
5.293266e+02 1.256637e+16 1.256637e+16
5.329994e+02 1.256637e+16 1.256637e+16
5.366977e+02 1.256637e+16 1.256637e+16
5.404216e+02 1.256637e+16 1.256637e+16
5.441714e+02 1.256637e+16 1.256637e+16
5.479472e+02 1.256637e+16 1.256637e+16
5.517492e+02 1.256637e+16 1.256637e+16
5.555776e+02 1.256637e+16 1.256637e+16
5.594326e+02 1.256637e+16 1.256637e+16
5.633143e+02 1.256637e+16 1.256637e+16
5.672229e+02 1.256637e+16 1.256637e+16
5.711586e+02 1.256637e+16 1.256637e+16
5.751217e+02 1.256637e+16 1.256637e+16
5.791123e+02 1.256637e+16 1.256637e+16
5.831305e+02 1.256637e+16 1.256637e+16
5.871766e+02 1.256637e+16 1.256637e+16
5.912508e+02 1.256637e+16 1.256637e+16
5.953533e+02 1.256637e+16 1.256637e+16
5.994843e+02 1.256637e+16 1.256637e+16
6.036439e+02 1.256637e+16 1.256637e+16
6.078323e+02 1.256637e+16 1.256637e+16
6.120498e+02 1.256637e+16 1.256637e+16
6.162966e+02 1.256637e+16 1.256637e+16
6.205729e+02 1.256637e+16 1.256637e+16
6.248788e+02 1.256637e+16 1.256637e+16
6.292146e+02 1.256637e+16 1.256637e+16
6.335805e+02 1.256637e+16 1.256637e+16
6.379767e+02 1.256637e+16 1.256637e+16
6.424034e+02 1.256637e+16 1.256637e+16
6.468608e+02 1.256637e+16 1.256637e+16
6.513491e+02 1.256637e+16 1.256637e+16
6.558686e+02 1.256637e+16 1.256637e+16
6.604194e+02 1.256637e+16 1.256637e+16
6.650018e+02 1.256637e+16 1.256637e+16
6.696160e+02 1.256637e+16 1.256637e+16
6.742622e+02 1.256637e+16 1.256637e+16
6.789407e+02 1.256637e+16 1.256637e+16
6.836516e+02 1.256637e+16 1.256637e+16
6.883952e+02 1.256637e+16 1.256637e+16
6.931717e+02 1.256637e+16 1.256637e+16
6.979814e+02 1.256637e+16 1.256637e+16
7.028244e+02 1.256637e+16 1.256637e+16
7.077011e+02 1.256637e+16 1.256637e+16
7.126115e+02 1.256637e+16 1.256637e+16
7.175561e+02 1.256637e+16 1.256637e+16
7.225349e+02 1.256637e+16 1.256637e+16
7.275484e+02 1.256637e+16 1.256637e+16
7.325965e+02 1.256637e+16 1.256637e+16
7.376798e+02 1.256637e+16 1.256637e+16
7.427982e+02 1.256637e+16 1.256637e+16
7.479523e+02 1.256637e+16 1.256637e+16
7.531420e+02 1.256637e+16 1.256637e+16
7.583678e+02 1.256637e+16 1.256637e+16
7.636298e+02 1.256637e+16 1.256637e+16
7.689284e+02 1.256637e+16 1.256637e+16
7.742637e+02 1.256637e+16 1.256637e+16
7.796360e+02 1.256637e+16 1.256637e+16
7.850456e+02 1.256637e+16 1.256637e+16
7.904928e+02 1.256637e+16 1.256637e+16
7.959777e+02 1.256637e+16 1.256637e+16
8.015007e+02 1.256637e+16 1.256637e+16
8.070620e+02 1.256637e+16 1.256637e+16
8.126619e+02 1.256637e+16 1.256637e+16
8.183007e+02 1.256637e+16 1.256637e+16
8.239786e+02 1.256637e+16 1.256637e+16
8.296959e+02 1.256637e+16 1.256637e+16
8.354528e+02 1.256637e+16 1.256637e+16
8.412497e+02 1.256637e+16 1.256637e+16
8.470868e+02 1.256637e+16 1.256637e+16
8.529644e+02 1.256637e+16 1.256637e+16
8.588829e+02 1.256637e+16 1.256637e+16
8.648423e+02 1.256637e+16 1.256637e+16
8.708431e+02 1.256637e+16 1.256637e+16
8.768856e+02 1.256637e+16 1.256637e+16
8.829700e+02 1.256637e+16 1.256637e+16
8.890966e+02 1.256637e+16 1.256637e+16
8.952657e+02 1.256637e+16 1.256637e+16
9.014776e+02 1.256637e+16 1.256637e+16
9.077327e+02 1.256637e+16 1.256637e+16
9.140311e+02 1.256637e+16 1.256637e+16
9.203732e+02 1.256637e+16 1.256637e+16
9.267593e+02 1.256637e+16 1.256637e+16
9.331898e+02 1.256637e+16 1.256637e+16
9.396648e+02 1.256637e+16 1.256637e+16
9.461848e+02 1.256637e+16 1.256637e+16
9.527500e+02 1.256637e+16 1.256637e+16
9.593608e+02 1.256637e+16 1.256637e+16
9.660175e+02 1.256637e+16 1.256637e+16
9.727203e+02 1.256637e+16 1.256637e+16
9.794697e+02 1.256637e+16 1.256637e+16
9.862658e+02 1.256637e+16 1.256637e+16
9.931092e+02 1.256637e+16 1.256637e+16
1.000000e+03 1.256637e+16 1.256637e+16
