Energy(MeV)	Incoming Spectral Fluence(MeV-1 cm-2)	Residual Spectral Fluence(MeV-1 cm-2)
1.0000e-03	0.0000e+00	2.6412e+04
1.5000e-03	0.0000e+00	2.6417e+04
2.0000e-03	0.0000e+00	2.6421e+04
2.5000e-03	0.0000e+00	2.6424e+04
3.0000e-03	0.0000e+00	2.6426e+04
3.5000e-03	0.0000e+00	2.6428e+04
4.0000e-03	0.0000e+00	2.6430e+04
4.5000e-03	0.0000e+00	2.6431e+04
5.0000e-03	0.0000e+00	2.6433e+04
5.5000e-03	0.0000e+00	2.6434e+04
6.0000e-03	0.0000e+00	2.6435e+04
6.5000e-03	0.0000e+00	2.6436e+04
7.0000e-03	0.0000e+00	2.6437e+04
7.5000e-03	0.0000e+00	2.6438e+04
8.0000e-03	0.0000e+00	2.6439e+04
8.5000e-03	0.0000e+00	2.6440e+04
9.0000e-03	0.0000e+00	2.6441e+04
9.5000e-03	0.0000e+00	2.6441e+04
1.0000e-02	0.0000e+00	2.6442e+04
1.5000e-02	0.0000e+00	2.6447e+04
2.0000e-02	0.0000e+00	2.6451e+04
2.5000e-02	0.0000e+00	2.6454e+04
3.0000e-02	0.0000e+00	2.6456e+04
3.5000e-02	0.0000e+00	2.6458e+04
4.0000e-02	0.0000e+00	2.6460e+04
4.5000e-02	0.0000e+00	2.6462e+04
5.0000e-02	7.1557e+10	2.6463e+04
5.1684e-02	6.8507e+10	2.6463e+04
5.3424e-02	6.5593e+10	2.6464e+04
5.5224e-02	6.2754e+10	2.6464e+04
5.7083e-02	6.0025e+10	2.6465e+04
5.9006e-02	5.7440e+10	2.6465e+04
6.0993e-02	5.5061e+10	2.6466e+04
6.3047e-02	5.2680e+10	2.6466e+04
6.5170e-02	5.0452e+10	2.6466e+04
6.7365e-02	4.8321e+10	2.6467e+04
6.9633e-02	4.6222e+10	2.6467e+04
7.1978e-02	4.4263e+10	2.6468e+04
7.4402e-02	4.2383e+10	2.6468e+04
7.6908e-02	4.0566e+10	2.6469e+04
7.9498e-02	3.8841e+10	2.6469e+04
8.2175e-02	3.7169e+10	2.6472e+04
8.4943e-02	3.5558e+10	2.6475e+04
8.7803e-02	3.4062e+10	2.6478e+04
9.0760e-02	3.2593e+10	2.6480e+04
9.3817e-02	3.1189e+10	2.6483e+04
9.6976e-02	2.9841e+10	2.6486e+04
1.0024e-01	2.8592e+10	2.6489e+04
1.0362e-01	2.7403e+10	2.6491e+04
1.0711e-01	2.6238e+10	2.6494e+04
1.1071e-01	2.5095e+10	2.6497e+04
1.1444e-01	2.4007e+10	2.6500e+04
1.1830e-01	2.2999e+10	2.6502e+04
1.2228e-01	2.2014e+10	2.6505e+04
1.2640e-01	2.1078e+10	2.6508e+04
1.3066e-01	2.0184e+10	2.6511e+04
1.3506e-01	1.9305e+10	2.6513e+04
1.3960e-01	1.8495e+10	2.6516e+04
1.4430e-01	1.7707e+10	2.6519e+04
1.4916e-01	1.6956e+10	2.6521e+04
1.5419e-01	1.6241e+10	2.6524e+04
1.5938e-01	1.5560e+10	2.6527e+04
1.6475e-01	1.4902e+10	2.6532e+04
1.7030e-01	1.4254e+10	2.6537e+04
1.7603e-01	1.3640e+10	2.6542e+04
1.8196e-01	1.3061e+10	2.6548e+04
1.8809e-01	1.2508e+10	2.6553e+04
1.9442e-01	1.1978e+10	2.6559e+04
2.0097e-01	1.1474e+10	2.6564e+04
2.0774e-01	1.0973e+10	2.6569e+04
2.1473e-01	1.0492e+10	2.6575e+04
2.2196e-01	1.0042e+10	2.6580e+04
2.2944e-01	9.6155e+09	2.6586e+04
2.3717e-01	9.1955e+09	2.6591e+04
2.4515e-01	8.8048e+09	2.6597e+04
2.5341e-01	8.4305e+09	2.6604e+04
2.6194e-01	8.0677e+09	2.6610e+04
2.7076e-01	7.7191e+09	2.6617e+04
2.7988e-01	7.3921e+09	2.6624e+04
2.8931e-01	7.0714e+09	2.6630e+04
2.9905e-01	6.7631e+09	2.6637e+04
3.0912e-01	6.4583e+09	2.6644e+04
3.1953e-01	6.1771e+09	2.6651e+04
3.3029e-01	5.9182e+09	2.6658e+04
3.4142e-01	5.6605e+09	2.6667e+04
3.5291e-01	5.4222e+09	2.6676e+04
3.6480e-01	5.1935e+09	2.6684e+04
3.7708e-01	4.9640e+09	2.6693e+04
3.8978e-01	4.7506e+09	2.6702e+04
4.0291e-01	4.5488e+09	2.6710e+04
4.1648e-01	4.3538e+09	2.6720e+04
4.3050e-01	4.1616e+09	2.6731e+04
4.4500e-01	3.9842e+09	2.6742e+04
4.5999e-01	3.8104e+09	2.6752e+04
4.7548e-01	3.6468e+09	2.6763e+04
4.9149e-01	3.4882e+09	2.6774e+04
5.0804e-01	3.3385e+09	2.6786e+04
5.2515e-01	3.1938e+09	2.6799e+04
5.4284e-01	3.0526e+09	2.6811e+04
5.6112e-01	2.9144e+09	2.6824e+04
5.8001e-01	2.7859e+09	2.6837e+04
5.9955e-01	2.6640e+09	2.6852e+04
6.1974e-01	2.5467e+09	2.6866e+04
6.4061e-01	2.4357e+09	2.6881e+04
6.6218e-01	2.3301e+09	2.6896e+04
6.8448e-01	2.2287e+09	2.6913e+04
7.0753e-01	2.1293e+09	2.6929e+04
7.3136e-01	2.0370e+09	2.6946e+04
7.5599e-01	1.9476e+09	2.6964e+04
7.8145e-01	1.8632e+09	2.6982e+04
8.0777e-01	1.7808e+09	2.7000e+04
8.3497e-01	1.7021e+09	2.7020e+04
8.6309e-01	1.6268e+09	2.7040e+04
8.9215e-01	1.5545e+09	2.7061e+04
9.2220e-01	1.4867e+09	2.7083e+04
9.5326e-01	1.4198e+09	2.7105e+04
9.8536e-01	1.3558e+09	2.7127e+04
1.0185e+00	1.2945e+09	2.7151e+04
1.0528e+00	1.2355e+09	2.7176e+04
1.0883e+00	1.1794e+09	2.7201e+04
1.1249e+00	1.1259e+09	2.7227e+04
1.1628e+00	1.0758e+09	2.7254e+04
1.2020e+00	1.0275e+09	2.7282e+04
1.2425e+00	9.8062e+08	2.7311e+04
1.2843e+00	9.3691e+08	2.7341e+04
1.3276e+00	8.9506e+08	2.7372e+04
1.3723e+00	8.5394e+08	2.7404e+04
1.4185e+00	8.1557e+08	2.7437e+04
1.4663e+00	7.7805e+08	2.7470e+04
1.5156e+00	7.4245e+08	2.7506e+04
1.5667e+00	7.0801e+08	2.7542e+04
1.6194e+00	6.7595e+08	2.7580e+04
1.6740e+00	6.4502e+08	2.7618e+04
1.7304e+00	6.1499e+08	2.7658e+04
1.7886e+00	5.8661e+08	2.7700e+04
1.8489e+00	5.5929e+08	2.7743e+04
1.9111e+00	5.3337e+08	2.7787e+04
1.9755e+00	5.0847e+08	2.7832e+04
2.0420e+00	4.8440e+08	2.7880e+04
2.1108e+00	4.6183e+08	2.7928e+04
2.1819e+00	4.4017e+08	2.7979e+04
2.2553e+00	4.1939e+08	2.8031e+04
2.3313e+00	3.9935e+08	2.8085e+04
2.4098e+00	3.7999e+08	2.8140e+04
2.4910e+00	3.6177e+08	2.8197e+04
2.5748e+00	3.4413e+08	2.8257e+04
2.6616e+00	3.2781e+08	2.8318e+04
2.7512e+00	3.1202e+08	2.8382e+04
2.8438e+00	2.9693e+08	2.8449e+04
2.9396e+00	2.8219e+08	2.8520e+04
3.0386e+00	2.6814e+08	2.8599e+04
3.1409e+00	2.5494e+08	2.8681e+04
3.2467e+00	2.4232e+08	2.8761e+04
3.3561e+00	2.3037e+08	2.8842e+04
3.4691e+00	2.1886e+08	2.8924e+04
3.5859e+00	2.0780e+08	2.9007e+04
3.7067e+00	1.9727e+08	2.9093e+04
3.8315e+00	1.8725e+08	2.9182e+04
3.9605e+00	1.7777e+08	2.9274e+04
4.0939e+00	1.6866e+08	2.9425e+04
4.2318e+00	1.6004e+08	2.9550e+04
4.3743e+00	1.5157e+08	2.9655e+04
4.5216e+00	1.4370e+08	2.9761e+04
4.6739e+00	1.3626e+08	2.9869e+04
4.8313e+00	1.2902e+08	2.9980e+04
4.9940e+00	1.2217e+08	3.0094e+04
5.1621e+00	1.1572e+08	3.0212e+04
5.3360e+00	1.0953e+08	3.0336e+04
5.5157e+00	1.0346e+08	3.0464e+04
5.7014e+00	9.7767e+07	3.0599e+04
5.8934e+00	9.2314e+07	3.0737e+04
6.0919e+00	8.7320e+07	3.0876e+04
6.2971e+00	8.2412e+07	3.1018e+04
6.5091e+00	7.7822e+07	3.1163e+04
6.7283e+00	7.3274e+07	3.1312e+04
6.9549e+00	6.8966e+07	3.1465e+04
7.1891e+00	6.5039e+07	3.1622e+04
7.4313e+00	6.1025e+07	3.1784e+04
7.6815e+00	5.7415e+07	3.1950e+04
7.9402e+00	5.4059e+07	3.2121e+04
8.2076e+00	5.0891e+07	3.2297e+04
8.4840e+00	4.7801e+07	3.2447e+04
8.7697e+00	4.4945e+07	3.2633e+04
9.0651e+00	4.2180e+07	3.2825e+04
9.3703e+00	3.9650e+07	3.3022e+04
9.6859e+00	3.7149e+07	3.3225e+04
1.0012e+01	3.4761e+07	3.3433e+04
1.0349e+01	3.2613e+07	3.3646e+04
1.0698e+01	3.0546e+07	3.3863e+04
1.1058e+01	2.8539e+07	3.4089e+04
1.1430e+01	2.6663e+07	3.4319e+04
1.1815e+01	2.4865e+07	3.4550e+04
1.2213e+01	2.3215e+07	3.4785e+04
1.2625e+01	2.1683e+07	3.5025e+04
1.3050e+01	2.0240e+07	3.5270e+04
1.3489e+01	1.8859e+07	3.5518e+04
1.3944e+01	1.7568e+07	3.5762e+04
1.4413e+01	1.6306e+07	3.6035e+04
1.4898e+01	1.5159e+07	3.6294e+04
1.5400e+01	1.4078e+07	3.6554e+04
1.5919e+01	1.3106e+07	3.6773e+04
1.6455e+01	1.2129e+07	3.7037e+04
1.7009e+01	1.1250e+07	3.7305e+04
1.7582e+01	1.0392e+07	3.7595e+04
1.8174e+01	9.6248e+06	3.7880e+04
1.8786e+01	8.9091e+06	3.8166e+04
1.9419e+01	8.2455e+06	3.8461e+04
2.0073e+01	7.6159e+06	3.8747e+04
2.0749e+01	7.0250e+06	3.9016e+04
2.1447e+01	6.4799e+06	3.9281e+04
2.2170e+01	5.9711e+06	3.9598e+04
2.2916e+01	5.4870e+06	3.9986e+04
2.3688e+01	5.0559e+06	4.0268e+04
2.4486e+01	4.6399e+06	4.0512e+04
2.5310e+01	4.2659e+06	4.0748e+04
2.6163e+01	3.9317e+06	4.0986e+04
2.7044e+01	3.6052e+06	4.1218e+04
2.7954e+01	3.3098e+06	4.1422e+04
2.8896e+01	3.0274e+06	4.1605e+04
2.9869e+01	2.7735e+06	4.1795e+04
3.0875e+01	2.5525e+06	4.1955e+04
3.1915e+01	2.3455e+06	4.2146e+04
3.2989e+01	2.1512e+06	4.2337e+04
3.4100e+01	1.9737e+06	4.2471e+04
3.5249e+01	1.8066e+06	4.2650e+04
3.6436e+01	1.6523e+06	4.2768e+04
3.7663e+01	1.5163e+06	4.2823e+04
3.8931e+01	1.3875e+06	4.2868e+04
4.0242e+01	1.2717e+06	4.2861e+04
4.1598e+01	1.1650e+06	4.2818e+04
4.2998e+01	1.0681e+06	4.2781e+04
4.4446e+01	9.7710e+05	4.2706e+04
4.5943e+01	8.9085e+05	4.2578e+04
4.7490e+01	8.1519e+05	4.2396e+04
4.9090e+01	7.4395e+05	4.2170e+04
5.0743e+01	6.7941e+05	4.1886e+04
5.2452e+01	6.2062e+05	4.1614e+04
5.4218e+01	5.6783e+05	4.1269e+04
5.6044e+01	5.2009e+05	4.0873e+04
5.7931e+01	4.7473e+05	4.0419e+04
5.9882e+01	4.3298e+05	3.9906e+04
6.1899e+01	3.9583e+05	3.9434e+04
6.3984e+01	3.6236e+05	3.8879e+04
6.6138e+01	3.3115e+05	3.8266e+04
6.8366e+01	3.0259e+05	3.7643e+04
7.0668e+01	2.7708e+05	3.6984e+04
7.3048e+01	2.5219e+05	3.6243e+04
7.5508e+01	2.3064e+05	3.5470e+04
7.8051e+01	2.1085e+05	3.4652e+04
8.0679e+01	1.9259e+05	3.3779e+04
8.3396e+01	1.7573e+05	3.2915e+04
8.6205e+01	1.6058e+05	3.1983e+04
8.9108e+01	1.4696e+05	3.1058e+04
9.2109e+01	1.3416e+05	3.0072e+04
9.5211e+01	1.2212e+05	2.9140e+04
9.8417e+01	1.1180e+05	2.8143e+04
1.0173e+02	1.0194e+05	2.7134e+04
1.0516e+02	9.2971e+04	2.6148e+04
1.0870e+02	8.5107e+04	2.5186e+04
1.1236e+02	7.7724e+04	2.4191e+04
1.1614e+02	7.0936e+04	2.3214e+04
1.2005e+02	6.4677e+04	2.2230e+04
1.2410e+02	5.9075e+04	2.1246e+04
1.2828e+02	5.4012e+04	2.0268e+04
1.3260e+02	4.9258e+04	1.9317e+04
1.3706e+02	4.4921e+04	1.8406e+04
1.4168e+02	4.0940e+04	1.7500e+04
1.4645e+02	3.7394e+04	1.6607e+04
1.5138e+02	3.4112e+04	1.5709e+04
1.5648e+02	3.1186e+04	1.4852e+04
1.6175e+02	2.8494e+04	1.4032e+04
1.6720e+02	2.5987e+04	1.3259e+04
1.7283e+02	2.3688e+04	1.2496e+04
1.7865e+02	2.1659e+04	1.1762e+04
1.8466e+02	1.9780e+04	1.1046e+04
1.9088e+02	1.8049e+04	1.0371e+04
1.9731e+02	1.6492e+04	9.7122e+03
2.0395e+02	1.5082e+04	9.1080e+03
2.1082e+02	1.3777e+04	8.5327e+03
2.1792e+02	1.2567e+04	7.9680e+03
2.2526e+02	1.1470e+04	7.4446e+03
2.3285e+02	1.0449e+04	6.9483e+03
2.4069e+02	9.5934e+03	6.4799e+03
2.4880e+02	8.7564e+03	6.0342e+03
2.5717e+02	7.9998e+03	5.6069e+03
2.6583e+02	7.3095e+03	5.2078e+03
2.7479e+02	6.6779e+03	4.8360e+03
2.8404e+02	6.0971e+03	4.4921e+03
2.9361e+02	5.5703e+03	4.1670e+03
3.0349e+02	5.0880e+03	3.8614e+03
3.1371e+02	4.6510e+03	3.5777e+03
3.2428e+02	4.2482e+03	3.3169e+03
3.3520e+02	3.8822e+03	3.0745e+03
3.4649e+02	3.5559e+03	2.8451e+03
3.5816e+02	3.2564e+03	2.6315e+03
3.7022e+02	2.9768e+03	2.4258e+03
3.8269e+02	2.7252e+03	2.2396e+03
3.9557e+02	2.4871e+03	2.0676e+03
4.0890e+02	2.2733e+03	1.9113e+03
4.2267e+02	2.0780e+03	1.7612e+03
4.3690e+02	1.9070e+03	1.6211e+03
4.5161e+02	1.7395e+03	1.4918e+03
4.6682e+02	1.5883e+03	1.3704e+03
4.8254e+02	1.4497e+03	1.2596e+03
4.9879e+02	1.3217e+03	1.1591e+03
5.1559e+02	1.2093e+03	1.0627e+03
5.3295e+02	1.1014e+03	9.7681e+02
5.5090e+02	1.0063e+03	8.9841e+02
5.6946e+02	9.2024e+02	8.2400e+02
5.8863e+02	8.3971e+02	7.5670e+02
6.0846e+02	7.6722e+02	6.9427e+02
6.2895e+02	7.0045e+02	6.3759e+02
6.5013e+02	6.4067e+02	5.8386e+02
6.7202e+02	5.8378e+02	5.3382e+02
6.9465e+02	5.3161e+02	4.8862e+02
7.1805e+02	4.8456e+02	4.4636e+02
7.4223e+02	4.4087e+02	4.0918e+02
7.6722e+02	4.0319e+02	3.7540e+02
7.9306e+02	3.6874e+02	3.4402e+02
8.1977e+02	3.3662e+02	3.1498e+02
8.4738e+02	3.0730e+02	2.8852e+02
8.7591e+02	2.8068e+02	2.6475e+02
9.0541e+02	2.5725e+02	2.4358e+02
9.3590e+02	2.3628e+02	2.2415e+02
9.6742e+02	2.1688e+02	2.0557e+02
1.0000e+03	1.9793e+02	1.8800e+02