1.000000e-01 3.141593e-15 3.141593e+20
1.015495e-01 3.141593e-15 3.141593e+20
1.031230e-01 3.141593e-15 3.141593e+20
1.047209e-01 3.141593e-15 3.141593e+20
1.063436e-01 3.141593e-15 3.141593e+20
1.079914e-01 3.141593e-15 3.141593e+20
1.096647e-01 3.141593e-15 3.141593e+20
1.113639e-01 3.141593e-15 3.141593e+20
1.130895e-01 3.141593e-15 3.141593e+20
1.148418e-01 3.141593e-15 3.141593e+20
1.166213e-01 3.141593e-15 3.141593e+20
1.184284e-01 3.141593e-15 3.141593e+20
1.202634e-01 3.141593e-15 3.141593e+20
1.221269e-01 3.141593e-15 3.141593e+20
1.240193e-01 3.141593e-15 3.141593e+20
1.259409e-01 3.141593e-15 3.141593e+20
1.278924e-01 3.141593e-15 3.141593e+20
1.298741e-01 3.141593e-15 3.141593e+20
1.318865e-01 3.141593e-15 3.141593e+20
1.339301e-01 3.141593e-15 3.141593e+20
1.360053e-01 3.141593e-15 3.141593e+20
1.381127e-01 3.141593e-15 3.141593e+20
1.402528e-01 3.141593e-15 3.141593e+20
1.424260e-01 3.141593e-15 3.141593e+20
1.446329e-01 3.141593e-15 3.141593e+20
1.468740e-01 3.141593e-15 3.141593e+20
1.491498e-01 3.141593e-15 3.141593e+20
1.514609e-01 3.141593e-15 3.141593e+20
1.538078e-01 3.141593e-15 3.141593e+20
1.561910e-01 3.141593e-15 3.141593e+20
1.586112e-01 3.141593e-15 3.141593e+20
1.610689e-01 3.141593e-15 3.141593e+20
1.635647e-01 3.141593e-15 3.141593e+20
1.660991e-01 3.141593e-15 3.141593e+20
1.686728e-01 3.141593e-15 3.141593e+20
1.712864e-01 3.141593e-15 3.141593e+20
1.739405e-01 3.141593e-15 3.141593e+20
1.766357e-01 3.141593e-15 3.141593e+20
1.793727e-01 3.141593e-15 3.141593e+20
1.821520e-01 3.141593e-15 3.141593e+20
1.849745e-01 3.141593e-15 3.141593e+20
1.878407e-01 3.141593e-15 3.141593e+20
1.907513e-01 3.141593e-15 3.141593e+20
1.937070e-01 3.141593e-15 3.141593e+20
1.967085e-01 3.141593e-15 3.141593e+20
1.997565e-01 3.141593e-15 3.141593e+20
2.028517e-01 3.141593e-15 3.141593e+20
2.059949e-01 3.141593e-15 3.141593e+20
2.091868e-01 3.141593e-15 3.141593e+20
2.124281e-01 3.141593e-15 3.141593e+20
2.157197e-01 3.141593e-15 3.141593e+20
2.190623e-01 3.141593e-15 3.141593e+20
2.224567e-01 3.141593e-15 3.141593e+20
2.259036e-01 3.141593e-15 3.141593e+20
2.294040e-01 3.141593e-15 3.141593e+20
2.329586e-01 3.141593e-15 3.141593e+20
2.365683e-01 3.141593e-15 3.141593e+20
2.402340e-01 3.141593e-15 3.141593e+20
2.439564e-01 3.141593e-15 3.141593e+20
2.477365e-01 3.141593e-15 3.141593e+20
2.515752e-01 3.141593e-15 3.141593e+20
2.554733e-01 3.141593e-15 3.141593e+20
2.594319e-01 3.141593e-15 3.141593e+20
2.634518e-01 3.141593e-15 3.141593e+20
2.675340e-01 3.141593e-15 3.141593e+20
2.716794e-01 3.141593e-15 3.141593e+20
2.758891e-01 3.141593e-15 3.141593e+20
2.801640e-01 3.141593e-15 3.141593e+20
2.845052e-01 3.141593e-15 3.141593e+20
2.889136e-01 3.141593e-15 3.141593e+20
2.933903e-01 3.141593e-15 3.141593e+20
2.979364e-01 3.141593e-15 3.141593e+20
3.025529e-01 3.141593e-15 3.141593e+20
3.072410e-01 3.141593e-15 3.141593e+20
3.120017e-01 3.141593e-15 3.141593e+20
3.168361e-01 3.141593e-15 3.141593e+20
3.217455e-01 3.141593e-15 3.141593e+20
3.267310e-01 3.141593e-15 3.141593e+20
3.317937e-01 3.141593e-15 3.141593e+20
3.369348e-01 3.141593e-15 3.141593e+20
3.421556e-01 3.141593e-15 3.141593e+20
3.474573e-01 3.141593e-15 3.141593e+20
3.528412e-01 3.141593e-15 3.141593e+20
3.583085e-01 3.141593e-15 3.141593e+20
3.638605e-01 3.141593e-15 3.141593e+20
3.694985e-01 3.141593e-15 3.141593e+20
3.752239e-01 3.141593e-15 3.141593e+20
3.810380e-01 3.141593e-15 3.141593e+20
3.869422e-01 3.141593e-15 3.141593e+20
3.929379e-01 3.141593e-15 3.141593e+20
3.990264e-01 3.141593e-15 3.141593e+20
4.052094e-01 3.141593e-15 3.141593e+20
4.114881e-01 3.141593e-15 3.141593e+20
4.178641e-01 3.141593e-15 3.141593e+20
4.243389e-01 3.141593e-15 3.141593e+20
4.309140e-01 3.141593e-15 3.141593e+20
4.375911e-01 3.141593e-15 3.141593e+20
4.443715e-01 3.141593e-15 3.141593e+20
4.512571e-01 3.141593e-15 3.141593e+20
4.582493e-01 3.141593e-15 3.141593e+20
4.653499e-01 3.141593e-15 3.141593e+20
4.725605e-01 3.141593e-15 3.141593e+20
4.798828e-01 3.141593e-15 3.141593e+20
4.873186e-01 3.141593e-15 3.141593e+20
4.948696e-01 3.141593e-15 3.141593e+20
5.025377e-01 3.141593e-15 3.141593e+20
5.103245e-01 3.141593e-15 3.141593e+20
5.182320e-01 3.141593e-15 3.141593e+20
5.262620e-01 3.141593e-15 3.141593e+20
5.344164e-01 3.141593e-15 3.141593e+20
5.426972e-01 3.141593e-15 3.141593e+20
5.511063e-01 3.141593e-15 3.141593e+20
5.596457e-01 3.141593e-15 3.141593e+20
5.683174e-01 3.141593e-15 3.141593e+20
5.771235e-01 3.141593e-15 3.141593e+20
5.860661e-01 3.141593e-15 3.141593e+20
5.951472e-01 3.141593e-15 3.141593e+20
6.043690e-01 3.141593e-15 3.141593e+20
6.137337e-01 3.141593e-15 3.141593e+20
6.232435e-01 3.141593e-15 3.141593e+20
6.329007e-01 3.141593e-15 3.141593e+20
6.427075e-01 3.141593e-15 3.141593e+20
6.526662e-01 3.141593e-15 3.141593e+20
6.627793e-01 3.141593e-15 3.141593e+20
6.730491e-01 3.141593e-15 3.141593e+20
6.834780e-01 3.141593e-15 3.141593e+20
6.940685e-01 3.141593e-15 3.141593e+20
7.048231e-01 3.141593e-15 3.141593e+20
7.157444e-01 3.141593e-15 3.141593e+20
7.268348e-01 3.141593e-15 3.141593e+20
7.380971e-01 3.141593e-15 3.141593e+20
7.495340e-01 3.141593e-15 3.141593e+20
7.611480e-01 3.141593e-15 3.141593e+20
7.729420e-01 3.141593e-15 3.141593e+20
7.849188e-01 3.141593e-15 3.141593e+20
7.970811e-01 3.141593e-15 3.141593e+20
8.094319e-01 3.141593e-15 3.141593e+20
8.219740e-01 3.141593e-15 3.141593e+20
8.347105e-01 3.141593e-15 3.141593e+20
8.476444e-01 3.141593e-15 3.141593e+20
8.607786e-01 3.141593e-15 3.141593e+20
8.741164e-01 3.141593e-15 3.141593e+20
8.876609e-01 3.141593e-15 3.141593e+20
9.014152e-01 3.141593e-15 3.141593e+20
9.153826e-01 3.141593e-15 3.141593e+20
9.295665e-01 3.141593e-15 3.141593e+20
9.439702e-01 3.141593e-15 3.141593e+20
9.585970e-01 3.141593e-15 3.141593e+20
9.734505e-01 3.141593e-15 3.141593e+20
9.885341e-01 3.141593e-15 3.141593e+20
1.003851e+00 3.141593e-15 3.141593e+20
1.019406e+00 3.141593e-15 3.141593e+20
1.035202e+00 3.141593e-15 3.141593e+20
1.051242e+00 3.141593e-15 3.141593e+20
1.067531e+00 3.141593e-15 3.141593e+20
1.084073e+00 3.141593e-15 3.141593e+20
1.100870e+00 3.141593e-15 3.141593e+20
1.117928e+00 3.141593e-15 3.141593e+20
1.135251e+00 3.141593e-15 3.141593e+20
1.152842e+00 3.141593e-15 3.141593e+20
1.170705e+00 3.141593e-15 3.141593e+20
1.188845e+00 3.141593e-15 3.141593e+20
1.207266e+00 3.141593e-15 3.141593e+20
1.225973e+00 3.141593e-15 3.141593e+20
1.244969e+00 3.141593e-15 3.141593e+20
1.264260e+00 3.141593e-15 3.141593e+20
1.283850e+00 3.141593e-15 3.141593e+20
1.303743e+00 3.141593e-15 3.141593e+20
1.323945e+00 3.141593e-15 3.141593e+20
1.344459e+00 3.141593e-15 3.141593e+20
1.365291e+00 3.141593e-15 3.141593e+20
1.386447e+00 3.141593e-15 3.141593e+20
1.407930e+00 3.141593e-15 3.141593e+20
1.429746e+00 3.141593e-15 3.141593e+20
1.451900e+00 3.141593e-15 3.141593e+20
1.474397e+00 3.141593e-15 3.141593e+20
1.497243e+00 3.141593e-15 3.141593e+20
1.520442e+00 3.141593e-15 3.141593e+20
1.544002e+00 3.141593e-15 3.141593e+20
1.567926e+00 3.141593e-15 3.141593e+20
1.592221e+00 3.141593e-15 3.141593e+20
1.616892e+00 3.141593e-15 3.141593e+20
1.641946e+00 3.141593e-15 3.141593e+20
1.667388e+00 3.141593e-15 3.141593e+20
1.693224e+00 3.141593e-15 3.141593e+20
1.719461e+00 3.141593e-15 3.141593e+20
1.746104e+00 3.141593e-15 3.141593e+20
1.773160e+00 3.141593e-15 3.141593e+20
1.800635e+00 3.141593e-15 3.141593e+20
1.828536e+00 3.141593e-15 3.141593e+20
1.856869e+00 3.141593e-15 3.141593e+20
1.885641e+00 3.141593e-15 3.141593e+20
1.914859e+00 3.141593e-15 3.141593e+20
1.944530e+00 3.141593e-15 3.141593e+20
1.974661e+00 3.141593e-15 3.141593e+20
2.005258e+00 3.141593e-15 3.141593e+20
2.036330e+00 3.141593e-15 3.141593e+20
2.067883e+00 3.141593e-15 3.141593e+20
2.099924e+00 3.141593e-15 3.141593e+20
2.132463e+00 3.141593e-15 3.141593e+20
2.165505e+00 3.141593e-15 3.141593e+20
2.199060e+00 3.141593e-15 3.141593e+20
2.233134e+00 3.141593e-15 3.141593e+20
2.267737e+00 3.141593e-15 3.141593e+20
2.302875e+00 3.141593e-15 3.141593e+20
2.338559e+00 3.141593e-15 3.141593e+20
2.374795e+00 3.141593e-15 3.141593e+20
2.411592e+00 3.141593e-15 3.141593e+20
2.448960e+00 3.141593e-15 3.141593e+20
2.486906e+00 3.141593e-15 3.141593e+20
2.525441e+00 3.141593e-15 3.141593e+20
2.564573e+00 3.141593e-15 3.141593e+20
2.604311e+00 3.141593e-15 3.141593e+20
2.644665e+00 3.141593e-15 3.141593e+20
2.685644e+00 3.141593e-15 3.141593e+20
2.727258e+00 3.141593e-15 3.141593e+20
2.769517e+00 3.141593e-15 3.141593e+20
2.812431e+00 3.141593e-15 3.141593e+20
2.856009e+00 3.141593e-15 3.141593e+20
2.900263e+00 3.141593e-15 3.141593e+20
2.945203e+00 3.141593e-15 3.141593e+20
2.990839e+00 3.141593e-15 3.141593e+20
3.037182e+00 3.141593e-15 3.141593e+20
3.084243e+00 3.141593e-15 3.141593e+20
3.132033e+00 3.141593e-15 3.141593e+20
3.180564e+00 3.141593e-15 3.141593e+20
3.229847e+00 3.141593e-15 3.141593e+20
3.279894e+00 3.141593e-15 3.141593e+20
3.330716e+00 3.141593e-15 3.141593e+20
3.382325e+00 3.141593e-15 3.141593e+20
3.434734e+00 3.141593e-15 3.141593e+20
3.487956e+00 3.141593e-15 3.141593e+20
3.542002e+00 3.141593e-15 3.141593e+20
3.596885e+00 3.141593e-15 3.141593e+20
3.652619e+00 3.141593e-15 3.141593e+20
3.709216e+00 3.141593e-15 3.141593e+20
3.766690e+00 3.141593e-15 3.141593e+20
3.825055e+00 3.141593e-15 3.141593e+20
3.884325e+00 3.141593e-15 3.141593e+20
3.944512e+00 3.141593e-15 3.141593e+20
4.005633e+00 3.141593e-15 3.141593e+20
4.067700e+00 3.141593e-15 3.141593e+20
4.130729e+00 3.141593e-15 3.141593e+20
4.194735e+00 3.141593e-15 3.141593e+20
4.259732e+00 3.141593e-15 3.141593e+20
4.325737e+00 3.141593e-15 3.141593e+20
4.392764e+00 3.141593e-15 3.141593e+20
4.460830e+00 3.141593e+20 3.141593e+20
4.529951e+00 3.141593e+20 3.141593e+20
4.600143e+00 3.141593e+20 3.141593e+20
4.671422e+00 3.141593e+20 3.141593e+20
4.743806e+00 3.141593e+20 3.141593e+20
4.817311e+00 3.141593e+20 3.141593e+20
4.891955e+00 3.141593e+20 3.141593e+20
4.967756e+00 3.141593e+20 3.141593e+20
5.044732e+00 3.141593e+20 3.141593e+20
5.122900e+00 3.141593e+20 3.141593e+20
5.202279e+00 3.141593e+20 3.141593e+20
5.282889e+00 3.141593e+20 3.141593e+20
5.364747e+00 3.141593e+20 3.141593e+20
5.447874e+00 3.141593e+20 3.141593e+20
5.532289e+00 3.141593e+20 3.141593e+20
5.618012e+00 3.141593e+20 3.141593e+20
5.705063e+00 3.141593e+20 3.141593e+20
5.793463e+00 3.141593e+20 3.141593e+20
5.883233e+00 3.141593e+20 3.141593e+20
5.974393e+00 3.141593e+20 3.141593e+20
6.066967e+00 3.141593e+20 3.141593e+20
6.160975e+00 3.141593e+20 3.141593e+20
6.256439e+00 3.141593e+20 3.141593e+20
6.353383e+00 3.141593e+20 3.141593e+20
6.451828e+00 3.141593e+20 3.141593e+20
6.551800e+00 3.141593e+20 3.141593e+20
6.653320e+00 3.141593e+20 3.141593e+20
6.756413e+00 3.141593e+20 3.141593e+20
6.861104e+00 3.141593e+20 3.141593e+20
6.967417e+00 3.141593e+20 3.141593e+20
7.075377e+00 3.141593e+20 3.141593e+20
7.185010e+00 3.141593e+20 3.141593e+20
7.296342e+00 3.141593e+20 3.141593e+20
7.409399e+00 3.141593e+20 3.141593e+20
7.524208e+00 3.141593e+20 3.141593e+20
7.640795e+00 3.141593e+20 3.141593e+20
7.759190e+00 3.141593e+20 3.141593e+20
7.879418e+00 3.141593e+20 3.141593e+20
8.001510e+00 3.141593e+20 3.141593e+20
8.125494e+00 3.141593e+20 3.141593e+20
8.251398e+00 3.141593e+20 3.141593e+20
8.379254e+00 3.141593e+20 3.141593e+20
8.509090e+00 3.141593e+20 3.141593e+20
8.640939e+00 3.141593e+20 3.141593e+20
8.774830e+00 3.141593e+20 3.141593e+20
8.910797e+00 3.141593e+20 3.141593e+20
9.048869e+00 3.141593e+20 3.141593e+20
9.189082e+00 3.141593e+20 3.141593e+20
9.331467e+00 3.141593e+20 3.141593e+20
9.476058e+00 3.141593e+20 3.141593e+20
9.622890e+00 3.141593e+20 3.141593e+20
9.771997e+00 3.141593e+20 3.141593e+20
9.923414e+00 3.141593e+20 3.141593e+20
1.007718e+01 3.141593e+20 3.141593e+20
1.023332e+01 3.141593e+20 3.141593e+20
1.039189e+01 3.141593e+20 3.141593e+20
1.055291e+01 3.141593e+20 3.141593e+20
1.071643e+01 3.141593e+20 3.141593e+20
1.088248e+01 3.141593e+20 3.141593e+20
1.105110e+01 3.141593e+20 3.141593e+20
1.122234e+01 3.141593e+20 3.141593e+20
1.139623e+01 3.141593e+20 3.141593e+20
1.157282e+01 3.141593e+20 3.141593e+20
1.175214e+01 3.141593e+20 3.141593e+20
1.193424e+01 3.141593e+20 3.141593e+20
1.211916e+01 3.141593e+20 3.141593e+20
1.230694e+01 3.141593e+20 3.141593e+20
1.249764e+01 3.141593e+20 3.141593e+20
1.269129e+01 3.141593e+20 3.141593e+20
1.288794e+01 3.141593e+20 3.141593e+20
1.308764e+01 3.141593e+20 3.141593e+20
1.329044e+01 3.141593e+20 3.141593e+20
1.349637e+01 3.141593e+20 3.141593e+20
1.370550e+01 3.141593e+20 3.141593e+20
1.391787e+01 3.141593e+20 3.141593e+20
1.413352e+01 3.141593e+20 3.141593e+20
1.435252e+01 3.141593e+20 3.141593e+20
1.457491e+01 3.141593e+20 3.141593e+20
1.480075e+01 3.141593e+20 3.141593e+20
1.503009e+01 3.141593e+20 3.141593e+20
1.526298e+01 3.141593e+20 3.141593e+20
1.549948e+01 3.141593e+20 3.141593e+20
1.573965e+01 3.141593e+20 3.141593e+20
1.598353e+01 3.141593e+20 3.141593e+20
1.623120e+01 3.141593e+20 3.141593e+20
1.648270e+01 3.141593e+20 3.141593e+20
1.673810e+01 3.141593e+20 3.141593e+20
1.699746e+01 3.141593e+20 3.141593e+20
1.726083e+01 3.141593e+20 3.141593e+20
1.752829e+01 3.141593e+20 3.141593e+20
1.779989e+01 3.141593e+20 3.141593e+20
1.807570e+01 3.141593e+20 3.141593e+20
1.835578e+01 3.141593e+20 3.141593e+20
1.864021e+01 3.141593e+20 3.141593e+20
1.892904e+01 3.141593e+20 3.141593e+20
1.922234e+01 3.141593e+20 3.141593e+20
1.952019e+01 3.141593e+20 3.141593e+20
1.982266e+01 3.141593e+20 3.141593e+20
2.012981e+01 3.141593e+20 3.141593e+20
2.044172e+01 3.141593e+20 3.141593e+20
2.075847e+01 3.141593e+20 3.141593e+20
2.108012e+01 3.141593e+20 3.141593e+20
2.140676e+01 3.141593e+20 3.141593e+20
2.173846e+01 3.141593e+20 3.141593e+20
2.207529e+01 3.141593e+20 3.141593e+20
2.241735e+01 3.141593e+20 3.141593e+20
2.276471e+01 3.141593e+20 3.141593e+20
2.311745e+01 3.141593e+20 3.141593e+20
2.347565e+01 3.141593e+20 3.141593e+20
2.383941e+01 3.141593e+20 3.141593e+20
2.420880e+01 3.141593e+20 3.141593e+20
2.458392e+01 3.141593e+20 3.141593e+20
2.496485e+01 3.141593e+20 3.141593e+20
2.535168e+01 3.141593e+20 3.141593e+20
2.574450e+01 3.141593e+20 3.141593e+20
2.614341e+01 3.141593e+20 3.141593e+20
2.654850e+01 3.141593e+20 3.141593e+20
2.695987e+01 3.141593e+20 3.141593e+20
2.737762e+01 3.141593e+20 3.141593e+20
2.780183e+01 3.141593e+20 3.141593e+20
2.823262e+01 3.141593e+20 3.141593e+20
2.867009e+01 3.141593e+20 3.141593e+20
2.911433e+01 3.141593e+20 3.141593e+20
2.956546e+01 3.141593e+20 3.141593e+20
3.002358e+01 3.141593e+20 3.141593e+20
3.048879e+01 3.141593e+20 3.141593e+20
3.096122e+01 3.141593e+20 3.141593e+20
3.144096e+01 3.141593e+20 3.141593e+20
3.192814e+01 3.141593e+20 3.141593e+20
3.242287e+01 3.141593e+20 3.141593e+20
3.292526e+01 3.141593e+20 3.141593e+20
3.343544e+01 3.141593e+20 3.141593e+20
3.395352e+01 3.141593e+20 3.141593e+20
3.447963e+01 3.141593e+20 3.141593e+20
3.501389e+01 3.141593e+20 3.141593e+20
3.555643e+01 3.141593e+20 3.141593e+20
3.610738e+01 3.141593e+20 3.141593e+20
3.666687e+01 3.141593e+20 3.141593e+20
3.723502e+01 3.141593e+20 3.141593e+20
3.781198e+01 3.141593e+20 3.141593e+20
3.839787e+01 3.141593e+20 3.141593e+20
3.899285e+01 3.141593e+20 3.141593e+20
3.959704e+01 3.141593e+20 3.141593e+20
4.021060e+01 3.141593e+20 3.141593e+20
4.083367e+01 3.141593e+20 3.141593e+20
4.146638e+01 3.141593e+20 3.141593e+20
4.210891e+01 3.141593e+20 3.141593e+20
4.276138e+01 3.141593e+20 3.141593e+20
4.342397e+01 3.141593e+20 3.141593e+20
4.409683e+01 3.141593e+20 3.141593e+20
4.478011e+01 3.141593e+20 3.141593e+20
4.547398e+01 3.141593e+20 3.141593e+20
4.617860e+01 3.141593e+20 3.141593e+20
4.689414e+01 3.141593e+20 3.141593e+20
4.762076e+01 3.141593e+20 3.141593e+20
4.835865e+01 3.141593e+20 3.141593e+20
4.910796e+01 3.141593e+20 3.141593e+20
4.986889e+01 3.141593e+20 3.141593e+20
5.064161e+01 3.141593e+20 3.141593e+20
5.142630e+01 3.141593e+20 3.141593e+20
5.222315e+01 3.141593e+20 3.141593e+20
5.303235e+01 3.141593e+20 3.141593e+20
5.385409e+01 3.141593e+20 3.141593e+20
5.468856e+01 3.141593e+20 3.141593e+20
5.553596e+01 3.141593e+20 3.141593e+20
5.639649e+01 3.141593e+20 3.141593e+20
5.727036e+01 3.141593e+20 3.141593e+20
5.815776e+01 3.141593e+20 3.141593e+20
5.905892e+01 3.141593e+20 3.141593e+20
5.997404e+01 3.141593e+20 3.141593e+20
6.090333e+01 3.141593e+20 3.141593e+20
6.184703e+01 3.141593e+20 3.141593e+20
6.280535e+01 3.141593e+20 3.141593e+20
6.377852e+01 3.141593e+20 3.141593e+20
6.476677e+01 3.141593e+20 3.141593e+20
6.577033e+01 3.141593e+20 3.141593e+20
6.678945e+01 3.141593e+20 3.141593e+20
6.782435e+01 3.141593e+20 3.141593e+20
6.887529e+01 3.141593e+20 3.141593e+20
6.994251e+01 3.141593e+20 3.141593e+20
7.102627e+01 3.141593e+20 3.141593e+20
7.212683e+01 3.141593e+20 3.141593e+20
7.324443e+01 3.141593e+20 3.141593e+20
7.437936e+01 3.141593e+20 3.141593e+20
7.553187e+01 3.141593e+20 3.141593e+20
7.670223e+01 3.141593e+20 3.141593e+20
7.789074e+01 3.141593e+20 3.141593e+20
7.909765e+01 3.141593e+20 3.141593e+20
8.032327e+01 3.141593e+20 3.141593e+20
8.156788e+01 3.141593e+20 3.141593e+20
8.283178e+01 3.141593e+20 3.141593e+20
8.411526e+01 3.141593e+20 3.141593e+20
8.541863e+01 3.141593e+20 3.141593e+20
8.674219e+01 3.141593e+20 3.141593e+20
8.808626e+01 3.141593e+20 3.141593e+20
8.945116e+01 3.141593e+20 3.141593e+20
9.083721e+01 3.141593e+20 3.141593e+20
9.224473e+01 3.141593e+20 3.141593e+20
9.367406e+01 3.141593e+20 3.141593e+20
9.512555e+01 3.141593e+20 3.141593e+20
9.659952e+01 3.141593e+20 3.141593e+20
9.809633e+01 3.141593e+20 3.141593e+20
9.961633e+01 3.141593e+20 3.141593e+20
1.011599e+02 3.141593e+20 3.141593e+20
1.027274e+02 3.141593e+20 3.141593e+20
1.043191e+02 3.141593e+20 3.141593e+20
1.059356e+02 3.141593e+20 3.141593e+20
1.075770e+02 3.141593e+20 3.141593e+20
1.092439e+02 3.141593e+20 3.141593e+20
1.109367e+02 3.141593e+20 3.141593e+20
1.126556e+02 3.141593e+20 3.141593e+20
1.144012e+02 3.141593e+20 3.141593e+20
1.161739e+02 3.141593e+20 3.141593e+20
1.179740e+02 3.141593e+20 3.141593e+20
1.198020e+02 3.141593e+20 3.141593e+20
1.216583e+02 3.141593e+20 3.141593e+20
1.235434e+02 3.141593e+20 3.141593e+20
1.254578e+02 3.141593e+20 3.141593e+20
1.274017e+02 3.141593e+20 3.141593e+20
1.293758e+02 3.141593e+20 3.141593e+20
1.313805e+02 3.141593e+20 3.141593e+20
1.334162e+02 3.141593e+20 3.141593e+20
1.354835e+02 3.141593e+20 3.141593e+20
1.375828e+02 3.141593e+20 3.141593e+20
1.397147e+02 3.141593e+20 3.141593e+20
1.418796e+02 3.141593e+20 3.141593e+20
1.440780e+02 3.141593e+20 3.141593e+20
1.463105e+02 3.141593e+20 3.141593e+20
1.485776e+02 3.141593e+20 3.141593e+20
1.508798e+02 3.141593e+20 3.141593e+20
1.532177e+02 3.141593e+20 3.141593e+20
1.555918e+02 3.141593e+20 3.141593e+20
1.580027e+02 3.141593e+20 3.141593e+20
1.604509e+02 3.141593e+20 3.141593e+20
1.629371e+02 3.141593e+20 3.141593e+20
1.654618e+02 3.141593e+20 3.141593e+20
1.680257e+02 3.141593e+20 3.141593e+20
1.706292e+02 3.141593e+20 3.141593e+20
1.732731e+02 3.141593e+20 3.141593e+20
1.759580e+02 3.141593e+20 3.141593e+20
1.786845e+02 3.141593e+20 3.141593e+20
1.814532e+02 3.141593e+20 3.141593e+20
1.842648e+02 3.141593e+20 3.141593e+20
1.871200e+02 3.141593e+20 3.141593e+20
1.900194e+02 3.141593e+20 3.141593e+20
1.929638e+02 3.141593e+20 3.141593e+20
1.959538e+02 3.141593e+20 3.141593e+20
1.989901e+02 3.141593e+20 3.141593e+20
2.020734e+02 3.141593e+20 3.141593e+20
2.052045e+02 3.141593e+20 3.141593e+20
2.083842e+02 3.141593e+20 3.141593e+20
2.116131e+02 3.141593e+20 3.141593e+20
2.148921e+02 3.141593e+20 3.141593e+20
2.182218e+02 3.141593e+20 3.141593e+20
2.216032e+02 3.141593e+20 3.141593e+20
2.250369e+02 3.141593e+20 3.141593e+20
2.285239e+02 3.141593e+20 3.141593e+20
2.320648e+02 3.141593e+20 3.141593e+20
2.356607e+02 3.141593e+20 3.141593e+20
2.393123e+02 3.141593e+20 3.141593e+20
2.430204e+02 3.141593e+20 3.141593e+20
2.467860e+02 3.141593e+20 3.141593e+20
2.506100e+02 3.141593e+20 3.141593e+20
2.544932e+02 3.141593e+20 3.141593e+20
2.584365e+02 3.141593e+20 3.141593e+20
2.624410e+02 3.141593e+20 3.141593e+20
2.665075e+02 3.141593e+20 3.141593e+20
2.706371e+02 3.141593e+20 3.141593e+20
2.748306e+02 3.141593e+20 3.141593e+20
2.790891e+02 3.141593e+20 3.141593e+20
2.834136e+02 3.141593e+20 3.141593e+20
2.878051e+02 3.141593e+20 3.141593e+20
2.922647e+02 3.141593e+20 3.141593e+20
2.967933e+02 3.141593e+20 3.141593e+20
3.013921e+02 3.141593e+20 3.141593e+20
3.060622e+02 3.141593e+20 3.141593e+20
3.108046e+02 3.141593e+20 3.141593e+20
3.156206e+02 3.141593e+20 3.141593e+20
3.205111e+02 3.141593e+20 3.141593e+20
3.254774e+02 3.141593e+20 3.141593e+20
3.305207e+02 3.141593e+20 3.141593e+20
3.356421e+02 3.141593e+20 3.141593e+20
3.408429e+02 3.141593e+20 3.141593e+20
3.461243e+02 3.141593e+20 3.141593e+20
3.514875e+02 3.141593e+20 3.141593e+20
3.569338e+02 3.141593e+20 3.141593e+20
3.624645e+02 3.141593e+20 3.141593e+20
3.680809e+02 3.141593e+20 3.141593e+20
3.737843e+02 3.141593e+20 3.141593e+20
3.795761e+02 3.141593e+20 3.141593e+20
3.854576e+02 3.141593e+20 3.141593e+20
3.914303e+02 3.141593e+20 3.141593e+20
3.974955e+02 3.141593e+20 3.141593e+20
4.036547e+02 3.141593e+20 3.141593e+20
4.099093e+02 3.141593e+20 3.141593e+20
4.162609e+02 3.141593e+20 3.141593e+20
4.227109e+02 3.141593e+20 3.141593e+20
4.292608e+02 3.141593e+20 3.141593e+20
4.359122e+02 3.141593e+20 3.141593e+20
4.426666e+02 3.141593e+20 3.141593e+20
4.495258e+02 3.141593e+20 3.141593e+20
4.564912e+02 3.141593e+20 3.141593e+20
4.635645e+02 3.141593e+20 3.141593e+20
4.707475e+02 3.141593e+20 3.141593e+20
4.780417e+02 3.141593e+20 3.141593e+20
4.854490e+02 3.141593e+20 3.141593e+20
4.929710e+02 3.141593e+20 3.141593e+20
5.006096e+02 3.141593e+20 3.141593e+20
5.083665e+02 3.141593e+20 3.141593e+20
5.162437e+02 3.141593e+20 3.141593e+20
5.242429e+02 3.141593e+20 3.141593e+20
5.323660e+02 3.141593e+20 3.141593e+20
5.406151e+02 3.141593e+20 3.141593e+20
5.489919e+02 3.141593e+20 3.141593e+20
5.574985e+02 3.141593e+20 3.141593e+20
5.661370e+02 3.141593e+20 3.141593e+20
5.749093e+02 3.141593e+20 3.141593e+20
5.838175e+02 3.141593e+20 3.141593e+20
5.928638e+02 3.141593e+20 3.141593e+20
6.020502e+02 3.141593e+20 3.141593e+20
6.113790e+02 3.141593e+20 3.141593e+20
6.208523e+02 3.141593e+20 3.141593e+20
6.304724e+02 3.141593e+20 3.141593e+20
6.402416e+02 3.141593e+20 3.141593e+20
6.501622e+02 3.141593e+20 3.141593e+20
6.602365e+02 3.141593e+20 3.141593e+20
6.704668e+02 3.141593e+20 3.141593e+20
6.808557e+02 3.141593e+20 3.141593e+20
6.914056e+02 3.141593e+20 3.141593e+20
7.021189e+02 3.141593e+20 3.141593e+20
7.129983e+02 3.141593e+20 3.141593e+20
7.240462e+02 3.141593e+20 3.141593e+20
7.352653e+02 3.141593e+20 3.141593e+20
7.466583e+02 3.141593e+20 3.141593e+20
7.582277e+02 3.141593e+20 3.141593e+20
7.699765e+02 3.141593e+20 3.141593e+20
7.819073e+02 3.141593e+20 3.141593e+20
7.940229e+02 3.141593e+20 3.141593e+20
8.063263e+02 3.141593e+20 3.141593e+20
8.188204e+02 3.141593e+20 3.141593e+20
8.315080e+02 3.141593e+20 3.141593e+20
8.443923e+02 3.141593e+20 3.141593e+20
8.574761e+02 3.141593e+20 3.141593e+20
8.707627e+02 3.141593e+20 3.141593e+20
8.842552e+02 3.141593e+20 3.141593e+20
8.979568e+02 3.141593e+20 3.141593e+20
9.118706e+02 3.141593e+20 3.141593e+20
9.260001e+02 3.141593e+20 3.141593e+20
9.403485e+02 3.141593e+20 3.141593e+20
9.549192e+02 3.141593e+20 3.141593e+20
9.697157e+02 3.141593e+20 3.141593e+20
9.847414e+02 3.141593e+20 3.141593e+20
1.000000e+03 3.141593e+20 3.141593e+20
