# Energy(MeV) Phi16 Phi84
5.000000e-01 2.472827e+11 3.142106e+11
5.076744e-01 2.417747e+11 3.071662e+11
5.154667e-01 2.363866e+11 3.002759e+11
5.233785e-01 2.311157e+11 2.935365e+11
5.314118e-01 2.259595e+11 2.869547e+11
5.395683e-01 2.209155e+11 2.805345e+11
5.478501e-01 2.159814e+11 2.742542e+11
5.562590e-01 2.111489e+11 2.681043e+11
5.647969e-01 2.064034e+11 2.620804e+11
5.734659e-01 2.017619e+11 2.561718e+11
5.822680e-01 1.972221e+11 2.503892e+11
5.912051e-01 1.927819e+11 2.447337e+11
6.002795e-01 1.884391e+11 2.391999e+11
6.094931e-01 1.841915e+11 2.337875e+11
6.188481e-01 1.800388e+11 2.284943e+11
6.283467e-01 1.759812e+11 2.233176e+11
6.379911e-01 1.720126e+11 2.182550e+11
6.477836e-01 1.681372e+11 2.133067e+11
6.577263e-01 1.643660e+11 2.084735e+11
6.678217e-01 1.606770e+11 2.037461e+11
6.780720e-01 1.570668e+11 1.991218e+11
6.884796e-01 1.535117e+11 1.945994e+11
6.990470e-01 1.500346e+11 1.901767e+11
7.097766e-01 1.466340e+11 1.858500e+11
7.206709e-01 1.433082e+11 1.816105e+11
7.317324e-01 1.400556e+11 1.774647e+11
7.429636e-01 1.368725e+11 1.734094e+11
7.543673e-01 1.337437e+11 1.694608e+11
7.659460e-01 1.306841e+11 1.656024e+11
7.777024e-01 1.276923e+11 1.618165e+11
7.896392e-01 1.247668e+11 1.581143e+11
8.017593e-01 1.219061e+11 1.544917e+11
8.140654e-01 1.191089e+11 1.509494e+11
8.265604e-01 1.163769e+11 1.474857e+11
8.392472e-01 1.137143e+11 1.440988e+11
8.521287e-01 1.111290e+11 1.407912e+11
8.652079e-01 1.086071e+11 1.375913e+11
8.784878e-01 1.061417e+11 1.344342e+11
8.919716e-01 1.037240e+11 1.313404e+11
9.056624e-01 1.013434e+11 1.283152e+11
9.195633e-01 9.901538e+10 1.253572e+11
9.336776e-01 9.673893e+10 1.224793e+11
9.480084e-01 9.451290e+10 1.196705e+11
9.625593e-01 9.233801e+10 1.169140e+11
9.773335e-01 9.021269e+10 1.142155e+11
9.923345e-01 8.812161e+10 1.115770e+11
1.007566e+00 8.610673e+10 1.089971e+11
1.023031e+00 8.413526e+10 1.064746e+11
1.038733e+00 8.219667e+10 1.040082e+11
1.054676e+00 8.029860e+10 1.015933e+11
1.070865e+00 7.844181e+10 9.923223e+10
1.087301e+00 7.662626e+10 9.692388e+10
1.103990e+00 7.485156e+10 9.466707e+10
1.120935e+00 7.312697e+10 9.246069e+10
1.138140e+00 7.144048e+10 9.030362e+10
1.155609e+00 6.978939e+10 8.819480e+10
1.173346e+00 6.816940e+10 8.613317e+10
1.191356e+00 6.658542e+10 8.411771e+10
1.209642e+00 6.503666e+10 8.215023e+10
1.228209e+00 6.352238e+10 8.023167e+10
1.247060e+00 6.204181e+10 7.835600e+10
1.266201e+00 6.059423e+10 7.651429e+10
1.285636e+00 5.917893e+10 7.471291e+10
1.305369e+00 5.779519e+10 7.295203e+10
1.325405e+00 5.644235e+10 7.123934e+10
1.345748e+00 5.511973e+10 6.957558e+10
1.366404e+00 5.382667e+10 6.794885e+10
1.387377e+00 5.256253e+10 6.635835e+10
1.408672e+00 5.132669e+10 6.480175e+10
1.430293e+00 5.011853e+10 6.327536e+10
1.452247e+00 4.893744e+10 6.178323e+10
1.474537e+00 4.778285e+10 6.032463e+10
1.497169e+00 4.665417e+10 5.889881e+10
1.520149e+00 4.555084e+10 5.750507e+10
1.543482e+00 4.447231e+10 5.614270e+10
1.567172e+00 4.341553e+10 5.480967e+10
1.591227e+00 4.237380e+10 5.350577e+10
1.615650e+00 4.135614e+10 5.223134e+10
1.640449e+00 4.036170e+10 5.098575e+10
1.665628e+00 3.938996e+10 4.976836e+10
1.691193e+00 3.844043e+10 4.857856e+10
1.717151e+00 3.751261e+10 4.741573e+10
1.743508e+00 3.661132e+10 4.627090e+10
1.770268e+00 3.573495e+10 4.515782e+10
1.797440e+00 3.487976e+10 4.406959e+10
1.825029e+00 3.404449e+10 4.300534e+10
1.853041e+00 3.322812e+10 4.196538e+10
1.881483e+00 3.243024e+10 4.094918e+10
1.910362e+00 3.165045e+10 3.995621e+10
1.939683e+00 3.088836e+10 3.898598e+10
1.969455e+00 3.014357e+10 3.803896e+10
1.999684e+00 2.941571e+10 3.712094e+10
2.030377e+00 2.870442e+10 3.622380e+10
2.061541e+00 2.800932e+10 3.534689e+10
2.093184e+00 2.733007e+10 3.448962e+10
2.125312e+00 2.666632e+10 3.365191e+10
2.157933e+00 2.601378e+10 3.283335e+10
2.191055e+00 2.537602e+10 3.203318e+10
2.224685e+00 2.475294e+10 3.124507e+10
2.258831e+00 2.414422e+10 3.047366e+10
2.293502e+00 2.354953e+10 2.971988e+10
2.328704e+00 2.296858e+10 2.898296e+10
2.364447e+00 2.240106e+10 2.826367e+10
2.400739e+00 2.184667e+10 2.756134e+10
2.437588e+00 2.130548e+10 2.687134e+10
2.475002e+00 2.077952e+10 2.619733e+10
2.512990e+00 2.026700e+10 2.554089e+10
2.551562e+00 1.976642e+10 2.489985e+10
2.590725e+00 1.927631e+10 2.427387e+10
2.630490e+00 1.879263e+10 2.366262e+10
2.670865e+00 1.832041e+10 2.306576e+10
2.711860e+00 1.786231e+10 2.248297e+10
2.753484e+00 1.741491e+10 2.191393e+10
2.795747e+00 1.697829e+10 2.135994e+10
2.838658e+00 1.655242e+10 2.082213e+10
2.882229e+00 1.613649e+10 2.029696e+10
2.926468e+00 1.573030e+10 1.978416e+10
2.971386e+00 1.533245e+10 1.928345e+10
3.016993e+00 1.494267e+10 1.879324e+10
3.063300e+00 1.456459e+10 1.831278e+10
3.110319e+00 1.419021e+10 1.784355e+10
3.158058e+00 1.382569e+10 1.738550e+10
3.206531e+00 1.347052e+10 1.694036e+10
3.255748e+00 1.312442e+10 1.650663e+10
3.305720e+00 1.278726e+10 1.608151e+10
3.356459e+00 1.246053e+10 1.566654e+10
3.407977e+00 1.214195e+10 1.526111e+10
3.460285e+00 1.183094e+10 1.486914e+10
3.513397e+00 1.152732e+10 1.448598e+10
3.567323e+00 1.122795e+10 1.410974e+10
3.622078e+00 1.093503e+10 1.374257e+10
3.677673e+00 1.065013e+10 1.338424e+10
3.734121e+00 1.037120e+10 1.303424e+10
3.791435e+00 1.010005e+10 1.269231e+10
3.849630e+00 9.836604e+09 1.235867e+10
3.908717e+00 9.579506e+09 1.203314e+10
3.968711e+00 9.328607e+09 1.171657e+10
4.029627e+00 9.083993e+09 1.140784e+10
4.091477e+00 8.845460e+09 1.110660e+10
4.154276e+00 8.612700e+09 1.081268e+10
4.218040e+00 8.385583e+09 1.052548e+10
4.282782e+00 8.163980e+09 1.024445e+10
4.348518e+00 7.947768e+09 9.970333e+09
4.415263e+00 7.736823e+09 9.702965e+09
4.483032e+00 7.531026e+09 9.442195e+09
4.551842e+00 7.330261e+09 9.187870e+09
4.621707e+00 7.134412e+09 8.941364e+09
4.692645e+00 6.943368e+09 8.703013e+09
4.764672e+00 6.754871e+09 8.470494e+09
4.837804e+00 6.570838e+09 8.243674e+09
4.912059e+00 6.393204e+09 8.020738e+09
4.987454e+00 6.220094e+09 7.803758e+09
5.064006e+00 6.051282e+09 7.591308e+09
5.141732e+00 5.886668e+09 7.383613e+09
5.220652e+00 5.725221e+09 7.182993e+09
5.300783e+00 5.567544e+09 6.988540e+09
5.382144e+00 5.414078e+09 6.798899e+09
5.464754e+00 5.264266e+09 6.613960e+09
5.548632e+00 5.117960e+09 6.432173e+09
5.633797e+00 4.975365e+09 6.253611e+09
5.720270e+00 4.836394e+09 6.079393e+09
5.808069e+00 4.701979e+09 5.909418e+09
5.897217e+00 4.571582e+09 5.743770e+09
5.987732e+00 4.443692e+09 5.584175e+09
6.079637e+00 4.318903e+09 5.429766e+09
6.172953e+00 4.197305e+09 5.279226e+09
6.267701e+00 4.079202e+09 5.130693e+09
6.363903e+00 3.964668e+09 4.985965e+09
6.461581e+00 3.852954e+09 4.845935e+09
6.560759e+00 3.743031e+09 4.709531e+09
6.661460e+00 3.635958e+09 4.576621e+09
6.763706e+00 3.531668e+09 4.446014e+09
6.867521e+00 3.430139e+09 4.318510e+09
6.972929e+00 3.331393e+09 4.194202e+09
7.079956e+00 3.235534e+09 4.073143e+09
7.188625e+00 3.142661e+09 3.955257e+09
7.298963e+00 3.052210e+09 3.841282e+09
7.410994e+00 2.964123e+09 3.730094e+09
7.524744e+00 2.878343e+09 3.622305e+09
7.640240e+00 2.794815e+09 3.517459e+09
7.757509e+00 2.713485e+09 3.415360e+09
7.876578e+00 2.634301e+09 3.315944e+09
7.997475e+00 2.557261e+09 3.219146e+09
8.120227e+00 2.482311e+09 3.124904e+09
8.244863e+00 2.408338e+09 3.033157e+09
8.371413e+00 2.335936e+09 2.943844e+09
8.499905e+00 2.265501e+09 2.856886e+09
8.630369e+00 2.196985e+09 2.772238e+09
8.762835e+00 2.131688e+09 2.689596e+09
8.897335e+00 2.068990e+09 2.609225e+09
9.033899e+00 2.006673e+09 2.530557e+09
9.172559e+00 1.946035e+09 2.454691e+09
9.313347e+00 1.887425e+09 2.381040e+09
9.456297e+00 1.830407e+09 2.309382e+09
9.601440e+00 1.774943e+09 2.239668e+09
9.748811e+00 1.720993e+09 2.171326e+09
9.898445e+00 1.668522e+09 2.104157e+09
1.005037e+01 1.617491e+09 2.039487e+09
1.020464e+01 1.567867e+09 1.977160e+09
1.036127e+01 1.519648e+09 1.916536e+09
1.052030e+01 1.472436e+09 1.857583e+09
1.068177e+01 1.426545e+09 1.800263e+09
1.084573e+01 1.381941e+09 1.744533e+09
1.101220e+01 1.338597e+09 1.690351e+09
1.118122e+01 1.296479e+09 1.637679e+09
1.135284e+01 1.255553e+09 1.586481e+09
1.152709e+01 1.215789e+09 1.536643e+09
1.170402e+01 1.176990e+09 1.488100e+09
1.188367e+01 1.139167e+09 1.440558e+09
1.206607e+01 1.102436e+09 1.394292e+09
1.225127e+01 1.066782e+09 1.349359e+09
1.243931e+01 1.032509e+09 1.305724e+09
1.263024e+01 9.991151e+08 1.263410e+09
1.282410e+01 9.668741e+08 1.222715e+09
1.302094e+01 9.355700e+08 1.183115e+09
1.322079e+01 9.051741e+08 1.144901e+09
1.342372e+01 8.756982e+08 1.107289e+09
1.362976e+01 8.470284e+08 1.070675e+09
1.383896e+01 8.190505e+08 1.035130e+09
1.405137e+01 7.918863e+08 1.001058e+09
1.426704e+01 7.655297e+08 9.680161e+08
1.448602e+01 7.399592e+08 9.356734e+08
1.470837e+01 7.151697e+08 9.042987e+08
1.493413e+01 6.911450e+08 8.738663e+08
1.516335e+01 6.678434e+08 8.443509e+08
1.539609e+01 6.452454e+08 8.157280e+08
1.563240e+01 6.232931e+08 7.878773e+08
1.587234e+01 6.019694e+08 7.611545e+08
1.611596e+01 5.811959e+08 7.352648e+08
1.636332e+01 5.609484e+08 7.100514e+08
1.661448e+01 5.413429e+08 6.850534e+08
1.686950e+01 5.224889e+08 6.608427e+08
1.712842e+01 5.044541e+08 6.378967e+08
1.739133e+01 4.869749e+08 6.158402e+08
1.765826e+01 4.700596e+08 5.944341e+08
1.792930e+01 4.534480e+08 5.734431e+08
1.820449e+01 4.373506e+08 5.529979e+08
1.848391e+01 4.217634e+08 5.331524e+08
1.876762e+01 4.066724e+08 5.141794e+08
1.905568e+01 3.920634e+08 4.958376e+08
1.934816e+01 3.778758e+08 4.778445e+08
1.964514e+01 3.642006e+08 4.604668e+08
1.994667e+01 3.509509e+08 4.437545e+08
2.025283e+01 3.381223e+08 4.275840e+08
2.056368e+01 3.257290e+08 4.119641e+08
2.087931e+01 3.137464e+08 3.969555e+08
2.119979e+01 3.022150e+08 3.824350e+08
2.152518e+01 2.910616e+08 3.682924e+08
2.185557e+01 2.802755e+08 3.545820e+08
2.219102e+01 2.698459e+08 3.415407e+08
2.253163e+01 2.597625e+08 3.289863e+08
2.287747e+01 2.499712e+08 3.168119e+08
2.322861e+01 2.404986e+08 3.049436e+08
2.358514e+01 2.312744e+08 2.933772e+08
2.394715e+01 2.223658e+08 2.821770e+08
2.431471e+01 2.137632e+08 2.713503e+08
2.468791e+01 2.054575e+08 2.609954e+08
2.506685e+01 1.974407e+08 2.510338e+08
2.545159e+01 1.897737e+08 2.413206e+08
2.584225e+01 1.824039e+08 2.318826e+08
2.623890e+01 1.752927e+08 2.227673e+08
2.664163e+01 1.684433e+08 2.140514e+08
2.705055e+01 1.618411e+08 2.056610e+08
2.746575e+01 1.554490e+08 1.974438e+08
2.788732e+01 1.492924e+08 1.896225e+08
2.831535e+01 1.433244e+08 1.820936e+08
2.874996e+01 1.375617e+08 1.748581e+08
2.919124e+01 1.320481e+08 1.679534e+08
2.963930e+01 1.267012e+08 1.612917e+08
3.009423e+01 1.215396e+08 1.548515e+08
3.055614e+01 1.165713e+08 1.485029e+08
3.102514e+01 1.118208e+08 1.423365e+08
3.150134e+01 1.072461e+08 1.364838e+08
3.198485e+01 1.028382e+08 1.308562e+08
3.247578e+01 9.856594e+07 1.254268e+08
3.297425e+01 9.443402e+07 1.201356e+08
3.348037e+01 9.047812e+07 1.150863e+08
3.399425e+01 8.667557e+07 1.102446e+08
3.451603e+01 8.299946e+07 1.055796e+08
3.504581e+01 7.942979e+07 1.010934e+08
3.558372e+01 7.602557e+07 9.678145e+07
3.612989e+01 7.275324e+07 9.266415e+07
3.668444e+01 6.959701e+07 8.868832e+07
3.724751e+01 6.656358e+07 8.486281e+07
3.781922e+01 6.366433e+07 8.116934e+07
3.839970e+01 6.086692e+07 7.760962e+07
3.898909e+01 5.815144e+07 7.419166e+07
3.958753e+01 5.559865e+07 7.089163e+07
4.019515e+01 5.313098e+07 6.772798e+07
4.081210e+01 5.072387e+07 6.468802e+07
4.143852e+01 4.843772e+07 6.177849e+07
4.207456e+01 4.624460e+07 5.899518e+07
4.272035e+01 4.414904e+07 5.630207e+07
4.337606e+01 4.215454e+07 5.375041e+07
4.404184e+01 4.024332e+07 5.131167e+07
4.471783e+01 3.837946e+07 4.896725e+07
4.540420e+01 3.659281e+07 4.670464e+07
4.610110e+01 3.488053e+07 4.453301e+07
4.680870e+01 3.323993e+07 4.245336e+07
4.752716e+01 3.167042e+07 4.046577e+07
4.825665e+01 3.017038e+07 3.854808e+07
4.899734e+01 2.872763e+07 3.671612e+07
4.974939e+01 2.734390e+07 3.496551e+07
5.051299e+01 2.603094e+07 3.328737e+07
5.128830e+01 2.477581e+07 3.167874e+07
5.207552e+01 2.356896e+07 3.013606e+07
5.287482e+01 2.242520e+07 2.866301e+07
5.368639e+01 2.132265e+07 2.726387e+07
5.451042e+01 2.026849e+07 2.592171e+07
5.534709e+01 1.926139e+07 2.464414e+07
5.619661e+01 1.829913e+07 2.341786e+07
5.705916e+01 1.737994e+07 2.224545e+07
5.793495e+01 1.650077e+07 2.112670e+07
5.882419e+01 1.565805e+07 2.006523e+07
5.972707e+01 1.485520e+07 1.905180e+07
6.064382e+01 1.408927e+07 1.808022e+07
6.157463e+01 1.335877e+07 1.713996e+07
6.251973e+01 1.266227e+07 1.626480e+07
6.347934e+01 1.200389e+07 1.542453e+07
6.445368e+01 1.137691e+07 1.461338e+07
6.544297e+01 1.077236e+07 1.383902e+07
6.644744e+01 1.019673e+07 1.310390e+07
6.746734e+01 9.652387e+06 1.240892e+07
6.850288e+01 9.138611e+06 1.175218e+07
6.955433e+01 8.649406e+06 1.112519e+07
7.062191e+01 8.183390e+06 1.052825e+07
7.170587e+01 7.733971e+06 9.955477e+06
7.280648e+01 7.311452e+06 9.410150e+06
7.392398e+01 6.906101e+06 8.890420e+06
7.505862e+01 6.523832e+06 8.395948e+06
7.621069e+01 6.160605e+06 7.928565e+06
7.738044e+01 5.816085e+06 7.487541e+06
7.856814e+01 5.487221e+06 7.067269e+06
7.977407e+01 5.171851e+06 6.665039e+06
8.099851e+01 4.876799e+06 6.287627e+06
8.224175e+01 4.594252e+06 5.926089e+06
8.350407e+01 4.327050e+06 5.586424e+06
8.478576e+01 4.070802e+06 5.264682e+06
8.608713e+01 3.832230e+06 4.959726e+06
8.740847e+01 3.607575e+06 4.669573e+06
8.875009e+01 3.392800e+06 4.394498e+06
9.011230e+01 3.188407e+06 4.134175e+06
9.149543e+01 2.997598e+06 3.889795e+06
9.289978e+01 2.816735e+06 3.657362e+06
9.432568e+01 2.644500e+06 3.435943e+06
9.577348e+01 2.483238e+06 3.228491e+06
9.724349e+01 2.330384e+06 3.031248e+06
9.873607e+01 2.184897e+06 2.845420e+06
1.002516e+02 2.048914e+06 2.670185e+06
1.017903e+02 1.920637e+06 2.504619e+06
1.033527e+02 1.799539e+06 2.346370e+06
1.049390e+02 1.684647e+06 2.199951e+06
1.065497e+02 1.576252e+06 2.060716e+06
1.081851e+02 1.467927e+06 1.928777e+06
1.098457e+02 1.370066e+06 1.804225e+06
1.115317e+02 1.278805e+06 1.686552e+06
1.132435e+02 1.193432e+06 1.576840e+06
1.149817e+02 1.114379e+06 1.473303e+06
1.167465e+02 1.038955e+06 1.375578e+06
1.185385e+02 9.678145e+05 1.283023e+06
1.203579e+02 9.023887e+05 1.196036e+06
1.222053e+02 8.390523e+05 1.114837e+06
1.240810e+02 7.794819e+05 1.038199e+06
1.259855e+02 7.246106e+05 9.665951e+05
1.279192e+02 6.725731e+05 8.995215e+05
1.298826e+02 6.233711e+05 8.359002e+05
1.318762e+02 5.785003e+05 7.771108e+05
1.339003e+02 5.368168e+05 7.209922e+05
1.359555e+02 4.963529e+05 6.676872e+05
1.380423e+02 4.598965e+05 6.183896e+05
1.401611e+02 4.263416e+05 5.722683e+05
1.423124e+02 3.951938e+05 5.292156e+05
1.444968e+02 3.656317e+05 4.902865e+05
1.467146e+02 3.379399e+05 4.529639e+05
1.489665e+02 3.117362e+05 4.185463e+05
1.512530e+02 2.876229e+05 3.863117e+05
1.535746e+02 2.661086e+05 3.566172e+05
1.559317e+02 2.454664e+05 3.298134e+05
1.583251e+02 2.266052e+05 3.047345e+05
1.607552e+02 2.087777e+05 2.815980e+05
1.632226e+02 1.931729e+05 2.600614e+05
1.657279e+02 1.783956e+05 2.402596e+05
1.682717e+02 1.649710e+05 2.214717e+05
1.708544e+02 1.522134e+05 2.041840e+05
1.734769e+02 1.405779e+05 1.884487e+05
1.761395e+02 1.297145e+05 1.743023e+05
1.788431e+02 1.196224e+05 1.607338e+05
1.815881e+02 1.101395e+05 1.484443e+05
1.843753e+02 1.016220e+05 1.370962e+05
1.872053e+02 9.392605e+04 1.264410e+05
1.900786e+02 8.669370e+04 1.167833e+05
1.929961e+02 7.997730e+04 1.080250e+05
1.959584e+02 7.373405e+04 9.986480e+04
1.989662e+02 6.792809e+04 9.231671e+04
2.020201e+02 6.252331e+04 8.521132e+04
2.051208e+02 5.766703e+04 7.870422e+04
2.082692e+02 5.301661e+04 7.263860e+04
2.114659e+02 4.887282e+04 6.699155e+04
2.147117e+02 4.502302e+04 6.171952e+04
2.180073e+02 4.143474e+04 5.696697e+04
2.213534e+02 3.820594e+04 5.261130e+04
2.247509e+02 3.514354e+04 4.864907e+04
2.282006e+02 3.235295e+04 4.498507e+04
2.317032e+02 2.979458e+04 4.151305e+04
2.352596e+02 2.741707e+04 3.837252e+04
2.388706e+02 2.523794e+04 3.541106e+04
2.425370e+02 2.322808e+04 3.264404e+04
2.462597e+02 2.137490e+04 3.010929e+04
2.500395e+02 1.968158e+04 2.776702e+04
2.538773e+02 1.808830e+04 2.559105e+04
2.577740e+02 1.662204e+04 2.362239e+04
2.617306e+02 1.528788e+04 2.182095e+04
2.657478e+02 1.403813e+04 2.015129e+04
2.698268e+02 1.289421e+04 1.861283e+04
2.739683e+02 1.184833e+04 1.721089e+04
2.781734e+02 1.087980e+04 1.587876e+04
2.824430e+02 9.978862e+03 1.465265e+04
2.867782e+02 9.158426e+03 1.351414e+04
2.911799e+02 8.407405e+03 1.249515e+04
2.956492e+02 7.721218e+03 1.154183e+04
3.001871e+02 7.087412e+03 1.066122e+04
3.047946e+02 6.501581e+03 9.840824e+03
3.094729e+02 5.964475e+03 9.093626e+03
3.142230e+02 5.486457e+03 8.395276e+03
3.190459e+02 5.041444e+03 7.746142e+03
3.239429e+02 4.626360e+03 7.163319e+03
3.289151e+02 4.249979e+03 6.607649e+03
3.339636e+02 3.902985e+03 6.101614e+03
3.390895e+02 3.579197e+03 5.619683e+03
3.442942e+02 3.284117e+03 5.184962e+03
3.495787e+02 3.011462e+03 4.779440e+03
3.549443e+02 2.759629e+03 4.392757e+03
3.603923e+02 2.528617e+03 4.041539e+03
3.659239e+02 2.317772e+03 3.729674e+03
3.715405e+02 2.119347e+03 3.438417e+03
3.772432e+02 1.937642e+03 3.169906e+03
3.830334e+02 1.774928e+03 2.923101e+03
3.889126e+02 1.631440e+03 2.695665e+03
3.948819e+02 1.498347e+03 2.483717e+03
4.009429e+02 1.370437e+03 2.286811e+03
4.070970e+02 1.253615e+03 2.106257e+03
4.133454e+02 1.144980e+03 1.941700e+03
4.196898e+02 1.051114e+03 1.789018e+03
4.261316e+02 9.643723e+02 1.647252e+03
4.326722e+02 8.804558e+02 1.518460e+03
4.393133e+02 8.038734e+02 1.398528e+03
4.460562e+02 7.349521e+02 1.288265e+03
4.529027e+02 6.728350e+02 1.185314e+03
4.598542e+02 6.158776e+02 1.090706e+03
4.669125e+02 5.632554e+02 1.002673e+03
4.740790e+02 5.151182e+02 9.224528e+02
4.813556e+02 4.710286e+02 8.487632e+02
4.887439e+02 4.304044e+02 7.805994e+02
4.962456e+02 3.928666e+02 7.175696e+02
5.038624e+02 3.590257e+02 6.602112e+02
5.115961e+02 3.281214e+02 6.080829e+02
5.194485e+02 2.992152e+02 5.605810e+02
5.274215e+02 2.734633e+02 5.157059e+02
5.355168e+02 2.499411e+02 4.743769e+02
5.437364e+02 2.282605e+02 4.361551e+02
5.520821e+02 2.086073e+02 4.009567e+02
5.605559e+02 1.909379e+02 3.685466e+02
5.691598e+02 1.747510e+02 3.387078e+02
5.778958e+02 1.593481e+02 3.111607e+02
5.867659e+02 1.453699e+02 2.854169e+02
5.957720e+02 1.327180e+02 2.625984e+02
6.049165e+02 1.212771e+02 2.409594e+02
6.142013e+02 1.106989e+02 2.214021e+02
6.236286e+02 1.009275e+02 2.033629e+02
6.332005e+02 9.191344e+01 1.867124e+02
6.429195e+02 8.368993e+01 1.713987e+02
6.527876e+02 7.619104e+01 1.573164e+02
6.628071e+02 6.936737e+01 1.443353e+02
6.729804e+02 6.310169e+01 1.324890e+02
6.833099e+02 5.747007e+01 1.216738e+02
6.937980e+02 5.238180e+01 1.117659e+02
7.044470e+02 4.775356e+01 1.026629e+02
7.152595e+02 4.342979e+01 9.418636e+01
7.262379e+02 3.949885e+01 8.639703e+01
7.373848e+02 3.594065e+01 7.925667e+01
7.487028e+02 3.265773e+01 7.270284e+01
7.601946e+02 2.978641e+01 6.673474e+01
7.718627e+02 2.714218e+01 6.136516e+01
7.837099e+02 2.465684e+01 5.614234e+01
7.957390e+02 2.236302e+01 5.142476e+01
8.079527e+02 2.028592e+01 4.711555e+01
8.203539e+02 1.844651e+01 4.309871e+01
8.329454e+02 1.677874e+01 3.948264e+01
8.457301e+02 1.525104e+01 3.610702e+01
8.587111e+02 1.386495e+01 3.305972e+01
8.718914e+02 1.257404e+01 3.029983e+01
8.852739e+02 1.142165e+01 2.777523e+01
8.988619e+02 1.038120e+01 2.544538e+01
9.126584e+02 9.433639e+00 2.329304e+01
9.266667e+02 8.570369e+00 2.130198e+01
9.408900e+02 7.773349e+00 1.948976e+01
9.553316e+02 7.030482e+00 1.782837e+01
9.699948e+02 6.354296e+00 1.630553e+01
9.848832e+02 5.743878e+00 1.490994e+01
1.000000e+03 5.206039e+00 1.363119e+01
