1.000000e+00 1.256637e-29 1.604654e+10
1.013939e+00 1.256637e-29 1.547278e+10
1.028073e+00 1.256637e-29 1.491677e+10
1.042404e+00 1.256637e-29 1.440260e+10
1.056935e+00 1.256637e-29 1.390435e+10
1.071668e+00 1.256637e-29 1.343546e+10
1.086606e+00 1.256637e-29 1.296960e+10
1.101753e+00 1.256637e-29 1.251346e+10
1.117111e+00 1.256637e-29 1.205605e+10
1.132683e+00 1.256637e-29 1.161124e+10
1.148472e+00 1.256637e-29 1.118037e+10
1.164481e+00 1.256637e-29 1.079817e+10
1.180713e+00 1.256637e-29 1.041685e+10
1.197171e+00 1.256637e-29 1.004689e+10
1.213859e+00 1.256637e-29 9.695428e+09
1.230780e+00 1.256637e-29 9.369831e+09
1.247936e+00 1.256637e-29 9.042671e+09
1.265332e+00 1.256637e-29 8.730556e+09
1.282970e+00 1.256637e-29 8.431221e+09
1.300854e+00 1.256637e-29 8.131992e+09
1.318987e+00 1.256637e-29 7.852775e+09
1.337373e+00 1.256637e-29 7.588006e+09
1.356015e+00 1.256637e-29 7.325229e+09
1.374917e+00 1.256637e-29 7.072875e+09
1.394083e+00 1.256637e-29 6.825813e+09
1.413516e+00 1.256637e-29 6.583761e+09
1.433219e+00 1.256637e-29 6.344226e+09
1.453198e+00 1.256637e-29 6.124038e+09
1.473454e+00 1.256637e-29 5.905399e+09
1.493993e+00 1.256637e-29 5.704817e+09
1.514819e+00 1.256637e-29 5.510159e+09
1.535935e+00 1.256637e-29 5.318314e+09
1.557345e+00 1.256637e-29 5.136659e+09
1.579053e+00 1.256637e-29 4.951705e+09
1.601064e+00 1.256637e-29 4.781029e+09
1.623382e+00 1.256637e-29 4.620398e+09
1.646012e+00 1.256637e-29 4.455426e+09
1.668956e+00 1.256637e-29 4.296800e+09
1.692220e+00 1.256637e-29 4.146442e+09
1.715809e+00 1.256637e-29 4.000122e+09
1.739726e+00 1.256637e-29 3.862287e+09
1.763977e+00 1.256637e-29 3.728772e+09
1.788566e+00 1.256637e-29 3.598599e+09
1.813498e+00 1.256637e-29 3.475050e+09
1.838777e+00 1.256637e-29 3.352135e+09
1.864409e+00 1.256637e-29 3.230531e+09
1.890397e+00 1.256637e-29 3.121148e+09
1.916748e+00 1.256637e-29 3.013926e+09
1.943467e+00 1.256637e-29 2.907631e+09
1.970558e+00 1.256637e-29 2.810527e+09
1.998026e+00 1.256637e-29 2.712156e+09
2.025878e+00 1.256637e-29 2.617128e+09
2.054117e+00 1.256637e-29 2.526500e+09
2.082751e+00 1.256637e-29 2.439247e+09
2.111783e+00 1.256637e-29 2.354979e+09
2.141220e+00 1.256637e-29 2.272747e+09
2.171068e+00 1.256637e-29 2.194832e+09
2.201331e+00 1.256637e-29 2.116412e+09
2.232016e+00 1.256637e-29 2.044117e+09
2.263130e+00 1.256637e-29 1.972455e+09
2.294676e+00 1.256637e-29 1.903034e+09
2.326663e+00 1.256637e-29 1.836921e+09
2.359095e+00 1.256637e-29 1.774515e+09
2.391980e+00 1.256637e-29 1.714221e+09
2.425323e+00 1.256637e-29 1.656072e+09
2.459130e+00 1.256637e-29 1.599615e+09
2.493409e+00 1.256637e-29 1.544426e+09
2.528166e+00 1.256637e-29 1.489511e+09
2.563407e+00 1.256637e-29 1.436799e+09
2.599140e+00 1.256637e-29 1.387931e+09
2.635371e+00 1.256637e-29 1.339430e+09
2.672106e+00 1.256637e-29 1.291437e+09
2.709354e+00 1.256637e-29 1.247209e+09
2.747121e+00 1.256637e-29 1.204343e+09
2.785414e+00 1.256637e-29 1.162922e+09
2.824241e+00 1.256637e-29 1.123278e+09
2.863610e+00 1.256637e-29 1.084886e+09
2.903527e+00 1.256637e-29 1.048685e+09
2.944000e+00 1.256637e-29 1.012969e+09
2.985038e+00 1.256637e-29 9.783961e+08
3.026648e+00 1.256637e-29 9.456806e+08
3.068838e+00 1.256637e-29 9.136899e+08
3.111616e+00 1.256637e-29 8.827187e+08
3.154990e+00 1.256637e-29 8.527118e+08
3.198969e+00 1.256637e-29 8.232030e+08
3.243561e+00 1.256637e-29 7.940776e+08
3.288774e+00 1.256637e-29 7.671159e+08
3.334618e+00 1.256637e-29 7.400716e+08
3.381101e+00 1.256637e-29 7.145334e+08
3.428231e+00 1.256637e-29 6.893939e+08
3.476019e+00 1.256637e-29 6.655609e+08
3.524473e+00 1.256637e-29 6.426655e+08
3.573602e+00 1.256637e-29 6.201394e+08
3.623416e+00 1.256637e-29 5.982792e+08
3.673925e+00 1.256637e-29 5.779800e+08
3.725137e+00 1.256637e-29 5.585211e+08
3.777064e+00 1.256637e-29 5.396671e+08
3.829714e+00 1.256637e-29 5.211176e+08
3.883098e+00 1.256637e-29 5.035008e+08
3.937226e+00 1.256637e-29 4.861834e+08
3.992109e+00 1.256637e-29 4.695130e+08
4.047757e+00 1.256637e-29 4.532795e+08
4.104181e+00 1.256637e-29 4.373206e+08
4.161391e+00 1.256637e-29 4.220019e+08
4.219398e+00 1.256637e-29 4.073202e+08
4.278214e+00 1.256637e-29 3.935961e+08
4.337850e+00 1.256637e-29 3.804267e+08
4.398317e+00 1.256637e-29 3.671336e+08
4.459628e+00 1.256637e-29 3.543923e+08
4.521792e+00 1.256637e-29 3.417251e+08
4.584824e+00 1.256637e-29 3.301289e+08
4.648734e+00 1.256637e-29 3.185154e+08
4.713535e+00 1.256637e-29 3.073891e+08
4.779239e+00 1.256637e-29 2.968006e+08
4.845859e+00 1.256637e-29 2.861814e+08
4.913407e+00 1.256637e-29 2.762799e+08
4.981898e+00 1.256637e-29 2.668308e+08
5.051342e+00 1.256637e-29 2.573869e+08
5.121755e+00 1.256637e-29 2.482861e+08
5.193150e+00 1.256637e-29 2.396587e+08
5.265540e+00 1.256637e-29 2.312662e+08
5.338938e+00 1.256637e-29 2.231377e+08
5.413360e+00 1.256637e-29 2.154519e+08
5.488820e+00 1.256637e-29 2.078425e+08
5.565331e+00 1.256637e-29 2.004827e+08
5.642908e+00 1.256637e-29 1.933764e+08
5.721568e+00 1.256637e-29 1.865690e+08
5.801323e+00 1.256637e-29 1.799908e+08
5.882190e+00 1.256637e-29 1.738132e+08
5.964185e+00 1.256637e-29 1.678412e+08
6.047322e+00 1.256637e-29 1.618549e+08
6.131619e+00 1.256637e-29 1.561635e+08
6.217090e+00 1.256637e-29 1.505602e+08
6.303753e+00 1.256637e-29 1.452151e+08
6.391624e+00 1.256637e-29 1.402998e+08
6.480720e+00 1.256637e-29 1.354635e+08
6.571058e+00 1.256637e-29 1.307162e+08
6.662655e+00 1.256637e-29 1.261254e+08
6.755528e+00 1.256637e-29 1.217283e+08
6.849697e+00 1.256637e-29 1.173521e+08
6.945178e+00 1.256637e-29 1.130702e+08
7.041990e+00 1.256637e-29 1.091298e+08
7.140151e+00 1.256637e-29 1.053123e+08
7.239681e+00 1.256637e-29 1.016492e+08
7.340598e+00 1.256637e-29 9.804703e+07
7.442922e+00 1.256637e-29 9.458558e+07
7.546673e+00 1.256637e-29 9.118906e+07
7.651869e+00 1.256637e-29 8.787050e+07
7.758532e+00 1.256637e-29 8.470363e+07
7.866682e+00 1.256637e-29 8.169399e+07
7.976339e+00 1.256637e-29 7.871235e+07
8.087525e+00 1.256637e-29 7.585336e+07
8.200261e+00 1.256637e-29 7.314063e+07
8.314568e+00 1.256637e-29 7.052716e+07
8.430468e+00 1.256637e-29 6.800999e+07
8.547985e+00 1.256637e-29 6.558584e+07
8.667139e+00 1.256637e-29 6.323942e+07
8.787954e+00 1.256637e-29 6.097342e+07
8.910453e+00 1.256637e-29 5.878854e+07
9.034660e+00 1.256637e-29 5.668371e+07
9.160598e+00 1.256637e-29 5.460831e+07
9.288292e+00 1.256637e-29 5.261349e+07
9.417766e+00 1.256637e-29 5.070342e+07
9.549045e+00 1.256637e-29 4.884777e+07
9.682153e+00 1.256637e-29 4.704363e+07
9.817117e+00 1.256637e-29 4.531815e+07
9.953962e+00 1.256637e-29 4.365165e+07
1.009272e+01 1.256637e-29 4.202353e+07
1.023340e+01 1.256637e-29 4.053187e+07
1.037605e+01 1.256637e-29 3.901938e+07
1.052069e+01 1.256637e-29 3.757976e+07
1.066734e+01 1.256637e-29 3.617685e+07
1.081604e+01 1.256637e-29 3.485095e+07
1.096681e+01 1.256637e-29 3.357544e+07
1.111968e+01 1.256637e-29 3.232335e+07
1.127468e+01 1.256637e-29 3.111375e+07
1.143184e+01 1.256637e-29 2.999281e+07
1.159120e+01 1.256637e-29 2.892814e+07
1.175277e+01 1.256637e-29 2.788468e+07
1.191660e+01 1.256637e-29 2.682403e+07
1.208271e+01 1.256637e-29 2.579839e+07
1.225114e+01 1.256637e-29 2.481943e+07
1.242191e+01 1.256637e-29 2.388937e+07
1.259506e+01 1.256637e-29 2.302726e+07
1.277063e+01 1.256637e-29 2.219172e+07
1.294865e+01 1.256637e-29 2.138222e+07
1.312915e+01 1.256637e-29 2.059981e+07
1.331216e+01 1.256637e-29 1.984153e+07
1.349772e+01 1.256637e-29 1.910368e+07
1.368587e+01 1.256637e-29 1.840776e+07
1.387665e+01 1.256637e-29 1.772724e+07
1.407008e+01 1.256637e-29 1.706227e+07
1.426621e+01 1.256637e-29 1.641440e+07
1.446507e+01 1.256637e-29 1.580678e+07
1.466671e+01 1.256637e-29 1.522628e+07
1.487115e+01 1.256637e-29 1.466550e+07
1.507845e+01 1.256637e-29 1.412248e+07
1.528864e+01 1.256637e-29 1.359880e+07
1.550175e+01 1.256637e-29 1.308984e+07
1.571784e+01 1.256637e-29 1.259637e+07
1.593694e+01 1.256637e-29 1.214211e+07
1.615909e+01 1.256637e-29 1.169360e+07
1.638434e+01 1.256637e-29 1.126383e+07
1.661273e+01 1.256637e-29 1.084784e+07
1.684430e+01 1.256637e-29 1.043431e+07
1.707910e+01 1.256637e-29 1.004716e+07
1.731717e+01 1.256637e-29 9.684342e+06
1.755856e+01 1.256637e-29 9.333543e+06
1.780332e+01 1.256637e-29 8.979154e+06
1.805149e+01 1.256637e-29 8.635130e+06
1.830312e+01 1.256637e-29 8.326775e+06
1.855825e+01 1.256637e-29 8.009754e+06
1.881694e+01 1.256637e-29 7.714837e+06
1.907924e+01 1.256637e-29 7.422237e+06
1.934520e+01 1.256637e-29 7.137794e+06
1.961486e+01 1.256637e-29 6.869507e+06
1.988828e+01 1.256637e-29 6.612130e+06
2.016551e+01 1.256637e-29 6.368444e+06
2.044661e+01 1.256637e-29 6.125584e+06
2.073162e+01 1.256637e-29 5.890277e+06
2.102061e+01 1.256637e-29 5.666836e+06
2.131362e+01 1.256637e-29 5.452454e+06
2.161073e+01 1.256637e-29 5.247393e+06
2.191197e+01 1.256637e-29 5.054091e+06
2.221741e+01 1.256637e-29 4.864434e+06
2.252711e+01 1.256637e-29 4.681234e+06
2.284112e+01 1.256637e-29 4.502371e+06
2.315951e+01 1.256637e-29 4.335471e+06
2.348235e+01 1.256637e-29 4.174751e+06
2.380968e+01 1.256637e-29 4.018285e+06
2.414157e+01 1.256637e-29 3.867685e+06
2.447809e+01 1.256637e-29 3.722728e+06
2.481930e+01 1.256637e-29 3.583891e+06
2.516527e+01 1.256637e-29 3.449753e+06
2.551606e+01 1.256637e-29 3.318702e+06
2.587174e+01 1.256637e-29 3.192177e+06
2.623238e+01 1.256637e-29 3.072650e+06
2.659804e+01 1.256637e-29 2.956710e+06
2.696881e+01 1.256637e-29 2.843990e+06
2.734474e+01 1.256637e-29 2.736681e+06
2.772591e+01 1.256637e-29 2.634422e+06
2.811239e+01 1.256637e-29 2.534920e+06
2.850426e+01 1.256637e-29 2.437872e+06
2.890160e+01 1.256637e-29 2.344569e+06
2.930447e+01 1.256637e-29 2.255777e+06
2.971296e+01 1.256637e-29 2.170414e+06
3.012714e+01 1.256637e-29 2.088281e+06
3.054710e+01 1.256637e-29 2.009387e+06
3.097291e+01 1.256637e-29 1.934424e+06
3.140465e+01 1.256637e-29 1.862068e+06
3.184242e+01 1.256637e-29 1.792769e+06
3.228628e+01 1.256637e-29 1.726840e+06
3.273634e+01 1.256637e-29 1.661049e+06
3.319266e+01 1.256637e-29 1.599052e+06
3.365535e+01 1.256637e-29 1.538277e+06
3.412449e+01 1.256637e-29 1.480923e+06
3.460016e+01 1.256637e-29 1.425763e+06
3.508247e+01 1.256637e-29 1.371278e+06
3.557150e+01 1.256637e-29 1.316925e+06
3.606735e+01 1.256637e-29 1.267260e+06
3.657011e+01 1.256637e-29 1.220015e+06
3.707988e+01 1.256637e-29 1.173698e+06
3.759675e+01 1.256637e-29 1.129309e+06
3.812083e+01 1.256637e-29 1.087006e+06
3.865221e+01 1.256637e-29 1.045114e+06
3.919100e+01 1.256637e-29 1.004852e+06
3.973730e+01 1.256637e-29 9.664172e+05
4.029122e+01 1.256637e-29 9.291569e+05
4.085286e+01 1.256637e-29 8.931216e+05
4.142232e+01 1.256637e-29 8.596828e+05
4.199973e+01 1.256637e-29 8.277852e+05
4.258518e+01 1.256637e-29 7.961341e+05
4.317880e+01 1.256637e-29 7.655610e+05
4.378069e+01 1.256637e-29 7.360192e+05
4.439097e+01 1.256637e-29 7.079804e+05
4.500975e+01 1.256637e-29 6.810103e+05
4.563716e+01 1.256637e-29 6.549578e+05
4.627332e+01 1.256637e-29 6.299020e+05
4.691835e+01 1.256637e-29 6.058999e+05
4.757236e+01 1.256637e-29 5.828435e+05
4.823549e+01 1.256637e-29 5.607403e+05
4.890787e+01 1.256637e-29 5.394612e+05
4.958962e+01 1.256637e-29 5.188732e+05
5.028087e+01 1.256637e-29 4.989915e+05
5.098176e+01 1.256637e-29 4.803316e+05
5.169242e+01 1.256637e-29 4.621797e+05
5.241298e+01 1.256637e-29 4.447242e+05
5.314359e+01 1.256637e-29 4.280031e+05
5.388438e+01 1.256637e-29 4.118106e+05
5.463550e+01 1.256637e-29 3.962018e+05
5.539709e+01 1.256637e-29 3.811847e+05
5.616930e+01 1.256637e-29 3.664085e+05
5.695227e+01 1.256637e-29 3.526039e+05
5.774615e+01 1.256637e-29 3.393034e+05
5.855110e+01 1.256637e-29 3.261709e+05
5.936727e+01 1.256637e-29 3.136389e+05
6.019482e+01 1.256637e-29 3.017439e+05
6.103390e+01 1.256637e-29 2.903071e+05
6.188468e+01 1.256637e-29 2.793056e+05
6.274732e+01 1.256637e-29 2.688504e+05
6.362198e+01 1.256637e-29 2.589336e+05
6.450884e+01 1.256637e-29 2.493576e+05
6.540806e+01 1.256637e-29 2.397923e+05
6.631981e+01 1.256637e-29 2.305564e+05
6.724427e+01 1.256637e-29 2.216589e+05
6.818162e+01 1.256637e-29 2.132568e+05
6.913204e+01 1.256637e-29 2.052003e+05
7.009570e+01 1.256637e-29 1.976964e+05
7.107280e+01 1.256637e-29 1.903748e+05
7.206351e+01 1.256637e-29 1.831565e+05
7.306804e+01 1.256637e-29 1.761297e+05
7.408657e+01 1.256637e-29 1.693584e+05
7.511929e+01 1.256637e-29 1.630316e+05
7.616642e+01 1.256637e-29 1.568653e+05
7.722814e+01 1.256637e-29 1.508974e+05
7.830465e+01 1.256637e-29 1.452527e+05
7.939618e+01 1.256637e-29 1.397618e+05
8.050292e+01 1.256637e-29 1.345568e+05
8.162509e+01 1.256637e-29 1.294656e+05
8.276289e+01 1.256637e-29 1.245645e+05
8.391656e+01 1.256637e-29 1.198421e+05
8.508632e+01 1.256637e-29 1.152896e+05
8.627237e+01 1.256637e-29 1.109652e+05
8.747496e+01 1.256637e-29 1.067625e+05
8.869432e+01 1.256637e-29 1.027384e+05
8.993067e+01 1.256637e-29 9.892786e+04
9.118425e+01 1.256637e-29 9.524776e+04
9.245531e+01 1.256637e-29 9.165907e+04
9.374409e+01 1.256637e-29 8.823776e+04
9.505083e+01 1.256637e-29 8.480852e+04
9.637579e+01 1.256637e-29 8.150357e+04
9.771921e+01 1.256637e-29 7.840151e+04
9.908137e+01 1.256637e-29 7.545494e+04
1.004625e+02 1.256637e-29 7.260514e+04
1.018629e+02 1.256637e-29 6.986297e+04
1.032828e+02 1.256637e-29 6.726389e+04
1.047225e+02 1.256637e-29 6.477256e+04
1.061823e+02 1.256637e-29 6.237338e+04
1.076624e+02 1.256637e-29 6.002185e+04
1.091632e+02 1.256637e-29 5.776261e+04
1.106848e+02 1.256637e-29 5.556921e+04
1.122277e+02 1.256637e-29 5.348602e+04
1.137921e+02 1.256637e-29 5.144630e+04
1.153783e+02 1.256637e-29 4.949823e+04
1.169866e+02 1.256637e-29 4.760059e+04
1.186174e+02 1.256637e-29 4.579177e+04
1.202708e+02 1.256637e-29 4.407333e+04
1.219473e+02 1.256637e-29 4.243236e+04
1.236472e+02 1.256637e-29 4.085012e+04
1.253708e+02 1.256637e-29 3.930477e+04
1.271184e+02 1.256637e-29 3.780827e+04
1.288904e+02 1.256637e-29 3.636224e+04
1.306870e+02 1.256637e-29 3.501279e+04
1.325087e+02 1.256637e-29 3.366915e+04
1.343558e+02 1.256637e-29 3.239803e+04
1.362287e+02 1.256637e-29 3.119951e+04
1.381276e+02 1.256637e-29 3.001786e+04
1.400531e+02 1.256637e-29 2.887436e+04
1.420053e+02 1.256637e-29 2.776922e+04
1.439848e+02 1.256637e-29 2.671127e+04
1.459919e+02 1.256637e-29 2.571108e+04
1.480269e+02 1.256637e-29 2.472224e+04
1.500903e+02 1.256637e-29 2.379488e+04
1.521825e+02 1.256637e-29 2.289154e+04
1.543038e+02 1.256637e-29 2.203502e+04
1.564548e+02 1.256637e-29 2.121056e+04
1.586357e+02 1.256637e-29 2.041694e+04
1.608469e+02 1.256637e-29 1.965176e+04
1.630891e+02 1.256637e-29 1.891450e+04
1.653624e+02 1.256637e-29 1.820489e+04
1.676675e+02 1.256637e-29 1.752191e+04
1.700047e+02 1.256637e-29 1.686427e+04
1.723745e+02 1.256637e-29 1.622897e+04
1.747773e+02 1.256637e-29 1.561989e+04
1.772136e+02 1.256637e-29 1.503475e+04
1.796838e+02 1.256637e-29 1.446910e+04
1.821885e+02 1.256637e-29 1.391765e+04
1.847281e+02 1.256637e-29 1.339097e+04
1.873032e+02 1.256637e-29 1.288964e+04
1.899141e+02 1.256637e-29 1.240708e+04
1.925614e+02 1.256637e-29 1.194258e+04
1.952456e+02 1.256637e-29 1.149548e+04
1.979672e+02 1.256637e-29 1.106434e+04
2.007267e+02 1.256637e-29 1.064675e+04
2.035248e+02 1.256637e-29 1.024303e+04
2.063618e+02 1.256637e-29 9.860574e+03
2.092383e+02 1.256637e-29 9.484635e+03
2.121550e+02 1.256637e-29 9.122836e+03
2.151123e+02 1.256637e-29 8.774680e+03
2.181109e+02 1.256637e-29 8.441414e+03
2.211512e+02 1.256637e-29 8.125649e+03
2.242340e+02 1.256637e-29 7.822102e+03
2.273597e+02 1.256637e-29 7.525295e+03
2.305289e+02 1.256637e-29 7.239251e+03
2.337424e+02 1.256637e-29 6.964080e+03
2.370006e+02 1.256637e-29 6.700410e+03
2.403043e+02 1.256637e-29 6.448718e+03
2.436540e+02 1.256637e-29 6.204232e+03
2.470504e+02 1.256637e-29 5.968043e+03
2.504942e+02 1.256637e-29 5.740787e+03
2.539859e+02 1.256637e-29 5.522184e+03
2.575263e+02 1.256637e-29 5.311277e+03
2.611161e+02 1.256637e-29 5.107692e+03
2.647559e+02 1.256637e-29 4.913544e+03
2.684465e+02 1.256637e-29 4.726729e+03
2.721885e+02 1.256637e-29 4.547504e+03
2.759826e+02 1.256637e-29 4.373739e+03
2.798297e+02 1.256637e-29 4.207256e+03
2.837304e+02 1.256637e-29 4.048562e+03
2.876854e+02 1.256637e-29 3.895675e+03
2.916956e+02 1.256637e-29 3.748980e+03
2.957617e+02 1.256637e-29 3.607359e+03
2.998844e+02 1.256637e-29 3.470214e+03
3.040646e+02 1.256637e-29 3.338283e+03
3.083031e+02 1.256637e-29 3.211369e+03
3.126007e+02 1.256637e-29 3.089279e+03
3.169582e+02 1.256637e-29 2.971831e+03
3.213764e+02 1.256637e-29 2.861339e+03
3.258562e+02 1.256637e-29 2.754979e+03
3.303985e+02 1.256637e-29 2.653188e+03
3.350041e+02 1.256637e-29 2.554983e+03
3.396739e+02 1.256637e-29 2.458264e+03
3.444087e+02 1.256637e-29 2.365953e+03
3.492096e+02 1.256637e-29 2.276847e+03
3.540774e+02 1.256637e-29 2.191008e+03
3.590130e+02 1.256637e-29 2.108404e+03
3.640175e+02 1.256637e-29 2.028549e+03
3.690917e+02 1.256637e-29 1.951551e+03
3.742366e+02 1.256637e-29 1.877476e+03
3.794533e+02 1.256637e-29 1.806213e+03
3.847427e+02 1.256637e-29 1.737646e+03
3.901058e+02 1.256637e-29 1.671585e+03
3.955436e+02 1.256637e-29 1.607880e+03
4.010573e+02 1.256637e-29 1.546812e+03
4.066478e+02 1.256637e-29 1.488918e+03
4.123163e+02 1.256637e-29 1.433198e+03
4.180637e+02 1.256637e-29 1.379505e+03
4.238913e+02 1.256637e-29 1.327607e+03
4.298001e+02 1.256637e-29 1.277238e+03
4.357913e+02 1.256637e-29 1.228916e+03
4.418660e+02 1.256637e-29 1.182226e+03
4.480254e+02 1.256637e-29 1.137389e+03
4.542706e+02 1.256637e-29 1.094928e+03
4.606029e+02 1.256637e-29 1.053961e+03
4.670234e+02 1.256637e-29 1.014069e+03
4.735335e+02 1.256637e-29 9.757030e+02
4.801343e+02 1.256637e-29 9.385132e+02
4.868271e+02 1.256637e-29 9.028389e+02
4.936132e+02 1.256637e-29 8.684562e+02
5.004939e+02 1.256637e-29 8.349070e+02
5.074705e+02 1.256637e-29 8.031498e+02
5.145444e+02 1.256637e-29 7.726082e+02
5.217169e+02 1.256637e-29 7.430244e+02
5.289893e+02 1.256637e-29 7.146242e+02
5.363631e+02 1.256637e-29 6.879492e+02
5.438397e+02 1.256637e-29 6.615209e+02
5.514206e+02 1.256637e-29 6.364357e+02
5.591071e+02 1.256637e-29 6.124264e+02
5.669007e+02 1.256637e-29 5.892914e+02
5.748030e+02 1.256637e-29 5.670161e+02
5.828155e+02 1.256637e-29 5.455303e+02
5.909396e+02 1.256637e-29 5.248142e+02
5.991770e+02 1.256637e-29 5.049474e+02
6.075292e+02 1.256637e-29 4.859362e+02
6.159978e+02 1.256637e-29 4.676372e+02
6.245845e+02 1.256637e-29 4.499334e+02
6.332908e+02 1.256637e-29 4.328797e+02
6.421186e+02 1.256637e-29 4.164168e+02
6.510694e+02 1.256637e-29 4.005801e+02
6.601449e+02 1.256637e-29 3.852774e+02
6.693470e+02 1.256637e-29 3.705777e+02
6.786773e+02 1.256637e-29 3.565196e+02
6.881377e+02 1.256637e-29 3.430727e+02
6.977300e+02 1.256637e-29 3.301151e+02
7.074559e+02 1.256637e-29 3.176047e+02
7.173175e+02 1.256637e-29 3.055684e+02
7.273165e+02 1.256637e-29 2.939628e+02
7.374549e+02 1.256637e-29 2.827375e+02
7.477346e+02 1.256637e-29 2.719646e+02
7.581576e+02 1.256637e-29 2.616474e+02
7.687260e+02 1.256637e-29 2.517217e+02
7.794416e+02 1.256637e-29 2.421725e+02
7.903066e+02 1.256637e-29 2.328626e+02
8.013230e+02 1.256637e-29 2.240281e+02
8.124930e+02 1.256637e-29 2.156439e+02
8.238187e+02 1.256637e-29 2.074633e+02
8.353023e+02 1.256637e-29 1.995983e+02
8.469460e+02 1.256637e-29 1.920491e+02
8.587519e+02 1.256637e-29 1.847690e+02
8.707225e+02 1.256637e-29 1.777648e+02
8.828599e+02 1.256637e-29 1.711036e+02
8.951665e+02 1.256637e-29 1.647475e+02
9.076446e+02 1.256637e-29 1.585667e+02
9.202967e+02 1.256637e-29 1.525719e+02
9.331251e+02 1.256637e-29 1.467982e+02
9.461324e+02 1.256637e-29 1.411633e+02
9.593209e+02 1.256637e-29 1.357982e+02
9.726934e+02 1.256637e-29 1.307165e+02
9.862522e+02 1.256637e-29 1.258250e+02
1.000000e+03 1.256637e-29 1.211166e+02
