1.000000e+00 1.190785e+10
1.013939e+00 1.152511e+10
1.028073e+00 1.115270e+10
1.042404e+00 1.079233e+10
1.056935e+00 1.044360e+10
1.071668e+00 1.010192e+10
1.086606e+00 9.768837e+09
1.101753e+00 9.440625e+09
1.117111e+00 9.123420e+09
1.132683e+00 8.816851e+09
1.148472e+00 8.520564e+09
1.164481e+00 8.239623e+09
1.180713e+00 7.960262e+09
1.197171e+00 7.691357e+09
1.213859e+00 7.445611e+09
1.230780e+00 7.198384e+09
1.247936e+00 6.959379e+09
1.265332e+00 6.712377e+09
1.282970e+00 6.486041e+09
1.300854e+00 6.279918e+09
1.318987e+00 6.074215e+09
1.337373e+00 5.869771e+09
1.356015e+00 5.676294e+09
1.374917e+00 5.495944e+09
1.394083e+00 5.312157e+09
1.413516e+00 5.140582e+09
1.433219e+00 4.972661e+09
1.453198e+00 4.804776e+09
1.473454e+00 4.642545e+09
1.493993e+00 4.486946e+09
1.514819e+00 4.342123e+09
1.535935e+00 4.200378e+09
1.557345e+00 4.064238e+09
1.579053e+00 3.935512e+09
1.601064e+00 3.805746e+09
1.623382e+00 3.677623e+09
1.646012e+00 3.547180e+09
1.668956e+00 3.427505e+09
1.692220e+00 3.308208e+09
1.715809e+00 3.192556e+09
1.739726e+00 3.080351e+09
1.763977e+00 2.982780e+09
1.788566e+00 2.879269e+09
1.813498e+00 2.788947e+09
1.838777e+00 2.695907e+09
1.864409e+00 2.609448e+09
1.890397e+00 2.516340e+09
1.916748e+00 2.433340e+09
1.943467e+00 2.350606e+09
1.970558e+00 2.269210e+09
1.998026e+00 2.191970e+09
2.025878e+00 2.113831e+09
2.054117e+00 2.040912e+09
2.082751e+00 1.971484e+09
2.111783e+00 1.902358e+09
2.141220e+00 1.834223e+09
2.171068e+00 1.769044e+09
2.201331e+00 1.705365e+09
2.232016e+00 1.643218e+09
2.263130e+00 1.584200e+09
2.294676e+00 1.529754e+09
2.326663e+00 1.473813e+09
2.359095e+00 1.419771e+09
2.391980e+00 1.368053e+09
2.425323e+00 1.318663e+09
2.459130e+00 1.271005e+09
2.493409e+00 1.225389e+09
2.528166e+00 1.181582e+09
2.563407e+00 1.139776e+09
2.599140e+00 1.101841e+09
2.635371e+00 1.064341e+09
2.672106e+00 1.028037e+09
2.709354e+00 9.909366e+08
2.747121e+00 9.582617e+08
2.785414e+00 9.256370e+08
2.824241e+00 8.940007e+08
2.863610e+00 8.631035e+08
2.903527e+00 8.317366e+08
2.944000e+00 8.017278e+08
2.985038e+00 7.728446e+08
3.026648e+00 7.442687e+08
3.068838e+00 7.172445e+08
3.111616e+00 6.911797e+08
3.154990e+00 6.668588e+08
3.198969e+00 6.428865e+08
3.243561e+00 6.191034e+08
3.288774e+00 5.969076e+08
3.334618e+00 5.755048e+08
3.381101e+00 5.555277e+08
3.428231e+00 5.348981e+08
3.476019e+00 5.146132e+08
3.524473e+00 4.959183e+08
3.573602e+00 4.783438e+08
3.623416e+00 4.608694e+08
3.673925e+00 4.434914e+08
3.725137e+00 4.266009e+08
3.777064e+00 4.112637e+08
3.829714e+00 3.960183e+08
3.883098e+00 3.820715e+08
3.937226e+00 3.681405e+08
3.992109e+00 3.542481e+08
4.047757e+00 3.408308e+08
4.104181e+00 3.281304e+08
4.161391e+00 3.157358e+08
4.219398e+00 3.041633e+08
4.278214e+00 2.930348e+08
4.337850e+00 2.823127e+08
4.398317e+00 2.718751e+08
4.459628e+00 2.616536e+08
4.521792e+00 2.518449e+08
4.584824e+00 2.424217e+08
4.648734e+00 2.333602e+08
4.713535e+00 2.247431e+08
4.779239e+00 2.163748e+08
4.845859e+00 2.084589e+08
4.913407e+00 2.007626e+08
4.981898e+00 1.933490e+08
5.051342e+00 1.859679e+08
5.121755e+00 1.789491e+08
5.193150e+00 1.723453e+08
5.265540e+00 1.659752e+08
5.338938e+00 1.598309e+08
5.413360e+00 1.539036e+08
5.488820e+00 1.481489e+08
5.565331e+00 1.425637e+08
5.642908e+00 1.371802e+08
5.721568e+00 1.320074e+08
5.801323e+00 1.271588e+08
5.882190e+00 1.223886e+08
5.964185e+00 1.177958e+08
6.047322e+00 1.134747e+08
6.131619e+00 1.093334e+08
6.217090e+00 1.053429e+08
6.303753e+00 1.014623e+08
6.391624e+00 9.767254e+07
6.480720e+00 9.402340e+07
6.571058e+00 9.050971e+07
6.662655e+00 8.712436e+07
6.755528e+00 8.380843e+07
6.849697e+00 8.062624e+07
6.945178e+00 7.757249e+07
7.041990e+00 7.463399e+07
7.140151e+00 7.180638e+07
7.239681e+00 6.908550e+07
7.340598e+00 6.646732e+07
7.442922e+00 6.395951e+07
7.546673e+00 6.156067e+07
7.651869e+00 5.921587e+07
7.758532e+00 5.695131e+07
7.866682e+00 5.477303e+07
7.976339e+00 5.270209e+07
8.087525e+00 5.071292e+07
8.200261e+00 4.882913e+07
8.314568e+00 4.702217e+07
8.430468e+00 4.528210e+07
8.547985e+00 4.360643e+07
8.667139e+00 4.199278e+07
8.787954e+00 4.042798e+07
8.910453e+00 3.892850e+07
9.034660e+00 3.745822e+07
9.160598e+00 3.604326e+07
9.288292e+00 3.468154e+07
9.417766e+00 3.337335e+07
9.549045e+00 3.213587e+07
9.682153e+00 3.094423e+07
9.817117e+00 2.980124e+07
9.953962e+00 2.870000e+07
1.009272e+01 2.763901e+07
1.023340e+01 2.663818e+07
1.037605e+01 2.569095e+07
1.052069e+01 2.477867e+07
1.066734e+01 2.389460e+07
1.081604e+01 2.303128e+07
1.096681e+01 2.219062e+07
1.111968e+01 2.136680e+07
1.127468e+01 2.057341e+07
1.143184e+01 1.981503e+07
1.159120e+01 1.909064e+07
1.175277e+01 1.838859e+07
1.191660e+01 1.769980e+07
1.208271e+01 1.704466e+07
1.225114e+01 1.642280e+07
1.242191e+01 1.580964e+07
1.259506e+01 1.520340e+07
1.277063e+01 1.461654e+07
1.294865e+01 1.405217e+07
1.312915e+01 1.350945e+07
1.331216e+01 1.298754e+07
1.349772e+01 1.248565e+07
1.368587e+01 1.200302e+07
1.387665e+01 1.154756e+07
1.407008e+01 1.111207e+07
1.426621e+01 1.069632e+07
1.446507e+01 1.029602e+07
1.466671e+01 9.910577e+06
1.487115e+01 9.531340e+06
1.507845e+01 9.166400e+06
1.528864e+01 8.815223e+06
1.550175e+01 8.477295e+06
1.571784e+01 8.153558e+06
1.593694e+01 7.845642e+06
1.615909e+01 7.549260e+06
1.638434e+01 7.263981e+06
1.661273e+01 6.989393e+06
1.684430e+01 6.725465e+06
1.707910e+01 6.472961e+06
1.731717e+01 6.229863e+06
1.755856e+01 5.992600e+06
1.780332e+01 5.761572e+06
1.805149e+01 5.540305e+06
1.830312e+01 5.328836e+06
1.855825e+01 5.125440e+06
1.881694e+01 4.929810e+06
1.907924e+01 4.741649e+06
1.934520e+01 4.560672e+06
1.961486e+01 4.386604e+06
1.988828e+01 4.219182e+06
2.016551e+01 4.058151e+06
2.044661e+01 3.903268e+06
2.073162e+01 3.754298e+06
2.102061e+01 3.610944e+06
2.131362e+01 3.470373e+06
2.161073e+01 3.335217e+06
2.191197e+01 3.205268e+06
2.221741e+01 3.080328e+06
2.252711e+01 2.960205e+06
2.284112e+01 2.844714e+06
2.315951e+01 2.733680e+06
2.348235e+01 2.626929e+06
2.380968e+01 2.524300e+06
2.414157e+01 2.425634e+06
2.447809e+01 2.330779e+06
2.481930e+01 2.239589e+06
2.516527e+01 2.151924e+06
2.551606e+01 2.067102e+06
2.587174e+01 1.985408e+06
2.623238e+01 1.907253e+06
2.659804e+01 1.834078e+06
2.696881e+01 1.762985e+06
2.734474e+01 1.693962e+06
2.772591e+01 1.627992e+06
2.811239e+01 1.565151e+06
2.850426e+01 1.504735e+06
2.890160e+01 1.446651e+06
2.930447e+01 1.390810e+06
2.971296e+01 1.337124e+06
3.012714e+01 1.285510e+06
3.054710e+01 1.235889e+06
3.097291e+01 1.188183e+06
3.140465e+01 1.142319e+06
3.184242e+01 1.097904e+06
3.228628e+01 1.054923e+06
3.273634e+01 1.013534e+06
3.319266e+01 9.737694e+05
3.365535e+01 9.355650e+05
3.412449e+01 8.988598e+05
3.460016e+01 8.635948e+05
3.508247e+01 8.297135e+05
3.557150e+01 7.971616e+05
3.606735e+01 7.658870e+05
3.657011e+01 7.358395e+05
3.707988e+01 7.069709e+05
3.759675e+01 6.794429e+05
3.812083e+01 6.531294e+05
3.865221e+01 6.278351e+05
3.919100e+01 6.032187e+05
3.973730e+01 5.795471e+05
4.029122e+01 5.568282e+05
4.085286e+01 5.350008e+05
4.142232e+01 5.140299e+05
4.199973e+01 4.939325e+05
4.258518e+01 4.750191e+05
4.317880e+01 4.568300e+05
4.378069e+01 4.393375e+05
4.439097e+01 4.224070e+05
4.500975e+01 4.059851e+05
4.563716e+01 3.902017e+05
4.627332e+01 3.750319e+05
4.691835e+01 3.604519e+05
4.757236e+01 3.464387e+05
4.823549e+01 3.329704e+05
4.890787e+01 3.200256e+05
4.958962e+01 3.075842e+05
5.028087e+01 2.956264e+05
5.098176e+01 2.841702e+05
5.169242e+01 2.734554e+05
5.241298e+01 2.633693e+05
5.314359e+01 2.535801e+05
5.388438e+01 2.439221e+05
5.463550e+01 2.346321e+05
5.539709e+01 2.256960e+05
5.616930e+01 2.171004e+05
5.695227e+01 2.088323e+05
5.774615e+01 2.006884e+05
5.855110e+01 1.928140e+05
5.936727e+01 1.852487e+05
6.019482e+01 1.779802e+05
6.103390e+01 1.709970e+05
6.188468e+01 1.642878e+05
6.274732e+01 1.578418e+05
6.362198e+01 1.516488e+05
6.450884e+01 1.457567e+05
6.540806e+01 1.401849e+05
6.631981e+01 1.348262e+05
6.724427e+01 1.296724e+05
6.818162e+01 1.247156e+05
6.913204e+01 1.199483e+05
7.009570e+01 1.153634e+05
7.107280e+01 1.109537e+05
7.206351e+01 1.067126e+05
7.306804e+01 1.026322e+05
7.408657e+01 9.865607e+04
7.511929e+01 9.483399e+04
7.616642e+01 9.116003e+04
7.722814e+01 8.762846e+04
7.830465e+01 8.423374e+04
7.939618e+01 8.097058e+04
8.050292e+01 7.780957e+04
8.162509e+01 7.472367e+04
8.276289e+01 7.176015e+04
8.391656e+01 6.891418e+04
8.508632e+01 6.618107e+04
8.627237e+01 6.356563e+04
8.747496e+01 6.107840e+04
8.869432e+01 5.870501e+04
8.993067e+01 5.648781e+04
9.118425e+01 5.435441e+04
9.245531e+01 5.230165e+04
9.374409e+01 5.032647e+04
9.505083e+01 4.842788e+04
9.637579e+01 4.660283e+04
9.771921e+01 4.484659e+04
9.908137e+01 4.317814e+04
1.004625e+02 4.151428e+04
1.018629e+02 3.989458e+04
1.032828e+02 3.833816e+04
1.047225e+02 3.684256e+04
1.061823e+02 3.540540e+04
1.076624e+02 3.402438e+04
1.091632e+02 3.269731e+04
1.106848e+02 3.142207e+04
1.122277e+02 3.018482e+04
1.137921e+02 2.899909e+04
1.153783e+02 2.785994e+04
1.169866e+02 2.676958e+04
1.186174e+02 2.572919e+04
1.202708e+02 2.472926e+04
1.219473e+02 2.376822e+04
1.236472e+02 2.284455e+04
1.253708e+02 2.195681e+04
1.271184e+02 2.111483e+04
1.288904e+02 2.030758e+04
1.306870e+02 1.952693e+04
1.325087e+02 1.876759e+04
1.343558e+02 1.803778e+04
1.362287e+02 1.733635e+04
1.381276e+02 1.666220e+04
1.400531e+02 1.601427e+04
1.420053e+02 1.539153e+04
1.439848e+02 1.479301e+04
1.459919e+02 1.421777e+04
1.480269e+02 1.366489e+04
1.500903e+02 1.313352e+04
1.521825e+02 1.262280e+04
1.543038e+02 1.213195e+04
1.564548e+02 1.166101e+04
1.586357e+02 1.121040e+04
1.608469e+02 1.077958e+04
1.630891e+02 1.036533e+04
1.653624e+02 9.966991e+03
1.676675e+02 9.583963e+03
1.700047e+02 9.215656e+03
1.723745e+02 8.861503e+03
1.747773e+02 8.520960e+03
1.772136e+02 8.193505e+03
1.796838e+02 7.878634e+03
1.821885e+02 7.575864e+03
1.847281e+02 7.285776e+03
1.873032e+02 7.007631e+03
1.899141e+02 6.738588e+03
1.925614e+02 6.477855e+03
1.952456e+02 6.227213e+03
1.979672e+02 5.986270e+03
2.007267e+02 5.754652e+03
2.035248e+02 5.531998e+03
2.063618e+02 5.317960e+03
2.092383e+02 5.112205e+03
2.121550e+02 4.914412e+03
2.151123e+02 4.724274e+03
2.181109e+02 4.543506e+03
2.211512e+02 4.370232e+03
2.242340e+02 4.203566e+03
2.273597e+02 4.043257e+03
2.305289e+02 3.889060e+03
2.337424e+02 3.740745e+03
2.370006e+02 3.598086e+03
2.403043e+02 3.460867e+03
2.436540e+02 3.328881e+03
2.470504e+02 3.201929e+03
2.504942e+02 3.079232e+03
2.539859e+02 2.960417e+03
2.575263e+02 2.846010e+03
2.611161e+02 2.736007e+03
2.647559e+02 2.630257e+03
2.684465e+02 2.528594e+03
2.721885e+02 2.430302e+03
2.759826e+02 2.335263e+03
2.798297e+02 2.243941e+03
2.837304e+02 2.156190e+03
2.876854e+02 2.071870e+03
2.916956e+02 1.990848e+03
2.957617e+02 1.913109e+03
2.998844e+02 1.839275e+03
3.040646e+02 1.768292e+03
3.083031e+02 1.700048e+03
3.126007e+02 1.634438e+03
3.169582e+02 1.571360e+03
3.213764e+02 1.510474e+03
3.258562e+02 1.451402e+03
3.303985e+02 1.394466e+03
3.350041e+02 1.339331e+03
3.396739e+02 1.285946e+03
3.444087e+02 1.234690e+03
3.492096e+02 1.186364e+03
3.540774e+02 1.140631e+03
3.590130e+02 1.096663e+03
3.640175e+02 1.053781e+03
3.690917e+02 1.012874e+03
3.742366e+02 9.738693e+02
3.794533e+02 9.364879e+02
3.847427e+02 9.000723e+02
3.901058e+02 8.650729e+02
3.955436e+02 8.314344e+02
4.010573e+02 7.991041e+02
4.066478e+02 7.680309e+02
4.123163e+02 7.381333e+02
4.180637e+02 7.090533e+02
4.238913e+02 6.811189e+02
4.298001e+02 6.542852e+02
4.357913e+02 6.285816e+02
4.418660e+02 6.042325e+02
4.480254e+02 5.808267e+02
4.542706e+02 5.583277e+02
4.606029e+02 5.367003e+02
4.670234e+02 5.159583e+02
4.735335e+02 4.960893e+02
4.801343e+02 4.769988e+02
4.868271e+02 4.586744e+02
4.936132e+02 4.410539e+02
5.004939e+02 4.241104e+02
5.074705e+02 4.078177e+02
5.145444e+02 3.921510e+02
5.217169e+02 3.770861e+02
5.289893e+02 3.625611e+02
5.363631e+02 3.485789e+02
5.438397e+02 3.351359e+02
5.514206e+02 3.221521e+02
5.591071e+02 3.096088e+02
5.669007e+02 2.975539e+02
5.748030e+02 2.859685e+02
5.828155e+02 2.748343e+02
5.909396e+02 2.642318e+02
5.991770e+02 2.543012e+02
6.075292e+02 2.446698e+02
6.159978e+02 2.352342e+02
6.245845e+02 2.261624e+02
6.332908e+02 2.174404e+02
6.421186e+02 2.090548e+02
6.510694e+02 2.009927e+02
6.601449e+02 1.932414e+02
6.693470e+02 1.857890e+02
6.786773e+02 1.786241e+02
6.881377e+02 1.717355e+02
6.977300e+02 1.651125e+02
7.074559e+02 1.587450e+02
7.173175e+02 1.527469e+02
7.273165e+02 1.470568e+02
7.374549e+02 1.415786e+02
7.477346e+02 1.363045e+02
7.581576e+02 1.312268e+02
7.687260e+02 1.263243e+02
7.794416e+02 1.215421e+02
7.903066e+02 1.169410e+02
8.013230e+02 1.123648e+02
8.124930e+02 1.079667e+02
8.238187e+02 1.037408e+02
8.353023e+02 9.968032e+01
8.469460e+02 9.577886e+01
8.587519e+02 9.204094e+01
8.707225e+02 8.850510e+01
8.828599e+02 8.510510e+01
8.951665e+02 8.183571e+01
9.076446e+02 7.869192e+01
9.202967e+02 7.566890e+01
9.331251e+02 7.276201e+01
9.461324e+02 6.996679e+01
9.593209e+02 6.727896e+01
9.726934e+02 6.464120e+01
9.862522e+02 6.209556e+01
1.000000e+03 5.965023e+01
